0.000000000000000000e+00 1.505049121051957650e+00 1.000000000000000000e+00 8.769989982090320695e-04 1.513205455158933652e-03 1.434979622486859440e-03
2.416837677835766418e-01 1.434721685027124938e+00 8.511396574596462594e-01 -7.344882237823192189e-03 5.133448004220409616e-02 1.825911101255912536e-02
4.824046520301624730e-01 1.370882839160503686e+00 7.285997900303093910e-01 -1.025312789618786947e-02 9.189998101759716542e-02 2.809026870569531278e-02
7.231255362767481376e-01 1.316347523497708005e+00 6.325441444297040805e-01 -1.216352951001137446e-02 1.206369218157521822e-01 3.727316887059255179e-02
9.638464205233366888e-01 1.270492070789749350e+00 5.575324037448773362e-01 -1.375548990164542941e-02 1.375902421716602708e-01 5.024845745215612836e-02
1.204567304769919689e+00 1.231890676782805505e+00 4.972257934175665639e-01 -1.487350199804923431e-02 1.460290775093856797e-01 5.817392311309171893e-02
1.445288189016509239e+00 1.198096105386344368e+00 4.493498461306030256e-01 -1.483886968656588680e-02 1.385221793228886833e-01 6.777691512910205551e-02
1.686009073263122326e+00 1.168998465323825453e+00 4.097187060389997915e-01 -1.592216488446441050e-02 1.347406160509741213e-01 7.344011734149913373e-02
1.925767073972756815e+00 1.142726187305268759e+00 3.799268180732138789e-01 -1.278155683740873037e-02 1.219252930637649140e-01 7.725132568338562156e-02
2.166487958219389665e+00 1.123450694812883732e+00 3.544861293739625663e-01 -1.098859649267362390e-02 1.035984673978924964e-01 8.293598621366438106e-02
2.407208842466016741e+00 1.105462017430191901e+00 3.344185177749843807e-01 -1.090214655861473578e-02 8.793699223614680205e-02 8.512034792490480450e-02
2.647929726712646925e+00 1.090991188935158895e+00 3.180134592353808243e-01 -1.186485835839959542e-02 7.670524736289704992e-02 9.032453623785363650e-02
2.888650610959272669e+00 1.076906098673296786e+00 3.044931853811701505e-01 -1.007957472260640093e-02 6.938435842862897274e-02 9.340034098090224668e-02
3.129371495205891307e+00 1.065438703592987535e+00 2.947366165033346030e-01 -1.214577483676346735e-02 5.937269455964333531e-02 9.194355976952563181e-02
3.370092379452438891e+00 1.056580002661847040e+00 2.853673997608710544e-01 -1.254786772378941803e-02 4.900444897805467798e-02 9.465789404681475283e-02
3.610813263698966935e+00 1.048870969053914415e+00 2.781300950732308319e-01 -1.341609405195851208e-02 4.508216148883148477e-02 9.998853284433424637e-02
3.851534147945511855e+00 1.040750132169775855e+00 2.723408048284499117e-01 -1.267163506824444189e-02 3.583683320063024702e-02 1.034173791468239872e-01
4.092255032192053221e+00 1.036191836632761376e+00 2.673020863481876952e-01 -1.167342266624214753e-02 3.586323265321289533e-02 1.089028167711360989e-01
4.333938799975593170e+00 1.031077924927316758e+00 2.625817941801587008e-01 -1.230163380027158269e-02 3.428567596351358993e-02 1.065948426691664674e-01
4.574659684222142531e+00 1.027656376731598709e+00 2.589316124604718050e-01 -1.335470616637911799e-02 3.247055832082176852e-02 1.039019682029982544e-01
4.815380568468665246e+00 1.023836716762360988e+00 2.562979182095406205e-01 -1.012845240240821398e-02 3.106871143854164977e-02 1.068547434871410517e-01
5.056101452715220823e+00 1.021029767751576278e+00 2.536815034310342387e-01 -1.060423675992399652e-02 2.919199055660473552e-02 1.092300529641511975e-01
5.296822336961756861e+00 1.017818240482335490e+00 2.523640470912133504e-01 -1.027877146474793710e-02 3.001994195368852189e-02 1.056471737328478627e-01
5.537543221208311550e+00 1.014295390628440430e+00 2.504381288202225941e-01 -1.021522334534605454e-02 2.664224004544869795e-02 1.078348046666917914e-01
5.778264105454846700e+00 1.013024745261752457e+00 2.493690017895349720e-01 -1.221840696090520546e-02 2.828373142207183874e-02 1.131875496434843892e-01
6.018984989701408495e+00 1.010343076593863243e+00 2.489259527732499699e-01 -1.010782755149435691e-02 2.966061014751050773e-02 1.120612973756602709e-01
6.259705873948020916e+00 1.009534092407012862e+00 2.474747895205671733e-01 -1.301864696852284529e-02 2.449198577220660158e-02 1.095026952318406965e-01
6.500426758194712384e+00 1.008845983360211696e+00 2.470077794676474592e-01 -1.249875838353174326e-02 2.585012281241111723e-02 1.130469439713014945e-01
6.741147642441447374e+00 1.008092227299917765e+00 2.458990255329921715e-01 -1.487550495445758708e-02 3.017497132058277742e-02 1.147293058396456067e-01
6.980905643151150031e+00 1.006702322720099740e+00 2.453633059720786436e-01 -1.309280333661009925e-02 3.085131979683320216e-02 1.126987186841719446e-01
7.221626527397887685e+00 1.005273168051131316e+00 2.455180041405864988e-01 -1.255629335865103210e-02 3.634717455010166159e-02 1.116186148822667507e-01
7.462347411644590700e+00 1.005260673387332604e+00 2.453232555171950546e-01 -1.166209720633978528e-02 3.526386473074450550e-02 1.142555578726925369e-01
7.703068295891289274e+00 1.003550810552238159e+00 2.446823009388627013e-01 -1.227925353469304891e-02 2.772075687392571222e-02 1.101883822369805060e-01
7.943789180138029593e+00 1.004533494270533511e+00 2.440230973652445789e-01 -1.044336192672721056e-02 2.816768183614288754e-02 1.103814402641858511e-01
8.184510064384721062e+00 1.004938699534103641e+00 2.433649938995885997e-01 -1.069246353102835077e-02 2.843918841496504563e-02 1.067618019859583739e-01
8.425230948631456940e+00 1.003919466343680789e+00 2.433251327307129619e-01 -1.021178953621038055e-02 3.225605120298230544e-02 1.115835823242995462e-01
8.665951832878159067e+00 1.002238152943778049e+00 2.435745273686173440e-01 -1.114454456644087439e-02 3.036697938126710003e-02 1.122029234487130211e-01
8.906672717124866523e+00 1.002170373065455644e+00 2.441924401784008603e-01 -1.011114378713065705e-02 3.185500882413679069e-02 1.120337257365474626e-01
9.147393601371586414e+00 1.001937106650761633e+00 2.435773080239560517e-01 -1.085578012097017028e-02 2.830682066134262986e-02 1.061530365557631361e-01
9.388114485618295646e+00 1.001338851776024441e+00 2.440555602808318347e-01 -1.041741277170912285e-02 3.008269424021993085e-02 1.091533525712672231e-01
9.628835369865035076e+00 1.000027958494960290e+00 2.444095195608525228e-01 -1.126441985036616585e-02 2.897433938216114127e-02 1.065541397515976513e-01
9.869556254111746085e+00 1.000163473904499778e+00 2.440845065996077312e-01 -1.364683553678809960e-02 2.978209360934920558e-02 1.081123750519920879e-01
1.011027713835842334e+01 1.000753105426299694e+00 2.434999469626610014e-01 -1.345978800188002422e-02 3.278698796915578695e-02 1.093567299700060197e-01
1.035099802260517166e+01 1.001516441791644674e+00 2.433010282199756236e-01 -1.097696875434231271e-02 3.273805716058385273e-02 1.098938616124615630e-01
1.059171890685188622e+01 1.000229410441294098e+00 2.439383335319281754e-01 -1.029413314010758571e-02 2.965578611944158158e-02 1.112913605714754561e-01
1.083243979109858124e+01 1.000130882257236564e+00 2.433337415779306401e-01 -9.298345117167752458e-03 2.826183926694636125e-02 1.109338465146613439e-01
1.107316067534529758e+01 9.993015232620358068e-01 2.434623719723275070e-01 -1.060923951111474375e-02 2.932811037881249625e-02 1.078637492454426888e-01
1.131388155959204589e+01 9.995176858376562112e-01 2.433300067447761172e-01 -8.473376578291037797e-03 3.154139742231004684e-02 1.074227540504358730e-01
1.155460244383871427e+01 1.000652713863621868e+00 2.431168774994291459e-01 -9.546094806510174377e-03 2.674483707234141111e-02 1.086793499275228586e-01
1.179532332808543238e+01 9.988665628175108502e-01 2.432311509919983794e-01 -1.249228186363740903e-02 2.573204029926769859e-02 1.102561581663803747e-01
1.203604421233217536e+01 9.976876656120041709e-01 2.427831931308196967e-01 -1.000416966689530660e-02 3.169550823263229955e-02 1.104951303774874410e-01
1.227676509657889881e+01 9.969185080440906566e-01 2.429628746881684065e-01 -9.783480443028857304e-03 3.187810910949909898e-02 1.072591615092963468e-01
1.251748598082532737e+01 9.982123627528460830e-01 2.426700380593596051e-01 -8.819101362051932902e-03 3.239659634432979357e-02 1.114235943492036252e-01
1.275820686507166180e+01 9.990417560517740325e-01 2.421284732197307998e-01 -1.017286870288870715e-02 2.914870487876367391e-02 1.102187428893086768e-01
1.299892774931803707e+01 9.994450219382547962e-01 2.417628501751637182e-01 -8.830902662755789334e-03 3.124322461939299522e-02 1.098655537261867821e-01
1.323964863356443900e+01 9.989531840161394172e-01 2.419977242342789825e-01 -9.580842475457750432e-03 2.819185652494028693e-02 1.078468209852896653e-01
1.348036951781081960e+01 9.997571001435435756e-01 2.416574969414158058e-01 -9.565055148447012753e-03 2.484057472183893653e-02 1.105038895219078998e-01
1.372109040205714869e+01 1.000511140757913031e+00 2.416512149954696265e-01 -8.735857957400124107e-03 2.654021260313176381e-02 1.097738345904657326e-01
1.396181128630352575e+01 1.000938662519839095e+00 2.420216657112825021e-01 -9.412990379372014257e-03 2.882944680646775532e-02 1.145879074553926569e-01
1.420253217054992767e+01 1.000941889462801049e+00 2.423892725567511619e-01 -7.726705967989589904e-03 3.126740148009148762e-02 1.146005347914483274e-01
1.444325305479631183e+01 1.000509720754808374e+00 2.424918997539012022e-01 -7.689007410550186168e-03 3.197167004645524307e-02 1.138492614247526569e-01
1.468397393904263382e+01 1.000273385642332702e+00 2.426707576186357962e-01 -9.242187894309802226e-03 3.557051481592992531e-02 1.164613038369330389e-01
1.492469482328901442e+01 1.001738035522148795e+00 2.415738714602005954e-01 -9.547493699198715197e-03 3.413514457357803150e-02 1.109896605107571904e-01
1.516541570753541812e+01 1.001293307881624850e+00 2.414555969989494177e-01 -1.059284345843054809e-02 3.199384411941841311e-02 1.082717487542136509e-01
1.540709947531880175e+01 1.001347575263119127e+00 2.421428336415530069e-01 -9.496685213417326715e-03 3.271633891660238880e-02 1.139312427666416272e-01
1.564782035956512019e+01 1.001197274899087164e+00 2.419644595006320564e-01 -1.122379005879300604e-02 3.534273145184523707e-02 1.142857110122059150e-01
1.588854124381150257e+01 1.000826801429317126e+00 2.415604150124033844e-01 -8.108281431365988237e-03 3.459146430997234872e-02 1.126851215453623101e-01
1.612926212805790271e+01 1.000192077228555299e+00 2.423561605331222280e-01 -1.116593491508403174e-02 3.423033363143007657e-02 1.130292632263220493e-01
1.636998301230429220e+01 1.001298110408086917e+00 2.418975789087586259e-01 -1.360122533619198201e-02 3.462904791734183751e-02 1.119244301146745946e-01
1.661070389655061064e+01 1.000797406379305476e+00 2.421224152366113214e-01 -1.261385573946524792e-02 3.635937533895016588e-02 1.143858392050750294e-01
1.685142478079700368e+01 1.000138094090010643e+00 2.418905632286381946e-01 -1.084840603930931589e-02 3.735750304669848559e-02 1.137252740546896429e-01
1.709214566504339317e+01 9.996422588767243100e-01 2.424334239178873029e-01 -1.001799446899341930e-02 3.756395172998908821e-02 1.108241466760308686e-01
1.733286654928976844e+01 9.990504568026121746e-01 2.425365981700816631e-01 -8.981961844748547266e-03 3.542399682216848533e-02 1.123879482785546807e-01
1.757358743353611175e+01 9.987000086753131667e-01 2.427484459321991583e-01 -1.061375491744831999e-02 3.352329697799420749e-02 1.113345586078386545e-01
1.781430831778247992e+01 9.980350210650394960e-01 2.431757168338381514e-01 -9.116861293025087243e-03 3.203203433771669578e-02 1.107336684558588441e-01
1.805502920202886230e+01 9.972402864172900117e-01 2.439573309233026288e-01 -1.032514678413393346e-02 3.394960096207305655e-02 1.166986049860262026e-01
1.829575008627527311e+01 9.980780379272943259e-01 2.432778669984382858e-01 -9.098103867300880165e-03 3.177426059159951105e-02 1.136460782834243649e-01
1.853647097052158443e+01 9.977771265078603236e-01 2.428800673967509982e-01 -1.117804153681206669e-02 3.179520858146931556e-02 1.133092376589153738e-01
1.877719185476799524e+01 9.993796737951973208e-01 2.426785837813591751e-01 -1.197939055553677926e-02 3.290451739200080106e-02 1.105414240432658762e-01
1.901791273901437407e+01 9.992750470145783659e-01 2.430724920923535426e-01 -1.254653370276575045e-02 3.107148421897464041e-02 1.107023208319765084e-01
1.925863362326073513e+01 9.981908868621851560e-01 2.427200112881378047e-01 -1.129518599060480750e-02 3.264417465123612555e-02 1.110130901286814908e-01
1.949935450750710331e+01 9.987503112358757651e-01 2.430649903811355483e-01 -1.044618019874053554e-02 3.411952448926228176e-02 1.129083917185702279e-01
1.974007539175346082e+01 9.988821269368585165e-01 2.428251079727525297e-01 -1.128639167806808584e-02 3.480305067402889724e-02 1.111694810034383335e-01
1.998079627599982544e+01 9.993118330184997955e-01 2.422361380994781377e-01 -1.009517615814648807e-02 3.021943957040743034e-02 1.116314602089712726e-01
2.022151716024625401e+01 9.995971072407413560e-01 2.426514182818034771e-01 -9.747501612671079230e-03 3.267293672217422285e-02 1.116681605794657278e-01
2.046223804449255823e+01 9.994028316893639463e-01 2.425874346269646653e-01 -1.239449869265737622e-02 3.183013628747082685e-02 1.152039283495480126e-01
2.070295892873898680e+01 1.000234526719770312e+00 2.421343383245598002e-01 -1.333013081567721234e-02 2.919383536613697622e-02 1.134489716241077473e-01
2.094367981298535497e+01 1.000256703803103608e+00 2.424139632520871390e-01 -1.202006887765721434e-02 3.274943727538382615e-02 1.103787503101527900e-01
2.118440069723170183e+01 1.000010036649265910e+00 2.428644769402873438e-01 -1.145535437517732243e-02 2.933807211548283486e-02 1.120057122554557472e-01
2.142512158147809131e+01 9.982533387167659145e-01 2.422744888465269975e-01 -9.402668490563054898e-03 2.523484773957768851e-02 1.061374730691213020e-01
2.166584246572443817e+01 9.987132364952070462e-01 2.416591169274018291e-01 -1.105851077520478981e-02 2.329309788271224230e-02 1.066953488039397574e-01
2.190656334997079568e+01 9.977989825052363537e-01 2.420048042891644602e-01 -1.065869061579106415e-02 2.047903893668913747e-02 1.091869675527777639e-01
2.214728423421723491e+01 9.990397752787109065e-01 2.417559104528002323e-01 -1.094050716742270800e-02 2.262572849486633661e-02 1.071983351987858407e-01
2.238800511846353203e+01 9.975640586338401228e-01 2.425174123954974559e-01 -1.079949700078919154e-02 2.123011286672910752e-02 1.079292890037771291e-01
2.262872600270997836e+01 9.979474773885899097e-01 2.424304215212965963e-01 -9.673529783715793806e-03 2.061273629284860603e-02 1.097932996241279408e-01
2.286944688695633232e+01 9.981702235613271190e-01 2.426474927926641489e-01 -1.264497036010312284e-02 2.432347849924197669e-02 1.073969289521849585e-01
2.311016777120267207e+01 9.981158745632555673e-01 2.422638756332911592e-01 -1.249645848580519143e-02 2.869486178199394388e-02 1.078785502400354118e-01
2.335088865544907577e+01 9.971736504375077192e-01 2.422606922274375962e-01 -1.284916738260262481e-02 2.742395239932575446e-02 1.059987053356492848e-01
2.359160953969541552e+01 9.968960933941796165e-01 2.421858783159832329e-01 -1.059573751667257195e-02 2.731503355840325317e-02 1.083698906017302455e-01
2.383233042394176238e+01 9.959482139085101826e-01 2.431881187996591809e-01 -9.670506009293665384e-03 2.623606331575581777e-02 1.065045294446443219e-01
2.407305130818821581e+01 9.972954640343035804e-01 2.432093060350823954e-01 -8.512688275791744502e-03 3.013470339652316032e-02 1.073102094864280820e-01
2.431377219243450938e+01 9.966787802981754707e-01 2.434181682682943770e-01 -7.185805185072331562e-03 2.911373588053017131e-02 1.116812621325664057e-01
2.455449307668096282e+01 9.979034157389241599e-01 2.423190820833196757e-01 -9.938455853460039305e-03 2.452263983114285478e-02 1.051221213105638375e-01
2.479521396092731322e+01 9.978301556365081204e-01 2.423154089800650945e-01 -9.347203618585736562e-03 2.086105482378971740e-02 1.057861082695908533e-01
2.503593484517363876e+01 9.979274351798462783e-01 2.428354308065052980e-01 -7.411046997006988379e-03 2.493357806492707898e-02 1.095528329243624505e-01
2.527665572942006378e+01 9.969895051625905502e-01 2.428635967189576861e-01 -7.334256925241533498e-03 2.556597201669875627e-02 1.124718013485557916e-01
2.551737661366639642e+01 9.978556212481017873e-01 2.428219482731626966e-01 -9.086690875115004465e-03 2.568053970778300457e-02 1.108145493279434624e-01
2.575809749791273617e+01 9.976326979199773293e-01 2.431262372725440934e-01 -1.078565979714038274e-02 2.730941237286754406e-02 1.098136607044154917e-01
2.599881838215920027e+01 9.980829612763822967e-01 2.423186621086373949e-01 -1.064892320709715998e-02 2.774367472041841878e-02 1.103807845774897461e-01
2.623953926640548673e+01 9.982666002797768723e-01 2.421189674835105554e-01 -7.109048071142341774e-03 3.071002508955699220e-02 1.088677403819164752e-01
2.648026015065195082e+01 9.991979680972773448e-01 2.415661233361529048e-01 -9.792831446701663611e-03 2.614351983953169811e-02 1.123516625020501841e-01
2.672098103489829057e+01 9.993627180428201751e-01 2.417577190240884633e-01 -1.146543976933980281e-02 2.667074723575884460e-02 1.145946935889020080e-01
2.696170191914461256e+01 9.997394468279618973e-01 2.417164092455948432e-01 -8.588666669040694382e-03 2.547389382780440928e-02 1.092065487106362309e-01
2.720242280339104468e+01 9.996472625804085910e-01 2.420252199610120614e-01 -9.713644286697525540e-03 2.037542676745072653e-02 1.107448110012876491e-01
2.744314368763737377e+01 9.986741298711572234e-01 2.421813668873508407e-01 -1.110017310076445024e-02 2.249422466525477851e-02 1.086165687008839309e-01
2.768386457188370287e+01 9.970726714336487495e-01 2.424458343703412844e-01 -1.094904769860308678e-02 2.533617367468051634e-02 1.076906064445985467e-01
2.792458545613017762e+01 9.973926611586323432e-01 2.426212813006674573e-01 -1.206637408517773589e-02 2.564739578376884488e-02 1.099896865468224100e-01
2.816530634037646408e+01 9.978587130205885947e-01 2.434544211824517246e-01 -1.019292289539533262e-02 2.216863825103038491e-02 1.134697978247318773e-01
2.840602722462293883e+01 9.979196774385170610e-01 2.430283412292943979e-01 -8.244581716077553982e-03 2.518250930033564053e-02 1.114404530328190757e-01
2.864674810886926792e+01 9.989520831025729963e-01 2.431846836314976723e-01 -1.077915758253633616e-02 2.776839335885731425e-02 1.139476395860247737e-01
2.888746899311558636e+01 9.985978744774596239e-01 2.433683235512092424e-01 -1.075194519953511646e-02 2.897039331914507895e-02 1.093483571769591073e-01
2.912818987736202914e+01 9.991658026641699886e-01 2.431099986312963146e-01 -1.090264281580317213e-02 3.162016708071696547e-02 1.100463550665973789e-01
2.936891076160835112e+01 9.987852954103603187e-01 2.426926600376382859e-01 -1.227700010397389345e-02 3.474731444804764202e-02 1.130450235962655314e-01
2.960963164585467666e+01 1.000525277197446661e+00 2.427685992893817146e-01 -1.029463621878848149e-02 2.876832528146637882e-02 1.133667749959917093e-01
2.985035253010115497e+01 9.999287425500567039e-01 2.431347574645409404e-01 -1.127286604179015064e-02 3.605668879199308563e-02 1.120231055377796658e-01
3.009107341434744143e+01 1.000098761313404916e+00 2.434605508227984383e-01 -1.098906065409295182e-02 3.452146538191490366e-02 1.098362724985012251e-01
3.033179429859391618e+01 9.991001063946751692e-01 2.433114097893423200e-01 -9.067577725858195006e-03 3.637791828788466963e-02 1.095525391816473265e-01
3.057251518284024527e+01 9.987691396672155886e-01 2.428269063284108631e-01 -1.151812992285616323e-02 3.339163652941298799e-02 1.134928198877998146e-01
3.081323606708656371e+01 9.994504217064908991e-01 2.425403435183420275e-01 -1.096601993746238596e-02 3.250010678444658491e-02 1.117905575768248089e-01
3.105395695133301359e+01 9.999304873830704432e-01 2.424978542609134147e-01 -1.178103411843085986e-02 2.744831024489138155e-02 1.075474396492858697e-01
3.129467783557932847e+01 1.000160561533869563e+00 2.422697120851133867e-01 -1.108782746020687236e-02 2.889593041029140524e-02 1.046973717710636687e-01
3.153539871982564691e+01 1.000223135090624771e+00 2.425657681368572627e-01 -1.026630356657983606e-02 2.921432004479324399e-02 1.052562593781031786e-01
3.177611960407213587e+01 1.001618141980717525e+00 2.419773157271154496e-01 -1.247141265658044569e-02 2.792902150046393597e-02 1.063947513075434864e-01
3.201684048831842233e+01 1.001232150129167442e+00 2.421635693476187901e-01 -1.407871436449996232e-02 3.233286559439345342e-02 1.065229067211620195e-01
3.225756137256490774e+01 1.001283758436816829e+00 2.421492602501349178e-01 -1.254300855901011556e-02 3.160569067705455010e-02 1.096550225511622040e-01
3.249828225681121552e+01 1.002045411026159627e+00 2.425725912750538171e-01 -1.264043679891758108e-02 3.214504603530394383e-02 1.147897308631086188e-01
3.273900314105754461e+01 1.002037813338334971e+00 2.420241777541687622e-01 -1.028796194486315818e-02 3.323842028419703859e-02 1.156121157470016425e-01
3.297972402530398739e+01 1.001071558974194531e+00 2.424020051790189978e-01 -1.189455343975723972e-02 3.566815509375600990e-02 1.124312718298424024e-01
3.322044490955032359e+01 1.001098422728444515e+00 2.424254975679537849e-01 -1.130821765628835587e-02 3.052354357816376013e-02 1.108670469056519531e-01
3.346116579379661715e+01 1.001841594364061283e+00 2.426703310771519129e-01 -1.169088712172433597e-02 3.019283586170827191e-02 1.130085071867446139e-01
3.370188667804310967e+01 1.002937535156238180e+00 2.422242759991750372e-01 -1.026967591046462798e-02 2.918510815009930925e-02 1.110757085760612356e-01
3.394260756228941744e+01 1.003828166127239019e+00 2.414282068383196422e-01 -1.079445312542544680e-02 2.732033554608437678e-02 1.130842765397356009e-01
3.418332844653586022e+01 1.003232554586160230e+00 2.417591344259525932e-01 -1.058864920693596001e-02 2.965489096433124999e-02 1.126865310951295773e-01
3.442404933078220353e+01 1.001583689479024208e+00 2.407675779625546297e-01 -1.131544048241603026e-02 3.037317175054011706e-02 1.084659815889944673e-01
3.466477021502853972e+01 1.001064606930843537e+00 2.418545129334089827e-01 -1.202417813131720706e-02 3.319848960056051568e-02 1.094283450238867778e-01
3.490549109927493987e+01 1.000311518089203489e+00 2.423978938488274837e-01 -1.264935844274273948e-02 3.216087077227705593e-02 1.105782814448856705e-01
3.514621198352128317e+01 1.002102665608142207e+00 2.416767511708582672e-01 -1.087021348957086138e-02 3.292600091381491650e-02 1.123313738571422582e-01
3.538693286776763358e+01 1.003182453585744760e+00 2.420672151653287529e-01 -9.847680006166429495e-03 2.998314223202676321e-02 1.148867826955158461e-01
3.562765375201404794e+01 1.003297790187517302e+00 2.424799945904115295e-01 -1.172796064339936412e-02 2.709897322783999182e-02 1.143157330402777144e-01
3.586837463626037703e+01 1.002381194444698309e+00 2.427089459901412005e-01 -1.046899095898639470e-02 3.123724053757263863e-02 1.123687236624451025e-01
3.610909552050686955e+01 1.002360252119247619e+00 2.421058115692160673e-01 -8.952688974404860930e-03 2.926504234557294332e-02 1.086056777588238070e-01
3.634981640475313469e+01 1.002257886712660584e+00 2.415511743173297532e-01 -5.912933478767372526e-03 2.169628574768209944e-02 1.084309378826550790e-01
3.659053728899949220e+01 1.002777071879141779e+00 2.415954301383869129e-01 -7.391872890765804720e-03 2.267950747021967028e-02 1.086519269030671586e-01
3.683125817324594919e+01 1.003429213451170421e+00 2.415254736895979248e-01 -1.088674683608316721e-02 2.608686146657710966e-02 1.091146979400444000e-01
3.707197905749231381e+01 1.003383041761736205e+00 2.417351770020109425e-01 -1.239521346411449031e-02 2.995908005677777250e-02 1.043861024719157926e-01
3.731269994173857185e+01 1.002786026760566163e+00 2.417193955201953903e-01 -1.078151660782729511e-02 2.939063326296196405e-02 1.061060544377254306e-01
3.755342082598507147e+01 1.002045125993204611e+00 2.426727469604482157e-01 -1.041900866345306723e-02 2.687719939739850045e-02 1.087366486469162341e-01
3.779414171023140057e+01 1.001677224652619547e+00 2.420402798869770444e-01 -9.560157272807651152e-03 2.931824196195711996e-02 1.081269710539569245e-01
3.803486259447779361e+01 1.001823006484682033e+00 2.418620148489021571e-01 -1.135241252428852154e-02 2.821824492302809489e-02 1.089994943136780026e-01
3.827558347872415823e+01 1.001999906446337407e+00 2.422784532765052123e-01 -1.050500725157376206e-02 2.902913330944679668e-02 1.099503887012930475e-01
3.851630436297052285e+01 1.001545332277413936e+00 2.418553752753387631e-01 -1.039739587293333697e-02 2.874318026714244023e-02 1.077462558138855830e-01
3.875702524721687325e+01 1.000521384981065465e+00 2.424364295836468064e-01 -1.111564550177038604e-02 2.745556545586556874e-02 1.053065543886159833e-01
3.899774613146324498e+01 9.989273996055594296e-01 2.429511796520732181e-01 -1.165660356686139612e-02 2.633924278543935474e-02 1.081954079857534029e-01
3.923846701570960960e+01 9.989086472430742658e-01 2.426491392073626407e-01 -1.190472834828515229e-02 3.051920660688305781e-02 1.064241402838331102e-01
3.947918789995597422e+01 9.986815825032436811e-01 2.427595078248757365e-01 -1.061661687965795992e-02 2.734047012582438430e-02 1.088439400543975699e-01
3.971990878420232463e+01 9.987701224334755157e-01 2.426606242690659554e-01 -1.203279394339974717e-02 3.067732986995726219e-02 1.101366000842788073e-01
3.996062966844883135e+01 9.997485081724160061e-01 2.420920229793580292e-01 -1.232813396310093387e-02 3.211773360526222476e-02 1.075358115510262474e-01
4.020135055269506807e+01 1.000624078309123144e+00 2.420308710544665787e-01 -1.192580695584306155e-02 3.068720427557926692e-02 1.064168887438568523e-01
4.044207143694143980e+01 1.000881763766414245e+00 2.425177162738968439e-01 -1.194873508788834963e-02 2.764291530520391130e-02 1.056038532320272560e-01
4.068279232118791811e+01 9.993499261314067184e-01 2.428197148422364948e-01 -1.251806175136578603e-02 2.733841444131535070e-02 1.040201461075835748e-01
4.092351320543429694e+01 9.988896592439988620e-01 2.427969321899051958e-01 -1.101421310232393765e-02 2.425994272592789380e-02 1.060267585711675287e-01
4.116423408968051945e+01 9.970698942272674392e-01 2.432642588679588547e-01 -9.812082294234062210e-03 2.563999586285229532e-02 1.061663695418513936e-01
4.140495497392702617e+01 9.974133256169395167e-01 2.426647565712779508e-01 -9.302395294940037432e-03 2.856533741958617104e-02 1.089830828802527268e-01
4.164567585817338369e+01 9.982610969508868282e-01 2.424746055482101259e-01 -1.058254742636651619e-02 2.797846353498856589e-02 1.132637835283849259e-01
4.188639674241973410e+01 9.996361183447038945e-01 2.425137002447113888e-01 -1.125468450762509912e-02 2.649491196272816054e-02 1.172984259846250876e-01
4.212711762666611293e+01 9.995190603233700122e-01 2.426414560841276824e-01 -1.096126045661330838e-02 2.608769161001134665e-02 1.119616859477521598e-01
4.236783851091250597e+01 1.000678394062522347e+00 2.424740336994654633e-01 -1.292106941555160905e-02 2.667094393057194493e-02 1.116803278810116345e-01
4.260855939515880664e+01 1.000843020014670293e+00 2.420478568462052782e-01 -1.090452957924751241e-02 2.548427306166126116e-02 1.097588235492651942e-01
4.284928027940519968e+01 1.001194649847686025e+00 2.418671717266948351e-01 -1.328842037573749711e-02 2.203486510977323287e-02 1.070337207327565904e-01
4.309000116365158561e+01 1.000609644221408301e+00 2.421838606959766105e-01 -9.992012663244684637e-03 2.272129503802976236e-02 1.121063602943450505e-01
4.333072204789791471e+01 1.000012517746186491e+00 2.418186148352773901e-01 -1.079941515368775494e-02 2.422506733463283823e-02 1.141373015409941905e-01
4.357144293214427933e+01 1.000360801997212556e+00 2.413799286957060974e-01 -1.284283054828412249e-02 3.008568260884282586e-02 1.154167076098652489e-01
4.381216381639079316e+01 9.997926859904522345e-01 2.411603219992528024e-01 -1.190114505889577380e-02 3.064090202661672382e-02 1.136530431589666129e-01
4.405288470063699435e+01 9.990035904734719807e-01 2.415614170319318466e-01 -1.131294950553134518e-02 3.183984432626197486e-02 1.136338901567260640e-01
4.429360558488338739e+01 9.982137252710439057e-01 2.418475076509014332e-01 -1.169463050281078359e-02 3.356402313315534625e-02 1.128031836338983518e-01
4.453432646912987991e+01 9.981133294441506543e-01 2.417703037428137747e-01 -1.125686419047536128e-02 3.132317887854333543e-02 1.098392503644803897e-01
4.477504735337627295e+01 9.985856882692472070e-01 2.422509130980059766e-01 -1.056387600067182873e-02 3.107082614765844727e-02 1.067591413354142954e-01
4.501576823762247415e+01 9.989545465214915154e-01 2.421709364823295962e-01 -1.056902892282664957e-02 2.821232753867628992e-02 1.065294877512705241e-01
4.525648912186898798e+01 9.988892809023699471e-01 2.434632965121065751e-01 -1.269654087449397645e-02 3.349344778682763341e-02 1.072854202183202849e-01
4.549721000611536681e+01 9.997177787584250463e-01 2.435168326914864678e-01 -1.147644254429717840e-02 2.845954332738058479e-02 1.081633635232587126e-01
4.573793089036166748e+01 9.993066109132984209e-01 2.438092237870573276e-01 -9.970803501554778916e-03 2.933986974559002828e-02 1.109807753358083848e-01
4.597865177460806763e+01 9.992743290861398897e-01 2.436087580404135144e-01 -8.128319326073439252e-03 2.845744351721107152e-02 1.104900104208146605e-01
4.621937265885446777e+01 9.998120490888672274e-01 2.428540383278554593e-01 -9.058254343885385404e-03 3.372850158283564187e-02 1.134762391141227733e-01
4.646009354310074713e+01 1.000063280438686419e+00 2.428287294956358311e-01 -9.466639896379828653e-03 3.148937720287398045e-02 1.146325540484430805e-01
4.670081442734715438e+01 1.000196498551441104e+00 2.425006112045612616e-01 -9.369692868677753639e-03 2.988779818445615188e-02 1.120924234933941277e-01
4.694153531159356163e+01 1.000506863841263749e+00 2.418413232690349302e-01 -8.947508500491349603e-03 2.833070635548340377e-02 1.145291042077827837e-01
4.718225619583984809e+01 1.000201793103133729e+00 2.427564366969402199e-01 -9.835139653895848613e-03 3.124922205472799308e-02 1.157302228920668169e-01
4.742297708008624113e+01 1.000182010212430583e+00 2.422015055890480162e-01 -1.088334302567853587e-02 2.752382426408854846e-02 1.145239292748402166e-01
4.766369796433275496e+01 9.992048234968902154e-01 2.428639249763277497e-01 -1.030742403556142613e-02 2.867285605008393357e-02 1.163511724064043990e-01
4.790441884857892774e+01 9.998288324460880006e-01 2.433130540192658120e-01 -1.046767557979693709e-02 2.838456971719077390e-02 1.192039240273076450e-01
