0.000000000000000000e+00 1.496885766728403233e+00 1.000000000000000000e+00 -4.102142549593767984e-04 4.179057113755779555e-04 -2.670314276603166174e-03
2.707644094020909553e-01 1.452138613568587200e+00 9.326890253523019148e-01 -8.799355752516035620e-03 1.665926209591775745e-02 1.071464653048878049e-03
5.404500761372362794e-01 1.407011028238655426e+00 8.688967346381307744e-01 -1.421251624654129748e-02 3.324241314718451301e-02 -1.917986955049473313e-03
8.101357428723815479e-01 1.369328026650181940e+00 8.108477769740627394e-01 -1.803908409771426066e-02 4.657767943368135155e-02 -4.884577818019152605e-03
1.079821409607529814e+00 1.332346476030415117e+00 7.603090443078301952e-01 -2.087318466478815457e-02 6.099471605200892932e-02 -4.717216055302821988e-03
1.349507076342671974e+00 1.300292506746578924e+00 7.128280924896669424e-01 -2.124339536689383648e-02 7.274053614317907424e-02 -2.971149111470587720e-03
1.619192743077821461e+00 1.270756275565673610e+00 6.690014272820991037e-01 -2.223678560467216153e-02 8.372885396910566269e-02 -3.377143673915794682e-03
1.888878409812997594e+00 1.244102970766102656e+00 6.295058378229687612e-01 -2.163905022323161717e-02 9.163802383827521214e-02 -4.122408649440171061e-03
2.157485333881241640e+00 1.221257374930416972e+00 5.937355930584465868e-01 -2.222714399399245908e-02 1.025672722756012928e-01 -5.051873856782972821e-03
2.427171000616439311e+00 1.200128790917429855e+00 5.602946523510197174e-01 -2.325635077810306664e-02 1.118705632440518960e-01 -4.853385760177699425e-03
2.696856667351631209e+00 1.181551929329033968e+00 5.301042989006181649e-01 -2.329748859438749917e-02 1.182940215601701317e-01 -1.821506108996272591e-03
2.966542334086825772e+00 1.164283313457289859e+00 5.031959589100888364e-01 -2.469790065095784151e-02 1.225802161941684926e-01 -1.891275698190935176e-03
3.236228000822015893e+00 1.148051633711189234e+00 4.777904485223973263e-01 -2.495579241548973037e-02 1.257480680612620694e-01 -8.484901123570309355e-04
3.505913667557198465e+00 1.133753187272721563e+00 4.549308944525370935e-01 -2.457214567866840976e-02 1.298836978740352810e-01 -3.924510924818908932e-03
3.775599334292300657e+00 1.120470548163399638e+00 4.352814419927776846e-01 -2.399554856382524540e-02 1.302170685117235716e-01 -3.122180229704816373e-03
4.045285001027381533e+00 1.108978195071260275e+00 4.164033686406669044e-01 -2.348041282413617162e-02 1.332558433709706003e-01 -2.547690155671157412e-03
4.314970667762480616e+00 1.099078506218236440e+00 3.989353583675597781e-01 -2.376687001137917435e-02 1.327595970491295407e-01 -4.177434451830565852e-03
4.584656334497576147e+00 1.090333392641617882e+00 3.831469373881626894e-01 -2.303424362884722368e-02 1.320286378492662727e-01 -3.115227355269668645e-03
4.855420743899626856e+00 1.080913927525103402e+00 3.697890475144558486e-01 -2.347388215924930965e-02 1.321203355035072968e-01 6.488624334004444889e-04
5.125106410634731269e+00 1.073748009861191344e+00 3.568569087490991443e-01 -2.377258109959675542e-02 1.302636022350410205e-01 -2.702484802502284032e-03
5.394792077369804595e+00 1.066524145615830976e+00 3.449738924771670323e-01 -2.340135852268882682e-02 1.286980467812335882e-01 2.377733733334741386e-03
5.664477744104917001e+00 1.060302254080513817e+00 3.344176089597056811e-01 -2.297123683155742613e-02 1.224142803621796061e-01 4.058394051234748214e-04
5.934163410840006314e+00 1.055479534050482560e+00 3.243317199453673028e-01 -2.466383518251074117e-02 1.177806473169208390e-01 9.400419443439600930e-04
6.203849077575116944e+00 1.049974028471854171e+00 3.151492902379682826e-01 -2.476652542733797507e-02 1.134578644057726432e-01 1.302323414395583148e-03
6.473534744310205369e+00 1.045731268605356146e+00 3.072103185184296703e-01 -2.429649688413463432e-02 1.118856751161284163e-01 2.008671808286639510e-03
6.743220411045323992e+00 1.040816463042066653e+00 2.999803974452567856e-01 -2.710684583435926318e-02 1.078818475589322645e-01 2.219474327517941947e-03
7.012906077780499459e+00 1.036886392058116835e+00 2.934308182558251210e-01 -2.656694997466134411e-02 1.029909648085658158e-01 4.220332990438523113e-03
7.282591744515762855e+00 1.033377275749121971e+00 2.869646586645011599e-01 -2.456274559248575878e-02 1.035233926043644392e-01 4.491968089418894861e-03
7.552277411251075101e+00 1.030088135306518993e+00 2.816639038509273218e-01 -2.763285921473573187e-02 9.547753947589064649e-02 5.907492317758527255e-03
7.820884335319395753e+00 1.026122154143252585e+00 2.773498406955776652e-01 -2.802508556182017191e-02 8.890889307331555080e-02 4.066421111063625929e-03
8.090570002054711551e+00 1.024505474349048928e+00 2.725266347612050333e-01 -2.711913873465330443e-02 8.781072775249910978e-02 6.071958784238115116e-03
8.360255668789987382e+00 1.022329539809877952e+00 2.680208292977196427e-01 -2.772164077490086101e-02 8.737386986238393494e-02 4.255310741713622807e-03
8.629941335525257884e+00 1.020851826404724827e+00 2.640703311577631829e-01 -2.739571973514117603e-02 8.723981075956425968e-02 6.541585371160503308e-03
8.899627002260576347e+00 1.018970953940846691e+00 2.611013073722577849e-01 -2.623038890256842309e-02 8.817245549619164013e-02 6.855099334171153337e-03
9.169312668995841520e+00 1.016672051795701748e+00 2.581535047410071781e-01 -2.505705814268871859e-02 8.380919079693355256e-02 1.110459209673055406e-02
9.438998335731154654e+00 1.014972050460308806e+00 2.556615202040202206e-01 -2.407672741603004291e-02 8.467693291268237055e-02 8.256504874061997706e-03
9.708684002466432261e+00 1.013960641189648015e+00 2.526328247623808587e-01 -2.346113668214681869e-02 7.909984369447538299e-02 9.419919350715224779e-03
9.978369669201713421e+00 1.012874847059616501e+00 2.503920137278762836e-01 -2.554913446017119394e-02 7.631900900152857603e-02 9.387484544097718028e-03
1.024805533593700879e+01 1.010628052012529032e+00 2.483160164485219978e-01 -2.529894010208009331e-02 7.873259060626396078e-02 8.089426069397135863e-03
1.051774100267229173e+01 1.008627764274043326e+00 2.465304149882556473e-01 -2.580633898074679786e-02 7.974751625902488927e-02 7.111690795386324017e-03
1.078742666940760841e+01 1.008668493665745958e+00 2.448932845584536611e-01 -2.525484202627292438e-02 7.676267188225061044e-02 7.769240761866270766e-03
1.105711233614289490e+01 1.008037422596345101e+00 2.430517866867982768e-01 -2.637091006483495426e-02 7.813330286204829556e-02 4.340637662125914481e-03
1.132679800287814231e+01 1.006973342949780470e+00 2.417196024354046624e-01 -2.578800618825760615e-02 7.551966234837775849e-02 6.164617550892958694e-03
1.159648366961346966e+01 1.005624690123764653e+00 2.408201240310781366e-01 -2.678950598384981577e-02 7.495812633192822094e-02 6.685737781587203568e-03
1.186616933634875970e+01 1.004924613678612966e+00 2.397490533661230661e-01 -2.447608063005254214e-02 7.444601912248990927e-02 7.238871861195848162e-03
1.213585500308402665e+01 1.005164835552832647e+00 2.383097793568401124e-01 -2.426581605151337945e-02 6.838958710223183579e-02 4.662086918249636232e-03
1.240554066981931847e+01 1.004034096498179318e+00 2.372667065894667471e-01 -2.379457735350435504e-02 6.632778773239357550e-02 9.058634714374813948e-03
1.267522633655464581e+01 1.003750063815571192e+00 2.364635126712782420e-01 -2.332103738595801487e-02 6.904112791517892644e-02 8.773195829215438626e-03
1.294491200328988256e+01 1.004226468842477349e+00 2.353001707272962539e-01 -2.300968808613282346e-02 6.715876330342906986e-02 9.251847924063527628e-03
1.321459767002517793e+01 1.003333328884999043e+00 2.346722462334536186e-01 -2.350573168399602841e-02 6.349383818912961164e-02 1.046212263905697132e-02
1.348428333676049817e+01 1.003378818468254607e+00 2.337576128056131908e-01 -2.319315707436888155e-02 5.964019696908559598e-02 1.009925231236738150e-02
1.375396900349579710e+01 1.001672614045828302e+00 2.334663075566253965e-01 -2.691610566872261467e-02 5.634363694197783157e-02 7.800423833451745892e-03
1.402365467023076739e+01 1.000589755835898265e+00 2.329682709697425691e-01 -2.602530438799424001e-02 5.596339982539102337e-02 1.078999097743530214e-02
1.429334033696563111e+01 9.995094725325130991e-01 2.329827999092602686e-01 -2.465712046804914223e-02 5.564733434089515901e-02 1.063080471051877987e-02
1.456302600370053923e+01 9.993390550196544764e-01 2.321967727486313193e-01 -2.321039945316540759e-02 5.785376167738480457e-02 1.338980083020421125e-02
1.483271167043547933e+01 9.993912569613134789e-01 2.318124910608543865e-01 -2.317728825701028533e-02 5.712677597723835737e-02 1.308606504893729955e-02
1.510239733717039456e+01 9.993236067339233974e-01 2.313925398932076827e-01 -2.528124472847752616e-02 5.492896291621049421e-02 1.127584661894615557e-02
1.537208300390525295e+01 1.000498153511738542e+00 2.309147437861763796e-01 -2.634361062718874880e-02 5.242189938003779387e-02 7.712529575525353155e-03
1.564176867064016463e+01 9.993997311816594786e-01 2.312703988740397176e-01 -2.591498303988135077e-02 5.801332305319203270e-02 7.581467912055065740e-03
1.591145433737510473e+01 1.000151789256764401e+00 2.305578233233112340e-01 -2.632916742159724724e-02 5.766497944802304043e-02 5.820939137871770225e-03
1.618114000411002351e+01 1.000262017720730867e+00 2.303492127826694824e-01 -2.630336261842007584e-02 6.169495920614353340e-02 8.646681343788854834e-03
1.645082567084487479e+01 1.001176704309802989e+00 2.304012992742884569e-01 -2.752932044708348430e-02 6.214518232197242809e-02 1.142900641348376135e-02
1.672051133757979002e+01 1.001503435611413861e+00 2.297111231521115071e-01 -2.854328491342899426e-02 6.254478356642351189e-02 7.992603195207238428e-03
1.699019700431473012e+01 1.001989265809854812e+00 2.296741651722535860e-01 -2.625245953026071957e-02 6.073802661246588408e-02 7.774967456286613343e-03
1.726096141371660408e+01 1.002056655248136030e+00 2.291473928938068672e-01 -2.581082630981463774e-02 6.171868689850773526e-02 4.479397124436127614e-03
1.753064708045144826e+01 1.002034954119381815e+00 2.292019487138753087e-01 -2.565422488865061121e-02 6.266034853356597378e-02 7.330731487050435626e-03
1.780033274718636704e+01 1.001155595343780513e+00 2.294033086983978675e-01 -2.690831671375602460e-02 6.297292312628116617e-02 8.018929150701750719e-03
1.807001841392130359e+01 1.001389283221283399e+00 2.290820576998459090e-01 -2.542599525413222206e-02 6.153814136599265738e-02 8.003385580062081714e-03
1.833970408065622948e+01 1.001926177724873357e+00 2.291156784654538037e-01 -2.668133972086579597e-02 6.071504051517608719e-02 9.841213765631989796e-03
1.860938974739107366e+01 1.001381894337992406e+00 2.292248948292985311e-01 -2.733627764352017028e-02 5.961625482157861811e-02 7.728863005198371994e-03
1.887907541412600310e+01 1.001195774840797359e+00 2.289254342956426047e-01 -2.754893488951266900e-02 6.151271831606194840e-02 8.762270382573442498e-03
1.914876108086093254e+01 1.001506371625829450e+00 2.289618035661153683e-01 -2.736392160328713491e-02 6.074041714791787727e-02 7.850239137852698182e-03
1.941844674759584066e+01 1.001721923863264863e+00 2.287170960315689505e-01 -2.708784578240025151e-02 5.855452509528121657e-02 8.294395468572607344e-03
1.968813241433071326e+01 1.000667342739685717e+00 2.289517825245944715e-01 -2.677081632009000595e-02 5.788076996173741745e-02 8.606930850368959759e-03
1.995781808106561783e+01 1.000023154894340571e+00 2.286070411736508268e-01 -2.616827032534468217e-02 5.692109504698210365e-02 7.362393946908764135e-03
2.022750374780053306e+01 9.999089493093064052e-01 2.292011666545765991e-01 -2.463268239817767782e-02 5.834279377989140536e-02 6.969148648569138162e-03
2.049718941453548027e+01 9.993006311799494945e-01 2.293840054359621572e-01 -2.418108669741056427e-02 6.240240458491145420e-02 1.347995408916955427e-02
2.076687508127032089e+01 9.995173706298348115e-01 2.289254566164838356e-01 -2.399762014126551740e-02 5.980759114585463415e-02 1.397311541308816560e-02
2.103656074800526810e+01 9.988899847785515096e-01 2.289868817762232556e-01 -2.423778452106924858e-02 5.920512073771663081e-02 9.446696704388007210e-03
2.130624641474018333e+01 9.992829889122141207e-01 2.289777670966752221e-01 -2.489889260151224859e-02 5.722253309018188877e-02 5.288579826614806835e-03
2.157593208147507369e+01 9.984199199105528999e-01 2.294992219406534195e-01 -2.486726215165433601e-02 5.703137806154612299e-02 6.559908488787112926e-03
2.184561774820997826e+01 9.986721556311569659e-01 2.296236773470959891e-01 -2.282969811953736855e-02 5.514012611192728452e-02 1.039808673713684545e-02
2.211530341494486507e+01 9.984449352883560946e-01 2.296345869891089075e-01 -2.293224736649144765e-02 5.568329262639429289e-02 6.126027139355175004e-03
2.238498908167976609e+01 9.980628914414844122e-01 2.297648585352063677e-01 -2.380587817375367024e-02 5.415013905734165911e-02 6.269860878308605896e-03
2.265467474841473106e+01 9.975452552997723377e-01 2.297930822894537761e-01 -2.434536316011351800e-02 5.527521500243187669e-02 8.075077645698487683e-03
2.292436041514956102e+01 9.977910399846757761e-01 2.298169311559874473e-01 -2.423036601573621759e-02 5.732152434382822154e-02 6.349419940635686772e-03
2.319404608188453309e+01 9.987066534476948254e-01 2.295037563156082094e-01 -2.456909340706909736e-02 5.638742789854687271e-02 8.465870412162186665e-03
2.346373174861943056e+01 1.000109296288441030e+00 2.286376045635937493e-01 -2.403215026418851347e-02 5.494790094309771888e-02 9.170131442539477054e-03
2.373341741535431026e+01 9.998661788820423224e-01 2.290117021973847589e-01 -2.417320908139292818e-02 5.411209922080360141e-02 1.023442354802264927e-02
2.400310308208923971e+01 9.993466880754042769e-01 2.292067535209193485e-01 -2.429954768408495308e-02 5.694697016077310964e-02 8.699515476096607997e-03
2.427278874882411230e+01 9.995032865820265844e-01 2.292504968875772875e-01 -2.255729591738479117e-02 5.755115651504025265e-02 8.256597881061500735e-03
2.454247441555900622e+01 1.000992631724185511e+00 2.295262333524722420e-01 -2.266568770598899676e-02 5.505638320448455469e-02 8.325336977845156430e-03
2.481216008229398540e+01 1.001596254430890731e+00 2.290499391283905839e-01 -2.337115965401696804e-02 5.387285910977208936e-02 8.821522058302739416e-03
2.508184574902880826e+01 1.001044982982838061e+00 2.293717412315645077e-01 -2.427494727872961736e-02 5.261257311106173895e-02 4.473371954157419166e-03
2.535153141576379454e+01 1.000254009415322276e+00 2.296923364836620240e-01 -2.419843651599482004e-02 5.441089940069540609e-02 8.951541569748477922e-03
2.562121708249868135e+01 1.000600907432541042e+00 2.294863875417807175e-01 -2.560479869468780881e-02 5.356844014611489291e-02 9.115605089722943200e-03
2.589090274923355040e+01 1.000364307151127674e+00 2.296670461424793475e-01 -2.751459398511339055e-02 5.370159434780137631e-02 1.015875909514647041e-02
2.616058841596849405e+01 9.994257365148370154e-01 2.295187331150829735e-01 -2.695535221917200533e-02 5.135202587659325885e-02 1.224673412179580825e-02
2.643027408270336309e+01 9.986404274168372286e-01 2.296334138096974842e-01 -2.825245566634290370e-02 5.136829924091977639e-02 1.108891649653922541e-02
2.669995974943823924e+01 9.990998373852519876e-01 2.293123058056967534e-01 -2.701423970619938608e-02 5.472685227608718728e-02 1.134784262101555530e-02
2.696964541617323974e+01 9.988504488262833769e-01 2.290910855636576759e-01 -2.697772931116028741e-02 5.625133381941573724e-02 9.108311466739653015e-03
2.723933108290805549e+01 9.990993191107145899e-01 2.288985690524087124e-01 -2.735962887410485836e-02 5.512551848185592851e-02 6.975979247636820112e-03
2.750901674964305244e+01 9.989542146075753859e-01 2.289547884734663141e-01 -2.520439787680595067e-02 5.127023387081285771e-02 8.668640635050059440e-03
2.777870241637793214e+01 9.992491400147693881e-01 2.289233983239228054e-01 -2.627973856142331449e-02 5.205637087239831096e-02 7.537612968227805181e-03
2.804838808311279053e+01 9.993288573206525749e-01 2.287280852591038471e-01 -2.571884084327274306e-02 5.296726502259337804e-02 6.392635818531510611e-03
2.831807374984775194e+01 1.000021347435002150e+00 2.290668613639546547e-01 -2.525042258247416418e-02 5.422971046546171126e-02 7.447665886978018825e-03
2.858775941658261388e+01 9.991204631839837313e-01 2.290259764417673372e-01 -2.446102512482682331e-02 5.424437592090805560e-02 4.809920473573817828e-03
2.885744508331748293e+01 1.000600915726768125e+00 2.288370857549726634e-01 -2.284969654366830749e-02 5.469948498409724080e-02 7.096483256677904410e-03
2.912713075005249408e+01 1.000441607110502229e+00 2.288450879752927103e-01 -2.333450859170613928e-02 5.336072870927401068e-02 1.030842641348621996e-02
2.939681641678730273e+01 1.001125205883076408e+00 2.283091277369238004e-01 -2.275988051457855654e-02 5.328984614260732361e-02 8.741141949586589063e-03
2.966650208352231033e+01 1.000711952395335169e+00 2.284344009639041051e-01 -2.328849098510410789e-02 5.055678237132405634e-02 9.191686422516352761e-03
2.993618775025718293e+01 1.000992565121794131e+00 2.282697880668561607e-01 -2.287004637314414557e-02 4.445439166729653335e-02 8.623586144821039634e-03
3.020587341699203066e+01 1.000633440501945692e+00 2.284113145838053971e-01 -2.123255487223936130e-02 4.852495435388956557e-02 9.090790774568299759e-03
3.047555908372700628e+01 1.001875595731849256e+00 2.281941583589233713e-01 -2.266951010348365603e-02 4.966141995367800988e-02 8.640468120923831818e-03
3.074524475046186112e+01 1.001734775957947354e+00 2.280031704299637918e-01 -2.275365292766975273e-02 5.038287110934402263e-02 6.764571519947566378e-03
3.101493041719671950e+01 1.001849587807948971e+00 2.277553162979533141e-01 -2.285267700154843679e-02 4.641894905428013002e-02 4.567265225769952253e-03
3.128461608393174131e+01 1.001565678507635448e+00 2.281099068114587902e-01 -2.574903406976417758e-02 4.959315454215986602e-02 7.206889070989229429e-03
3.155430175066654996e+01 1.001557734415527756e+00 2.281409783739944963e-01 -2.711575872881977559e-02 5.000727742042765378e-02 9.151836213298221098e-03
3.182398741740157178e+01 1.001210304843141330e+00 2.283513832090020013e-01 -2.491210555123320181e-02 4.969033583709060037e-02 8.145135630535716917e-03
3.209367308413642661e+01 1.001115985115619056e+00 2.287323387413961739e-01 -2.417205008060576213e-02 5.093374005941067595e-02 8.346338627048494746e-03
3.236335875087127789e+01 1.001840089748009754e+00 2.288187640941338197e-01 -2.480871825706557066e-02 5.016989838876991653e-02 8.011277621477030236e-03
3.263304441760625707e+01 1.001037240181501309e+00 2.291895989636173747e-01 -2.553899984418825028e-02 5.066825810966300164e-02 7.733116206251119430e-03
3.290273008434110835e+01 1.000521809523013284e+00 2.289143493644084371e-01 -2.531489689865230874e-02 5.068621499782324791e-02 5.674544989091216164e-03
3.317241575107595963e+01 1.000022746323072420e+00 2.289583566534857118e-01 -2.513404110727085819e-02 4.907749639231539368e-02 3.146320267046173128e-03
3.344210141781098855e+01 9.998719834790041894e-01 2.285632261465138093e-01 -2.617696980841468027e-02 4.679898094352097360e-02 6.986481125078908283e-03
3.371178708454579720e+01 9.998357296999571542e-01 2.285567402480223331e-01 -2.556413234109964489e-02 4.779022866592771285e-02 9.331617411572765836e-03
3.398147275128081901e+01 1.000184620617103226e+00 2.286953534584758307e-01 -2.658833940314249411e-02 4.844095769837064580e-02 4.385234550830925150e-03
3.425115841801567740e+01 9.994079063445268085e-01 2.287580617586941201e-01 -2.492611246459700350e-02 5.297292519372618497e-02 8.786108950711952678e-03
3.452084408475052157e+01 9.989280172809212877e-01 2.290590864084836864e-01 -2.299886104968896020e-02 5.559300231026242933e-02 1.082732042242031886e-02
3.479052975148551496e+01 9.985570756129286130e-01 2.289887288740129478e-01 -2.434990063597302842e-02 5.632192813563081935e-02 1.116880282479307436e-02
3.506021541822035914e+01 9.991202241185337396e-01 2.288012821533003949e-01 -2.520112627895795127e-02 5.717516853490503537e-02 9.259631429110288039e-03
3.532990108495520332e+01 9.986058385048142139e-01 2.281156365523595020e-01 -2.711479371447024847e-02 5.449617390751100576e-02 9.578677666170943780e-03
3.559958675169023934e+01 9.991322808389161425e-01 2.283583471257182584e-01 -2.596059675758437268e-02 5.229648539965907339e-02 1.058861723412249552e-02
3.586927241842504799e+01 9.998053697503462844e-01 2.281603455903395139e-01 -2.388825951618691115e-02 5.226495641569510464e-02 1.012330215535772217e-02
3.613895808516008401e+01 9.996350926557718841e-01 2.283767824450073924e-01 -2.402284793329055937e-02 5.259255234984576421e-02 8.427444710292728361e-03
3.640864375189491398e+01 1.000034563967383994e+00 2.281511920954213124e-01 -2.397049110793475837e-02 5.452598865422322166e-02 9.298657586427777968e-03
3.667832941862977236e+01 1.000235570660227280e+00 2.279366725065548049e-01 -2.463560374017574606e-02 5.551063217195606470e-02 1.050486859339251969e-02
3.694801508536476575e+01 9.995001631646096563e-01 2.282932035146626459e-01 -2.527392083351071711e-02 5.655255237344714719e-02 9.508771620585044354e-03
3.721770075209962414e+01 9.992268500886455351e-01 2.288401238810807148e-01 -2.464794000589942691e-02 5.750258557911045593e-02 7.433898433401605818e-03
3.748738641883444700e+01 9.996008159729206088e-01 2.290429868748638798e-01 -2.407732321828783342e-02 5.812697823585513679e-02 8.415566610683983609e-03
3.775707208556949013e+01 9.993580798170877966e-01 2.289791359101074064e-01 -2.487978973709203609e-02 5.810490232611323358e-02 9.029023503227207037e-03
3.802675775230432009e+01 9.990580274545466377e-01 2.287506609035304117e-01 -2.498614240676754264e-02 5.976628720438082604e-02 8.247086595651919108e-03
3.829644341903930638e+01 9.990269480014422054e-01 2.286927829870289142e-01 -2.510996380840214981e-02 5.949462362239937852e-02 1.125044524520102222e-02
3.856612908577417898e+01 9.989235976459129862e-01 2.286228439124158018e-01 -2.581163155562533201e-02 6.385923620717041949e-02 9.353867551043941464e-03
3.883581475250904447e+01 9.994613138948349462e-01 2.284103288856852987e-01 -2.711225690917544451e-02 6.329767681998613171e-02 1.029534943041949396e-02
3.910550041924398101e+01 1.000044253949839979e+00 2.283799450454113145e-01 -2.617427736675100036e-02 6.750413160492238496e-02 1.098029199520643429e-02
3.937518608597885361e+01 1.000661396214090004e+00 2.282904535417998870e-01 -2.459477239049139355e-02 6.420409297778459368e-02 1.131208430352648175e-02
3.964487175271373331e+01 9.991320342293038559e-01 2.286662430197963780e-01 -2.297348011943884522e-02 6.335617545487769176e-02 9.903747265979478964e-03
3.991455741944869118e+01 9.991349145101258156e-01 2.288661759438152532e-01 -1.986666517229575615e-02 6.101546668183124161e-02 8.463778128893506905e-03
4.018424308618354246e+01 9.986628473484375768e-01 2.289628973530650757e-01 -2.243918371751408083e-02 6.090391125793948035e-02 1.084730027710324209e-02
4.045392875291858559e+01 9.984190490334057255e-01 2.286109813425452886e-01 -2.522273909115045273e-02 5.569350294260975304e-02 1.154846045066166768e-02
4.072361441965337292e+01 9.992939738618750178e-01 2.287962434505804166e-01 -2.436234950482171757e-02 5.538937175372574129e-02 7.663167435574738846e-03
4.099330008638825973e+01 9.995378879689312823e-01 2.285409118374554238e-01 -2.328862735109362217e-02 5.242191661879794240e-02 1.135442454708517589e-02
4.126298575312326733e+01 9.998570520965732733e-01 2.284169197892455261e-01 -2.263724370886111351e-02 5.544921069683295817e-02 9.976890731709053134e-03
4.153267141985816124e+01 9.991373867064056169e-01 2.280529395558524020e-01 -2.189878458723090379e-02 5.322684308368982875e-02 1.158432737846041075e-02
4.180235708659294147e+01 9.985858848123474463e-01 2.283852406738315910e-01 -2.103238710373679307e-02 5.335917287838969764e-02 1.473095038462201613e-02
4.207204275332798460e+01 9.992193589788749275e-01 2.284563478975900341e-01 -2.466753725698159205e-02 5.094944906800200068e-02 1.068124288776087054e-02
4.234172842006285009e+01 9.982900226870313753e-01 2.283267723143775074e-01 -2.338677916349362826e-02 5.243376867657492668e-02 1.092351109985778557e-02
4.261141408679777243e+01 9.987884985612653921e-01 2.285284919805413983e-01 -2.663136565614700885e-02 5.114817457898626629e-02 8.188692738593031373e-03
4.288109975353267345e+01 9.981639125194361473e-01 2.288004034915062934e-01 -2.670434833356284329e-02 5.032674191346516585e-02 1.163698446982405071e-02
4.315078542026757447e+01 9.986753957002878490e-01 2.284964480966478473e-01 -2.631629291631019940e-02 5.038358861726324051e-02 1.019379625023137011e-02
4.342047108700245417e+01 9.979550784054463941e-01 2.286267292096587633e-01 -2.576150696490826092e-02 5.122371843124644969e-02 1.294741100583055374e-02
4.369015675373735519e+01 9.985841761102918213e-01 2.288566297018896356e-01 -2.349305375628323728e-02 5.198859577171238699e-02 1.326451921113964635e-02
4.395984242047225621e+01 9.987765029884441148e-01 2.290715237084559319e-01 -2.263704468476875759e-02 5.288216327503378333e-02 7.877088750775055812e-03
4.422952808720715723e+01 9.996897921829847045e-01 2.284665893847676321e-01 -2.357826164608188904e-02 5.191876374090167306e-02 4.260315815181396105e-03
4.449921375394203693e+01 9.995128216432535018e-01 2.284705167591231101e-01 -2.322365416068296676e-02 5.228199647276672579e-02 9.393497343195026869e-03
4.476889942067708716e+01 9.998572890392969370e-01 2.287299499906503830e-01 -2.257443999182203939e-02 5.070964884357218733e-02 1.054789978979754628e-02
4.503858508741183897e+01 9.987388997035470117e-01 2.294107912848901420e-01 -2.342453764903100824e-02 4.942420785143498974e-02 8.477836335594847797e-03
4.530827075414674709e+01 9.987754979116247878e-01 2.295508296007612858e-01 -2.586617607931161050e-02 5.080311758236789182e-02 1.034677835522896695e-02
4.557795642088177601e+01 9.983815273248506372e-01 2.295305452438229921e-01 -2.687974233099386240e-02 5.374765317182800262e-02 7.978270078803296333e-03
4.584764208761669124e+01 1.000021754419704312e+00 2.288744125806942975e-01 -2.461863156807514094e-02 5.042959059303447206e-02 8.841330114206871066e-03
4.611732775435142884e+01 9.994676594443269169e-01 2.291248685369494109e-01 -2.502920730160677898e-02 5.034844140295652304e-02 8.514159888196507972e-03
4.638701342108647907e+01 9.991678672608850231e-01 2.288884033480375058e-01 -2.682157572803532675e-02 4.812414981963285959e-02 6.789460261866250672e-03
4.665669908782137298e+01 9.997892170262553391e-01 2.289464282272286877e-01 -2.429275016861892275e-02 4.675782116461777577e-02 6.774699052731746399e-03
4.692638475455625269e+01 1.000313746239617885e+00 2.287570275058008751e-01 -2.365339552534198586e-02 4.823825815876926076e-02 6.374721127910963799e-03
4.719607042129116792e+01 1.000430077072368418e+00 2.291238032512722955e-01 -2.339924378173655409e-02 5.031728296686796553e-02 7.229369735496198046e-03
4.746575608802609736e+01 1.001000830356665761e+00 2.288092786964089631e-01 -2.310939444064735032e-02 5.008361114639984374e-02 1.139738862329008062e-02
4.773544175476092732e+01 1.001397679485740655e+00 2.285506766623963404e-01 -2.290037914025605872e-02 5.012902155586806269e-02 1.015028782922500726e-02
4.800512742149584966e+01 1.001979828464399258e+00 2.282373271883420263e-01 -2.303991139656132864e-02 5.203668929014607786e-02 7.486060241308409996e-03
4.827481308823077910e+01 1.002076466886877348e+00 2.281603398055991050e-01 -2.180712286916284756e-02 5.353921822371554562e-02 6.681433298633180327e-03
4.854449875496563038e+01 1.001075151449059009e+00 2.283344308885773555e-01 -2.280697500969215002e-02 5.334455070469752702e-02 5.563391462712626023e-03
4.881418442170053140e+01 1.001473212763790865e+00 2.284316731936507083e-01 -2.287086049197118928e-02 5.256351431346030501e-02 7.935364687800221598e-03
4.908387008843559585e+01 1.000245745982129897e+00 2.286380727017878478e-01 -2.304270226451473474e-02 5.280196971726357907e-02 6.611915353718220839e-03
4.935355575517030502e+01 9.998099379298267531e-01 2.290060875446886524e-01 -2.294121889234483971e-02 5.299882640019022012e-02 7.330152068169277883e-03
4.962324142190524157e+01 1.000665563255492163e+00 2.288914991856460524e-01 -2.340383765683797662e-02 5.603408997562355637e-02 7.573888384866647207e-03
4.989292708864027759e+01 9.995191299374056593e-01 2.288868099134921397e-01 -2.457888710531311305e-02 5.722743002674778034e-02 5.250447799133521609e-03
5.016261275537520703e+01 9.990065263377887472e-01 2.288235603554287789e-01 -2.472356642250661540e-02 5.692024455950737277e-02 8.082290927811389136e-03
5.043229842210992331e+01 9.991921362569705645e-01 2.287552787185703762e-01 -2.510193237900851249e-02 5.667389963321799173e-02 8.316040269549095088e-03
5.070198408884498775e+01 9.993736335949779948e-01 2.286277514333414917e-01 -2.651514252115434039e-02 5.783979871185324084e-02 6.990358585171156658e-03
5.097166975557989588e+01 1.000131892125738275e+00 2.284361602701349137e-01 -2.730506483097001891e-02 5.804157985590466945e-02 6.415639380269837211e-03
5.124135542231472584e+01 9.991115840889155386e-01 2.286288576888773627e-01 -2.585644093766329213e-02 5.776212694817246807e-02 8.062871293263541156e-03
5.151104108904966949e+01 9.990872455966259835e-01 2.284390121718406497e-01 -2.549169713453638270e-02 5.688894731213700595e-02 1.016572819788263450e-02
5.178072675578460604e+01 9.994402950903492622e-01 2.285968117764514140e-01 -2.419424209994150421e-02 5.439737729433263141e-02 9.587282523533403183e-03
5.205041242251940758e+01 1.000863792037702371e+00 2.283401557627335321e-01 -2.266075508639208910e-02 5.016634225014379722e-02 7.445455976505276074e-03
5.232009808925435124e+01 1.001808061774418501e+00 2.286864566348016936e-01 -2.110374006368379365e-02 5.277630499302052303e-02 7.080187134301473527e-03
5.258978375598929489e+01 1.002559728548107598e+00 2.284614976648058626e-01 -2.309392987116536816e-02 5.453050060383302783e-02 7.455242787106869211e-03
5.285946942272410354e+01 1.003998088734211924e+00 2.286855116247834274e-01 -2.483049360167358111e-02 5.609907216198666002e-02 6.767604220615920478e-03
5.312915508945903298e+01 1.004217273962891177e+00 2.284924437895170801e-01 -2.551442753958301640e-02 5.855401578560768400e-02 9.469304292337620693e-03
5.339884075619410453e+01 1.003346235313840706e+00 2.283627413214625035e-01 -2.552823034662770468e-02 5.895206899688099772e-02 8.147271187727645261e-03
5.366852642292877817e+01 1.002583089110850034e+00 2.288274164984182013e-01 -2.692692539613587149e-02 5.763954170863514609e-02 5.034097689398153545e-03
