0.000000000000000000e+00 1.494912819608517740e+00 1.000000000000000000e+00 -1.098527906529922493e-03 4.859541577109521837e-03 4.610976456123960787e-03
8.344638503022389076e-01 1.348474725779000627e+00 8.876449320016870370e-01 -1.946995850356895985e-02 4.925222186367517185e-02 5.419444009016893826e-03
1.668927700603585862e+00 1.244244978323125528e+00 8.067239892751848496e-01 -2.032340815171369830e-02 6.674878170065665084e-02 -8.573860522096327097e-03
2.503391550904933371e+00 1.173235362200489629e+00 7.434478269955333563e-01 -2.071476043646118537e-02 9.543651171968942082e-02 -1.636087868990304672e-03
3.337855401206280437e+00 1.125187149503122486e+00 6.966824429132179031e-01 -2.504351142164923383e-02 1.047768482584564842e-01 3.308068785397355605e-03
4.172319251507627946e+00 1.088869959573778301e+00 6.637830334808673127e-01 -2.420506551763929037e-02 1.060741329010123635e-01 1.280628775935876984e-02
5.006783101808975900e+00 1.068250731734361469e+00 6.384430185641064570e-01 -3.079520986222560042e-02 1.092465781833344418e-01 5.571800673294671769e-03
5.841246952110322965e+00 1.052058473789676540e+00 6.178908908220933638e-01 -2.914575912403680191e-02 1.015282795798244098e-01 9.794788444263208271e-03
6.675710802411670031e+00 1.035779530954239469e+00 6.002896860781569144e-01 -2.581063801052348172e-02 1.094696756183390907e-01 -2.512296917824327624e-03
7.510174652713017096e+00 1.028432767444569240e+00 5.900027550377813235e-01 -2.833546003619172304e-02 9.745239443798495160e-02 -4.512451124491501098e-03
8.344638503014364161e+00 1.020768638038989984e+00 5.814934503585225123e-01 -2.858469097239030310e-02 9.239406179260348240e-02 3.211449017209766499e-03
9.179102353315713003e+00 1.013979022439189359e+00 5.800483359071870737e-01 -2.721359831686774589e-02 9.095229783828831516e-02 5.554619279263400822e-04
1.001356620361706007e+01 1.008690205094867842e+00 5.770941146422354784e-01 -2.381288077158519312e-02 9.913052467533076118e-02 3.973330019411747127e-03
1.084803005391840713e+01 1.007204752889521160e+00 5.749738798926308236e-01 -2.653262320583234246e-02 8.189208409414877599e-02 -2.980177212381612817e-03
1.168249390421975420e+01 1.005807147183635397e+00 5.708773666065951602e-01 -2.338113457759140312e-02 7.098437249982164632e-02 6.177901390394535674e-05
1.251695775452110126e+01 1.002730709842659884e+00 5.697944598209594425e-01 -2.154900421528392618e-02 7.034244532833594521e-02 -3.489209083862340743e-03
1.335142160482245011e+01 1.005679890905176510e+00 5.708591915211125301e-01 -2.520738976418500366e-02 8.454846737681750990e-02 -1.785372252007810800e-03
1.418588545512379717e+01 1.002506869827846314e+00 5.667058458502709506e-01 -2.316182614997992772e-02 7.875015625212550274e-02 4.825315220581716247e-03
1.502034930542514424e+01 1.000660465174636027e+00 5.641668016943112152e-01 -1.781072463244114112e-02 8.027717733038228221e-02 -1.461876521184540811e-03
1.585481315572649130e+01 9.998686239819923882e-01 5.694428298734969252e-01 -2.503129240775481268e-02 8.432352563083950203e-02 -4.662664791952181309e-03
1.668927700602784014e+01 1.002289934019173989e+00 5.625364334106592867e-01 -2.303860431907618633e-02 7.964321889411313249e-02 -4.343054473764124124e-03
1.752374085634503231e+01 1.001999323009838294e+00 5.634079596690777514e-01 -2.576086229437793418e-02 7.928060416544463473e-02 -3.654891161639403641e-03
1.835820470670397953e+01 1.000229331077586048e+00 5.667607181103295755e-01 -2.384555228864498888e-02 7.474220549832846783e-02 -7.977856825074236546e-03
1.919266855706293029e+01 1.004319990677061014e+00 5.622144995348266061e-01 -2.840029987210183904e-02 7.729067438246545185e-02 -1.200321540433497980e-02
2.002713240742187750e+01 1.003406954166388587e+00 5.670641093184629611e-01 -2.281649836116708685e-02 7.916161098169299803e-02 -7.497162631765585949e-03
2.086159625778082827e+01 9.984960114634787720e-01 5.691136349098502301e-01 -2.096845939594337016e-02 8.112331495402363979e-02 -4.043369885427902655e-03
2.169606010813977548e+01 9.953331489426853196e-01 5.663439666430297725e-01 -2.647639123834330532e-02 8.853096234443100232e-02 -1.855229092437016281e-03
2.253052395849872269e+01 9.979906283731376782e-01 5.698516394939869834e-01 -2.434845942178823219e-02 9.037004589405142618e-02 -8.693935390508000793e-05
2.336498780885767346e+01 9.978084505014874761e-01 5.682312329723562261e-01 -2.298920765477251160e-02 8.481823037189120673e-02 8.923375239140302062e-04
2.419945165921662067e+01 9.988168548423630444e-01 5.663107870404644473e-01 -2.609042050690275893e-02 8.121431591739228240e-02 -5.291098436179447750e-03
2.503391550957557143e+01 9.997533360502172117e-01 5.652096169257878611e-01 -2.103901156566105601e-02 6.717448602521594592e-02 -7.703703266316461185e-03
2.586837935993451865e+01 1.002050875802539043e+00 5.642591148641755705e-01 -2.513178720547233624e-02 7.991765413922963246e-02 -3.265780161217729516e-03
2.670284321029346586e+01 1.006002624768849163e+00 5.626198537352672391e-01 -2.186659173855504124e-02 7.678340395698857179e-02 2.995764595438765721e-03
2.753730706065241662e+01 1.006369180344674152e+00 5.632176461494301511e-01 -2.107254649062362262e-02 7.567990039461824914e-02 5.829254732740013489e-04
2.837177091101136384e+01 1.003294630458572811e+00 5.666451992415282302e-01 -2.148344532693502451e-02 9.197552298266981063e-02 -4.035987151149805774e-03
2.920623476137031460e+01 9.982555139711283276e-01 5.686907546679825787e-01 -2.813708815914194028e-02 7.841324457611162368e-02 1.077021192588609177e-03
3.004069861172926181e+01 9.987433231986440063e-01 5.683208476202673554e-01 -2.077346077994905726e-02 7.576041371651404122e-02 -8.966731346373449374e-03
3.087516246208821258e+01 9.979618694996487127e-01 5.700323551147580270e-01 -2.423305392525601509e-02 7.728526279865971516e-02 -6.010293541307804022e-03
3.170962631244715979e+01 9.961643589671592691e-01 5.671196719962191546e-01 -2.121518994265957081e-02 7.524870436923497552e-02 -8.305982545389417604e-03
3.254409016280610700e+01 9.966253479527110715e-01 5.656305393114849922e-01 -2.270174492994025961e-02 8.824066788067483347e-02 -2.700538876891644957e-05
3.337855401316505777e+01 9.947467550069042375e-01 5.696706728762825911e-01 -2.221976287900462310e-02 8.557883802006249763e-02 3.632669623386403090e-03
3.421301786352400853e+01 9.980561307202181487e-01 5.705516105737825638e-01 -1.686496842108614613e-02 7.989256248210307998e-02 -9.439423246721603822e-03
3.504748171388295219e+01 9.960014953958474804e-01 5.723762992060262844e-01 -1.813423427691610024e-02 8.202385866561559546e-02 -1.241002650119032991e-04
3.588194556424190296e+01 9.971613374888166348e-01 5.730774750318640143e-01 -1.532881924716887612e-02 8.157596830435714930e-02 -2.167589182357140820e-03
3.671640941460084662e+01 9.987161698614078764e-01 5.704854623302862970e-01 -2.614507201722540697e-02 7.352714212529304350e-02 -4.992731514090090195e-03
3.755087326495979738e+01 9.988097516669488529e-01 5.675966599014911074e-01 -2.620562925670362475e-02 6.966324206961799215e-02 -1.114522704882117687e-02
3.838533711531874815e+01 9.957045709827586633e-01 5.679738362899853232e-01 -2.011276893761422546e-02 6.474384949096423369e-02 -5.858397503886850211e-03
3.921980096567769181e+01 9.960257290258903717e-01 5.686311618230640574e-01 -2.178164557933397194e-02 6.683761902764817631e-02 2.425418613946003776e-03
4.005426481603664257e+01 1.000139462657370748e+00 5.702343962387742549e-01 -1.984318043640272144e-02 7.810008480747765436e-02 -6.643459904281057149e-03
4.088872866639559334e+01 1.000238319668770748e+00 5.718228016942872305e-01 -2.655841305334932789e-02 8.325034959368415866e-02 -1.784069517902611701e-02
4.172319251675453700e+01 1.002273900983966737e+00 5.687840154723557973e-01 -2.095991058383771255e-02 8.529219669132609427e-02 -4.562873136828307641e-03
4.255765636711348776e+01 1.005589149835648177e+00 5.713299759825301027e-01 -1.948862670830633914e-02 8.550833746257416323e-02 -1.062194277422115474e-03
4.339212021747243853e+01 1.001430983731662838e+00 5.698763828165537282e-01 -2.196862174281517810e-02 7.657184948165390859e-02 1.280215181895139054e-03
4.422658406783138929e+01 1.000727702301663857e+00 5.693665748387599645e-01 -1.797741834581614850e-02 7.522554040910639506e-02 -5.673933635171199419e-03
4.506104791819033295e+01 1.000082208806325257e+00 5.696048385214690368e-01 -1.740056308696304177e-02 8.263609177557251773e-02 -3.934340367411609529e-03
4.589551176854928372e+01 9.972330405905630579e-01 5.659046737461851384e-01 -1.834020642412741153e-02 8.242376072156282207e-02 1.046340406964607617e-03
4.672997561890823448e+01 9.959062956604078920e-01 5.706196542785534342e-01 -1.474533234512992452e-02 7.860248529236862902e-02 1.102771460426681116e-02
4.756443946926717814e+01 9.965856171575536715e-01 5.681205847218078198e-01 -2.069025302640600805e-02 7.669447780505336820e-02 9.847638906870376241e-04
4.839890331962612890e+01 9.980364480147171369e-01 5.696386296111194403e-01 -2.098902402511901299e-02 6.379955289289865328e-02 3.149116215976133226e-03
4.923336716998507967e+01 1.000130761211587060e+00 5.657077133353236587e-01 -1.585270155293726224e-02 6.130902382787026261e-02 -5.067439903553946912e-03
5.006783102034403043e+01 1.001533834985622207e+00 5.683202298094311988e-01 -2.422638648848655929e-02 6.559190514487436841e-02 3.273119773639560082e-03
5.090229487070297409e+01 1.000853337377232810e+00 5.707766184678155774e-01 -2.398634550039049906e-02 7.093378206188027946e-02 5.032588218527728197e-04
5.173675872106192486e+01 1.002556547338595783e+00 5.646854847486657558e-01 -2.623832655663980995e-02 8.538514857714560313e-02 -2.494004960142043315e-03
5.257122257142087562e+01 9.992965832621888422e-01 5.632871313566527594e-01 -2.073394399313205350e-02 8.150340014079116013e-02 -9.670617434511044608e-03
5.340568642177981928e+01 1.001039627160640766e+00 5.635883685501182905e-01 -2.557841756643271236e-02 8.573966246522793377e-02 -2.752275055047936902e-03
5.424015027213877005e+01 1.000915679238742362e+00 5.669585381227995047e-01 -2.454889189990464016e-02 8.225577212600795884e-02 -2.554512711737261244e-04
5.507461412249772081e+01 9.993360164123901157e-01 5.663347588533476085e-01 -2.064821538653545396e-02 8.418017061804206058e-02 1.491069899482652672e-03
5.590907797285667158e+01 9.979376244482630609e-01 5.688397930256455792e-01 -2.167829245541626204e-02 7.716393318630929143e-02 -4.430659053794583357e-05
5.674354182321561524e+01 9.983751362463344492e-01 5.673993100053993377e-01 -2.282862337766650151e-02 6.750023581605577028e-02 -9.773615598708734753e-03
5.757800567357456600e+01 9.984869423666931088e-01 5.685030352486717398e-01 -1.710809453853917583e-02 7.143255810588342025e-02 2.499764548260827168e-03
5.841246952393351677e+01 9.976923168177377343e-01 5.706507314640050232e-01 -2.302717977872630051e-02 6.241861230272413574e-02 1.183290978924084191e-03
5.924693337429246043e+01 9.989451944477103496e-01 5.659039597113436626e-01 -2.125654440010663060e-02 7.546204801733127909e-02 -3.301382049508472249e-03
6.008139722465141119e+01 1.000530896153599469e+00 5.644717328088848518e-01 -2.569724983480098368e-02 7.022846237765104083e-02 -7.417963075445316301e-03
6.091586107501036196e+01 9.983535143205574114e-01 5.653712258855748685e-01 -2.509212827167503490e-02 8.054871474037067491e-02 -6.889191151927001600e-03
6.175032492536930562e+01 9.965585841557655922e-01 5.677055202597431904e-01 -2.438118145891619848e-02 8.152135623798259512e-02 7.375483297347010248e-03
6.258478877572825638e+01 9.958570841823691788e-01 5.686168199134097323e-01 -1.934302746711473453e-02 8.030117006570328120e-02 1.055889158999623323e-03
6.341925262608720715e+01 9.975655486957142326e-01 5.695729462006788868e-01 -1.967074174571863121e-02 7.637263999104701440e-02 -8.021755910217684415e-03
6.425371647644615791e+01 9.974600749329783911e-01 5.713821965897972754e-01 -2.212102855049122296e-02 7.730980830215034016e-02 -2.038631640763330366e-03
6.508818032680510157e+01 1.001988824161421210e+00 5.703176508944437506e-01 -2.256722245252110182e-02 7.684727088261533723e-02 1.303589557508241792e-03
6.592264417716405944e+01 1.000998577487095975e+00 5.689092459061416696e-01 -2.243626775370612114e-02 7.259583735170213603e-02 1.938378332550075300e-03
6.675710802752300310e+01 1.001728911201064109e+00 5.717838553790473011e-01 -2.393913458325024057e-02 6.132597078917287337e-02 5.414992978020061187e-05
6.759157187788194676e+01 1.001712317277679176e+00 5.764504983749988432e-01 -1.959302323706971216e-02 7.619898066545841009e-02 1.091331832061351315e-03
6.842603572824090463e+01 1.004526853294001931e+00 5.762420930071407987e-01 -2.532615776062675794e-02 7.806797714548324718e-02 -1.481899792262972304e-03
6.926049957859983408e+01 1.003654563229855468e+00 5.726895688173592180e-01 -2.571894150230390197e-02 7.883832418940894815e-02 -2.242175971607349161e-03
7.009496342895879195e+01 1.001879261937145937e+00 5.701237363497295707e-01 -2.506183458731853220e-02 7.337373900566779295e-02 -8.754780184307378588e-03
7.092942727931773561e+01 1.001878489933830219e+00 5.713376428528674777e-01 -2.659333563404002454e-02 7.912268543033523782e-02 -3.983439336807406694e-03
7.176389112967667927e+01 1.005021032567951167e+00 5.729289128007704068e-01 -2.302915275770486825e-02 8.026523722433751007e-02 -7.136775814938892126e-03
7.259835498003563714e+01 1.005830684053121260e+00 5.720826736986077687e-01 -2.622645067112479300e-02 7.887926794091676408e-02 1.224187204885998637e-03
7.343281883039458080e+01 1.003679707847644043e+00 5.750555406709277895e-01 -2.401741897716576368e-02 7.034970073250174094e-02 -5.285305631597958520e-03
7.426728268075353867e+01 1.001986506084228790e+00 5.737751333249776486e-01 -2.052032656189002602e-02 7.498286862600733738e-02 -1.056720277333611513e-03
7.510174653111248233e+01 9.996337786738084263e-01 5.701340674982846579e-01 -2.215959448354345995e-02 8.214833640134625026e-02 -3.840091461663294736e-03
7.593621038147142599e+01 1.000283243140493328e+00 5.726666260687541810e-01 -2.359557485408667055e-02 9.546997989365782478e-02 -5.432534218042989194e-03
7.677067423183038386e+01 9.975565462391425831e-01 5.665182484893740433e-01 -1.997894400674234128e-02 8.146594423073383329e-02 -7.743136661556751510e-03
7.760513808218932752e+01 9.987471849447078220e-01 5.695303864303334906e-01 -2.356635619204040799e-02 7.297938988658989046e-02 -5.310485488949190369e-03
7.843960193254827118e+01 9.961329821100934900e-01 5.674664380772955763e-01 -2.214503097556710931e-02 7.033567814822866415e-02 1.087151576447854817e-02
7.927406578290722905e+01 1.000127840790238976e+00 5.652965516224237597e-01 -2.008714057059478308e-02 6.341480836335741667e-02 -6.956471412890907757e-03
8.010852963326617271e+01 9.989881746845702404e-01 5.649948026670128520e-01 -1.489016271838790317e-02 7.310821743626599867e-02 4.742904304273307114e-03
8.094299348362511637e+01 1.001038870739528575e+00 5.674862449500081008e-01 -1.429308124031546112e-02 6.924609222303795830e-02 6.483280738170518753e-03
8.177745733398407424e+01 1.002328970850326684e+00 5.668035299324781784e-01 -2.199270027292818397e-02 8.825564813081956950e-02 -4.162491983691854469e-03
8.261192118434301790e+01 1.003370298804244332e+00 5.652251129279637354e-01 -2.183807922015285063e-02 7.945144199638412563e-02 -3.250896165304911767e-03
8.344638503470196156e+01 1.006272421206736212e+00 5.647083574400219019e-01 -2.136806031729310273e-02 8.306453287927803575e-02 -4.087358191435422339e-03
8.428084888506091943e+01 1.004053626963695045e+00 5.652340928305307211e-01 -2.780832911168948374e-02 8.766035220800433292e-02 -4.503866659012770168e-03
8.511531273541986309e+01 1.002608178086341395e+00 5.659599477253317579e-01 -2.602293674067955587e-02 8.583472874365494221e-02 -7.630097573549557421e-03
8.594977658577880675e+01 1.004418216855202939e+00 5.661874912682939298e-01 -2.196514880379094037e-02 8.345083032622441221e-02 -2.150333010348129403e-03
8.678424043613776462e+01 1.001071985550983978e+00 5.678954909643345594e-01 -2.018195655403168254e-02 8.475782912736773422e-02 1.762360728822284783e-03
8.761870428649670828e+01 1.000766360622010520e+00 5.701390799053965841e-01 -1.662325600174156814e-02 7.145425510464745167e-02 -1.212564430471158028e-03
8.845316813685566615e+01 9.980512141899201550e-01 5.688006807490877392e-01 -1.555994738083417428e-02 6.651038836017000855e-02 2.896944874228063460e-03
8.928763198721460981e+01 9.954423666127496517e-01 5.635291177574874855e-01 -1.830994392100218637e-02 5.903235749867313809e-02 -5.053336391359561364e-03
9.012209583757355347e+01 9.964363801384951147e-01 5.639425636637617201e-01 -1.726141185287621838e-02 6.460778932863783797e-02 -2.348895423408298155e-03
9.095655968793251134e+01 9.970955199804685254e-01 5.624501436151939648e-01 -1.879506628704176452e-02 7.502509340916607705e-02 -2.184651381307869955e-03
9.179102353829145500e+01 9.968570197648071174e-01 5.645653163900397065e-01 -2.161004392695567433e-02 7.950069368035567186e-02 -2.917276422063297403e-03
9.262548738865038445e+01 9.979951647105215207e-01 5.660272036512987714e-01 -2.381886037581128213e-02 7.895085130411516605e-02 4.784963007916892552e-03
9.345995123900934232e+01 9.989274389265052623e-01 5.691334349501045997e-01 -2.597498126513908545e-02 7.209702918097374291e-02 -1.541682684896766853e-03
9.429441508936828598e+01 9.977471277379074133e-01 5.676269439080834367e-01 -2.566138115708002654e-02 8.382519301414570467e-02 -5.041503910087924423e-03
9.512887893972722964e+01 9.956744413595323140e-01 5.674604040660703452e-01 -2.304393014462549627e-02 7.726119198719458292e-02 1.461836282427561584e-03
9.596334279008618751e+01 9.964173807269117722e-01 5.662858575916399628e-01 -1.840489441146016258e-02 7.053509367534049890e-02 8.009909142083340705e-03
9.679780664044513117e+01 9.980499170498352557e-01 5.706636100040055615e-01 -2.454628750763207523e-02 7.526370622322700599e-02 8.186159123269864946e-04
9.763227049080407483e+01 9.968050824149018441e-01 5.722371102374953500e-01 -1.867968866354084712e-02 7.032649248994715663e-02 -2.523350873726043497e-03
9.846673434116303270e+01 9.977882644760970310e-01 5.721208966165374221e-01 -2.059666546206617710e-02 7.028124962660700636e-02 -6.152104825807996891e-03
9.930119819152197636e+01 9.982324366947663563e-01 5.702907583199519070e-01 -2.367791176096252503e-02 8.173687213104338656e-02 -7.437026706132415788e-03
1.001356620418809200e+02 9.998611938220707263e-01 5.679922110061874641e-01 -2.579392252443586664e-02 7.917435692978175288e-02 -8.163194762995665266e-03
1.009701258922398779e+02 9.971420926117539052e-01 5.673584896186456561e-01 -2.112509502641791992e-02 7.683240926841258811e-02 -1.453202801920364107e-03
1.018045897425988215e+02 1.002192041653015453e+00 5.669398663825196971e-01 -2.448793501773184611e-02 7.257479894321028357e-02 -4.713585664969099920e-03
1.026390535929577794e+02 1.003765839224592726e+00 5.673996057676858884e-01 -2.451414541887296517e-02 8.159196552326689056e-02 -1.656822226505663687e-03
1.034735174433167231e+02 1.003421910519758375e+00 5.669988798837606314e-01 -2.070409019927055283e-02 6.774886867714574601e-02 -2.813672538569400583e-04
1.043079812936756667e+02 1.003730825674383320e+00 5.666869556365498051e-01 -2.243737787830481223e-02 6.272818754474679404e-02 -4.042247832651016393e-03
1.051424451440346246e+02 1.003440297595532771e+00 5.648744315479797828e-01 -2.589382176603982622e-02 6.474594671473005159e-02 -9.501218489326113126e-03
1.059769089943935683e+02 9.981207175598509895e-01 5.648509682405232768e-01 -2.301769051075695793e-02 7.552550806458935284e-02 -5.916866699664374840e-03
1.068113728447525119e+02 9.980340458745200483e-01 5.663776445156529782e-01 -1.977454372793076287e-02 7.300835814368888954e-02 -4.736093883412950678e-03
1.076458366951114698e+02 9.990033126452573242e-01 5.611049080899606079e-01 -2.197552613696179824e-02 9.136162009174672582e-02 -7.448546492341390213e-03
1.084803005454704135e+02 9.994195163208203780e-01 5.648099649831046509e-01 -2.269241096238912292e-02 8.090473649663482147e-02 -8.162129412713131638e-03
1.093147643958293571e+02 9.962828341643668040e-01 5.664189509371464482e-01 -2.770860731584222358e-02 7.490034635248762895e-02 -3.783471961491188806e-03
1.101492282461883150e+02 9.978526584737078542e-01 5.652354431035933047e-01 -2.279625191961422159e-02 7.258907978925135951e-02 7.237989936047614647e-03
1.109836920965472586e+02 1.002589127027352811e+00 5.635112381335563025e-01 -2.227284657785973121e-02 6.471053127534512339e-02 -1.507140884206670250e-03
1.118181559469062023e+02 1.006959422089391154e+00 5.656574553628189728e-01 -2.349486468471354006e-02 6.795562250229822410e-02 -3.921494926479876519e-03
1.126526197972651602e+02 1.006534054998076577e+00 5.668257813388349886e-01 -1.904603412082905844e-02 7.892606652486180985e-02 2.973537710966270287e-03
1.134870836476241038e+02 1.004843267191460665e+00 5.671182994300143498e-01 -2.281376879738476748e-02 7.523894361053776181e-02 -1.698014528067198770e-03
1.143215474979830475e+02 1.000839248027374451e+00 5.696091309108848311e-01 -2.527210898593905408e-02 8.497933844074434528e-02 1.146704999152939330e-03
1.151560113483420054e+02 9.997579687710752561e-01 5.636277249802637002e-01 -1.974883435247548613e-02 7.892036760935280948e-02 3.354606678297303302e-03
1.159904751987009490e+02 9.995902746177417475e-01 5.684768605427823474e-01 -2.944064563775204701e-02 7.318796516732931079e-02 -1.717218916149121366e-03
1.168249390490599069e+02 1.001098129622043809e+00 5.693631053159015076e-01 -2.742160782720641510e-02 6.671600084417203536e-02 -4.087794205345912646e-04
1.176594028994188506e+02 1.003161970792932678e+00 5.693023670064633057e-01 -1.916312597229169468e-02 7.574601429809704745e-02 -1.644406388931068941e-03
1.184938667497777942e+02 9.982198307109595437e-01 5.699165177319420739e-01 -1.970550116343448843e-02 7.915880578978237714e-02 3.848535844209258205e-03
1.193283306001367521e+02 9.970990632802674281e-01 5.685250306624199945e-01 -2.175474003670976875e-02 7.804099089441535186e-02 9.761934613086442614e-03
1.201627944504956957e+02 9.964166709102567632e-01 5.678354673104113459e-01 -2.488802579483195832e-02 6.959232521512062619e-02 3.560169164762427840e-05
1.209972583008546394e+02 9.953462777569809239e-01 5.728017929408083520e-01 -2.311621260754767593e-02 7.255922168026021635e-02 6.542213100959037853e-04
1.218317221512135973e+02 9.959509485824813435e-01 5.774925926783334162e-01 -2.272696247776394285e-02 8.485113820793721562e-02 -8.896129736841784652e-03
1.226661860015725409e+02 9.987244536729170674e-01 5.774209705884053578e-01 -2.067937086210144826e-02 7.638358564612857116e-02 -6.181784588594974039e-03
1.235006498519314846e+02 1.003693534561906242e+00 5.745452854124861730e-01 -2.136561908227389839e-02 8.635501907816875433e-02 1.478141638872540464e-03
1.243351137022904425e+02 1.003835685346505135e+00 5.714804361078302808e-01 -2.444364053808997794e-02 7.555109755673050653e-02 -4.372421180570670862e-03
1.251695775526493861e+02 1.002362241832254197e+00 5.733666479291980034e-01 -1.905473139194056864e-02 8.167223994925559838e-02 -4.910688187884079681e-03
