0.000000000000000000e+00 1.504187372399716338e+00 1.000000000000000000e+00 -1.531070539979606537e-04 -2.368006731409541196e-03 -2.040055186061304638e-03
2.255901741915878334e-01 1.435186224748219219e+00 9.116056378809461735e-01 -7.004355571079784459e-03 4.950868793611214874e-02 8.634700973764050658e-03
4.502815827489420886e-01 1.372440931837642042e+00 8.359109822947761170e-01 -1.205131460309404393e-02 9.035756345050445504e-02 2.361266898816493862e-02
6.749729913062962883e-01 1.318918628175265839e+00 7.765705149933480600e-01 -1.411975860184974847e-02 1.159297685448095194e-01 3.050013797324642451e-02
8.996643998636529860e-01 1.272852181350824674e+00 7.281768235747582141e-01 -1.463083114243276389e-02 1.342090176497544307e-01 4.321783939194236146e-02
1.124355808421004577e+00 1.235045445821956189e+00 6.921849540317372984e-01 -1.595661902944392127e-02 1.397916005098547854e-01 5.072783283053341336e-02
1.349047216978362274e+00 1.203292246559547030e+00 6.613839742532576782e-01 -1.439636363064058545e-02 1.412083259262050250e-01 4.951315221568886732e-02
1.573738625535742175e+00 1.175179572221497937e+00 6.391921272436864587e-01 -1.458834459033221849e-02 1.341209575023739886e-01 5.133576519545210437e-02
1.797531268458899545e+00 1.150115625943736619e+00 6.187314325670408843e-01 -1.685282452122330299e-02 1.315574462965747315e-01 5.183989495555007404e-02
2.022222677016297432e+00 1.129320967995794067e+00 6.049350253975374070e-01 -1.730000842114333415e-02 1.247785768664940731e-01 5.483489947156262173e-02
2.246914085573690656e+00 1.110806391065438437e+00 5.935550510792990675e-01 -1.746519568847767698e-02 1.221983387624420853e-01 5.361698955533963917e-02
2.471605494131085656e+00 1.096403233003210298e+00 5.831651375491626599e-01 -1.637863076051780664e-02 1.152966730670628576e-01 5.608511481332992960e-02
2.696296902688477548e+00 1.082959620332352824e+00 5.751267463785021405e-01 -1.808284998804302046e-02 1.111577673546642886e-01 5.534250735549818556e-02
2.920988311245862334e+00 1.071211833619805764e+00 5.680733538168348806e-01 -1.719084789489177742e-02 1.107243632587569249e-01 5.196631889935294374e-02
3.145679719803180951e+00 1.061205368163385954e+00 5.636853430188164538e-01 -1.596043631029975263e-02 1.061277884853009945e-01 5.560396935279535158e-02
3.370371128360481361e+00 1.052064736241443033e+00 5.591813421836352438e-01 -1.773838449591481209e-02 9.344012061388169699e-02 5.678864517072197693e-02
3.595062536917797313e+00 1.045645311369471697e+00 5.565815018795654545e-01 -1.768655138696181850e-02 9.260479410443851755e-02 5.690017802361366228e-02
3.819753945475109713e+00 1.039914962334197890e+00 5.535563208304321581e-01 -1.421065252252191879e-02 8.957326137589284587e-02 5.513653643672081217e-02
4.045344119666664184e+00 1.033705620168374972e+00 5.522675602948060591e-01 -1.470380768847732132e-02 8.911643974576419214e-02 5.661156315238822373e-02
4.270035528223984578e+00 1.030309701175385673e+00 5.500410560611069810e-01 -1.238278672769214245e-02 8.442603111775104363e-02 5.534483733577941211e-02
4.494726936781279214e+00 1.026870203841710794e+00 5.487970971337589043e-01 -1.348274811719336365e-02 8.393558369100072303e-02 5.373348890364032515e-02
4.719418345338605825e+00 1.024104701951325191e+00 5.495345709015929669e-01 -1.502963087968671799e-02 8.570726124401530088e-02 5.525806201243638194e-02
4.944109753895912895e+00 1.021317540508436927e+00 5.483495525880925925e-01 -1.452194800593674395e-02 7.931502865813261360e-02 5.343684687368367020e-02
5.168801162453238618e+00 1.020002147980922924e+00 5.481433498415269057e-01 -1.482745512509203896e-02 8.075838280133032510e-02 5.472517372497695542e-02
5.393492571010544800e+00 1.017129457727525832e+00 5.464187311471381259e-01 -1.352895329683222528e-02 7.665226313380477108e-02 5.585084340670262021e-02
5.618183979567876740e+00 1.014180138866740855e+00 5.460558049417546522e-01 -1.370754404674647334e-02 7.517244596523375844e-02 5.329446708387099857e-02
5.842875388125256642e+00 1.011539451934103440e+00 5.460856108653009411e-01 -1.438350975640753995e-02 7.853154395226799589e-02 5.432099843565635355e-02
6.067566796682708485e+00 1.010707169479103218e+00 5.469980170671009390e-01 -1.542260912642523345e-02 7.618573827959658484e-02 5.412481891239089016e-02
6.292258205240202074e+00 1.009370616849463165e+00 5.461699294865567378e-01 -1.325259726380016712e-02 7.392696436762806467e-02 5.374259039410497762e-02
6.516050848163423836e+00 1.006647563698683578e+00 5.447377797117761711e-01 -1.523616932021491614e-02 7.527851123531940913e-02 5.492803507305870497e-02
6.740742256720919201e+00 1.005929523943180692e+00 5.447890015311404044e-01 -1.468577791695766660e-02 7.256768675740925267e-02 5.431880317938972413e-02
6.965433665278383479e+00 1.005976134971405811e+00 5.464801591304013773e-01 -1.220646037715237414e-02 7.205536242138584069e-02 5.240805352040985021e-02
7.190125073835842429e+00 1.006378218065784536e+00 5.478124795800844993e-01 -1.188741329862053921e-02 7.548051465004551597e-02 5.324542195674324824e-02
7.414816482393340458e+00 1.006885937353183547e+00 5.467320648944200556e-01 -1.405868694233699569e-02 8.213704992854395370e-02 5.309792704788408174e-02
7.639507890950794078e+00 1.007099344009461106e+00 5.480116922462611173e-01 -1.297678529206221579e-02 8.008179509818809383e-02 5.088158923848041387e-02
7.864199299508287666e+00 1.006414262126173131e+00 5.461136980663210405e-01 -1.183802095972563868e-02 7.700859705231684338e-02 5.582993860297924549e-02
8.088890708065751056e+00 1.006663840822302092e+00 5.452500115134860659e-01 -1.475095790199347848e-02 8.070295894838856732e-02 5.463560245589763054e-02
8.313582116623219775e+00 1.004779247227684635e+00 5.441128500533304324e-01 -1.553342820835556214e-02 7.911982349509007195e-02 5.198033516042146335e-02
8.538273525180699153e+00 1.003639640070648653e+00 5.448799535213001421e-01 -1.529369998965994862e-02 8.119193372936343855e-02 5.451720390791147536e-02
8.762964933738167872e+00 1.003740858010339743e+00 5.459185097869613257e-01 -1.510870456926440009e-02 8.473209178908007455e-02 5.596673484371209734e-02
8.987656342295665013e+00 1.002464522622533494e+00 5.446582704906175465e-01 -1.770321757893005346e-02 8.307179079155725676e-02 5.179656519513239910e-02
9.212347750853137285e+00 1.001849286586724785e+00 5.469024595034370773e-01 -1.778259742302741239e-02 7.759416407404015614e-02 5.204862316823014035e-02
9.437039159410575806e+00 1.001255513745721748e+00 5.458649476581090010e-01 -1.474036941640219193e-02 7.711791413568400144e-02 5.162084043432435543e-02
9.661730567968081829e+00 1.000868908065992047e+00 5.463411371581399223e-01 -1.495032735574989072e-02 7.722507191617226929e-02 5.123382466039856642e-02
9.886421976525557653e+00 1.001804508332510890e+00 5.464363623493657673e-01 -1.567873306239851369e-02 7.714694441244529521e-02 5.235922714258492427e-02
1.011111338508301216e+01 1.001509834318539349e+00 5.444853956477836432e-01 -1.522637882241976819e-02 7.749048566728569676e-02 5.453747618335356984e-02
1.033580479364048799e+01 1.002177156800263091e+00 5.453672741892082731e-01 -1.396254756017699036e-02 7.745429356541180810e-02 5.047959506507616878e-02
1.056049620219799401e+01 1.000668518537429774e+00 5.460483063207564047e-01 -1.554325435081226926e-02 8.025516256331194365e-02 4.358972974111486459e-02
1.078518761075542542e+01 1.000996792789058176e+00 5.448472200169977020e-01 -1.565932695172105732e-02 8.444622570086526836e-02 5.082683500131808529e-02
1.100987901931290303e+01 1.000170255523676888e+00 5.447197417859511726e-01 -1.433838983855774754e-02 8.416766945212218742e-02 5.557936635907592682e-02
1.123457042787040550e+01 9.998206584116990925e-01 5.447823287963047267e-01 -1.359480039545652059e-02 8.437653559857427599e-02 5.635398000733715662e-02
1.145926183642788665e+01 9.996172847275853757e-01 5.434501852191500060e-01 -1.501647016250298033e-02 8.604995960945047151e-02 5.491268366495215963e-02
1.168395324498509424e+01 1.000391097273672480e+00 5.430786274248207146e-01 -1.418332460960886748e-02 8.588153832838099633e-02 5.660108166556580833e-02
1.190864465354221480e+01 1.003002302624777631e+00 5.438872486217645186e-01 -1.158782303302565049e-02 8.117452358576930649e-02 5.201359803035478235e-02
1.213333606209937088e+01 1.001769706435758911e+00 5.441936033027289232e-01 -1.372957498951328167e-02 7.609634075945376219e-02 5.300813356199740589e-02
1.235802747065655538e+01 1.001919235402506825e+00 5.438670737255504317e-01 -1.487739812665002034e-02 7.782442462045334464e-02 5.505027493506100406e-02
1.258271887921371679e+01 1.002299175456461633e+00 5.432003189574254876e-01 -1.527209346824483401e-02 7.539173895064504860e-02 5.840613184153681942e-02
1.280741028777083201e+01 1.002548551406836408e+00 5.425631677716566958e-01 -1.506103475473153340e-02 7.838237157402008770e-02 5.789548560419065931e-02
1.303210169632799165e+01 1.001995796885100765e+00 5.438109400937548576e-01 -1.406559827875704730e-02 7.815458112840263649e-02 5.750605941743217736e-02
1.325679310488517437e+01 1.001713464409578203e+00 5.453045241152613132e-01 -1.310915753061879171e-02 7.332866443808760959e-02 5.763785946683892825e-02
1.348148451344233933e+01 1.002445193068614460e+00 5.452278718810560365e-01 -1.270105785022758622e-02 7.374970229148562761e-02 5.859928892941045769e-02
1.370617592199944745e+01 1.001961949530323137e+00 5.451344769501756948e-01 -1.376687386245827906e-02 7.364728867348871444e-02 5.553329654937808751e-02
1.393086733055661064e+01 1.000292924152844209e+00 5.444003568018264128e-01 -1.496470439955739293e-02 7.399347721402413369e-02 5.564789270743505240e-02
1.415555873911379337e+01 9.999602632405146796e-01 5.451440323880644145e-01 -1.405696353841632239e-02 7.595514738627290319e-02 5.593780027006415440e-02
1.438114891330520351e+01 9.993332630099310832e-01 5.458466931016491275e-01 -1.232385408255264742e-02 7.629237309738817752e-02 5.257526803758669903e-02
1.460584032186230630e+01 9.988556352174733366e-01 5.460880943245389751e-01 -1.385501725146980403e-02 7.493800089487730187e-02 5.284585709289738725e-02
1.483053173041947126e+01 9.993371519839543415e-01 5.451107193527677808e-01 -1.260216545495853463e-02 7.383247009976369457e-02 5.214968253981995538e-02
1.505522313897665221e+01 1.000155597532245588e+00 5.454433018961896140e-01 -1.125835683129967207e-02 7.900567360132319805e-02 5.416112601088058504e-02
1.527991454753382250e+01 1.000401500193890181e+00 5.445580154749017909e-01 -1.001557432652406751e-02 7.814119237313876809e-02 5.705649225006442782e-02
1.550460595609092707e+01 1.001150499463541621e+00 5.472981046957642315e-01 -1.039360081352880098e-02 7.654614054287907365e-02 5.862291614542664009e-02
1.572929736464810091e+01 1.001762050317592800e+00 5.464155056767407981e-01 -1.245910370114629642e-02 7.401918429812265332e-02 5.510215417342496230e-02
1.595398877320527475e+01 1.001349014145526128e+00 5.458829603228967375e-01 -1.469637666908447243e-02 7.591675764868838217e-02 5.451072428096821743e-02
1.617868018176243083e+01 1.002086118561978711e+00 5.455650727862929594e-01 -1.672193425118519150e-02 7.456381587912890019e-02 5.441543659393657112e-02
1.640337159031955849e+01 1.002176460288522808e+00 5.448090760269829191e-01 -1.583045362321338148e-02 7.401462648399133315e-02 5.173912859681997767e-02
1.662806299887671102e+01 1.002301836762340193e+00 5.453912967469418671e-01 -1.455758707027542988e-02 7.492240464662637545e-02 5.361318882745903791e-02
1.685275440743387421e+01 1.001958015224892362e+00 5.462100090382293605e-01 -1.284908734135591438e-02 7.210741584410020055e-02 5.339709631257393702e-02
1.707744581599106581e+01 1.001696476531124480e+00 5.451172017836519723e-01 -1.489240063680397075e-02 7.513693700702953060e-02 5.394133964051252977e-02
1.730213722454816150e+01 1.000960790664043865e+00 5.463956937311157391e-01 -1.343319460071412674e-02 7.454916233917006918e-02 5.552918576519383365e-02
1.752682863310535311e+01 1.000280743017060159e+00 5.470516661698540117e-01 -1.316067967945891599e-02 7.506644443047677528e-02 5.857104974818150289e-02
1.775152004166251629e+01 1.000556950628812336e+00 5.463200944941719595e-01 -1.206595440943823705e-02 7.432566810542073910e-02 5.748305597067129152e-02
1.797621145021965816e+01 1.000315695687833184e+00 5.459119133376308941e-01 -1.244707660183552722e-02 7.802243658795400549e-02 6.229498990317825641e-02
1.820090285877681069e+01 1.000803437815124042e+00 5.447805335433245633e-01 -1.494795913180985841e-02 7.850045384204409893e-02 6.191076739561528902e-02
1.842559426733394901e+01 1.001012628304503105e+00 5.450112299714500175e-01 -1.598855980678913838e-02 7.804522296896256039e-02 5.831140364143003185e-02
1.865028567589110153e+01 1.000535016082148676e+00 5.447486845736636552e-01 -1.412978303561867113e-02 7.694404362667897623e-02 5.755479589200882679e-02
1.887497708444830735e+01 1.000837499978457723e+00 5.438953717278501854e-01 -1.494995124832440916e-02 7.427775933207098058e-02 5.330701456966219220e-02
1.909966849300539593e+01 1.001330490760982128e+00 5.452448308101741636e-01 -1.539559975959146204e-02 7.629594425000109370e-02 5.151333587062444097e-02
1.932435990156260530e+01 1.001047989787129167e+00 5.465692964539169418e-01 -1.489444703001007765e-02 7.626124160878360037e-02 5.451806740651755218e-02
1.954905131011975428e+01 9.995481779338790673e-01 5.449521888881230236e-01 -1.499747603044161021e-02 7.763304405846534195e-02 5.448432510370936760e-02
1.977374271867688549e+01 1.000603887653827906e+00 5.465241446924089530e-01 -1.639391193124601145e-02 7.505794773403100251e-02 5.219670096926665864e-02
1.999843412723405933e+01 1.000526800456944976e+00 5.483532263226339465e-01 -1.552305200561562501e-02 7.910880654300236903e-02 5.083789048949875766e-02
2.022312553579119054e+01 1.000400263615013996e+00 5.474511941762968403e-01 -1.533803730862702552e-02 8.219887232918418607e-02 5.369560066221787387e-02
2.044781694434833241e+01 1.000452858145335355e+00 5.476151222403191632e-01 -1.521658624344534444e-02 7.443300209077267915e-02 5.375512054900513648e-02
2.067250835290554889e+01 1.000033395623433297e+00 5.477248408255075418e-01 -1.227755806400441900e-02 7.896424860966548553e-02 5.509206621979368529e-02
2.089719976146263392e+01 1.001044416004768456e+00 5.474782155731640065e-01 -1.226761356259542524e-02 7.958709209804669393e-02 5.393519043511259964e-02
2.112189117001985750e+01 1.001922201513018251e+00 5.465255476063253237e-01 -1.199110608654251411e-02 8.055363138249709010e-02 5.661072424955545385e-02
2.134658257857699581e+01 1.001970946346463665e+00 5.468998535695136498e-01 -1.328082552696947458e-02 8.145746404731131485e-02 5.762798326735058679e-02
2.157127398713411992e+01 1.001405851720674089e+00 5.461576117199258285e-01 -1.480816931445302735e-02 8.004219350096400398e-02 5.637847095276977277e-02
2.179596539569130442e+01 1.001856107754655945e+00 5.453410042900486143e-01 -1.549653934918058390e-02 7.699522504844225068e-02 5.485440858314582363e-02
2.202065680424842853e+01 1.001162790977665251e+00 5.446847214888911326e-01 -1.470691641550198048e-02 7.869498914656522515e-02 5.705757997280741511e-02
2.224534821280555974e+01 9.998498223274976393e-01 5.441286320675726706e-01 -1.505522116634153314e-02 8.189624497937249281e-02 5.433000925417567212e-02
2.247003962136279043e+01 1.000353643855946162e+00 5.443917147024922576e-01 -1.604337839504101429e-02 7.923933618721104577e-02 5.766863911125550551e-02
2.269473102991987190e+01 1.001571990265755607e+00 5.435012566542554158e-01 -1.300712321830850039e-02 7.869927503863191620e-02 5.628263809167864673e-02
2.291942243847710259e+01 1.001289484618355985e+00 5.441727241848536289e-01 -1.387059930990107090e-02 8.501336347502051749e-02 5.635651888507756113e-02
2.314411384703423735e+01 1.002221253302754578e+00 5.442007339539743915e-01 -1.287054812216450669e-02 8.075277528649330017e-02 5.822928536515974834e-02
2.336880525559135080e+01 1.000898213534256120e+00 5.445626214433363366e-01 -1.562726415017414230e-02 7.650266825943964621e-02 5.590992022928675115e-02
2.359349666414854951e+01 9.995761666650728738e-01 5.435388695099653278e-01 -1.668217167252587091e-02 7.323472156882854245e-02 5.502406898544751068e-02
2.381818807270567007e+01 1.000174237214280559e+00 5.414498518557058215e-01 -1.765379856222328014e-02 7.841219338707811071e-02 5.573272764680826247e-02
2.404287948126279417e+01 1.000023891068625659e+00 5.414856850430608270e-01 -1.389738512910053403e-02 7.776574621633773610e-02 5.724837335876776373e-02
2.426757088982003552e+01 9.995385150935698348e-01 5.428452844191021809e-01 -1.337881102099075341e-02 8.062162943146759797e-02 5.821000934833570062e-02
2.449226229837710989e+01 9.986749587173482379e-01 5.429514863095551425e-01 -1.367061609260642949e-02 7.747049028659860892e-02 6.192808632382924838e-02
2.471695370693435123e+01 9.981075195958989399e-01 5.438920872332752010e-01 -1.163685864040235433e-02 8.124008200133749080e-02 5.916894299367170262e-02
2.494164511549147534e+01 9.993410774501022553e-01 5.425312506707140603e-01 -1.374593944143569571e-02 7.872436647923490571e-02 5.825081703458098725e-02
2.516633652404858523e+01 1.000051088341236127e+00 5.430417988479012692e-01 -1.468079290250672887e-02 8.196323663168687823e-02 5.938649988262840324e-02
2.539102793260579460e+01 1.000484060778805917e+00 5.456325696794593894e-01 -1.495756638675733476e-02 7.745776261152849396e-02 5.606492086892973098e-02
2.561571934116290805e+01 9.998614664046476808e-01 5.452845577468878879e-01 -1.475454695292692520e-02 8.015505952634581488e-02 5.712704573688917598e-02
2.584041074972002505e+01 1.000563140049398170e+00 5.439791381404858184e-01 -1.581386192351546052e-02 8.417468837370645218e-02 6.045875414599768266e-02
2.606510215827727350e+01 1.000990991750227987e+00 5.442623524941296864e-01 -1.516593065526333078e-02 8.247811079723786631e-02 5.502531690604148956e-02
2.628979356683434787e+01 1.000190688241850090e+00 5.441053779343567598e-01 -1.241383550176096591e-02 7.824339362753851557e-02 5.808202777790303500e-02
2.651448497539159987e+01 1.001179225485930191e+00 5.431432972442555851e-01 -1.065285296565609933e-02 7.759384756798072547e-02 6.017356991679914668e-02
2.673917638394871332e+01 9.992300598618493179e-01 5.424739020730884320e-01 -1.260407388628464846e-02 7.804525101666834330e-02 6.003416027980595926e-02
2.696386779250581966e+01 9.988640712376463116e-01 5.416521438472734484e-01 -1.266932946539638116e-02 8.297193778329209346e-02 5.715930062094088521e-02
2.718855920106303969e+01 9.983120969764672781e-01 5.401197079738474516e-01 -1.416528712325048310e-02 7.829470092867824027e-02 5.760022636844055327e-02
2.741325060962014959e+01 1.000164497331266222e+00 5.404135843246556936e-01 -1.338931236504086603e-02 7.700508302794656368e-02 5.674631495095531358e-02
2.763794201817725593e+01 1.000332710634872946e+00 5.418077956123267258e-01 -1.077382446906929511e-02 7.635426617775027680e-02 5.373204025958174673e-02
2.786263342673451504e+01 1.000881976736184287e+00 5.419580841522114723e-01 -1.239032983474303712e-02 7.665135085653972113e-02 5.552770130758002270e-02
2.808732483529158586e+01 1.000279660967045903e+00 5.435585416659554081e-01 -1.156467718956434056e-02 7.739489134868146603e-02 5.604392335813172810e-02
2.831201624384883786e+01 9.993181812037698064e-01 5.431586390108772422e-01 -1.342523981510021676e-02 7.976230883550783357e-02 5.462405847840202250e-02
2.853670765240595486e+01 9.992153810854143003e-01 5.434620023364042929e-01 -1.313944344329600125e-02 7.832168224069906148e-02 5.494237030817608614e-02
2.876139906096305765e+01 9.997538732420713226e-01 5.440559165940344055e-01 -1.104404319420496279e-02 7.680242774064853506e-02 5.300758333902808733e-02
2.898609046952028478e+01 1.000910882657656709e+00 5.448172634621042398e-01 -1.182939930337634400e-02 7.198721657567765109e-02 5.330800391743967248e-02
2.921078187807738757e+01 1.001222232038679438e+00 5.456532632533113159e-01 -1.387365044558833832e-02 7.091976253661021190e-02 5.220687241197124323e-02
2.943547328663449036e+01 1.000930838885076612e+00 5.436259618753997991e-01 -1.592547701176738953e-02 7.939186296349090566e-02 5.153920062249958689e-02
2.966016469519175303e+01 1.000643095116743764e+00 5.449385850274031107e-01 -1.529040908883781517e-02 8.235726843786850271e-02 5.263877139180975218e-02
2.988485610374882739e+01 1.000059734847013937e+00 5.439988407259315206e-01 -1.373344392992710029e-02 8.685701717674813860e-02 5.097646483305154352e-02
3.010954751230609006e+01 1.000838987659007362e+00 5.448253676775924870e-01 -1.519040736183826373e-02 8.383104420544686131e-02 5.103122884024219319e-02
3.033423892086318219e+01 1.000998202779627588e+00 5.451654635189665532e-01 -1.558176229668263926e-02 8.366064532854711189e-02 5.175217318363622282e-02
3.055893032942029564e+01 1.000083532335315217e+00 5.449312964021832961e-01 -1.608331567283988878e-02 7.869932813175424535e-02 5.160082513593101244e-02
3.078362173797752277e+01 9.986590506418979718e-01 5.447345417066288276e-01 -1.706098844606429576e-02 7.572523738323040654e-02 5.160111695470764870e-02
3.100831314653464332e+01 9.976756920793250494e-01 5.449299203934326874e-01 -1.618751805930416371e-02 7.691244314792301806e-02 5.574223584251347674e-02
3.123300455509172480e+01 9.974450600398819811e-01 5.453858463745036023e-01 -1.261702442834699081e-02 7.742288824457894958e-02 5.940762305982347224e-02
3.145769596364899101e+01 9.978066893999906206e-01 5.437531946458368237e-01 -1.346412532838430279e-02 7.949003416437872005e-02 5.737892240792973747e-02
3.168238737220608670e+01 9.989267466492334213e-01 5.447737594522494842e-01 -1.233734558168669143e-02 8.026798798119712253e-02 5.812701061347849696e-02
3.190707878076330672e+01 9.995179460484105993e-01 5.449708255393058698e-01 -1.258442387334453468e-02 7.698166928444047374e-02 5.761370309355008656e-02
3.213177018932043438e+01 1.000988742481524696e+00 5.440125267085454963e-01 -1.183482073628305299e-02 7.245231905346517787e-02 5.310012051481367151e-02
3.235646159787755494e+01 1.001339784174817948e+00 5.423261556641522096e-01 -1.457805774761851067e-02 7.773165850431686119e-02 5.551314696478785310e-02
3.258115300643473944e+01 1.001538035205109312e+00 5.438489049773074235e-01 -1.538067300300150798e-02 8.060635215419320598e-02 5.580916944716760725e-02
3.280584441499186710e+01 1.001444708575280229e+00 5.460730811436953491e-01 -1.365959552193712727e-02 7.803745114713409037e-02 5.363582962804121917e-02
3.303053582354899476e+01 1.002661492324427472e+00 5.441135893666005918e-01 -1.386374141134092373e-02 7.546337710421598122e-02 5.322853277158197394e-02
3.325522723210619347e+01 1.003119618204069585e+00 5.441826806181558895e-01 -1.453755535060761647e-02 7.735214130049812564e-02 5.471309035326323011e-02
3.347991864066330692e+01 1.002010899191307702e+00 5.436560105799899123e-01 -1.447868339986406461e-02 7.659704663210264997e-02 5.371379906412688393e-02
3.370461004922056958e+01 1.001163815969881465e+00 5.436977646475745773e-01 -1.427601856945726576e-02 8.411576358547563637e-02 5.401542981796685072e-02
3.392930145777763329e+01 9.998090866803716059e-01 5.442470800610499371e-01 -1.478231512134753518e-02 8.703487100224699402e-02 5.194270012858726721e-02
3.415399286633476805e+01 1.001485562186612333e+00 5.440262215996352069e-01 -1.240866021031433557e-02 8.561366285736329851e-02 5.177832732429415302e-02
3.437868427489200940e+01 9.994819892801142247e-01 5.428485405361740401e-01 -1.115283580768045534e-02 8.470191869715679167e-02 5.201589182125581495e-02
3.460337568344915127e+01 9.993760430246667603e-01 5.449546295786075190e-01 -1.252553995974436084e-02 8.248048227008956956e-02 5.441125084748069107e-02
3.482806709200620077e+01 9.991132501213929595e-01 5.460387374637554192e-01 -1.436958735229660299e-02 8.250121874207215489e-02 5.559264033515350090e-02
3.505275850056347053e+01 9.993311146731584937e-01 5.465843261748702941e-01 -1.443025770908334081e-02 7.980639714954146369e-02 5.669780787219320245e-02
3.527744990912059109e+01 1.000558851855601006e+00 5.453938014794041944e-01 -1.581696679470474126e-02 8.174506923825136662e-02 5.664589106085002324e-02
3.550214131767776138e+01 1.000734565569664225e+00 5.430510562228708649e-01 -1.601352972494465149e-02 8.183482795326194048e-02 5.816622787607578227e-02
3.572683272623491035e+01 1.001216948179800559e+00 5.431836682747850364e-01 -1.549263545278888911e-02 7.554961448662809997e-02 5.593940637106172009e-02
3.595152413479205933e+01 1.002261415823216373e+00 5.424891977516770325e-01 -1.407878464566161142e-02 7.648897865204168367e-02 5.733064561077795551e-02
3.617621554334919409e+01 1.002359799908103755e+00 5.432780144822376700e-01 -1.432875732952083349e-02 7.874336450784083508e-02 5.598893463010697763e-02
3.640090695190634307e+01 1.002918516991744058e+00 5.439412963304012250e-01 -1.574905825812087518e-02 7.896019818537577950e-02 5.742589750325818171e-02
3.662559836046349204e+01 1.001508770451763564e+00 5.437811597610059389e-01 -1.678031035537246377e-02 7.790429678178478756e-02 5.683749504750156695e-02
3.685028976902064102e+01 1.001439268736032506e+00 5.449463617949297234e-01 -1.612843156007842324e-02 8.114634622679511855e-02 5.644731419816319956e-02
3.707498117757777578e+01 1.002146218138728617e+00 5.452641341979608258e-01 -1.343930085255343881e-02 8.112488534525386097e-02 5.441795896152770012e-02
3.729967258613505265e+01 9.993246232051689049e-01 5.451899289432791118e-01 -1.289719771531499908e-02 8.253887943383286796e-02 5.200499681042854844e-02
3.752436399469208084e+01 9.996336226205916331e-01 5.448415397155597084e-01 -1.402938467327961500e-02 8.294139360944380313e-02 5.657513605767370418e-02
3.774905540324923692e+01 9.994601488520182819e-01 5.455254612304827333e-01 -1.307081867003953048e-02 7.839752352511376865e-02 5.848625352889863516e-02
3.797374681180649247e+01 9.996163155286430513e-01 5.454386204211922884e-01 -1.365738091184500770e-02 7.854581158286495779e-02 5.568080308642635312e-02
3.819843822036365566e+01 9.981917163406263116e-01 5.451526993196623705e-01 -1.317767851609588821e-02 7.976156930890621055e-02 5.423297931440598796e-02
3.842312962892066963e+01 9.988803489550899251e-01 5.454781848417896706e-01 -1.568548750001939537e-02 8.160467171005397757e-02 5.564507753496336639e-02
3.864782103747794650e+01 9.989222948849458827e-01 5.466576095828749038e-01 -1.362900787287480396e-02 8.485225579259926543e-02 5.416730838960390898e-02
3.887251244603509548e+01 9.987408295499159427e-01 5.460655722748414265e-01 -1.431937979318304022e-02 8.635272561546562808e-02 5.434656760530311159e-02
3.909720385459222314e+01 9.982567532217403450e-01 5.471972380531517910e-01 -1.293271087853901588e-02 8.296238695129731777e-02 5.722940976016417658e-02
3.932189526314938632e+01 9.982126388272654083e-01 5.452685532841451410e-01 -1.154191148540401057e-02 7.954233461961471296e-02 5.675476936744534157e-02
3.954658667170655661e+01 9.982074915106055046e-01 5.456569662834666046e-01 -1.331475919979856551e-02 7.916827567575107638e-02 5.720811161983128251e-02
3.977127808026365585e+01 9.974276294720564318e-01 5.450431371219094379e-01 -1.289849060219095019e-02 8.255940374929494896e-02 5.600947483894232193e-02
3.999596948882082614e+01 9.980272644643193303e-01 5.451298591341534605e-01 -1.315980929585183583e-02 8.167210234423231963e-02 5.172397749361510449e-02
4.022066089737798933e+01 9.983753091953156966e-01 5.449802549406838059e-01 -1.336568134785296423e-02 8.129700416996646362e-02 5.154907861428652260e-02
4.044535230593510988e+01 9.974804239304901898e-01 5.458755427639864211e-01 -1.468451049770341105e-02 8.266216298100700910e-02 5.429030323572109351e-02
4.067004371449225886e+01 9.985166860413174916e-01 5.458968845716412055e-01 -1.327552844696226753e-02 8.303078026302607162e-02 5.249201614387832143e-02
4.089473512304953573e+01 9.998342612178494626e-01 5.458180830249316218e-01 -1.319386703955071315e-02 8.565459432964354913e-02 5.756765601733927068e-02
4.111942653160653549e+01 9.987784118501281672e-01 5.450192373730931017e-01 -1.099719930220453487e-02 8.775059314581661052e-02 5.901291331688796049e-02
4.134411794016371289e+01 9.978271229144375365e-01 5.448756654478640327e-01 -1.101017300734323176e-02 7.974528213714707214e-02 5.732221853012073320e-02
4.156880934872097555e+01 9.983343515109136534e-01 5.455168457076676747e-01 -1.342805790149964769e-02 7.447586659947828813e-02 5.522343916039192113e-02
4.179350075727815295e+01 9.986082529263128338e-01 5.472449008119369962e-01 -1.242612344094271536e-02 7.113060305456490873e-02 5.565762375394849026e-02
4.201819216583515271e+01 9.978508828546934772e-01 5.463861919402790424e-01 -1.257345038561334498e-02 7.616705954938185474e-02 5.395778316038159217e-02
4.224288357439242958e+01 9.990611541684389918e-01 5.452301120444360549e-01 -1.206318866388345241e-02 7.928283418699519358e-02 5.178692193464894816e-02
4.246757498294959277e+01 9.998484603216347688e-01 5.456423636667638855e-01 -1.300290597727776602e-02 7.349948492559575663e-02 5.391065376367240591e-02
4.269226639150667779e+01 1.000496260303477714e+00 5.436747769347569648e-01 -1.253833086115901940e-02 8.067060324005176364e-02 6.008892606727540830e-02
4.291695780006386940e+01 1.000266656109810803e+00 5.431600671295763183e-01 -1.241054293021808669e-02 7.104149770695966648e-02 5.908036693828926794e-02
4.314164920862104680e+01 1.000183818453340923e+00 5.428365104885769510e-01 -1.227829632325056625e-02 7.983799146497445876e-02 5.341510431690772720e-02
4.336634061717811761e+01 1.000969613716875095e+00 5.446226700835432588e-01 -1.227806639468878233e-02 7.187791986130072364e-02 5.620985424668794445e-02
4.359103202573530211e+01 1.000917229507785500e+00 5.444972645369916542e-01 -1.387825898786203792e-02 7.158737165627181154e-02 5.823709656025915365e-02
4.381572343429248662e+01 1.000435741599740913e+00 5.446752083686500212e-01 -1.329667004544018635e-02 6.792021776997431148e-02 5.552432943651464115e-02
4.404041484284956454e+01 1.000791137934309960e+00 5.458079900808729956e-01 -1.187856959536892458e-02 7.365902943084529086e-02 5.468918580227517812e-02
4.426510625140673483e+01 1.000856027697848871e+00 5.456161427321459811e-01 -1.244502287715308977e-02 7.603253764558616512e-02 5.613219438151536428e-02
4.448979765996402591e+01 1.001005741998871823e+00 5.461282655247313711e-01 -1.146551360391698596e-02 7.203822680378411947e-02 5.540900998774560271e-02
4.471448906852099014e+01 1.001489467677498579e+00 5.458036147859748333e-01 -1.107344422103810622e-02 7.705148738843801970e-02 5.633821677520724214e-02
