0.000000000000000000e+00 1.133618214932641921e+00 1.000000000000000000e+00 -2.287853998941513612e-04 -2.619806747722901522e-03 -3.683509013500463401e-04
4.857021734813614100e-01 9.712092055950541925e-01 1.482523472017305499e+00 1.106440627788745322e-02 1.073510503550129808e-01 6.823517891095669252e-02
9.714043469632335226e-01 8.790741266344045401e-01 1.979621181491448612e+00 1.138343915595441298e-02 1.489651843340837334e-01 7.175030815692806652e-02
1.457106520446329379e+00 8.265327532364057372e-01 2.441781410509107353e+00 1.083951702026108438e-02 1.649971726114329573e-01 6.363325434509436995e-02
1.942808693929422903e+00 7.953490485455343428e-01 2.823943646842431487e+00 1.170539823209472592e-02 1.753160265862301614e-01 5.936322889973665723e-02
2.428510867412509988e+00 7.771497377878315849e-01 3.105923861272052111e+00 1.312429138797322967e-02 1.832647152175086169e-01 5.314508792453945252e-02
2.914213040895604845e+00 7.662858958025023925e-01 3.308620879906181145e+00 1.126120484899588263e-02 1.838946690258081995e-01 4.916991477925643228e-02
3.399915214369070071e+00 7.601740465711067651e-01 3.450027264238639368e+00 1.433646386527316977e-02 1.915936798663188945e-01 4.711367348936455757e-02
3.885617387842435821e+00 7.569851190318993561e-01 3.534164164911641759e+00 1.423480973118391654e-02 1.974604281049430476e-01 4.507582318300658308e-02
4.371319561315812230e+00 7.551331949519515252e-01 3.594002250666275877e+00 1.576226357320616167e-02 2.040520674439135762e-01 4.832280792086719734e-02
4.857021734789180201e+00 7.539030108312962941e-01 3.625238845106571794e+00 1.670007742889365043e-02 2.046010777489548349e-01 4.588055702093760124e-02
5.342723908262565935e+00 7.523661361729434560e-01 3.634745257933005735e+00 1.719808528299813372e-02 2.015402680832606430e-01 4.703513808181569028e-02
5.828426081735941011e+00 7.512001614915299053e-01 3.641075443657706856e+00 1.710652991691139976e-02 2.069624631445028395e-01 4.698823633355092566e-02
6.314128255209298324e+00 7.514609257073849857e-01 3.628006314836872193e+00 1.748772233526848033e-02 2.090982726307087369e-01 4.650895916660232471e-02
6.799830428682673400e+00 7.520314960364917756e-01 3.634740566993849065e+00 1.861159944596857407e-02 2.112001955578355628e-01 4.915616395431479657e-02
7.285532602156060911e+00 7.525963156977628632e-01 3.639415076382966685e+00 1.836697059540735519e-02 2.077143687505686453e-01 4.943352158680584807e-02
7.771234775629436875e+00 7.525259773913148820e-01 3.642065577176867297e+00 1.807048614479049922e-02 2.058917998602099730e-01 5.058578664340229042e-02
8.256936949102792411e+00 7.540119822865549715e-01 3.642725323767353363e+00 1.803384438564839196e-02 2.069954963646142287e-01 4.881744702390349716e-02
8.742639122576166599e+00 7.531673596160057826e-01 3.637066221873182403e+00 1.799560157714693090e-02 2.088508828084678359e-01 5.144166244384895670e-02
9.228341296049539011e+00 7.529985940790553389e-01 3.627365816182426261e+00 1.796827437078205025e-02 2.099067367229300873e-01 4.899518080532649228e-02
9.714043469522936292e+00 7.528818780831715296e-01 3.629562492425975950e+00 1.660032206415072709e-02 2.078449437245395992e-01 4.568532235281808768e-02
1.019974564299627495e+01 7.528362179651132413e-01 3.628127627017752488e+00 1.673816991011626079e-02 2.097475956984930501e-01 4.471962777971203590e-02
1.068544781646968289e+01 7.528032755282174637e-01 3.640406395216438273e+00 1.605977581664605122e-02 2.167106004179270573e-01 4.763536567102452657e-02
1.117114998994304820e+01 7.524871878881683740e-01 3.640522310898450797e+00 1.745139632966673238e-02 2.090625609245397587e-01 5.059701511523462258e-02
1.165685216341640285e+01 7.519476658697613614e-01 3.635943810774692420e+00 1.621161891702471020e-02 2.170174455848722095e-01 4.759773088584823980e-02
1.214255433692733277e+01 7.525422801230893244e-01 3.646840415226114906e+00 1.566543456097302736e-02 2.184258674833190472e-01 4.596317949364507605e-02
1.262825651043961450e+01 7.522947669104919077e-01 3.642165211716204443e+00 1.824761363415008941e-02 2.141668464901368141e-01 4.885562589614800971e-02
1.311395868395187314e+01 7.523137052838437810e-01 3.641356505158240164e+00 1.921763313973396184e-02 2.114429568146230787e-01 4.916257486550280886e-02
1.359966085746408204e+01 7.526967450086933242e-01 3.650053698375174793e+00 1.757496366550189912e-02 2.084385061552185836e-01 4.545371856140459355e-02
1.408536303097634601e+01 7.526184608367915141e-01 3.649320137053290392e+00 1.837003641789569652e-02 2.125112496174985932e-01 4.185612752567611367e-02
1.457106520448862952e+01 7.528722852578008107e-01 3.643208555186922659e+00 1.787054573142526567e-02 2.146102083681537542e-01 4.604485797655862023e-02
1.505676737800089526e+01 7.529329638169940386e-01 3.638881578494916003e+00 1.755359780661425173e-02 2.159495613763033062e-01 4.831979196777314717e-02
1.554246955151309884e+01 7.526034325668213842e-01 3.637825776782515064e+00 1.683084555584144631e-02 2.124714122378296433e-01 4.665943399692765170e-02
1.602817172502536991e+01 7.525583772980684039e-01 3.634951352967941141e+00 1.744427853931296291e-02 2.119863863140325488e-01 4.924784865024946917e-02
1.651387389853762855e+01 7.521474171199190595e-01 3.627305879353317497e+00 1.690037938266284248e-02 2.183832342494718415e-01 4.737633176804143670e-02
1.699957607204989074e+01 7.524595836236434021e-01 3.641311038810694178e+00 1.743984330412006248e-02 2.146491270098163928e-01 4.898745183677535170e-02
1.748527824556210319e+01 7.528758245935410764e-01 3.644554390680967426e+00 1.913027761326781262e-02 2.129952914764570437e-01 5.073556396278209452e-02
1.797098041907437604e+01 7.520546464682396071e-01 3.637753112823981283e+00 1.839619431129356844e-02 2.115579970050896763e-01 5.329770084047939782e-02
1.845668259258665600e+01 7.521253883509724236e-01 3.639911168586742019e+00 1.757773561734524842e-02 2.138206252203521951e-01 4.980682131316666733e-02
1.894238476609892885e+01 7.519770967409182827e-01 3.646165218131463881e+00 1.830090432056001928e-02 2.148261971820872307e-01 4.829895657643039353e-02
1.942808693961115196e+01 7.529706125564887831e-01 3.655207839599398767e+00 1.681448204809283392e-02 2.095426707020759116e-01 4.771747159086120460e-02
1.991378911312342836e+01 7.538235910982142851e-01 3.648989244429402756e+00 1.811808278724798271e-02 2.160790963767736383e-01 4.851047518364452749e-02
2.039949128663563016e+01 7.535483656161179322e-01 3.645990368026427841e+00 1.805134890542246795e-02 2.159238655927681882e-01 4.736940237431813694e-02
2.088519346014789946e+01 7.532853152032642496e-01 3.646596649601355100e+00 1.697313653024208613e-02 2.140417397873161098e-01 4.749926401511484625e-02
2.137089563366012968e+01 7.536698922608657814e-01 3.634292930833199708e+00 1.587607776193139184e-02 2.159442116200942507e-01 4.640586974059649622e-02
2.185659780717240253e+01 7.525202205164083225e-01 3.631020835563024907e+00 1.755763309796856686e-02 2.196878713186795895e-01 4.783498554054967794e-02
2.234229998068468603e+01 7.529662669075121162e-01 3.616633151288642267e+00 1.835727818787272203e-02 2.163169700828540820e-01 5.070090591937909119e-02
2.282800215419696244e+01 7.525591495751504656e-01 3.626258719070306835e+00 1.836641477282866669e-02 2.141144989594458148e-01 5.023969266860342509e-02
2.331370432770919976e+01 7.531676483251960041e-01 3.630972557769129416e+00 1.875418202997090888e-02 2.144416629975150757e-01 4.936890210578653154e-02
2.379940650114892620e+01 7.538092335839828850e-01 3.639769117198873527e+00 1.820198255746513158e-02 2.135727033270281572e-01 4.741834785119184575e-02
2.428510867458347988e+01 7.544881627075099573e-01 3.641796737063211165e+00 1.724472738394389887e-02 2.144197966346096940e-01 4.551064399677258454e-02
2.477081084801790922e+01 7.538034823045861588e-01 3.640995696929184788e+00 1.731921477909087806e-02 2.104534237891300119e-01 4.454739171535172099e-02
2.525651302145247001e+01 7.529095567207304551e-01 3.643799455480939642e+00 1.650819143194462435e-02 2.168300552039898466e-01 4.657383120232395229e-02
2.574221519488689580e+01 7.534182908568719528e-01 3.656380048275523986e+00 1.652030764814177433e-02 2.180711849060981422e-01 4.807274907873800712e-02
2.622791736832146015e+01 7.531205998422004777e-01 3.647100915911260621e+00 1.763827837658177300e-02 2.142859320252045174e-01 5.076616460206491432e-02
2.671361954175588238e+01 7.531966511564814892e-01 3.634646340332878811e+00 1.889610741544836894e-02 2.108967704088300366e-01 5.146385991025011902e-02
2.719932171519045383e+01 7.521245333801637178e-01 3.630586412533912011e+00 1.638123229692781818e-02 2.100763466888839748e-01 4.763160764116722290e-02
2.768502388862486896e+01 7.519160361452795760e-01 3.625269725513928787e+00 1.739144174577071655e-02 2.097209673409783648e-01 4.922923611905446334e-02
2.817072606205943686e+01 7.515566080555257100e-01 3.628355414239412546e+00 1.699335817850299024e-02 2.107174273232355621e-01 5.113691904005770311e-02
2.865642823549385199e+01 7.517720644099930016e-01 3.624770381168767486e+00 1.669388090702282612e-02 2.067867391698443025e-01 4.937245712330731728e-02
2.914213040892843054e+01 7.522734034678120185e-01 3.626661130670147060e+00 1.744230843837238365e-02 2.018835901524212439e-01 4.696525652017484453e-02
2.962783258236283856e+01 7.529837771965766091e-01 3.626990427033895958e+00 1.810549626851327976e-02 2.075647303676749489e-01 4.916579196400770041e-02
3.011353475579741357e+01 7.530819906349529580e-01 3.628296072837358555e+00 2.005244111311678401e-02 2.092143522108455000e-01 5.119015893606508605e-02
3.059923692923182514e+01 7.534695467516556722e-01 3.635859410586519402e+00 1.783690122008013690e-02 2.075831131438302113e-01 4.934395549147803373e-02
3.108493910266638949e+01 7.541927582427523369e-01 3.638708674855952729e+00 1.726230945394452779e-02 2.146907545682769647e-01 4.671582753571863755e-02
3.157064127610082949e+01 7.529675362100067826e-01 3.648679168975927034e+00 1.753043266416294543e-02 2.144737587057430894e-01 4.876458499397497148e-02
3.205634344953539028e+01 7.527569499423949484e-01 3.648021857235946630e+00 1.620739507293080320e-02 2.136298183342597301e-01 4.630252707919613187e-02
3.254204562296979475e+01 7.530465603541458552e-01 3.641812947163464820e+00 1.818556409048539477e-02 2.218696475456770068e-01 4.493690249004538700e-02
3.302774779640434843e+01 7.532256005999763415e-01 3.637925446391752970e+00 1.909664883511975192e-02 2.210407154191585122e-01 4.661891770897134968e-02
3.351344996983881686e+01 7.534454565208897892e-01 3.639426971033497438e+00 1.903405552039295900e-02 2.132728534281442268e-01 4.862622723980822292e-02
3.399915214327337054e+01 7.528836710016776346e-01 3.644639121323717035e+00 1.927616124994229255e-02 2.199248199238619250e-01 4.806473121976680835e-02
3.448485431670776791e+01 7.529501781687711892e-01 3.636584652268682216e+00 1.876882431675886212e-02 2.133149853290104703e-01 4.942035749987499366e-02
3.497055649014230738e+01 7.537098080100980146e-01 3.637468144391819980e+00 1.653488375288980974e-02 2.134265413409399126e-01 4.905793563713918559e-02
3.545625866357681133e+01 7.533340592332034014e-01 3.639971048638778850e+00 1.818655266760952488e-02 2.175785399538589238e-01 5.107776364993657503e-02
3.594196083701133659e+01 7.532803534106232712e-01 3.645204000000996203e+00 1.772762435018506930e-02 2.145228056791272375e-01 4.767980600579466155e-02
3.642766301044574107e+01 7.521629405830910775e-01 3.638440206083147554e+00 1.656844293806243248e-02 2.112356503998678581e-01 4.801770684831487002e-02
3.691336518388026633e+01 7.520604762072775618e-01 3.627390277083811121e+00 1.564536115138643810e-02 2.125240293679985237e-01 4.848008953500586998e-02
3.739906735731479159e+01 7.528436376200214886e-01 3.632264359669981513e+00 1.709275308899367574e-02 2.124154542550564517e-01 4.989852568567787472e-02
3.788476953074931686e+01 7.520810131079516125e-01 3.639029760772475974e+00 1.669457974124523986e-02 2.126045291364536405e-01 4.837456270160193222e-02
3.837047170418370712e+01 7.525809605556141868e-01 3.638746298582743233e+00 1.623086995063973553e-02 2.093976422223385869e-01 4.973107811798684053e-02
3.885617387761822528e+01 7.529608890453282077e-01 3.647274584367480088e+00 1.731818819114695415e-02 2.107333653602652124e-01 4.465827460714930086e-02
3.934187605105277896e+01 7.533661022526204620e-01 3.645264846681314452e+00 1.973788198528395738e-02 2.096151544984104220e-01 4.888331914531196531e-02
3.982757822448729002e+01 7.539555228194686487e-01 3.643887133620873353e+00 1.873302580304899226e-02 2.159506267080626707e-01 4.738377338140811051e-02
4.031328039792168028e+01 7.546279346938743471e-01 3.648178369305058677e+00 1.616759886525513321e-02 2.158601948585086583e-01 4.961825534555508455e-02
4.079898257135619133e+01 7.544294431818523439e-01 3.651985975422910702e+00 1.552698772021935195e-02 2.183437848963928896e-01 5.187924660764544477e-02
4.128468474479075923e+01 7.529784080613852737e-01 3.640230323445822869e+00 1.876373144991101347e-02 2.137040630088669346e-01 4.914769832817263845e-02
4.177038691822525607e+01 7.530387813145908993e-01 3.644787798229431441e+00 1.793788682291012557e-02 2.118402421289361515e-01 4.979542269463164278e-02
4.225608909165965343e+01 7.531813900696543440e-01 3.629656468623211563e+00 1.687977164152693402e-02 2.094041728274424474e-01 4.639753117516121073e-02
4.274179126509415738e+01 7.534890227952644182e-01 3.649671037000820739e+00 1.464468559835158633e-02 2.142146955887785365e-01 4.806423767800960950e-02
4.322749343852873949e+01 7.531609614122065643e-01 3.631474778050497676e+00 1.726773870292320698e-02 2.133332263004811269e-01 4.857115521706793781e-02
4.371319561196323633e+01 7.539744958697670585e-01 3.635510368066335207e+00 1.448700775968895724e-02 2.104670173445031545e-01 4.868059169181897239e-02
4.419889778539762659e+01 7.524969869611507489e-01 3.639832574784220398e+00 1.622073701561355455e-02 2.057873958013160809e-01 4.746486959819089246e-02
4.468459995883210922e+01 7.523431479504344432e-01 3.638567639141949250e+00 1.731693798914767796e-02 2.073454963738654566e-01 4.436833511672050312e-02
4.517030213226671975e+01 7.545263230331988868e-01 3.645679493220112199e+00 1.609723653431159932e-02 2.150282851387246841e-01 4.855309350884528391e-02
4.565600430570120949e+01 7.537680094746856962e-01 3.647431296503400144e+00 1.783124348968289502e-02 2.157840090798364974e-01 4.918217719294205870e-02
4.614170647913559264e+01 7.526829751238970356e-01 3.654676910033254345e+00 1.809390054606413792e-02 2.116210699912595972e-01 4.618641114008841669e-02
4.662740865257008238e+01 7.532927347792198747e-01 3.649218611139632085e+00 1.762666154455737322e-02 2.131780129085757702e-01 4.732256069165743928e-02
4.711311082600470002e+01 7.524801683363246951e-01 3.635059777340594156e+00 1.638733319217965459e-02 2.114853690619550031e-01 4.888437074861366749e-02
4.759881299943918265e+01 7.529314957198552927e-01 3.635458917321827244e+00 1.515404217778847616e-02 2.119423682847195178e-01 4.627183016750491262e-02
4.808451517287357291e+01 7.532480527188377684e-01 3.629871132833193403e+00 1.789287782969528270e-02 2.135640381659825171e-01 4.889403634778128477e-02
4.857021734630804133e+01 7.533128689892444330e-01 3.638356235780241477e+00 1.776386583718989748e-02 2.150005979203488682e-01 4.741159336326510043e-02
4.905591951974268028e+01 7.530640506760687414e-01 3.643416783972817097e+00 1.648933759583205705e-02 2.143730418476675614e-01 4.737879303784423707e-02
4.954162169317716291e+01 7.529269704910879213e-01 3.637383625665309594e+00 1.639305117100260320e-02 2.130330830439783329e-01 4.714427993146312612e-02
5.002732386661154607e+01 7.529538476659000112e-01 3.630269188562351701e+00 1.734025896578588605e-02 2.063936665542038529e-01 4.841461072929658521e-02
5.051302604004601449e+01 7.529190325325409994e-01 3.628522207930007681e+00 1.593968732813348665e-02 2.086640452789969014e-01 4.628701722635208265e-02
5.099872821348065344e+01 7.525631734222283376e-01 3.636118508102155200e+00 1.803555480702682262e-02 2.172713628066195168e-01 4.909147572948110994e-02
5.148443038691513607e+01 7.526816915079205250e-01 3.629732180940625330e+00 1.681449296732247245e-02 2.160996372886676009e-01 4.924268100813734839e-02
5.197013256034951212e+01 7.525950357124654433e-01 3.636956861699376820e+00 1.600276606480127706e-02 2.121569075551901218e-01 4.978946925092823245e-02
5.245583473378397343e+01 7.523725120121589338e-01 3.644154927453447712e+00 1.862045692783434458e-02 2.114539613569400567e-01 4.976993418106254174e-02
5.294153690721863370e+01 7.526579129446840932e-01 3.625566743870559883e+00 1.949124215691318274e-02 2.125205736150676539e-01 4.909745114467402999e-02
5.342723908065310923e+01 7.530577698737255243e-01 3.628209075696815500e+00 1.756398430213019363e-02 2.123070459872331839e-01 4.731432403464335551e-02
5.391294125408748528e+01 7.535256745821607982e-01 3.639860121971241647e+00 1.931296144218978134e-02 2.136379082874723112e-01 4.829889136134182803e-02
5.439864342752193949e+01 7.517432455798689350e-01 3.641242802027464975e+00 1.802245827490725830e-02 2.092813713657836749e-01 4.716458982916577752e-02
5.488434560095661396e+01 7.512151834774294379e-01 3.639635948305347757e+00 1.855575939602181756e-02 2.057724336112568275e-01 4.909945490872628243e-02
5.537004777439107528e+01 7.520789853516725021e-01 3.645992241470696005e+00 1.858160022075175735e-02 2.129959130895341113e-01 4.539693424418254214e-02
5.585574994782545843e+01 7.528626771328702505e-01 3.641340048139359631e+00 1.834523382419259163e-02 2.181322722246831769e-01 4.656302883259964137e-02
5.634145212125990554e+01 7.517606110333945324e-01 3.637729640384648189e+00 1.815065230619041653e-02 2.116146027571354782e-01 4.824128896098556218e-02
5.682715429469458712e+01 7.521174132644610211e-01 3.645948668455514685e+00 1.719921954644958867e-02 2.186637801327205866e-01 4.659942626683347827e-02
5.731285646812904844e+01 7.524036792128404594e-01 3.643847877707512506e+00 1.715990565557947919e-02 2.170977878916632298e-01 4.676732137774022857e-02
5.779855864156343159e+01 7.520684440790661451e-01 3.639590684533700937e+00 1.714213303887554551e-02 2.153662059179440869e-01 4.705282866656297636e-02
5.828426081499787870e+01 7.527714673962954128e-01 3.624679410631992837e+00 1.781166952662733768e-02 2.120665282558377995e-01 5.113946009498779310e-02
5.876996298843256739e+01 7.529492332011455957e-01 3.620932041238840604e+00 1.899929199226407447e-02 2.056235538804888074e-01 4.735055490763263875e-02
5.925566516186702160e+01 7.537155730032485401e-01 3.634641791611889605e+00 1.843459174856646246e-02 2.121183863484272791e-01 4.843631595781525134e-02
5.974136733530139765e+01 7.539068368711069335e-01 3.645403670716993449e+00 1.728863361951797628e-02 2.152523728140958159e-01 4.651937698224120621e-02
6.022706950873585185e+01 7.541840817348696158e-01 3.635286772266107302e+00 1.726951911292597119e-02 2.082618466877345642e-01 4.675154309783098594e-02
6.071277168217054765e+01 7.537098023833495031e-01 3.633988010312818151e+00 1.846623024823363171e-02 2.087881310514690947e-01 4.719132962303165119e-02
6.119847385560499475e+01 7.532212923099741442e-01 3.636290037879985171e+00 1.700800453052865244e-02 2.134357003071192804e-01 4.748062157926963289e-02
6.168417602903937080e+01 7.535980739193750555e-01 3.638251996826896484e+00 1.828483374158097752e-02 2.190104437114003544e-01 4.998748084799430752e-02
6.216987820247382501e+01 7.525481015362869286e-01 3.643219710744208584e+00 1.979745240005709866e-02 2.184577063356178128e-01 4.755821772647125800e-02
6.265558037590849239e+01 7.525434522585714436e-01 3.644659709527179547e+00 1.853589191824548538e-02 2.151182202876285310e-01 4.976265331680004150e-02
6.314128254934292528e+01 7.521094595287468598e-01 3.640563525845865733e+00 1.917941515240365394e-02 2.114728080966782331e-01 4.765258650901871285e-02
6.362698472277738659e+01 7.522838876349285941e-01 3.635569390835232895e+00 1.990098069444341117e-02 2.074104249431258651e-01 4.731168720813082318e-02
6.411268689621181238e+01 7.521362926754192602e-01 3.634716952377326393e+00 2.022857161151234845e-02 2.053169308569537388e-01 4.698297336568231508e-02
6.459838906964648686e+01 7.528527969495162342e-01 3.634984829608625123e+00 1.839248154200228205e-02 2.182832129974874302e-01 4.809647845614015149e-02
6.508409124308093396e+01 7.526984489302047665e-01 3.634027070659280767e+00 1.912955361704110971e-02 2.201203215979659344e-01 4.802187671488145765e-02
6.556979341651531001e+01 7.520937746748128649e-01 3.635014564835046258e+00 1.844260469305442768e-02 2.119988677809970801e-01 4.985710701184676436e-02
6.605549558994975712e+01 7.509404283928654555e-01 3.632001536892352167e+00 1.763688743753842256e-02 2.144342890941907109e-01 4.721078121479827666e-02
6.654119776338441739e+01 7.510282172198867734e-01 3.624005167825838480e+00 1.765450717578537568e-02 2.073541909703182362e-01 4.434263653995232368e-02
6.702689993681885028e+01 7.511253682606618964e-01 3.639742446521735175e+00 1.706386456644024691e-02 2.099172105233386154e-01 4.759722006936636246e-02
6.751260211025335423e+01 7.515717151162067955e-01 3.640852337219621315e+00 1.696644385674402414e-02 2.135760702706369918e-01 4.863336622815157828e-02
6.799830428368780133e+01 7.522897117425846325e-01 3.634941149911164793e+00 1.537482592734287952e-02 2.080162505282069918e-01 4.985647664490377301e-02
6.848400645712244739e+01 7.531225951886881820e-01 3.636667395516397949e+00 1.850161865034171196e-02 2.149117623059925153e-01 4.717381422659549378e-02
6.896970863055688028e+01 7.532798959299785713e-01 3.634659563182189412e+00 1.834354816973555319e-02 2.106418119702466729e-01 4.716810010154771915e-02
6.945541080399125633e+01 7.524766427033162675e-01 3.643747018997178788e+00 1.845849808671777906e-02 2.113611776367252670e-01 4.940990112460659500e-02
6.994111297742567501e+01 7.536487598943572008e-01 3.626991756616314788e+00 1.672469316928758623e-02 2.050582572410351301e-01 5.029531522974517443e-02
7.042681515086032107e+01 7.535831534055685843e-01 3.640618814632701206e+00 1.751566426597702883e-02 2.097099724115770725e-01 5.007090560852917732e-02
7.091251732429475396e+01 7.531580960069538255e-01 3.630470415463477263e+00 1.640366999915538956e-02 2.169543944676425307e-01 5.168796692370922902e-02
7.139821949772934317e+01 7.527717321038341902e-01 3.636433730246774854e+00 1.721952383762521618e-02 2.160595654674704602e-01 5.460445311955073461e-02
7.188392167116374765e+01 7.528696829897316700e-01 3.628515342563606083e+00 1.751445506179004699e-02 2.154571889907283544e-01 5.075650870075851945e-02
7.236962384459839370e+01 7.532850368367124405e-01 3.630012379913162057e+00 1.735070410577567446e-02 2.170888763312649183e-01 5.111706642758893915e-02
7.285532601803282660e+01 7.522719700788185193e-01 3.643005650870262180e+00 1.855016005610974489e-02 2.190309428944408332e-01 4.826775517441785068e-02
