0.000000000000000000e+00 1.327288905960222865e+00 1.000000000000000000e+00 8.199288680708904931e-04 -1.463290166167474649e-03 -1.156983313064993690e-02
7.379136097837668551e-01 1.211235414362953344e+00 1.051943501366048528e+00 -2.094695539703843312e-02 4.061189670861772849e-02 -8.943366070418276581e-03
1.475827219566771209e+00 1.124066827821390779e+00 1.110891179011310959e+00 -2.456320270441898768e-02 6.977344009180933004e-02 4.006515952453687524e-03
2.213740829352878858e+00 1.057637683831204489e+00 1.166661957984052700e+00 -2.053965166673604736e-02 7.927918107167061801e-02 -8.204661991664780052e-03
2.951654439142012087e+00 1.010323966960808839e+00 1.225419877636441557e+00 -2.229957642110531879e-02 8.096337472567247118e-02 5.590426186958014076e-03
3.689568048931145317e+00 9.774378661503064780e-01 1.274683551244461865e+00 -2.579246624640081642e-02 7.327440049397265787e-02 -8.578642066650918330e-03
4.427481658720279434e+00 9.524524364217064054e-01 1.321743602143617080e+00 -2.343566132421892600e-02 7.618018046128816056e-02 1.143105795668411528e-03
5.165395268509413107e+00 9.333410670516614216e-01 1.359562568065436183e+00 -2.466098208357393740e-02 8.872483655780427636e-02 -7.229233151326147633e-04
5.903308878298546780e+00 9.254106108614990056e-01 1.386081850408207305e+00 -2.683774422412875393e-02 9.823426444426716642e-02 4.642678607718747630e-04
6.641222488087680453e+00 9.143776829409119289e-01 1.410585389501967102e+00 -2.793496036648518421e-02 9.323602897658483935e-02 -3.275139674622673525e-03
7.379136097876199507e+00 9.086996316290880671e-01 1.445308594505532174e+00 -3.068785247133946903e-02 8.601712959297228012e-02 -1.190828752068148755e-02
8.117049707640816791e+00 8.995059359615241723e-01 1.457480286584801332e+00 -2.198861063899246182e-02 8.932273170977692023e-02 -2.972378025988042793e-03
8.854963317405434964e+00 8.993880234802638096e-01 1.480290929531279165e+00 -2.101592019384188048e-02 1.034814776011781512e-01 -3.194758746523376769e-03
9.592876927170053136e+00 8.986276108950270736e-01 1.494559080941849638e+00 -2.425775775390900946e-02 9.204723656200816673e-02 -7.948677099549231184e-03
1.033079053693466776e+01 8.991455123008504913e-01 1.510761684366891844e+00 -2.240454883100465033e-02 9.138782447313442692e-02 -2.789867298303466692e-03
1.106870414669928593e+01 8.952038315795584067e-01 1.530825492466724391e+00 -2.101977883254094182e-02 9.070422493887606019e-02 -6.691039913011384566e-03
1.180661775646390410e+01 8.904812780438748909e-01 1.521516468867873284e+00 -2.867090017521566059e-02 8.945349540304281533e-02 -5.138036926513239733e-03
1.254453136622852050e+01 8.905279252884682473e-01 1.520549009349491332e+00 -2.229066698653356382e-02 7.809002566087080988e-02 -4.286102959083604169e-03
1.328244497599313867e+01 8.887641492350757400e-01 1.526944356283458371e+00 -2.316046404798208225e-02 8.507541945922045268e-02 -1.349625195941374367e-02
1.402035858575775684e+01 8.869034021859277805e-01 1.528733211237709222e+00 -2.223936303891679844e-02 9.213569983015224008e-02 -7.230682455882084247e-03
1.475827219552237324e+01 8.862232953719412221e-01 1.534445416778040805e+00 -2.194775660505475512e-02 9.171510977783753349e-02 1.176673413304019089e-03
1.549618580528699141e+01 8.882369233890492488e-01 1.524994798123302964e+00 -2.131946186843340640e-02 9.002178918393097251e-02 -4.304523366751369928e-03
1.623409941505160958e+01 8.869005089854695711e-01 1.519881544820392394e+00 -1.808792700506429985e-02 8.550781633126472436e-02 -7.563070569926222397e-03
1.697201302481622776e+01 8.893213690132604210e-01 1.533979253728695813e+00 -2.512116628055000023e-02 8.311034116240065273e-02 -8.434709389561090287e-03
1.770992663458084593e+01 8.866502843832089198e-01 1.536623177415291863e+00 -2.115034897869465247e-02 8.615620856030370422e-02 -6.502342128853005887e-03
1.844784024434546055e+01 8.869809439150769803e-01 1.539431747987909826e+00 -1.946500279147143908e-02 8.941409940570124726e-02 -1.232254097237510393e-02
1.918575385411007872e+01 8.890504579218256875e-01 1.537324802469372198e+00 -2.030352370707547149e-02 9.172629796228212729e-02 -5.350733634122389892e-03
1.992366746387469689e+01 8.880121291754188295e-01 1.533699029542847425e+00 -2.218051828421591098e-02 8.512151076886498302e-02 -3.341381069833115891e-03
2.066158107363931506e+01 8.890743554384124003e-01 1.528368262760481766e+00 -2.382838052303599963e-02 9.151704832157797620e-02 1.111307287713109160e-03
2.139949468340393324e+01 8.907468530803426265e-01 1.524154274156768185e+00 -2.343885678688469032e-02 9.192414293652576007e-02 1.197704950180830674e-03
2.213740829316855141e+01 8.903157323937458401e-01 1.526434596473984051e+00 -2.705531671128620641e-02 1.003364729798953969e-01 -5.330356193340018978e-04
2.287532190293316603e+01 8.922741701132043124e-01 1.528139292722566100e+00 -2.871911442395105873e-02 8.467958464140493136e-02 -6.330804649081631097e-03
2.361323551269778420e+01 8.902040790601510878e-01 1.532952103178847558e+00 -2.067901833520618959e-02 8.135212768091165669e-02 -1.249659789074542005e-02
2.435114912246240237e+01 8.876962622859421170e-01 1.530092044405271468e+00 -2.404256333276560964e-02 9.211324742700643942e-02 -8.133282785474288401e-03
2.508906273222702055e+01 8.911225518660753631e-01 1.536338631450601122e+00 -2.386898767075003314e-02 9.455442613873984992e-02 -7.432865816254172198e-03
2.582697634199163872e+01 8.931616921552073540e-01 1.542079707563800417e+00 -2.152752609662414440e-02 1.053656767670778649e-01 -6.548058142510679303e-03
2.656488995175625689e+01 8.953476826140016609e-01 1.543784867601479593e+00 -2.666384589922360382e-02 1.053160855441310773e-01 -2.229336832914902145e-03
2.730280356152087151e+01 8.954248387459063929e-01 1.538332712493937882e+00 -1.795791846153327320e-02 9.724731445230958005e-02 -7.788353469185355094e-03
2.804071717128548968e+01 8.922604272051253282e-01 1.532580843008936267e+00 -1.777089516752079768e-02 9.687149912197415280e-02 2.367228052658904014e-03
2.877863078105010786e+01 8.900508115073395565e-01 1.537820703805240274e+00 -2.165490591951498012e-02 7.661228841313263982e-02 -7.636675968823725125e-03
2.951654439081472958e+01 8.889297519241906587e-01 1.535179587502407239e+00 -2.430500999602965007e-02 7.507884424763830444e-02 -6.778744271793146758e-04
3.025445800057934775e+01 8.913485861510733743e-01 1.540921357339766429e+00 -2.214570333143413283e-02 8.299776833410552057e-02 2.542406904858324213e-03
3.099237161034396593e+01 8.933358537862936544e-01 1.551756031870191288e+00 -2.405969409740851828e-02 7.446899786152608169e-02 -9.951074899019030084e-03
3.173028522010858055e+01 8.897341215190380792e-01 1.559306691553775437e+00 -2.357369965379232934e-02 7.517020695494278093e-02 -6.483024310105500732e-04
3.246819882987320227e+01 8.893340253543441376e-01 1.555714301137395505e+00 -2.313636117732405240e-02 7.637228213548682976e-02 -3.933628596654026310e-03
3.320611243963782044e+01 8.877085681933122308e-01 1.550053673251519548e+00 -2.283032761865819160e-02 7.476161870843578416e-02 -7.346014761662286729e-03
3.394402604940243151e+01 8.896381311113721324e-01 1.542773166052633371e+00 -2.395285234592198220e-02 7.197129012002231874e-02 -6.706088853468086808e-03
3.468193965916704968e+01 8.867634433530443561e-01 1.525464344630203195e+00 -2.335469413923418891e-02 9.128836991640978948e-02 -2.521961506126824126e-03
3.541985326893166786e+01 8.848322235062684449e-01 1.528277195269357014e+00 -2.283320524889602410e-02 9.513126714586050969e-02 -8.166161437106550514e-03
3.615776687869628603e+01 8.889638904080834347e-01 1.538127648595158270e+00 -2.460414774784355774e-02 9.459980197108455724e-02 -1.056901706974593125e-02
3.689568048846090420e+01 8.895593621852443400e-01 1.552476886741307238e+00 -2.075919080446832210e-02 9.018502091241989427e-02 1.206990666198934359e-03
3.763359409822552237e+01 8.898724963994429915e-01 1.547048872162878563e+00 -2.625734025461488874e-02 8.603572526151984090e-02 7.229306472835844710e-04
3.837150770799014055e+01 8.920092966989983108e-01 1.545484464421427839e+00 -2.372130469791212948e-02 7.774513306355995690e-02 -3.150504621807631578e-03
3.910942131775475872e+01 8.899379294642887350e-01 1.534339888400576335e+00 -2.603866039253430187e-02 9.303739172180738870e-02 -7.522328242908910001e-03
3.984733492751937689e+01 8.889314288829853750e-01 1.531981366828349511e+00 -2.805382516440552143e-02 9.010694714816294693e-02 9.950320607618468038e-04
4.058524853728399506e+01 8.873277437737971951e-01 1.525901925858403452e+00 -2.551066006619297222e-02 9.362049893442991877e-02 -5.347104541689323698e-04
4.132316214704861324e+01 8.875503538558600081e-01 1.528015669270055055e+00 -1.845791426526841028e-02 9.725713373817643226e-02 -2.972355131419385232e-03
4.206107575681323141e+01 8.851488496161136199e-01 1.533067398839238260e+00 -1.863965209586400384e-02 8.378411106118990870e-02 1.803186388115857186e-04
4.279898936657784247e+01 8.851504491589279322e-01 1.530919003594031436e+00 -1.887135603419687335e-02 8.252312042222936794e-02 4.589273283501504874e-04
4.353690297634246065e+01 8.874351808748329740e-01 1.540359957366206345e+00 -2.296424444768518924e-02 8.811379233935906496e-02 -4.929616938785380542e-03
4.427481658610707882e+01 8.893706096984130838e-01 1.538986146405680433e+00 -1.763781789957653834e-02 1.005661707045303610e-01 -9.593880560942708025e-03
4.501273019587169699e+01 8.949264612422441756e-01 1.541880558232471721e+00 -2.801615889461125941e-02 1.023362845517454822e-01 -6.809230188759965441e-03
4.575064380563631516e+01 8.967582229999534471e-01 1.533584713921275267e+00 -2.445525728817361799e-02 1.010138541423682701e-01 -7.520528586294081275e-03
4.648855741540093334e+01 8.927304651450095330e-01 1.528538697746241848e+00 -2.539518284428786410e-02 9.791131384031928619e-02 -8.955934308431515167e-03
4.722647102516555151e+01 8.890634394425663833e-01 1.528473123645962106e+00 -2.484662535221619784e-02 8.977417299587442390e-02 4.762571658379802231e-03
4.796438463493016968e+01 8.874591055954416108e-01 1.527536245132684156e+00 -2.112433536627469910e-02 8.308738849273764049e-02 1.890371848925334608e-03
4.870229824469478785e+01 8.881748605293547927e-01 1.521392712439794570e+00 -2.270433113865898134e-02 8.323324285695402058e-02 3.518677488063629011e-03
4.944021185445940603e+01 8.891736001416900015e-01 1.521555061460605041e+00 -2.893973924569666345e-02 8.857684512739824600e-02 2.600717379725295264e-03
5.017812546422402420e+01 8.913760200680850287e-01 1.523548972694063419e+00 -2.607209225425652366e-02 7.786086575823769618e-02 -6.160515785760017904e-03
5.091603907398864237e+01 8.881138722903521021e-01 1.519854496316414894e+00 -2.219706987990194280e-02 8.198416554033521875e-02 -5.817829571934315935e-03
5.165395268375326054e+01 8.852215502032136918e-01 1.517419353064962673e+00 -1.647295095205328352e-02 7.816923064693070966e-02 -1.436896756504087158e-02
5.239186629351787161e+01 8.873346529174893638e-01 1.534610451630293193e+00 -2.231244123322977113e-02 9.600014281478538858e-02 -8.450150373373099821e-03
5.312977990328248978e+01 8.878916809432062518e-01 1.534033169423982601e+00 -1.987038742531573032e-02 1.032761826539332073e-01 5.014385418682223983e-03
5.386769351304710796e+01 8.877498441771289883e-01 1.520921618309915679e+00 -2.408700838840814595e-02 1.001699542324608339e-01 6.967116400319051106e-04
5.460560712281172613e+01 8.891994058836212300e-01 1.528608066603734938e+00 -2.139212031785457657e-02 9.435780287385769904e-02 -4.686999725507914882e-03
5.534352073257634430e+01 8.905484095980392700e-01 1.528307419715038584e+00 -2.347088120638343711e-02 9.426007549138257224e-02 -5.300348650885688961e-05
5.608143434234096247e+01 8.876069913943384071e-01 1.530373996241663370e+00 -2.354439463345577022e-02 8.674817827948397286e-02 -7.358269929383723373e-03
5.681934795210558065e+01 8.869675503870310118e-01 1.536561170324596493e+00 -2.048263063355454383e-02 7.774659818073170747e-02 -8.246548470902462236e-03
5.755726156187019882e+01 8.896108418683599250e-01 1.524561847842653250e+00 -2.320240138908492844e-02 9.258338045796973836e-02 -1.252292884182450161e-02
5.829517517163481699e+01 8.903116702162754414e-01 1.529528738382784692e+00 -2.179412081635703768e-02 8.587124956771127748e-02 -3.764246416197158940e-03
5.903308878139944227e+01 8.900337319293558647e-01 1.540506610259991138e+00 -2.870300492311864127e-02 8.649813869826789015e-02 -1.578059691519459462e-03
5.977100239116406044e+01 8.879744297047179602e-01 1.535210978744666166e+00 -2.619659740908741874e-02 8.303853250986945045e-02 -8.666780346503213939e-03
6.050891600092867151e+01 8.860816340751042075e-01 1.539864646277515181e+00 -2.269691090807379741e-02 7.494289597633865818e-02 -6.057327479722623975e-03
6.124682961069328968e+01 8.884779982294437328e-01 1.545026307618082573e+00 -2.751786325024385693e-02 8.312614557679698368e-02 -2.693231214278779539e-03
6.198474322045790785e+01 8.900647338668391528e-01 1.540843671573428608e+00 -2.712627903015435438e-02 8.538176783489073718e-02 -7.345140275927836138e-03
6.272265683022252603e+01 8.883912455599631830e-01 1.534614147139367279e+00 -2.541209822755950698e-02 8.840268019079317030e-02 6.866705415070353813e-03
6.346057043998714420e+01 8.895869969014005285e-01 1.538606429224891992e+00 -2.449982214702947636e-02 8.069461613926584564e-02 8.292861790336697458e-03
6.419848404975176948e+01 8.854703198658465668e-01 1.542422513256025418e+00 -2.862275487731523460e-02 9.235158210321836592e-02 -6.949679648709794488e-04
6.493639765951637344e+01 8.859167214368545151e-01 1.541071550027079073e+00 -2.880587456737740415e-02 8.710778984626899035e-02 2.115741021060671412e-03
6.567431126928099161e+01 8.893737565003778656e-01 1.537666394767507327e+00 -1.715049378883790054e-02 9.273974927362080289e-02 -5.397952776282785581e-03
6.641222487904560978e+01 8.908927912817228290e-01 1.536158879451525738e+00 -2.063482383383369312e-02 1.039953127076151951e-01 -1.227235417588437572e-02
6.715013848881022795e+01 8.901282932474863241e-01 1.532442254800148618e+00 -2.316823163395140273e-02 8.608139515933976860e-02 -3.353459900002464522e-03
6.788805209857484613e+01 8.888455409487060477e-01 1.520038881407213660e+00 -1.998770831043646112e-02 9.007831820674150336e-02 -3.159882527316665302e-03
6.862596570833946430e+01 8.937514936542307886e-01 1.522157601795798509e+00 -1.661210866345390336e-02 8.519460736166184489e-02 -1.991796906086959473e-03
6.936387931810408247e+01 8.937788118864030684e-01 1.524053477063609385e+00 -2.091310337603972946e-02 8.697036688694376183e-02 1.898068572406874654e-03
7.010179292786870064e+01 8.920179649776412978e-01 1.530948011648529006e+00 -2.385144466972713428e-02 9.496784809323507992e-02 3.244967681750310362e-03
7.083970653763331882e+01 8.919318358332281038e-01 1.532746706013445426e+00 -2.531240688010270856e-02 8.731592713998218014e-02 5.568368440002052777e-03
7.157762014739793699e+01 8.936965984666696006e-01 1.530315177285116457e+00 -1.709159312994720792e-02 7.953856288190494506e-02 -6.658364049736215096e-03
7.231553375716255516e+01 8.893417074925283883e-01 1.537879870405888250e+00 -2.122398701381882080e-02 9.057138799372238536e-02 -3.863397922160158315e-03
7.305344736692717333e+01 8.939794279664325938e-01 1.536975296586829964e+00 -1.937977384429526162e-02 9.436235220739391805e-02 5.163000954403751397e-04
7.379136097669179151e+01 8.922975101072139203e-01 1.544439965220113509e+00 -1.707614812203166188e-02 8.772955951755906367e-02 -9.542572860164841297e-03
7.452927458645640968e+01 8.913572073163554821e-01 1.541629311940769798e+00 -2.999161402251721009e-02 8.157699681012930970e-02 -9.407046682941580529e-03
7.526718819622102785e+01 8.932415349349289713e-01 1.545771231409955870e+00 -2.872930599129010221e-02 8.708765130607770688e-02 -5.153731496191790717e-03
7.600510180598564602e+01 8.915766528287416559e-01 1.548083041190672526e+00 -2.774285072349853831e-02 8.378572123490313217e-02 -7.811294453209299826e-03
7.674301541575026420e+01 8.891145009203448302e-01 1.553984067177852646e+00 -2.251969490516307626e-02 9.359206131268088535e-02 -5.851295624839922271e-03
7.748092902551488237e+01 8.891530056111413005e-01 1.563218746115154101e+00 -2.383442950205910682e-02 8.817350791645015007e-02 -5.247520069026373468e-03
7.821884263527950054e+01 8.877988188164671612e-01 1.557959407690054032e+00 -2.019457306490782256e-02 7.786489531374710116e-02 -4.927414819670114521e-03
7.895675624504411871e+01 8.877260654713572396e-01 1.542752888188703375e+00 -2.162193545180973731e-02 8.810172024775378419e-02 1.623885407674371950e-03
7.969466985480873689e+01 8.872923106891421607e-01 1.538416977260870677e+00 -2.335746920157374951e-02 8.726932555091421184e-02 -1.502743100351558447e-02
8.043258346457335506e+01 8.854313872229143678e-01 1.538547063771446233e+00 -1.861767311541563663e-02 9.330831308468640062e-02 -1.239374551054328588e-02
8.117049707433797323e+01 8.870627189081580211e-01 1.550176314279181788e+00 -1.506541766583367747e-02 1.033994719161640541e-01 -9.753422366139463673e-03
8.190841068410259140e+01 8.891140812184342712e-01 1.558533574473485395e+00 -2.081525553261119599e-02 9.803719675527952648e-02 -9.941691492938831143e-03
8.264632429386720958e+01 8.834435281805016471e-01 1.562467203541620719e+00 -2.192415776248657355e-02 1.043424214172491427e-01 -9.946603859556701899e-03
8.338423790363181354e+01 8.852573967735785088e-01 1.559921469263602312e+00 -1.956466261330011558e-02 9.065897412463833072e-02 -7.645832646779440744e-03
8.412215151339643171e+01 8.864845548941315823e-01 1.557069005488028512e+00 -1.904327121699156411e-02 8.923171032230867161e-02 -1.091434940831607914e-02
8.486006512316104988e+01 8.871181234562713902e-01 1.545449786893461575e+00 -2.399585937001509628e-02 9.305322398647034032e-02 -1.008816534648668273e-02
8.559797873292566806e+01 8.868453114350909328e-01 1.553920070781588336e+00 -2.810794936715105274e-02 8.243491311782566444e-02 -5.942360057694828779e-03
8.633589234269028623e+01 8.851295166806590897e-01 1.550630670271227363e+00 -2.308592602531414628e-02 8.091321919910612892e-02 -7.319307036842817582e-03
8.707380595245490440e+01 8.903755993950043246e-01 1.549066775227535775e+00 -2.051089953692271373e-02 8.207448766941635721e-02 -5.861046227596256042e-03
8.781171956221952257e+01 8.886371595412101421e-01 1.555059565892150442e+00 -2.283172295578900224e-02 9.079203015894671269e-02 -5.315595390509658680e-03
8.854963317198414074e+01 8.880415489859830869e-01 1.544847836688058695e+00 -2.402028016630392004e-02 8.375413559747096892e-02 -8.548674833471631151e-03
8.928754678174875892e+01 8.921093468941579951e-01 1.536989186219330117e+00 -2.804127391356853183e-02 8.489255372735590721e-02 -9.603059759637253001e-03
9.002546039151337709e+01 8.919727773166239437e-01 1.531909203624896243e+00 -2.217458496842697468e-02 9.085234040591155802e-02 -1.080450628431371685e-02
9.076337400127799526e+01 8.888368023602194468e-01 1.527292928983998710e+00 -2.149192088936406619e-02 7.824848340288545478e-02 3.506954084610977573e-03
9.150128761104261343e+01 8.909558315964897224e-01 1.530681682625261386e+00 -2.543165478039072225e-02 7.881182048172044596e-02 -4.184946210254142374e-03
9.223920122080723161e+01 8.904170564628293150e-01 1.536438378219044498e+00 -2.460255174445223625e-02 8.230915585252179811e-02 -9.720902317947463511e-03
9.297711483057184978e+01 8.879947523127067477e-01 1.533083185701569873e+00 -2.168785348634941212e-02 8.280222434293199596e-02 -4.958801799975459668e-03
9.371502844033646795e+01 8.868209646748786978e-01 1.533382987359911409e+00 -2.226287121412098835e-02 9.221632947868194097e-02 1.279023579065341476e-03
9.445294205010108612e+01 8.875949965884929460e-01 1.531107313475386977e+00 -2.332073121346131539e-02 8.049294145646537779e-02 -4.842367587257631611e-03
9.519085565986570430e+01 8.886893696613319404e-01 1.531714880716267935e+00 -2.457974180182528889e-02 7.882498286956471367e-02 -4.442383902894989078e-03
9.592876926963032247e+01 8.857473473638292072e-01 1.535606051331002586e+00 -2.687689583281857586e-02 8.521682518756523717e-02 -5.940339734084351675e-03
9.666668287939494064e+01 8.824590107564744823e-01 1.536817212776508734e+00 -2.338334827317037345e-02 9.292183300791292955e-02 -7.469279800784864309e-03
9.740459648915955881e+01 8.848228024533403291e-01 1.541632217839054242e+00 -2.380184484358525976e-02 9.504970452616587351e-02 -2.398458011363416298e-03
9.814251009892417699e+01 8.839141861737921380e-01 1.546022972714706345e+00 -2.154863541974987029e-02 8.609075709907951235e-02 -2.474446068177996172e-03
9.888042370868879516e+01 8.791903353919436892e-01 1.540553418875462377e+00 -1.511976124604105798e-02 8.725043300822218906e-02 -5.377855523265737125e-03
9.961833731845341333e+01 8.823316414662909501e-01 1.542499254236974426e+00 -2.229085433493559198e-02 8.940953024289677309e-02 -4.101673715404791087e-03
1.003562509282180315e+02 8.883794581252181244e-01 1.550915914604451107e+00 -2.494396228299414209e-02 8.632477071666125323e-02 -4.520261493248189932e-03
1.010941645379826497e+02 8.870529693894461110e-01 1.557795360818515773e+00 -2.548215887490856701e-02 9.562705885367853154e-02 -3.643921789862489269e-03
1.018320781477472536e+02 8.892365280260764449e-01 1.547702849433166383e+00 -2.122129443659331871e-02 9.498852847541866540e-02 -5.223759882915263164e-03
1.025699917575118718e+02 8.886116511716392052e-01 1.546397388138447848e+00 -2.299317737941958262e-02 1.127493013687501378e-01 -1.000667333509969170e-02
1.033079053672764900e+02 8.909429456642794509e-01 1.533589657972401321e+00 -2.474737675350223431e-02 1.102603920234519752e-01 -6.691161493004998961e-03
1.040458189770411082e+02 8.896441461686420693e-01 1.540282217852157798e+00 -2.387418185270372140e-02 9.694209134735110034e-02 -1.508871175008308363e-04
1.047837325868057263e+02 8.881214089004916268e-01 1.542381877772484478e+00 -2.147780406630656058e-02 9.314760013488221357e-02 -9.471266575897530071e-04
1.055216461965703445e+02 8.906057431174709826e-01 1.541866718930143376e+00 -2.476406128835896558e-02 8.074189492429681425e-02 -1.577356570297380745e-03
1.062595598063349627e+02 8.921517389500399631e-01 1.541960743694626546e+00 -2.715126046925603331e-02 7.365378184791337990e-02 1.092393066537809820e-02
1.069974734160995808e+02 8.900172182691286071e-01 1.538997811696750428e+00 -2.713039188766454279e-02 7.654176285119279610e-02 -1.252625014437208639e-04
1.077353870258641990e+02 8.897405787407672850e-01 1.536741591034889387e+00 -2.353892641667049146e-02 8.509348811110406530e-02 -8.281566811450993826e-03
1.084733006356288172e+02 8.894760219909911836e-01 1.540682996507721336e+00 -1.990369317019208273e-02 8.624557911520641662e-02 -6.154715941074695440e-03
1.092112142453934354e+02 8.868662909239196646e-01 1.534645389605078236e+00 -2.168488564191699275e-02 7.754660267853316635e-02 -1.059776661787474594e-02
1.099491278551580535e+02 8.908089609483206273e-01 1.538959054587133668e+00 -2.484735777123547873e-02 8.603881873850713347e-02 -1.491503972994008553e-02
1.106870414649226717e+02 8.863682617236036121e-01 1.549114289448082493e+00 -2.506668413690080199e-02 9.018527778591323152e-02 -1.610811409161420904e-02
