0.000000000000000000e+00 9.040554027432453621e-01 1.000000000000000000e+00 -3.901933229838612234e-04 -8.508883162105865261e-04 1.846804104679919747e-03
5.745905687940150441e-01 8.347742257635427654e-01 1.369979026812240264e+00 4.541011150264498940e-03 3.641319873699187110e-02 1.800388047134275984e-02
1.149181137588020540e+00 7.819525232950375049e-01 1.729318840246533595e+00 4.005320214092851668e-03 5.511138935352544177e-02 2.198471060055708082e-02
1.723771706382033919e+00 7.407183636406685645e-01 2.049711565840699024e+00 3.215433036986051121e-03 6.511164987666259729e-02 2.154304260724450304e-02
2.298362275176034419e+00 7.097886061419903525e-01 2.316044529792925299e+00 4.211533028509826387e-03 6.825589619097589822e-02 2.254533844029078457e-02
2.872952843970033143e+00 6.859679724213619822e-01 2.518743213720931351e+00 3.372580690842709450e-03 7.127422869432177566e-02 2.130427685275192509e-02
3.447543412771316707e+00 6.670003453422078676e-01 2.680666153815890684e+00 4.071930156270552568e-03 7.226227672649905565e-02 1.919574647848307572e-02
4.022133981575427342e+00 6.527939348663988062e-01 2.800356144952459658e+00 3.526892334194620549e-03 7.355934363346638971e-02 2.139200758363074203e-02
4.596724550379533980e+00 6.418242181475345420e-01 2.893047907482021674e+00 3.659955285290669453e-03 7.513322072794838269e-02 2.304919620006394207e-02
5.171315119183646836e+00 6.331146387502871731e-01 2.963729701901375080e+00 4.286503160821316001e-03 7.844535373009066392e-02 2.122165511575448138e-02
5.745905687987778343e+00 6.262154018479627604e-01 3.021492637926631364e+00 4.135036831920952186e-03 7.905562041948686891e-02 2.243923895176186400e-02
6.320496256791880541e+00 6.208143126400548217e-01 3.057169107958898291e+00 3.354562393312842967e-03 8.221895046307724220e-02 2.214687097378685229e-02
6.895086825595978297e+00 6.171132127211484963e-01 3.093307573528736309e+00 2.478149090042850149e-03 8.094636818988766580e-02 2.380438225760901985e-02
7.469677394400077830e+00 6.136344784735267011e-01 3.120310704039841898e+00 1.917644219621909884e-03 8.068064488697375414e-02 2.476137067025678887e-02
8.044267963204193350e+00 6.114375031605627786e-01 3.138453409996744270e+00 1.945613956712579501e-03 8.236562711361779254e-02 2.265411832544928297e-02
8.618858532008299989e+00 6.091100495355279421e-01 3.155606286754139234e+00 2.399642958923253744e-03 8.464460525108376265e-02 2.085348709182112750e-02
9.193449100812458141e+00 6.080315886867505570e-01 3.165638439768745371e+00 3.008600928024364116e-03 8.640542685243357557e-02 2.304884101643468394e-02
9.768039669616578990e+00 6.072784410657021681e-01 3.174154237051132199e+00 1.878429976305700383e-03 8.610517815842282097e-02 2.452154491144733009e-02
1.034263023842065543e+01 6.066137652006621250e-01 3.183911717662100127e+00 1.705557340694661625e-03 8.562760961887068423e-02 2.136795029796558290e-02
1.091722080722478871e+01 6.060896277681678823e-01 3.192198895365562894e+00 3.780438701143501879e-03 8.474050604666268083e-02 2.217411196222151062e-02
1.149181137602893443e+01 6.053337501388015296e-01 3.194254473996050780e+00 2.214469077047833984e-03 8.533894418921116054e-02 2.236877999380491866e-02
1.206640194483298067e+01 6.045283623621096059e-01 3.198199005862508049e+00 2.360300043680355411e-03 8.549723798429254007e-02 2.208230640962908012e-02
1.264099251360172893e+01 6.048779534498986976e-01 3.202053429082022618e+00 4.177692970506112317e-03 8.414983161537414880e-02 2.460078193719852924e-02
1.321558308236549983e+01 6.050657344443957086e-01 3.205970436900719367e+00 4.122463763491831211e-03 8.275927362329105197e-02 2.002798170917301571e-02
1.379017365112915350e+01 6.043330031462111895e-01 3.205189258273395847e+00 3.226496572857309036e-03 8.327042798813441560e-02 2.025387131642286676e-02
1.436476421989278762e+01 6.037751444463848038e-01 3.204047674876610685e+00 1.782835911576797312e-03 8.453975115518780337e-02 2.225897277628989535e-02
1.493935478865653899e+01 6.033282047188048836e-01 3.200580683304766527e+00 1.463616496820484324e-03 8.493674320335252437e-02 2.273636339311418605e-02
1.551394535742017311e+01 6.035015555255902608e-01 3.204598187454075653e+00 1.767184900667078231e-03 8.485494430709732139e-02 2.228934327049021322e-02
1.608853592618380901e+01 6.035482252572939021e-01 3.209371145768715738e+00 2.409103413400204372e-03 8.261734260737065016e-02 2.284337396545418897e-02
1.666312649494760478e+01 6.039091101618828672e-01 3.208076552579605778e+00 2.794581152801662791e-03 8.359148897946694357e-02 2.294997165246971671e-02
1.723771706371119805e+01 6.033634772015487036e-01 3.205557588140571124e+00 3.174114512273180921e-03 8.355448747299092094e-02 2.259712666211345644e-02
1.781230763247497251e+01 6.028032367361171318e-01 3.205675656362743542e+00 3.186437119912035893e-03 8.483487056175392782e-02 2.145896775405896698e-02
1.838689820123859420e+01 6.029223663084488649e-01 3.203628966320095639e+00 2.933665830456507178e-03 8.368991216130423905e-02 2.211877969546078779e-02
1.896148877000229760e+01 6.031140631162096311e-01 3.205634164293646560e+00 3.273175297205717631e-03 8.532151580639035782e-02 2.270611851384045018e-02
1.953607933876603298e+01 6.039915174734425962e-01 3.205939383833481759e+00 2.668124553674751029e-03 8.546445923072228112e-02 2.175807848411075163e-02
2.011066990752964756e+01 6.036701100742943860e-01 3.206736300880117074e+00 2.220642277074112020e-03 8.462415386255710270e-02 2.386972583020474659e-02
2.068526047629326570e+01 6.038306403284120494e-01 3.205956290747749460e+00 3.012937441243041924e-03 8.418787606218869346e-02 2.298078254356842112e-02
2.125985104505700463e+01 6.038651523742328830e-01 3.211074927009451851e+00 3.089741577391575539e-03 8.490808563940095699e-02 2.412555886162366658e-02
2.183444161382075777e+01 6.038189065749265394e-01 3.211064883900218714e+00 2.513240103318520758e-03 8.519043383226125588e-02 2.249466355365431491e-02
2.240903218258449670e+01 6.036417221475605110e-01 3.207942786039655658e+00 1.234360187409503165e-03 8.536985303840109729e-02 2.314823189993114871e-02
2.298362275134810773e+01 6.032801020138089942e-01 3.211675914117115394e+00 3.183383334295722747e-03 8.441242115595430640e-02 2.198419930323975216e-02
2.355821332011171165e+01 6.037503069082303941e-01 3.207875209144103845e+00 3.431107938047048972e-03 8.350504337003240851e-02 2.210760754089878891e-02
2.413280388887540440e+01 6.038301509887334939e-01 3.209482995699655117e+00 3.541364696134933088e-03 8.570426589857704780e-02 2.295802243401938100e-02
2.470739445769968157e+01 6.035044413084003079e-01 3.211037293616148869e+00 2.039800402731311007e-03 8.461845309394104564e-02 2.055033706449108794e-02
2.528198502654430158e+01 6.036435254949418239e-01 3.210253458410653238e+00 2.469138969021604773e-03 8.563253916758918616e-02 2.038968450263494922e-02
2.585657559538876882e+01 6.031265396813414448e-01 3.211385789400491131e+00 4.110916667978097364e-03 8.635947999298498878e-02 2.284351614699318619e-02
2.643116616423324672e+01 6.035024771190331538e-01 3.215390565920229538e+00 2.370629403903464025e-03 8.683421053493418917e-02 2.360596683087718903e-02
2.700575673307797331e+01 6.034727015493639435e-01 3.204769673007431319e+00 2.493599620967910328e-03 8.842140679257477764e-02 2.211579702440158446e-02
2.758034730192234463e+01 6.033318606776671977e-01 3.203292729607909006e+00 2.200049894175113221e-03 8.468128659049262152e-02 2.053227426952715026e-02
2.815493787076707832e+01 6.040635741151333393e-01 3.203983008997363768e+00 3.599667005075123018e-03 8.679527653058483061e-02 2.071331659679614273e-02
2.872952843961154556e+01 6.040848257224608053e-01 3.202155092696889138e+00 3.364478696555687001e-03 8.555394815723706137e-02 2.270771453053772523e-02
2.930411900845599149e+01 6.031796888012959101e-01 3.204439187635024666e+00 2.358222686572269619e-03 8.565692559464616052e-02 2.216099996150631968e-02
2.987870957730066834e+01 6.031973722260430826e-01 3.208229192826951959e+00 3.069432743122532236e-03 8.528352100917736822e-02 2.285209626806466998e-02
3.045330014614510361e+01 6.034821181830183345e-01 3.207253614065486147e+00 4.667958938020956745e-03 8.416978342459073559e-02 2.242711412975592275e-02
3.102789071498955309e+01 6.035952407355575922e-01 3.206199633388616022e+00 3.423361540302052430e-03 8.421115538596969652e-02 2.140761057056199054e-02
3.160248128383431165e+01 6.038063723388037429e-01 3.206715709827626437e+00 2.994005500821636870e-03 8.385266183113733451e-02 2.159652168343773049e-02
3.217707185267867942e+01 6.037307147461825618e-01 3.207518527001864683e+00 3.463824968971910417e-03 8.575954795023553456e-02 2.249987297860219296e-02
3.275166242152344154e+01 6.037046136007514496e-01 3.210280321389817004e+00 1.863284918339940975e-03 8.746303316558327878e-02 2.123045744703591295e-02
3.332625299036786970e+01 6.031556351206085465e-01 3.213542508173215406e+00 2.655076569265876762e-03 8.717050933954016700e-02 2.241488683740637880e-02
3.390084355921234049e+01 6.026492991449079462e-01 3.215560185923008962e+00 2.518556824543174977e-03 8.848132193614283159e-02 2.109792331599862070e-02
3.447543412805702445e+01 6.029907781448333726e-01 3.213080831593512432e+00 2.269349183673876388e-03 8.910568265308921321e-02 2.102351717860635391e-02
3.505002469690144551e+01 6.033080577613307849e-01 3.217956636159521988e+00 3.117644765207549813e-03 8.510286004699836593e-02 2.087476480428766476e-02
3.562461526574587367e+01 6.032273071080983540e-01 3.213107749788178591e+00 4.221758626477840892e-03 8.291889154397641404e-02 2.344545507221195910e-02
3.619920583459058605e+01 6.033852700178542472e-01 3.212356542384565472e+00 3.689116450315949123e-03 8.450848340209489440e-02 2.323690242779123671e-02
3.677379640343509948e+01 6.035968529076233269e-01 3.211962278901749457e+00 2.700714408485162255e-03 8.474041890178685144e-02 2.140537795833357196e-02
3.734838697227980475e+01 6.029662292328143991e-01 3.210196888899730094e+00 2.697584681179295094e-03 8.599509925138555666e-02 2.487951563523446361e-02
3.792297754112422581e+01 6.039151748942404030e-01 3.206325896626484706e+00 1.907124235023353919e-03 8.535577665361966659e-02 2.257144649266230527e-02
3.849756810996863976e+01 6.042401697055259646e-01 3.206010157716424391e+00 3.389685449242559306e-03 8.433514449698947812e-02 2.276565567751922745e-02
3.907215867881326687e+01 6.039889352112948195e-01 3.204694681842065407e+00 4.463288249628384954e-03 8.555643493936992972e-02 2.144696314814575899e-02
3.964674924765790820e+01 6.037410893299486325e-01 3.208204414911556057e+00 2.144211374900821792e-03 8.590628287227193571e-02 2.375851539004245408e-02
4.022133981650232926e+01 6.039782988965339827e-01 3.207879028612239392e+00 4.609775466437406044e-03 8.466906110200041191e-02 2.297576125166016572e-02
4.079593038534699900e+01 6.044450859155634515e-01 3.207815257905763051e+00 3.833852565938748128e-03 8.352114433687780892e-02 2.191781951170096443e-02
4.137052095419134901e+01 6.040093895517715250e-01 3.211092624727433176e+00 2.517352731096958191e-03 8.443024729380678439e-02 2.290467337088783473e-02
4.194511152303600454e+01 6.040934152744722452e-01 3.211221768776276075e+00 9.036697006720110364e-04 8.598505194739580748e-02 2.202719314315827390e-02
4.251970209188040428e+01 6.036162691170048333e-01 3.212352376882177563e+00 2.307796244220429883e-03 8.619583468122943293e-02 2.280524751161120897e-02
4.309429266072513087e+01 6.030545560988230802e-01 3.211351829245730372e+00 3.212374339629755788e-03 8.481089870724078938e-02 2.280359653920433979e-02
4.366888322956972246e+01 6.036916609174050041e-01 3.213888034947617101e+00 1.208937291011916810e-03 8.563172926797026074e-02 2.107876097781597249e-02
4.424347379841411509e+01 6.025182349067111920e-01 3.207179787444931041e+00 3.652321466831621576e-03 8.431638025690441074e-02 2.224850872653386102e-02
4.481806436725852194e+01 6.029543460704784863e-01 3.208794388950098053e+00 3.919664204349865809e-03 8.464475984692709787e-02 2.218248932812909649e-02
4.539265493610314905e+01 6.022994077741754548e-01 3.209052391620547340e+00 3.073899157536440652e-03 8.274481682056288034e-02 2.127564705773818399e-02
4.596724550494788275e+01 6.027011143043841113e-01 3.210483204873944896e+00 2.513691549502728231e-03 8.405109357317504248e-02 2.066585353044371812e-02
4.654183607379250986e+01 6.027251710590065814e-01 3.211904124427631402e+00 2.733979997746684848e-03 8.559331825511844183e-02 2.182443691616417492e-02
4.711642664263690250e+01 6.026048101800964840e-01 3.211428065078753225e+00 3.411180407311447792e-03 8.437658715859847058e-02 2.220708136321619675e-02
4.769101721148129513e+01 6.031930648500560821e-01 3.212755426263277148e+00 3.742170081118456962e-03 8.537626393672996528e-02 2.174115876767846942e-02
4.826560778032585119e+01 6.033104638865052216e-01 3.214004864709434361e+00 3.124742841784916309e-03 8.456699249556658138e-02 2.283755429405811763e-02
4.884019834908975355e+01 6.029915949780753071e-01 3.211068446833500900e+00 3.216082801454939188e-03 8.653211131070122353e-02 2.178844711575921370e-02
4.941478891777258298e+01 6.033564217215122705e-01 3.209756775381164662e+00 2.313226369596892412e-03 8.913307851348491184e-02 2.260621939104657738e-02
4.998937948645540530e+01 6.031345308363592617e-01 3.212519760613897546e+00 1.505849480720759500e-03 8.873372694521707016e-02 2.273742374145968845e-02
5.056397005513822052e+01 6.027069256420969356e-01 3.214537134069961777e+00 4.114207133951997865e-03 8.681937843356409001e-02 2.389549258163294401e-02
5.113856062382104994e+01 6.026634241551228621e-01 3.216343976423278850e+00 3.189643892640370293e-03 8.460258382830483648e-02 2.261108582906208239e-02
5.171315119250387937e+01 6.028194232491433935e-01 3.212613814611831042e+00 2.577205477420399602e-03 8.444267087850626519e-02 2.181129913407219012e-02
5.228774176118670169e+01 6.033068511447566840e-01 3.213818806738612199e+00 3.267954146249625255e-03 8.383652068812659508e-02 2.108659305922677696e-02
5.286233232986953112e+01 6.034650809307313679e-01 3.217093287666287438e+00 2.336324820374418004e-03 8.510357870190383978e-02 2.144940484888006871e-02
5.343692289855236055e+01 6.038536525567604896e-01 3.214014196708922189e+00 2.400558589501625584e-03 8.519690348793806933e-02 2.279500176981261172e-02
5.401151346723518287e+01 6.038426516777603004e-01 3.213761924846840312e+00 3.197035094968085026e-03 8.388733777243255474e-02 2.236129447817603380e-02
5.458610403591801230e+01 6.037547990629879013e-01 3.210926290581793907e+00 3.404407130724282013e-03 8.268016273873557420e-02 2.270545063567895941e-02
5.516069460460083462e+01 6.040343066281954609e-01 3.212381940722488949e+00 2.293596912299444499e-03 8.135242110171213292e-02 2.049681938835962169e-02
5.573528517328366405e+01 6.039778565306446190e-01 3.213509507367504625e+00 2.455234835014397186e-03 8.275330508976024013e-02 2.014509014536998432e-02
5.630987574196649348e+01 6.042157456024038753e-01 3.210819522285866423e+00 2.143844620195414340e-03 8.229105606922849925e-02 2.175493935107885093e-02
5.688446631064931580e+01 6.041614075813943607e-01 3.208706919071592889e+00 1.750382973406695505e-03 8.187784852742700792e-02 2.125584171661958413e-02
5.745905687933214523e+01 6.032219959739532067e-01 3.207181159765179146e+00 1.972860935545220611e-03 8.515708656187914727e-02 2.159108698170739138e-02
5.803364744801496755e+01 6.029767637288605542e-01 3.208500017515949043e+00 2.865920291100104624e-03 8.353173907088939920e-02 2.237788804217165708e-02
5.860823801669779698e+01 6.028602923475180342e-01 3.206871699985180513e+00 2.287900172952189292e-03 8.306802610328345438e-02 2.221497813930707610e-02
5.918282858538062641e+01 6.034365712735371146e-01 3.211877533731267054e+00 3.109559360574251034e-03 8.191583315450154390e-02 2.117497068662218748e-02
5.975741915406344873e+01 6.035333759400507425e-01 3.213969593828596150e+00 3.840378839067021353e-03 8.169717290113709396e-02 2.279421641113861877e-02
6.033200972274627816e+01 6.040260032806501478e-01 3.217131575390598908e+00 3.052760952118266456e-03 8.213096315436317629e-02 2.269755931741432309e-02
6.090660029142910048e+01 6.039771045119922688e-01 3.218346246159031754e+00 3.362090431784234539e-03 8.205459650075756783e-02 2.369012082962410060e-02
6.148119086011192991e+01 6.030522666552088351e-01 3.217496418453267726e+00 3.591184934435957734e-03 8.556285019177793660e-02 2.283270294879223214e-02
6.205578142879475934e+01 6.035307849804600888e-01 3.218080313194118247e+00 1.890001496105597452e-03 8.750321523101818599e-02 2.346824559337196137e-02
6.263037199747758166e+01 6.035381516591633577e-01 3.216623347937260124e+00 3.016561596061006611e-03 8.738452487047687622e-02 2.292932097519783871e-02
6.320496256616041109e+01 6.031358723723788673e-01 3.214316792214164220e+00 2.934117897724094690e-03 8.626074282786777569e-02 2.104682548710311643e-02
6.377955313484324051e+01 6.032925523413921187e-01 3.214257596924534610e+00 4.337299303624322054e-03 8.780705849237237237e-02 2.105601794851640410e-02
6.435414370352606284e+01 6.032444373167509255e-01 3.217503283641360401e+00 3.826706506146115502e-03 8.532671119277036864e-02 2.320546579094402359e-02
6.492873427220889937e+01 6.029043455888636327e-01 3.214434882280242434e+00 4.170725922616904009e-03 8.582665930095352558e-02 2.323409643268579614e-02
6.550332484089173590e+01 6.034277421265339392e-01 3.216145612721025504e+00 4.004952807259181367e-03 8.494212840108293638e-02 2.168776243243427868e-02
6.607791540957457244e+01 6.037606193493098017e-01 3.216214549082170304e+00 3.517009635688671167e-03 8.507523587523442565e-02 2.272732926730192116e-02
6.665250597825740897e+01 6.034750226606840906e-01 3.216878655071807813e+00 3.536748190124776314e-03 8.424958148113304013e-02 2.474080175432160147e-02
6.722709654694024550e+01 6.034749799752663346e-01 3.215920727687283431e+00 3.799035739533747694e-03 8.239593829014850435e-02 2.426757479555793906e-02
6.780168711562308204e+01 6.033654429026492627e-01 3.214325967597628786e+00 3.395331707860672552e-03 8.397120051797439533e-02 2.086154053380178883e-02
6.837627768430593278e+01 6.030487736759450046e-01 3.214599499579140929e+00 3.735707647987291432e-03 8.450654690540988778e-02 2.349656342056888683e-02
6.895086825298875510e+01 6.032442209180628456e-01 3.212382326445665015e+00 3.218828817614566729e-03 8.416327818060394261e-02 2.188368837326414365e-02
6.952545882167160585e+01 6.041864102655521984e-01 3.212088324513679982e+00 3.703079537163163088e-03 8.734452173997635238e-02 2.193224612646442126e-02
7.010004939035444238e+01 6.039668671270015388e-01 3.208269733759938180e+00 3.063679382702752876e-03 8.546493553764694662e-02 2.149754156842201280e-02
7.067463995903727891e+01 6.033577900450433074e-01 3.205496565020563349e+00 3.376471483618781553e-03 8.679076587685093103e-02 2.342657366105189987e-02
7.124923052772010124e+01 6.030770175747679485e-01 3.208910963897592783e+00 2.724579084484331833e-03 8.733153251254621718e-02 2.126497139332962291e-02
7.182382109640295198e+01 6.033140398552989669e-01 3.211379336512892646e+00 3.572406790300790714e-03 8.810230511205718873e-02 2.334331404741561700e-02
7.239841166508578851e+01 6.031465729187764913e-01 3.215677082374876150e+00 3.325259241716547066e-03 8.834432889825429014e-02 2.257409492500954060e-02
7.297300223376861084e+01 6.034739700883133828e-01 3.214953954808345671e+00 1.968673490593160925e-03 8.699003571623499520e-02 2.146783050766443504e-02
7.354759280245144737e+01 6.037211189160711644e-01 3.213670733318674255e+00 2.877112837734359125e-03 8.686359970023012356e-02 2.166427379402033337e-02
7.412218337113428390e+01 6.040426897078230439e-01 3.212384660262614489e+00 2.598033980582980292e-03 8.659078773654844963e-02 2.112599831021309479e-02
7.469677393981713465e+01 6.036133956306712900e-01 3.211320651777807456e+00 3.234609737087792546e-03 8.832825785002718089e-02 2.261460501930272551e-02
7.527136450849995697e+01 6.038635179933024011e-01 3.211179940451945214e+00 2.254709944174551183e-03 8.686779923759986588e-02 2.369123112710513554e-02
7.584595507718279350e+01 6.030927641543791795e-01 3.208939274796831054e+00 2.219068994253536094e-03 8.537246870972421686e-02 2.436076836465378426e-02
7.642054564586563004e+01 6.037224795143805167e-01 3.206718355797630426e+00 2.801423390033632929e-03 8.365544747331572772e-02 2.226265115858608659e-02
7.699513621454845236e+01 6.034897171379972614e-01 3.207694858130928139e+00 4.003873800461102590e-03 8.392982632521496511e-02 2.150538091423463347e-02
7.756972678323130310e+01 6.025989453949661678e-01 3.210042537225604065e+00 2.331002431374745807e-03 8.687520288546436709e-02 2.256458706115780158e-02
7.814431735191412542e+01 6.033340699095658399e-01 3.205787974267479967e+00 3.472359531579656110e-03 8.599748841993566650e-02 2.292656831312077370e-02
7.871890792059696196e+01 6.041257223875166060e-01 3.210205621828879696e+00 3.772714566516840746e-03 8.981336360687812437e-02 2.264320717541168371e-02
7.929349848927981270e+01 6.037757070764603329e-01 3.213845569642614919e+00 1.721685373029243488e-03 8.531622511648399854e-02 2.147401113601200839e-02
7.986808905796263502e+01 6.035741754709101903e-01 3.213148576933939182e+00 4.087140651643016848e-03 8.635515207634057722e-02 2.397875029657562176e-02
8.044267962664548577e+01 6.034023466615546782e-01 3.210055180537459751e+00 3.504963980652221148e-03 8.683499274505461496e-02 2.263382765811719488e-02
8.101727019532830809e+01 6.040135137484019534e-01 3.207716777915754935e+00 4.892800811592784398e-03 8.707336003448608308e-02 2.344080806763182423e-02
8.159186076401114462e+01 6.035604527206974712e-01 3.211744851440604176e+00 3.801943974681920579e-03 8.537289615032460366e-02 2.317987709294576718e-02
8.216645133269396695e+01 6.038932194623655159e-01 3.210811566423293240e+00 3.723915473569854289e-03 8.800416809895598991e-02 2.329932510844542892e-02
8.274104190137680348e+01 6.040989231940335769e-01 3.209677919319313677e+00 4.464528156876584365e-03 8.734800947200217769e-02 2.293174015230730126e-02
8.331563247005964001e+01 6.039127950556582025e-01 3.211931600355067307e+00 1.716499938238424255e-03 8.623990218957681975e-02 2.169319829132352814e-02
8.389022303874249076e+01 6.034372085755017601e-01 3.214431119018655636e+00 3.564637815192190935e-03 8.637024440934698566e-02 2.226912722278361415e-02
8.446481360742531308e+01 6.040318058327541761e-01 3.215084524204641525e+00 2.483873863417031171e-03 8.365107590552667283e-02 2.168214671893435933e-02
8.503940417610814961e+01 6.035528139870336428e-01 3.213759551168550832e+00 3.270577264714019574e-03 8.468195389139084039e-02 2.290511973614146532e-02
8.561399474479097194e+01 6.036597467931962280e-01 3.219438097595999082e+00 2.474896856786477570e-03 8.532622358132735396e-02 2.250834166073069700e-02
8.618858531347380847e+01 6.028672736585756198e-01 3.219057891460971543e+00 2.647905357618160222e-03 8.612407010844325139e-02 2.364832477680005318e-02
