0.000000000000000000e+00 1.504357202090103485e+00 1.000000000000000000e+00 1.842615043606252645e-03 -6.030491810558947022e-04 -2.908484955744645561e-03
1.382877286924699967e-01 1.364122947668442443e+00 1.163811137019585829e+00 4.419300733694103006e-03 4.872802079643435980e-02 3.137437173560270187e-02
2.760245102586726396e-01 1.253844316584675322e+00 1.340852543460709034e+00 5.613030906496613640e-03 8.717874661338162467e-02 5.393283026302968242e-02
4.137612918248751992e-01 1.168656522261035446e+00 1.521397794593558617e+00 8.381540739916298194e-03 1.095632598152191106e-01 6.393996588835296202e-02
5.514980733910793687e-01 1.104867893041316051e+00 1.712384836836266633e+00 7.323844629264678920e-03 1.264589604556580205e-01 6.723804859031771997e-02
6.892348549572804295e-01 1.056335113260579828e+00 1.908051284087272093e+00 6.189052342095095749e-03 1.372300530293183440e-01 7.034394257507656234e-02
8.269716365234851541e-01 1.017043359964654448e+00 2.105981360767683164e+00 5.872130923034176581e-03 1.516469476135551553e-01 7.622441464751328333e-02
9.647084180897034233e-01 9.890231588954672137e-01 2.310877845773709360e+00 7.011845093029878129e-03 1.528404318294304398e-01 7.477752797771276827e-02
1.101894252529661333e+00 9.692182941301700216e-01 2.513915056571629503e+00 9.406050811943829013e-03 1.607396445672726049e-01 7.247989885796780885e-02
1.239631034095890705e+00 9.540469516651394200e-01 2.715127352073128719e+00 8.446426388570975677e-03 1.623114957004557768e-01 6.959412484866311921e-02
1.377367815662117190e+00 9.427064750100797585e-01 2.913213727797250296e+00 1.042840812153592207e-02 1.654712834126701448e-01 6.812610936505468506e-02
1.515104597228345007e+00 9.350850922296640721e-01 3.099000772727031894e+00 1.047986188469362569e-02 1.690131611607481044e-01 6.297462733902040033e-02
1.652841378794570382e+00 9.300011336528554162e-01 3.277269695468854493e+00 9.615017112709360950e-03 1.678984399983745601e-01 5.687820996633081300e-02
1.790578160360791982e+00 9.272775295787333283e-01 3.438759101300045362e+00 1.169692792467933069e-02 1.697577883848093439e-01 5.671753515880761931e-02
1.928314941926972503e+00 9.260111005135183149e-01 3.601666328305316522e+00 1.443128902040175660e-02 1.728874336864636430e-01 5.685645983789777008e-02
2.066051723493142145e+00 9.252830760444766822e-01 3.759497113435691595e+00 1.636605287120548174e-02 1.717296595281833094e-01 5.342982394245689853e-02
2.203788505059321334e+00 9.270641347512574848e-01 3.909673244546266080e+00 1.657840023124100906e-02 1.775835663572913892e-01 4.839110067797399578e-02
2.341525286625498303e+00 9.322957339574085012e-01 4.060997230791449475e+00 1.755846532650251826e-02 1.831091354203758237e-01 4.598611331173570183e-02
2.479813015317947844e+00 9.360102429869123775e-01 4.188187088301338790e+00 1.695842689999824821e-02 1.839459764523664331e-01 4.160461760122480257e-02
2.617549796884129698e+00 9.392570421904031797e-01 4.300889807325072312e+00 1.803329939422266756e-02 1.872471295527861623e-01 3.856963593186763656e-02
2.755286578450295565e+00 9.431601508586989757e-01 4.397288273086840782e+00 2.148790150853482558e-02 1.858365391322513716e-01 3.856415636167959127e-02
2.893023360016481416e+00 9.472411367872201060e-01 4.490071233628613712e+00 2.415415859287024097e-02 1.857649135061310297e-01 4.191489496191734554e-02
3.030760141582655276e+00 9.525818927741221964e-01 4.575233159631852509e+00 2.510204819036208207e-02 1.936294506153652117e-01 3.931237605157100745e-02
3.168496923148840239e+00 9.561359448041034659e-01 4.643517827774140905e+00 2.740452479931196339e-02 1.919367755448862789e-01 4.002630639240226107e-02
3.306233704715013655e+00 9.593518888176129078e-01 4.697862667366309530e+00 2.787639770830034613e-02 1.945934463657650326e-01 3.618601716924335632e-02
3.443970486281203058e+00 9.625251995930367288e-01 4.759698101236873313e+00 2.819908783585069190e-02 1.993876640963390401e-01 3.542926144990281301e-02
3.581707267847420884e+00 9.649113763543454292e-01 4.797339191022242488e+00 2.867984416538532297e-02 2.011311814047964941e-01 3.244293593515343299e-02
3.719444049413683562e+00 9.696974878573845213e-01 4.846193973902375163e+00 2.943532458007848407e-02 2.015715184485259437e-01 3.310340843017586798e-02
3.857180830979971553e+00 9.723964719183290084e-01 4.881479377203736369e+00 2.927567762827865128e-02 2.051738660807712611e-01 3.177423708886354531e-02
3.994366665419968321e+00 9.771478005563040137e-01 4.924531231023503430e+00 2.966039829023136773e-02 2.044112851206093817e-01 3.088027912219585072e-02
4.132103446986257644e+00 9.794812367224295935e-01 4.936280336941628377e+00 3.153616637776825854e-02 2.076587677485117189e-01 3.055889405886740365e-02
4.269840228552527428e+00 9.828487174922387881e-01 4.959320057995003417e+00 3.391719660236813122e-02 2.096946020357183804e-01 3.640305528716934053e-02
4.407577010118794547e+00 9.848133157472976906e-01 4.969475187334122523e+00 3.513596103903941087e-02 2.134230538792617760e-01 3.744372452934149886e-02
4.545313791685085647e+00 9.866708960536317852e-01 4.985664894835928784e+00 3.561569305049477885e-02 2.144013083073713632e-01 3.260058013109472241e-02
4.683050573251349213e+00 9.888571399388340621e-01 4.990374730788365909e+00 4.045059289640023925e-02 2.172543963711145998e-01 3.300967023624673535e-02
4.820787354817636761e+00 9.906907903968220630e-01 4.997244066216378400e+00 3.798361339778079382e-02 2.226074524618420480e-01 2.959094078077726883e-02
4.958524136383907432e+00 9.935945295287240686e-01 5.013696604959138270e+00 4.084615714962851196e-02 2.282697301545448532e-01 3.118308035103242379e-02
5.096260917950178992e+00 9.933894552175137616e-01 5.013249606608678910e+00 4.295232542179917151e-02 2.291696191352461665e-01 2.933089249164363629e-02
5.233997699516458546e+00 9.947045757058516902e-01 5.018537634519155688e+00 3.967086282143382492e-02 2.312017823095680602e-01 2.966587993271240301e-02
5.371734481082731882e+00 9.936574723980753365e-01 5.009063547339056122e+00 4.141508649857042479e-02 2.363197197643961134e-01 3.020550446362245747e-02
5.509471262649022094e+00 9.956457161805265521e-01 5.031074904292573535e+00 4.035613026534309866e-02 2.338499544001529651e-01 2.820168965220150661e-02
5.647208044215296319e+00 9.957225751961377158e-01 5.023728958651175525e+00 4.039383054167180326e-02 2.323561683913531462e-01 2.479032764324920479e-02
5.784944825781551891e+00 9.972177054362525439e-01 5.034055854889921910e+00 4.165113355569660669e-02 2.336335630408470365e-01 2.437814287794632870e-02
5.922681607347846544e+00 9.975795957538434733e-01 5.031829835807887008e+00 4.151613426317829481e-02 2.398629805413975968e-01 2.562218474990539396e-02
6.060418388914123433e+00 9.973663406657680142e-01 5.017779098546514938e+00 4.118379894590862983e-02 2.369290489887225792e-01 2.856214665718938631e-02
6.198155170480387888e+00 9.993488874551925694e-01 5.026774542752557196e+00 4.064993061878841019e-02 2.379118397077111535e-01 2.654665356649368174e-02
6.335891952046665665e+00 9.991548489872503769e-01 5.017376679926051075e+00 3.980744065878292354e-02 2.271285535693395863e-01 2.824595333370747557e-02
6.473628733612961206e+00 9.991863916602666817e-01 5.009067373962016845e+00 4.135437026057746379e-02 2.305740148091276198e-01 3.181100610999000600e-02
6.611365515179210561e+00 9.984364189636817377e-01 5.008212164383754050e+00 3.826644825865582050e-02 2.353095162026490328e-01 2.823508303974455250e-02
6.749102296745489227e+00 9.978597517996870003e-01 5.002984008966476992e+00 3.936164505218993359e-02 2.318995122871067016e-01 2.847244930523195119e-02
6.886839078311782103e+00 9.978709656928895777e-01 5.001244626642701974e+00 4.065280181426412370e-02 2.335269990410270557e-01 2.682951721147903285e-02
7.024575859878062545e+00 9.985345768002339417e-01 4.999539189680515250e+00 3.712585187136140802e-02 2.301242845917866597e-01 2.994590243011915204e-02
7.162312641444176009e+00 9.979705831563843166e-01 4.991106671555963992e+00 3.966906655016888550e-02 2.344442422668349124e-01 2.960635582227601897e-02
7.300049423010234406e+00 9.991307821436418157e-01 4.988579821623877919e+00 3.967695779188296079e-02 2.255464901975102465e-01 3.625075150096405269e-02
7.437786204576316784e+00 9.980622631824904722e-01 4.991626354539114629e+00 4.059088126489941023e-02 2.265245843875645093e-01 3.628339209207079308e-02
7.575522986142414261e+00 9.987657574146914241e-01 4.998425031848920952e+00 4.149800542283211408e-02 2.277321161530180271e-01 3.061819112572726834e-02
7.713259767708499304e+00 9.987387811895640510e-01 4.997751521368817507e+00 4.074736943020990793e-02 2.317672192872580195e-01 2.903446799803482622e-02
7.850996549274555036e+00 9.982207988478867255e-01 4.998881778769881379e+00 4.037391391489300596e-02 2.340420644522619442e-01 2.848897001255593781e-02
7.988733330840638303e+00 9.999158375351723249e-01 5.014481154234564642e+00 3.844585873068555315e-02 2.338176260810126139e-01 3.310443235949873941e-02
8.126470112406735780e+00 9.997488073889196913e-01 5.015912091847938292e+00 3.893129167282937536e-02 2.292381358654318191e-01 3.437572124354414810e-02
8.264206893972822598e+00 1.001028691808414806e+00 5.018116454574737872e+00 4.048722703045307125e-02 2.244796433377047595e-01 3.382141109530653611e-02
8.401943675538875667e+00 9.996361591646819589e-01 5.013056768358646664e+00 3.924809932962654985e-02 2.244835765013592499e-01 3.345387661502886856e-02
8.539680457104960709e+00 9.983729637612547281e-01 4.995484896201240588e+00 4.164894837312545922e-02 2.277765630404102459e-01 3.020332287755637252e-02
8.677417238671058186e+00 1.000449263519858745e+00 5.020869128699041894e+00 4.037668196413852356e-02 2.312040308646399756e-01 2.874673027924821989e-02
8.815704967363418021e+00 1.001189899413553963e+00 5.026178654306764138e+00 4.154362336309622844e-02 2.350008997820239587e-01 2.635660721710919238e-02
8.953441748929467536e+00 9.999283403829040129e-01 5.016152889405471882e+00 4.130520804033597365e-02 2.325117729568197955e-01 2.972553514854804277e-02
9.091178530495554355e+00 1.000587535910199222e+00 5.029064524163509908e+00 3.890070818074133768e-02 2.352989325840527390e-01 3.157665721726577585e-02
9.228915312061650056e+00 9.996030908255395531e-01 5.023624436182469566e+00 4.062452433927017659e-02 2.271174337173212932e-01 3.676035284619217497e-02
9.366652093627740427e+00 9.993717171478447847e-01 5.020655563617937744e+00 4.189499695989182954e-02 2.345596222254841545e-01 3.328400327659606500e-02
9.504388875193788166e+00 9.991573468441530270e-01 5.017982940333412856e+00 4.182955898572324194e-02 2.385100748415449334e-01 3.430519693767582201e-02
9.642125656759882091e+00 1.000586757024766849e+00 5.018733482434906357e+00 4.305784217549791376e-02 2.366940906745526318e-01 3.269647203770359445e-02
9.779862438325972462e+00 9.999990461043440915e-01 5.008801650624361557e+00 4.230718951219998580e-02 2.355655355722985900e-01 3.418026107857855683e-02
9.917599219892055729e+00 9.995251893363232831e-01 5.003348732506446517e+00 4.291991145289653781e-02 2.261035741542083144e-01 3.674976144696028707e-02
1.005533600145811768e+01 1.001215950862133885e+00 5.017455957230350982e+00 4.228177725637029261e-02 2.261908076672105861e-01 3.714899586503454115e-02
1.019307278302419739e+01 1.001447800424129175e+00 5.011120040723757718e+00 4.616782617148884604e-02 2.233156351570469711e-01 3.819591649395506078e-02
1.033080956459028243e+01 1.001544693398055408e+00 5.018629241648262962e+00 4.381225032137386899e-02 2.281642188843964469e-01 3.840142430747450070e-02
1.046854634615638524e+01 1.000299042063519606e+00 5.010230046460082853e+00 4.516589796976326621e-02 2.235185075334652216e-01 4.035987520653829680e-02
1.060628312772243120e+01 9.994877258162873090e-01 5.001035527428778771e+00 4.417557144305764294e-02 2.207630347036419749e-01 4.067693422394064867e-02
1.074401990928853401e+01 9.986007209366687398e-01 4.994833687598808858e+00 4.326845996423472895e-02 2.227308608225734288e-01 3.468253001598700647e-02
1.088175669085461905e+01 9.992810542301430177e-01 4.999764530905353332e+00 4.068885499393103816e-02 2.215627924339410582e-01 3.276849730819605261e-02
1.101949347242069166e+01 9.988756668642631009e-01 5.009042648088235516e+00 4.113165872189081945e-02 2.246031944539798597e-01 3.510143544569501589e-02
1.115723025398676960e+01 9.985863241755930098e-01 5.002119128517700908e+00 3.957777088975734242e-02 2.271285045741039677e-01 3.042085622789127142e-02
1.129496703555284043e+01 1.000370381997001790e+00 5.014868672903094904e+00 4.030252372930157034e-02 2.239963425023809296e-01 3.132061024373239411e-02
1.143270381711891837e+01 1.001175620398526922e+00 5.019516617821079940e+00 4.143628553071927734e-02 2.252145004237945947e-01 3.459997287273965105e-02
1.157044059868503005e+01 1.001540633496394550e+00 5.016483670201952627e+00 4.260972536260524551e-02 2.175352679477391138e-01 3.734261035432283327e-02
1.170817738025107069e+01 1.000630172789216843e+00 5.010990698177369751e+00 4.245328824386675887e-02 2.242251588613979052e-01 3.607078614852143872e-02
1.184591416181718415e+01 9.993722166952362373e-01 5.005095097636168333e+00 4.426648938938525235e-02 2.238050547213211172e-01 3.574401776832726585e-02
1.198365094338326209e+01 1.000230143148074458e+00 5.010092595081946598e+00 4.174040916009928021e-02 2.158167582456177180e-01 3.330470859988699656e-02
1.212138772494932759e+01 9.983879160120887608e-01 4.991385594272081505e+00 4.208039869597388072e-02 2.230112489819963961e-01 3.174144896592306225e-02
1.225912450651541974e+01 9.986616423700814815e-01 4.995031887046797792e+00 3.929649389548148242e-02 2.251918825067515395e-01 3.046682726251675327e-02
1.239686128808148347e+01 9.979403965818207656e-01 4.987278074241617176e+00 4.320279895452672908e-02 2.288124331222676777e-01 3.137390835129650474e-02
1.253459806964755607e+01 9.976417496916898386e-01 4.981503125862052350e+00 4.131569677418931580e-02 2.297502577687035585e-01 3.188731339582185492e-02
1.267233485121367487e+01 9.977247376531062084e-01 4.986618502072840187e+00 4.026272192253523008e-02 2.322393274685456144e-01 3.465981152162066897e-02
1.281007163277971372e+01 9.981269218215159666e-01 4.984552126912693559e+00 3.960295075114306229e-02 2.363076642681276596e-01 3.373376300311946990e-02
1.294780841434583607e+01 9.987774506342730341e-01 4.992559026215701579e+00 3.918707804829633240e-02 2.362425009913025897e-01 3.570859410758225883e-02
1.308554519591190513e+01 1.000301562987414128e+00 4.998616132071539653e+00 4.185594122626569435e-02 2.398543019603636972e-01 3.885191351232428897e-02
1.322328197747796708e+01 1.001381745294465553e+00 5.010635791438939890e+00 4.416098230743255304e-02 2.347437428131720072e-01 4.154227957625881290e-02
1.336101875904406633e+01 1.000216541848129470e+00 5.005987664315323826e+00 4.437723711365974127e-02 2.299818949554860159e-01 4.123438461837190122e-02
1.349875554061012828e+01 1.002054805898071388e+00 5.018119231382757839e+00 4.376023427233098617e-02 2.304531729431941178e-01 3.726918367172264712e-02
1.363649232217619378e+01 1.001604713676422342e+00 5.029923087531623871e+00 4.133997431211527962e-02 2.219602594944237173e-01 3.718117326204071343e-02
1.377422910374232146e+01 1.001896276690276366e+00 5.023772370749627569e+00 4.216916028047319742e-02 2.274887650151588003e-01 3.320560823488270807e-02
1.391196588530835676e+01 1.001822802953675984e+00 5.016404864292488774e+00 3.940282214877040279e-02 2.235377520676999907e-01 3.495761946990583874e-02
1.404970266687448444e+01 1.002015268328807052e+00 5.014182538102875064e+00 3.973941105427807041e-02 2.220644946837755651e-01 3.509155690452003123e-02
1.418743944844054994e+01 1.000847152878603152e+00 5.003592737979538185e+00 4.184228348538420600e-02 2.173589573584948087e-01 3.247447317337983502e-02
1.432517623000660478e+01 1.001873291327102677e+00 5.010963411629749231e+00 4.197457084708986624e-02 2.198322642709534258e-01 2.789003411932813176e-02
1.446291301157271469e+01 1.002417374828314056e+00 5.014301365807139810e+00 4.174878491118870494e-02 2.174989704964168935e-01 3.036752400543455549e-02
1.460064979313877309e+01 1.003040346406647076e+00 5.037713545863576670e+00 4.218164930455039346e-02 2.225542959687369649e-01 3.279262832075795914e-02
1.473838657470483504e+01 1.003314884318738054e+00 5.039871537694861736e+00 4.085714696598339440e-02 2.254355859570482401e-01 3.235190253968040636e-02
1.487612335627096805e+01 1.001064177339922256e+00 5.024994838406141362e+00 4.207624153341477102e-02 2.224368236744233285e-01 3.694582875457531196e-02
1.501386013783699802e+01 9.993427428451232553e-01 5.001183057939240229e+00 4.195839624181960797e-02 2.215783977122960380e-01 3.602946619275933932e-02
1.515159691940313280e+01 9.990526784790487724e-01 4.990838359205220343e+00 4.360736590713722854e-02 2.226457685853907853e-01 3.608177564684899447e-02
1.528933370096919298e+01 1.000553208701161267e+00 4.996567086148008485e+00 4.309282111581727581e-02 2.205186375153882494e-01 3.916552002625946910e-02
1.542707048253524604e+01 1.000924561494701326e+00 5.001485972134906532e+00 4.311991218945977755e-02 2.216317606880165714e-01 3.427112765460452876e-02
1.556480726410136128e+01 9.991652231350411917e-01 4.987475006105900555e+00 4.230482263608317806e-02 2.208721132215943073e-01 3.342718756382809936e-02
1.570254404566741613e+01 9.994956238447124663e-01 4.992007430456746775e+00 4.008571815140344469e-02 2.295066542124834241e-01 3.619345900566953156e-02
1.584028082723347097e+01 1.000403864192243475e+00 4.990248857305133789e+00 4.121624927972951380e-02 2.294291418497303725e-01 3.353685481453436840e-02
1.597801760879961108e+01 9.990113356235073017e-01 4.995605116790732048e+00 4.157250044686972706e-02 2.283524402370476492e-01 3.301091361040055239e-02
1.611575439036564106e+01 9.991142733221947125e-01 5.001272756667078490e+00 4.150893553078223441e-02 2.247320522024560951e-01 3.218363196599109688e-02
1.625349117193178117e+01 9.988509132072744823e-01 5.006761855709845221e+00 4.418910700887586362e-02 2.174183833010386868e-01 3.124808397954974629e-02
1.639122795349783601e+01 9.982427479194695419e-01 5.006194334862559714e+00 4.353304959642625288e-02 2.230326752344347352e-01 3.618736174969003350e-02
1.652896473506388730e+01 9.983207222829316718e-01 5.001994096947898427e+00 4.349634496918242804e-02 2.232935689767102938e-01 3.574042410510825524e-02
1.666670151663000610e+01 9.984339488123250561e-01 5.004751717154912960e+00 4.432516164846713597e-02 2.249897327257743829e-01 3.334045761153735243e-02
1.680443829819606094e+01 9.990212425566643573e-01 5.003561020730278308e+00 4.277068331181343303e-02 2.294765371636418305e-01 3.722748937068930813e-02
1.694217507976211223e+01 1.000019076323329648e+00 5.010594658833242399e+00 4.212080758134659209e-02 2.338697179564534490e-01 3.943790156151054382e-02
1.707991186132825590e+01 9.998092956974531376e-01 5.017721926625416273e+00 4.163514227503620213e-02 2.320662170344496011e-01 3.498982170284828386e-02
1.721764864289428587e+01 9.997894014331976109e-01 5.002608488894107808e+00 4.093784097536654065e-02 2.268825505997144332e-01 3.323332183654187366e-02
1.735538542446042598e+01 1.000473104775654321e+00 5.004250941745449488e+00 4.053630518568379637e-02 2.298458361393017901e-01 3.342523427686026199e-02
1.749312220602648082e+01 1.000556730389945415e+00 4.989799882094632544e+00 4.237603301460642069e-02 2.296969822549007612e-01 3.118476268800957768e-02
1.763085898759252856e+01 9.990328654020416144e-01 4.972712929345638244e+00 4.292693538592565888e-02 2.267669926692604809e-01 3.241114508140003486e-02
1.776859576915865446e+01 9.995859815287423400e-01 4.984662660092038067e+00 4.302017691984863501e-02 2.305531195616080664e-01 3.168139109217515265e-02
1.790633255072470220e+01 9.977500515419638338e-01 4.980077242825659667e+00 4.166156796998665007e-02 2.297321914625783945e-01 3.049338677495870911e-02
1.804406933229075349e+01 9.990314723399392749e-01 4.980584491798404123e+00 4.186391588700605348e-02 2.225858902540209516e-01 3.109800740563921362e-02
1.818180611385689716e+01 9.992827117379118329e-01 4.977487015729197495e+00 4.145070300050176376e-02 2.312755313629951404e-01 3.327390326753360689e-02
1.831954289542292713e+01 9.986380656009899992e-01 4.980278702014549808e+00 4.026695649145084488e-02 2.221408569084144802e-01 3.603026936764845700e-02
1.845727967698907435e+01 9.988006623830423258e-01 4.988567485022500136e+00 4.011674257236236274e-02 2.183659819539373603e-01 3.542355200623965167e-02
1.859501645855511853e+01 9.975235495333184543e-01 4.980971117303552909e+00 4.144058289492860009e-02 2.133097414144701776e-01 3.565798681088563210e-02
1.873275324012117338e+01 9.997896667648833446e-01 4.997101594259793167e+00 4.179102336096249953e-02 2.162565265503814116e-01 3.351212633543447506e-02
1.887049002168729572e+01 9.998233175341325607e-01 5.001060300112524004e+00 4.243998581783559737e-02 2.187013382046690824e-01 3.025762149156869391e-02
1.900822680325335412e+01 9.991575568257001771e-01 4.991311952381003891e+00 4.297212484036820601e-02 2.224147786294806417e-01 3.156286197838545360e-02
1.914596358481939120e+01 9.991397125505018240e-01 4.978991150569641810e+00 4.183779782856781454e-02 2.203228500064475792e-01 3.536338773358672222e-02
1.928370036638554197e+01 9.991492874901375387e-01 4.991494967270293515e+00 4.032774323331850957e-02 2.215501732183736971e-01 3.248946919319800619e-02
1.942143714795158616e+01 9.998689150672781523e-01 4.999332573523425971e+00 4.083912088195654905e-02 2.221886519680935368e-01 3.344260826682896731e-02
1.955917392951770495e+01 1.000597357052913194e+00 5.004700072065484839e+00 4.335927222518403540e-02 2.255514044245795491e-01 3.250239983270149235e-02
1.969691071108376690e+01 1.002305483347454063e+00 5.015487647438942709e+00 4.086634917898609998e-02 2.247614165462488156e-01 3.347681711724984771e-02
1.983464749264982885e+01 1.003758604620251349e+00 5.011799873227288593e+00 4.124424626632739593e-02 2.249178337689254625e-01 3.336692808794458620e-02
1.997238427421592633e+01 1.002976272081394171e+00 5.011242058729060922e+00 3.995996644410518273e-02 2.219775471538828482e-01 3.180706952111333335e-02
2.011012105578198828e+01 1.003583104080188582e+00 5.005337410365496176e+00 3.633147035449834500e-02 2.198930188359904669e-01 3.377272389836794703e-02
2.024785783734805378e+01 1.003074692778923582e+00 5.006909773595625168e+00 3.799642405764441788e-02 2.287691311781805681e-01 3.172379360985501384e-02
2.038559461891415836e+01 1.001951797778701136e+00 4.982814026235964810e+00 4.054687848834634400e-02 2.217217945348928798e-01 3.159460060388751684e-02
2.052333140048021676e+01 1.001805589492289483e+00 4.984070745183086792e+00 4.265582076059297456e-02 2.230889235255780478e-01 3.572503250677690201e-02
2.066106818204636397e+01 1.002092939506460834e+00 4.994914876073053733e+00 4.390437081749157255e-02 2.318170833900843053e-01 3.665292660867645880e-02
2.079880496361238684e+01 9.989175819604139139e-01 4.976567063845656058e+00 4.388186087606987806e-02 2.270624930543316544e-01 3.803712439374010157e-02
2.093654174517845590e+01 9.989511353636639779e-01 4.971412622794782799e+00 4.180614341790651195e-02 2.310922490675606511e-01 3.663614289431719323e-02
2.107427852674458890e+01 9.987465944720557154e-01 4.977388146643709987e+00 4.015766098404123519e-02 2.348436452184002043e-01 3.426927091937503195e-02
2.121201530831066151e+01 9.975341736669995907e-01 4.969869532568908177e+00 4.075502603366991383e-02 2.256134584001091292e-01 3.728170749322019112e-02
2.134975208987667727e+01 9.970932106576084752e-01 4.967077255895667953e+00 4.225095268038337598e-02 2.302642238266360275e-01 3.602850477238565829e-02
2.148748887144282804e+01 9.969170577123844801e-01 4.971611958991204006e+00 4.171927861918962865e-02 2.300972417203728804e-01 3.444344886570569614e-02
2.162522565300888644e+01 9.969954976358503806e-01 4.969614210009060784e+00 4.125166706792546267e-02 2.260719758758415188e-01 3.786599023249284657e-02
2.176296243457497681e+01 9.981350255917804670e-01 4.975854652576795267e+00 4.182995487056762052e-02 2.227394580477678743e-01 3.795944878837573949e-02
2.190069921614105297e+01 9.997416371545151392e-01 4.989725278854240109e+00 4.157358784553611547e-02 2.267580061581953299e-01 3.326971362218691247e-02
2.203843599770713269e+01 9.994676039866664530e-01 4.978859534110617879e+00 4.208910733565152107e-02 2.249894274673479022e-01 3.339606172639917464e-02
2.217617277927319819e+01 9.988378462123156387e-01 4.983089341893257362e+00 4.079141769956942665e-02 2.239721123099349398e-01 3.217573450724263429e-02
2.231390956083927790e+01 9.984879727958556606e-01 4.973627708343117071e+00 3.827806619670337529e-02 2.247039085719832463e-01 3.178336735433472116e-02
2.245164634240535406e+01 9.977917512376160980e-01 4.970520214785994817e+00 3.809176350659778526e-02 2.274318168089733971e-01 2.984513778972373854e-02
2.258938312397143022e+01 9.970413109860877254e-01 4.969858537470935644e+00 3.748023152633474936e-02 2.241279079782596273e-01 3.099023533805193853e-02
2.272711990553749928e+01 9.961699648735261592e-01 4.960652813599866207e+00 3.891039889980949656e-02 2.182332713594648255e-01 3.378307546902303143e-02
2.286485668710365360e+01 9.948649091113055398e-01 4.951036257443622191e+00 3.935903104040243405e-02 2.201050759370359600e-01 3.576781768312006782e-02
2.300259346866965515e+01 9.967179630697213799e-01 4.959895237755654662e+00 4.043277993452454311e-02 2.219235770657893292e-01 3.269204466901697026e-02
2.314033025023573842e+01 9.956425277444471700e-01 4.949676569819250638e+00 4.138366226979662416e-02 2.217642942671110562e-01 3.296196687315115087e-02
2.327806703180188208e+01 9.937640726806055147e-01 4.943282920841688188e+00 4.182636248746065405e-02 2.234051288591150930e-01 3.409394742425078673e-02
2.341580381336796535e+01 9.944348915743554951e-01 4.955226089504746412e+00 4.137508853221619903e-02 2.262174764209108346e-01 3.564399369343582147e-02
2.355354059493395980e+01 9.947811618554109891e-01 4.970404261916828048e+00 4.351691824466748237e-02 2.248760224818968090e-01 3.272029970959960260e-02
2.369127737650011412e+01 9.952616294416095633e-01 4.975022397354923243e+00 4.367766904804581268e-02 2.243648060307505687e-01 3.280532893426092028e-02
2.382901415806619028e+01 9.954755461485962353e-01 4.974804621402248550e+00 4.410059395304535834e-02 2.219788232396042726e-01 3.194994822868021250e-02
2.396675093963225578e+01 9.972335833849060860e-01 4.988106872700760697e+00 4.331513184977942715e-02 2.271500664417893944e-01 2.804663063805167000e-02
2.410448772119834260e+01 9.977364431229838182e-01 4.983900546145632937e+00 4.417095411894161883e-02 2.242041041485024200e-01 2.894549929860387727e-02
2.424222450276442942e+01 9.966184018385845222e-01 4.974096787049171908e+00 4.323010409635341667e-02 2.208111252838806937e-01 2.965532347017162118e-02
2.437996128433047360e+01 9.981159674362195533e-01 4.973185504711219451e+00 4.177133611256905743e-02 2.233752081712831739e-01 3.060527141817608737e-02
2.451769806589656397e+01 9.981830182072334301e-01 4.970537965403027059e+00 4.151277658632277628e-02 2.263885965842627468e-01 3.170976013276905620e-02
2.465543484746265435e+01 9.987227730751039312e-01 4.970607091211975082e+00 4.184403328514821330e-02 2.240737951951984330e-01 3.154270351411125883e-02
2.479317162902870919e+01 1.000202954964807045e+00 4.984953482236828215e+00 4.040111565952875239e-02 2.243317210370615322e-01 3.492562807391082907e-02
2.493090841059478535e+01 1.001126562395732167e+00 5.003281655366357938e+00 3.864488468202205429e-02 2.163014557619718781e-01 3.715904973581494325e-02
2.506864519216094322e+01 1.001067555110865204e+00 5.004419124783796136e+00 3.796913721920806145e-02 2.226068352132355987e-01 3.020975409150186697e-02
2.520638197372692701e+01 1.002435913410785862e+00 5.009108818628745574e+00 3.771220665537566852e-02 2.231478717301254855e-01 2.890440184491357978e-02
2.534411875529302094e+01 1.003162819862484900e+00 5.000785531113299598e+00 4.069862691393925924e-02 2.266334554742333307e-01 2.867840069966952690e-02
2.548185553685917171e+01 1.001358002553851767e+00 4.988480667759246145e+00 4.154114143291873229e-02 2.313465180562168655e-01 2.899258588446175164e-02
2.561959231842526208e+01 1.000136723018133056e+00 4.974494958370299535e+00 3.921185666589392660e-02 2.279484351417860877e-01 3.225573238152303762e-02
2.575732909999124587e+01 1.000935801593034524e+00 4.978288908662064749e+00 4.083669709603355430e-02 2.270897381179652619e-01 3.431067569300675496e-02
2.589506588155740374e+01 1.002796241236838970e+00 4.991951582736424697e+00 4.090109964271708420e-02 2.326188931144784200e-01 3.087444188975265250e-02
2.603280266312349056e+01 1.002012575586053389e+00 4.993977474451604337e+00 4.077797797494755322e-02 2.357918105924655394e-01 3.227961396252723020e-02
2.617053944468952764e+01 1.003521035671706363e+00 5.016554516743633840e+00 4.225521180504263064e-02 2.371708853251116578e-01 3.324982726239843894e-02
2.630827622625562867e+01 1.003806841862101340e+00 5.009397704368469206e+00 4.430389735818836272e-02 2.401710142772461865e-01 3.820617850836377505e-02
2.644601300782172260e+01 1.003877735366840662e+00 4.996590453362641071e+00 4.362265138063293329e-02 2.350646831500007028e-01 3.606475470850857568e-02
2.658374978938775257e+01 1.004197401555025904e+00 4.999876571701918238e+00 4.315364398170198901e-02 2.292529017426934157e-01 3.488111924993515800e-02
2.672148657095385005e+01 1.006247264623302939e+00 5.009848012197739564e+00 4.524077087283499832e-02 2.329885691210952514e-01 3.425600443046046550e-02
2.685922335251995108e+01 1.005640711658336794e+00 5.005882107487974686e+00 4.056345535923658319e-02 2.358686532872095731e-01 3.453710989326084363e-02
2.699696013408598461e+01 1.004982366668017546e+00 4.993643936620874690e+00 4.239684547825280786e-02 2.365364128074255445e-01 3.416502834287678259e-02
2.713469691565207143e+01 1.005405018106581227e+00 4.997734753537506514e+00 4.150079813186219324e-02 2.347967309775163269e-01 3.593500724327663987e-02
2.727243369721823640e+01 1.005454806964962700e+00 5.008332768361293930e+00 4.098300748945891275e-02 2.403827083235845208e-01 3.402386065046802271e-02
2.741017047878420243e+01 1.005658487644888854e+00 5.004411150057188173e+00 4.149533496686842737e-02 2.341453539251400207e-01 3.771307889659412244e-02
