0.000000000000000000e+00 1.506150464205488815e+00 1.000000000000000000e+00 -7.352984746029966661e-04 4.301396996190308929e-03 4.401973643420444525e-03
6.414679873498462248e-01 1.290370229217384201e+00 7.654820591268010066e-01 1.189278422914176805e-02 1.131676590140334449e-01 7.375274404636451842e-02
1.282935974700577741e+00 1.167957506734411899e+00 6.245887686321746068e-01 1.416067654047299326e-02 1.450580990423963879e-01 9.278843910839253140e-02
1.924403962054026751e+00 1.098149865245436674e+00 5.417671203828241522e-01 1.416057216343560680e-02 1.322400905420401951e-01 9.583370896101828240e-02
2.565871949407476205e+00 1.056718499131940048e+00 4.928858782157927165e-01 1.735672124067616853e-02 1.090569780666961613e-01 9.811820840185569992e-02
3.207339936760924992e+00 1.032538488626760786e+00 4.633703702666558399e-01 1.886693242049535674e-02 8.445215308738907023e-02 9.790314730278776301e-02
3.848807924114374224e+00 1.018104545669844763e+00 4.477701915796542531e-01 1.842214743148151354e-02 6.922947630137561703e-02 9.522520815470837674e-02
4.490275911467823455e+00 1.009984206356518310e+00 4.387665743124218865e-01 1.712075413320465755e-02 6.331021768662196958e-02 9.601055432799172895e-02
5.131743898821272687e+00 1.005747326046880552e+00 4.329325824537881839e-01 1.568424648006143049e-02 5.896302328076101495e-02 9.145061518179176119e-02
5.773211886174721919e+00 1.003286818376886602e+00 4.292627873666126637e-01 1.604095963672760167e-02 5.444323023728322303e-02 9.195807673968822704e-02
6.414679873528170262e+00 1.001652368294860151e+00 4.283159622206524353e-01 1.669972908003965542e-02 5.246206069051795318e-02 9.039967736593142178e-02
7.056147860881619494e+00 9.996104423187136545e-01 4.273507125891961578e-01 1.915948728775008700e-02 5.209027418512884866e-02 9.227164061567386111e-02
7.697615848235068725e+00 9.980613023309028442e-01 4.271614417010315412e-01 1.622244870839941247e-02 5.351563880529673634e-02 9.508264537793603699e-02
8.339083835588517957e+00 9.984077594886874296e-01 4.271586746470877882e-01 1.678399295364509450e-02 5.496387246845089308e-02 9.525118908861689160e-02
8.980551822941965412e+00 9.991658319638171415e-01 4.261311257004168351e-01 1.900040770182674990e-02 5.383645574325272160e-02 9.150935846925413453e-02
9.622019810295414644e+00 9.999162639732979141e-01 4.248595423449347819e-01 1.947601353273573088e-02 5.413410819416707848e-02 9.123994986053300671e-02
1.026348779764886388e+01 9.998228109293078036e-01 4.254798636793416522e-01 1.664123861243671162e-02 5.156849085489446233e-02 9.167065628723344850e-02
1.090495578500231311e+01 1.001797150202702769e+00 4.274827340979083790e-01 1.813314820683114073e-02 5.389026496960559048e-02 9.516440934520849215e-02
1.154642377235576234e+01 1.000674965669524852e+00 4.277170394462167513e-01 2.002952109317531620e-02 5.498612885396012007e-02 9.479777936230174284e-02
1.218789175970921157e+01 1.000450740010064399e+00 4.269653135137350120e-01 1.754955325449898337e-02 5.190454326668451912e-02 9.427637602533474326e-02
1.282935974706266080e+01 1.000295668532678928e+00 4.262212452645980920e-01 1.618596821493383658e-02 5.404926078232309000e-02 9.274893716733555171e-02
1.347082773441610826e+01 1.000235003480632878e+00 4.258981160163928248e-01 1.674108781587744371e-02 5.223203119324846405e-02 9.355198775345462125e-02
1.411229572176955749e+01 1.000191235423654845e+00 4.261098280539470373e-01 1.752952011336585125e-02 5.324733343516662581e-02 9.198094872295119184e-02
1.475376370912300672e+01 9.997712743295946725e-01 4.262617591113461168e-01 1.710437550027065975e-02 5.013289256927769277e-02 9.326178537686877212e-02
1.539523169647645595e+01 9.990544533330997234e-01 4.264602268653697181e-01 1.769385353738807398e-02 5.417431433956908238e-02 9.640902962100711404e-02
1.603669968382990518e+01 9.998444711026417409e-01 4.258358116723638398e-01 1.755976882348488435e-02 5.286483489854838791e-02 9.403067228583124326e-02
1.667816767118335264e+01 9.995156195235650465e-01 4.250280183863530681e-01 1.801240493743915677e-02 5.372230639305827088e-02 9.415096161177873013e-02
1.731963565853680365e+01 9.995407814691296133e-01 4.260669302795655478e-01 1.812728092964434670e-02 5.242078544500307358e-02 9.246628851343167976e-02
1.796110364589025110e+01 1.000049696597514082e+00 4.268184917904753184e-01 1.671960855667302404e-02 5.261932746736602134e-02 9.322948174800181620e-02
1.860257163324370211e+01 9.999456864993199190e-01 4.270278694800356267e-01 1.722850329294352278e-02 5.719216050896659687e-02 9.091912844084865108e-02
1.924403962059714956e+01 1.000282923290766846e+00 4.270467445988057609e-01 1.606576902912175420e-02 5.294061281199469865e-02 9.384216083373850270e-02
1.988550760795060057e+01 1.000363542178936083e+00 4.273310245099415372e-01 1.894112582161489380e-02 5.184635773820504834e-02 9.844757487905488047e-02
2.052697559530404803e+01 9.999257196043868090e-01 4.279658663534657848e-01 1.764178123633314624e-02 5.133685538475136340e-02 9.557184064708991456e-02
2.116844358265749904e+01 9.998658581686289404e-01 4.276014994763597810e-01 1.873596131447110430e-02 5.074672826683191557e-02 9.368969008184370451e-02
2.180991157001094649e+01 9.993198473027693485e-01 4.275159996808221563e-01 1.739059648806000682e-02 5.200371197021388253e-02 9.299130847325065563e-02
2.245137955736439395e+01 9.997345986875832979e-01 4.268345153077774956e-01 1.647367627642726262e-02 5.489510715747299152e-02 9.517833862922628341e-02
2.309284754471784495e+01 1.000287625731234087e+00 4.255042696204783814e-01 1.719642238534577899e-02 5.305675396862282595e-02 9.163612713625049477e-02
2.373431553207129241e+01 9.991965901441852704e-01 4.266445714372740228e-01 1.869049480891120732e-02 4.986315506355328692e-02 9.299205872290070007e-02
2.437578351942472921e+01 9.992905793886357468e-01 4.253970462448699585e-01 1.867143576418468787e-02 5.153014471212435943e-02 9.055613299298397034e-02
2.501725150677819087e+01 9.990935558454545617e-01 4.264385715139200617e-01 1.735038465236778474e-02 5.040451210028454310e-02 9.244216689533515940e-02
2.565871949413167386e+01 1.000413563134598061e+00 4.256502838861044857e-01 1.732011647932278631e-02 5.303884093457735677e-02 9.286170193471368628e-02
2.630018748148508934e+01 1.001546849464734823e+00 4.256096675815332908e-01 1.846641217985645067e-02 5.701047642648528896e-02 9.229322608947693185e-02
2.694165546883849771e+01 1.001181178745827571e+00 4.262652763146466128e-01 1.799144516161480661e-02 5.333221962377505954e-02 9.269961228224204985e-02
2.758312345619198780e+01 1.000831684095679908e+00 4.258237605048486030e-01 1.816780681204900605e-02 5.361012984613088700e-02 9.465439200772406136e-02
2.822459144354548854e+01 1.001342641758673935e+00 4.255913571196107692e-01 1.817667896965518767e-02 5.445354333998514429e-02 9.268529314713035150e-02
2.886605943089888626e+01 9.998151622168057751e-01 4.265769041982560017e-01 1.751745654344458517e-02 5.225454496259595433e-02 9.395592819355456926e-02
2.950752741825228398e+01 1.000407789408367165e+00 4.251697409323815235e-01 1.745982444122324423e-02 5.070868738634270317e-02 9.452849169156596343e-02
3.014899540560578473e+01 9.998668842331983608e-01 4.261706631666897227e-01 1.836572816106240777e-02 5.413423449292949219e-02 9.147555815398737689e-02
3.079046339295929258e+01 1.000675349254999347e+00 4.262580629075630179e-01 1.890938852991192951e-02 5.384265651429311766e-02 9.391488181188627216e-02
3.143193138031268319e+01 1.001527773750848338e+00 4.260854669793895377e-01 1.933390012481412887e-02 5.098199659245888915e-02 9.623244105120894176e-02
3.207339936766606314e+01 1.002429814138955377e+00 4.255704306417122385e-01 1.924031691815526052e-02 5.015258494013598300e-02 9.235573135846326942e-02
3.271486735501957810e+01 1.001520132472665914e+00 4.264204180273765132e-01 1.764072112540698498e-02 5.030522120675104403e-02 9.241432238891665596e-02
3.335633534237310727e+01 1.000332442988363324e+00 4.259067091302106700e-01 1.782468374199561167e-02 5.281477890173890549e-02 9.215596747486706763e-02
3.399780332972648011e+01 1.001008358517254226e+00 4.255941503742187160e-01 1.743707491976652715e-02 5.166061501753085872e-02 9.445610532177736718e-02
3.463927131707984586e+01 1.000612839590307557e+00 4.260865943426458968e-01 1.630332383046929554e-02 5.262889721863519416e-02 9.520294196553981403e-02
3.528073930443337503e+01 1.000713883064026533e+00 4.259831924671502179e-01 1.597725092005461076e-02 5.295900109586083176e-02 9.173003942892538065e-02
3.592220729178691840e+01 9.992894434553353245e-01 4.264851076745148628e-01 1.772674119305852822e-02 5.369823895302194144e-02 9.193054733728998895e-02
3.656367527914027704e+01 9.990124293751363460e-01 4.259334269701756104e-01 1.733481537575935066e-02 5.327269434313614688e-02 9.463508391805694475e-02
3.720514326649362857e+01 9.985348851921826974e-01 4.255466916964096846e-01 1.718816031475980943e-02 5.201383049386541779e-02 9.598012583801313058e-02
3.784661125384717195e+01 9.988211453139965723e-01 4.260939106314818869e-01 1.812233344982712088e-02 5.331328854963265917e-02 9.378179298242794726e-02
3.848807924120072244e+01 9.994872355767605576e-01 4.266321176569373153e-01 1.758011749993539097e-02 5.353289014391007794e-02 9.031562553032826401e-02
3.912954722855406686e+01 1.000431053969270900e+00 4.262308883265009674e-01 1.659783072257504932e-02 5.229050901870821444e-02 9.134426140975764052e-02
3.977101521590741839e+01 1.000561542535750359e+00 4.263531518688312705e-01 1.744166694810317039e-02 5.389877477519305210e-02 9.386220806264823635e-02
4.041248320326096888e+01 1.001076458243162604e+00 4.260358715041568933e-01 1.785818070266375832e-02 5.395970258466085967e-02 9.642835901586091496e-02
4.105395119061452647e+01 1.002037333173263045e+00 4.267598435893505404e-01 1.751559667340958290e-02 5.493711342850482460e-02 9.333477296306857962e-02
4.169541917796786379e+01 1.000409475831993911e+00 4.270378526141581088e-01 1.850268846514083187e-02 5.409430455716116026e-02 9.420586323223484326e-02
4.233688716532120822e+01 1.000129686216283176e+00 4.262448258139347468e-01 1.964485400927232922e-02 5.298532448466228284e-02 9.192692547208183851e-02
4.297835515267476580e+01 1.000514469073819690e+00 4.265387426745428368e-01 1.775965172591956881e-02 5.229720641274976378e-02 9.463982804067995469e-02
4.361982314002833050e+01 1.000752345940843391e+00 4.262142309224867809e-01 1.793843236835627325e-02 5.298192212797924600e-02 9.451457914727207088e-02
4.426129112738166071e+01 1.001044451424841553e+00 4.256306192226005369e-01 1.732473866243561603e-02 5.542007061771945381e-02 9.630222801291113410e-02
4.490275911473499093e+01 1.000298050644226500e+00 4.256973883680092996e-01 1.749044599049517923e-02 5.219903622694413436e-02 9.212461964153451088e-02
4.554422710208856273e+01 1.000386413550954146e+00 4.267666753888202935e-01 1.717789766363300025e-02 5.517313662512548372e-02 9.320246516822379423e-02
4.618569508944212743e+01 1.001395674714075756e+00 4.266687024855035926e-01 1.831499594581246365e-02 5.463471407624218706e-02 9.442082846990182410e-02
4.682716307679545764e+01 1.000896446501887693e+00 4.266438792275656922e-01 1.819560229215365366e-02 5.706119975216524670e-02 9.745966880293291390e-02
4.746863106414877365e+01 1.000825091747223450e+00 4.264091058532490375e-01 1.878533512970736660e-02 5.519694311310233831e-02 9.576298680730475910e-02
4.811009905150235966e+01 9.993404721224437015e-01 4.271464700089652178e-01 1.848784672430004231e-02 5.342049313846500280e-02 9.089612395431485858e-02
4.875156703885593856e+01 9.992043356655985198e-01 4.269031525109692193e-01 2.003631661190427571e-02 5.314770436548345994e-02 9.501211704693339477e-02
4.939303502620921194e+01 1.000244861399760321e+00 4.263078178222487469e-01 1.897803396376077090e-02 5.219728416579525604e-02 9.450187907488898087e-02
5.003450301356257057e+01 9.992316214502446892e-01 4.267005849415966834e-01 1.587712632230674215e-02 5.601455933362047696e-02 9.450844141745541604e-02
5.067597100091614948e+01 9.998958627886921358e-01 4.256326241064005145e-01 1.734423314072571637e-02 5.148643519864466722e-02 9.035988610137656030e-02
5.131743898826974259e+01 1.000400644260628580e+00 4.266590083881144357e-01 1.706642422411274243e-02 5.414138230375525190e-02 9.383013161931674784e-02
5.195890697562311544e+01 1.000939019572727684e+00 4.261948651440334301e-01 1.463621749815090071e-02 5.351587422413153772e-02 9.220523317669694630e-02
5.260037496297636039e+01 1.001722136894482418e+00 4.253408514962629949e-01 1.709809264073104337e-02 5.246744392099212534e-02 9.330051248841331191e-02
5.324184295032994640e+01 1.002615518319933230e+00 4.260911696611957011e-01 1.888079264010741193e-02 5.317804240989414122e-02 9.233903310126828634e-02
5.388331093768353952e+01 1.002351798066469790e+00 4.264362484925514618e-01 1.788941885034482648e-02 5.721749083801858093e-02 9.310551931919991420e-02
5.452477892503677026e+01 1.000423920416409374e+00 4.268666464145368100e-01 1.839835231277175617e-02 5.596867764627876107e-02 9.130614834737922625e-02
5.516624691239015021e+01 1.000504133668228768e+00 4.269926297915012658e-01 1.699908568148825183e-02 5.314972098522303262e-02 9.479934303480863633e-02
5.580771489974374333e+01 1.000693606843420458e+00 4.265148611618670427e-01 1.584318254732429085e-02 5.433275445917816471e-02 9.559769570223665414e-02
5.644918288709734355e+01 1.001102334549432094e+00 4.264259575224269017e-01 1.626798474591904103e-02 5.339800422502327670e-02 9.409719176620427727e-02
5.709065087445074482e+01 1.000666464873140926e+00 4.271021749188628758e-01 1.649642484327115688e-02 5.134431708527486399e-02 9.296369969820009183e-02
5.773211886180394004e+01 1.001747344912612414e+00 4.269097260913764513e-01 1.667923771195748556e-02 5.039930527990525710e-02 9.311625465667035251e-02
5.837358684915754026e+01 9.997842935966873013e-01 4.266192145375219957e-01 1.825737246813039644e-02 4.892339159006245386e-02 9.370671459578999718e-02
5.901505483651114048e+01 9.995798996531609637e-01 4.260014030521833694e-01 1.730692415356557823e-02 5.039166054697604563e-02 9.091971097035063398e-02
5.965652282386432148e+01 1.002480514799454214e+00 4.252488764089954465e-01 1.757855176669401512e-02 5.374850855846288744e-02 9.290231317350056139e-02
6.029799081121773696e+01 1.001473002479059904e+00 4.252011712455871506e-01 1.573612658795062874e-02 5.323890557839353749e-02 9.115806915866236926e-02
6.093945879857133718e+01 1.000031401621211735e+00 4.264988753852831938e-01 1.662610653651502499e-02 5.124483342389820478e-02 9.040855566193069237e-02
6.158092678592494451e+01 1.000841541909909260e+00 4.256124579270100794e-01 1.949915699854518070e-02 5.210728119785588974e-02 9.296556162085536923e-02
6.222239477327835289e+01 9.997619479963294475e-01 4.263230288894350184e-01 1.588889159542715770e-02 4.905714635797789325e-02 9.210494393693621773e-02
6.286386276063152678e+01 1.000361591632307645e+00 4.263376557321876259e-01 1.784378886686251511e-02 5.123648839710229219e-02 9.423459975938079658e-02
6.350533074798513411e+01 1.000782176327123407e+00 4.262383072610294033e-01 1.744322735760506921e-02 5.203420227650840807e-02 9.363688856842189434e-02
6.414679873533873433e+01 1.000868292670769932e+00 4.267228660455203437e-01 1.678848272096851099e-02 5.268674946482061749e-02 9.532498574456615970e-02
6.478826672269188691e+01 1.000537707105933372e+00 4.261928901156541438e-01 1.676513936656320522e-02 5.304565432554203541e-02 9.368359541796376921e-02
6.542973471004532371e+01 1.000355579312358412e+00 4.267832384357453934e-01 1.754214230840209915e-02 5.512442523842251557e-02 9.161157537289738029e-02
6.607120269739893104e+01 1.000391288926747446e+00 4.257694331617968841e-01 1.820531572340087015e-02 5.136402031425366110e-02 9.358908442684826801e-02
6.671267068475253836e+01 1.000345032763447328e+00 4.263456876729212475e-01 1.867083773258657736e-02 5.016213312507396271e-02 9.373564786235799584e-02
6.735413867210598937e+01 9.998722304062436228e-01 4.265314276610089328e-01 1.711033265373161985e-02 5.164568679098528736e-02 9.298269643677277430e-02
6.799560665945911353e+01 1.000029696180373406e+00 4.265634891681664431e-01 1.773595909651887528e-02 5.625231290995148098e-02 9.468783541215486377e-02
6.863707464681272086e+01 9.999145633562607216e-01 4.254229713212797637e-01 1.672399322591800602e-02 5.626714145490323282e-02 9.212381344665609983e-02
6.927854263416634240e+01 9.996189134010126098e-01 4.266529831719407806e-01 1.868135588487758111e-02 5.090656304310015728e-02 9.026474844866648473e-02
6.992001062151946655e+01 9.999981034504887845e-01 4.269526149915925384e-01 1.648460853913604612e-02 5.283331598597544587e-02 9.505107598841122662e-02
7.056147860887290335e+01 1.000529362291744384e+00 4.272036075625035845e-01 1.852891595095600488e-02 5.233846528677297411e-02 9.322317994360818094e-02
7.120294659622652489e+01 1.001151030931618502e+00 4.255782793839034683e-01 1.608981656993421772e-02 5.374643591410266374e-02 9.565641177251359151e-02
7.184441458358014643e+01 9.987828559730196343e-01 4.255149017631414399e-01 1.700494365271133790e-02 5.451229868659477479e-02 9.454322582657097296e-02
7.248588257093361165e+01 9.980812608766794769e-01 4.263464337271795079e-01 1.748760316295874806e-02 5.375015645085931548e-02 9.450016856191757741e-02
7.312735055828669317e+01 9.992289273279900685e-01 4.265499632451486001e-01 1.723944976415950348e-02 5.346353832374286380e-02 9.250779342152924689e-02
7.376881854564031471e+01 1.000270157721518283e+00 4.257309657091137289e-01 1.688967494964273980e-02 5.246203846938707338e-02 9.361149192032452993e-02
7.441028653299393625e+01 9.988059281021934854e-01 4.261114229040674495e-01 1.646797055674279961e-02 5.538033613354081952e-02 9.143142434003591335e-02
7.505175452034700356e+01 9.992799835106823680e-01 4.275545415280541106e-01 1.632731390690574796e-02 5.112182994108575851e-02 9.022969864186222710e-02
7.569322250770049720e+01 9.996603228395308793e-01 4.266822050712329450e-01 1.748946779896817794e-02 5.606230213452446931e-02 9.372187581906828158e-02
7.633469049505411874e+01 9.992149219579101738e-01 4.266311176236219915e-01 1.735319248699080524e-02 5.331153110302025433e-02 9.395959844173359943e-02
7.697615848240774028e+01 1.000148974429583948e+00 4.258409969135559803e-01 1.637739770081502594e-02 5.465023632254935315e-02 9.406388271339395646e-02
7.761762646976121971e+01 1.000385158045873801e+00 4.260519941219177986e-01 1.541225234175222156e-02 4.966831798995972186e-02 9.277716619661546815e-02
7.825909445711428702e+01 1.001403334212657814e+00 4.266799600401650072e-01 1.660809376847170032e-02 5.129733527873393817e-02 9.154618042775709841e-02
7.890056244446790856e+01 1.001657451656754905e+00 4.262696754124355447e-01 1.443851394177578414e-02 5.444196382451776950e-02 9.318007085935420264e-02
7.954203043182154431e+01 1.002025805371219214e+00 4.264644959228345300e-01 1.637903099510466809e-02 5.533182441051810035e-02 9.398003868220981827e-02
8.018349841917458320e+01 1.001395667238252019e+00 4.272565887670465856e-01 1.612732077699567668e-02 5.382048490953741243e-02 9.240308077718344115e-02
8.082496640652806263e+01 1.000746621850579832e+00 4.269110088672259384e-01 1.801525033302523587e-02 5.591988613141497116e-02 9.298321619862447152e-02
8.146643439388171259e+01 1.001247222307089624e+00 4.274923717241119192e-01 1.670180610006678432e-02 5.203123528544136012e-02 9.433925681718081935e-02
8.210790238123534834e+01 9.998522055621575921e-01 4.280335265473017570e-01 1.760442191663823611e-02 5.276866772516018017e-02 9.286050246805839514e-02
8.274937036858882777e+01 9.998460284280067389e-01 4.262178780384141552e-01 1.810569413363694383e-02 5.235249942384759270e-02 9.136913574721494680e-02
8.339083835594186667e+01 9.992694159998746217e-01 4.273134168549843070e-01 1.763970685419059825e-02 5.250003273534287890e-02 9.244198994016777915e-02
8.403230634329550242e+01 9.995011650752119170e-01 4.260894283336943422e-01 1.731492617150809724e-02 5.413933610736668123e-02 9.140602278072040843e-02
8.467377433064913816e+01 9.993050671174946720e-01 4.264730035960455634e-01 1.792118975576452791e-02 5.418871444857997766e-02 9.060919814664458727e-02
8.531524231800217706e+01 1.000257030689375437e+00 4.259543801539950048e-01 1.835110632379429937e-02 5.422447005462763259e-02 9.353185241812124462e-02
8.595671030535565649e+01 1.000051960465667911e+00 4.263965145339174145e-01 1.886358897799890119e-02 4.941407078740597814e-02 9.510280249582209189e-02
8.659817829270929224e+01 9.992485767528314078e-01 4.264217514428045308e-01 1.644898251187926902e-02 5.061363674819053388e-02 9.407261853834865406e-02
8.723964628006294220e+01 9.977162151384337818e-01 4.266918466296605317e-01 1.679026760059742010e-02 5.124296696858429701e-02 9.108596387475084710e-02
8.788111426741643584e+01 9.978328533335760753e-01 4.267411243533439924e-01 1.713766322636811959e-02 5.487149862517701898e-02 9.251547173263562074e-02
8.852258225476946052e+01 9.979619303748886727e-01 4.265548375555788252e-01 1.821620482652735323e-02 5.260639179458737047e-02 9.393929751686509733e-02
8.916405024212309627e+01 9.985549567702131091e-01 4.272169200977141146e-01 1.691716553843336177e-02 5.542481642629868560e-02 9.582686533495576864e-02
8.980551822947673202e+01 9.995089031146454639e-01 4.262226943333881635e-01 1.641735285689210205e-02 5.709892316893527137e-02 9.301694884495467774e-02
9.044698621682975670e+01 1.000615490652190021e+00 4.258439384191742283e-01 1.789646492062440392e-02 5.370121821835261572e-02 9.475564408881391454e-02
9.108845420418325034e+01 1.000824483928227204e+00 4.261821759798534726e-01 1.931635610587628324e-02 5.586372811746533745e-02 9.472418694308418208e-02
9.172992219153688609e+01 9.997572637616177760e-01 4.262981238411686635e-01 1.785404936885953350e-02 5.370916300978362257e-02 8.973774748023144454e-02
9.237139017889053605e+01 1.001314564824828501e+00 4.257554734899290372e-01 1.665681534491553900e-02 5.435572759104786988e-02 9.377348757563849779e-02
9.301285816624405811e+01 1.001227398579400907e+00 4.260083796384657173e-01 1.614186688090437846e-02 5.013364734142262968e-02 9.140715110070385396e-02
9.365432615359706858e+01 1.000662657831762559e+00 4.263988762314364078e-01 1.665558408494323059e-02 5.171304100165047962e-02 9.236902929816069585e-02
9.429579414095073275e+01 1.000149326125928440e+00 4.263546453471757092e-01 1.944038379034085384e-02 5.140783015007659856e-02 9.531749995549480825e-02
9.493726212830429745e+01 1.000279465859324146e+00 4.264373374242535486e-01 1.721617745865824944e-02 5.225557134940958526e-02 9.196622977491436535e-02
9.557873011565732213e+01 1.000831314251665827e+00 4.265397412403298394e-01 1.708218752667631929e-02 5.002180806748145886e-02 9.127333926030123390e-02
9.622019810301084419e+01 9.994853311441486143e-01 4.268141528297833553e-01 1.821448139021595095e-02 5.350764541955657649e-02 9.155664749839960426e-02
