0.000000000000000000e+00 1.508845317966009292e+00 1.000000000000000000e+00 2.080969808896304598e-04 -2.887692582797452955e-03 -1.725556419036555723e-04
1.073240749430405261e-01 1.471585114662531613e+00 9.554175693156305993e-01 1.836462725906435950e-03 2.109574965264017846e-02 1.713118362460857788e-02
2.142205639301306974e-01 1.428103138400642402e+00 9.124227901154328135e-01 5.334015959398744587e-03 4.538344189426766345e-02 3.159968600551714413e-02
3.211170529172208132e-01 1.390536512934666291e+00 8.709736847655518144e-01 7.807838935487771553e-03 6.489995582265961627e-02 4.257638599308422728e-02
4.280135419043122336e-01 1.356672806207746884e+00 8.325447963531186213e-01 7.703755645717889379e-03 8.371000381023648018e-02 5.141271157812644238e-02
5.349100308914011004e-01 1.325730356598512127e+00 7.979007855774874480e-01 9.144125471777172359e-03 1.024583945904687377e-01 6.055034079560936422e-02
6.418065198784929093e-01 1.297343880731695043e+00 7.657104208927152378e-01 9.169914552333938498e-03 1.158866385703868629e-01 7.172521875122496449e-02
7.487030088655952653e-01 1.271114591745785338e+00 7.373528425719202417e-01 1.009455871252826556e-02 1.303985104601485534e-01 7.627263320611110675e-02
8.551719118967525679e-01 1.247012098669500801e+00 7.119210223901528689e-01 9.284366821001657777e-03 1.389632976437807921e-01 7.796822636654167360e-02
9.620684008838635837e-01 1.225568614973369774e+00 6.857205700688350225e-01 1.045439293858811507e-02 1.432794346206812119e-01 7.980742035729739003e-02
1.068964889870972268e+00 1.206624930012229591e+00 6.628979963911353357e-01 1.193011273907226485e-02 1.487750371768988278e-01 8.462194186988059030e-02
1.175861378858081840e+00 1.186832460748706186e+00 6.442704931164593418e-01 1.313933863162222195e-02 1.485819353258082953e-01 8.957592440090572650e-02
1.282757867845189859e+00 1.169812374808524291e+00 6.255811937521598143e-01 1.370999573207935113e-02 1.543770896207572185e-01 9.095521741388921944e-02
1.389654356832294768e+00 1.155265986622089347e+00 6.077952599118633392e-01 1.384107867253245826e-02 1.531008055228660625e-01 9.196710474835899374e-02
1.496550845819367925e+00 1.140741827707421496e+00 5.922264700859473097e-01 1.241624170469490113e-02 1.549741175994591713e-01 9.275847144793054888e-02
1.603447334806432423e+00 1.129043736200591175e+00 5.778630460753596543e-01 1.351569272974098394e-02 1.490100135056662278e-01 9.617091141924155595e-02
1.710343823793504248e+00 1.117617864579909304e+00 5.646027377006588299e-01 1.216679798980894317e-02 1.471461799404510662e-01 9.557295669159478202e-02
1.817240312780574740e+00 1.106728684639979976e+00 5.523250529342398352e-01 1.488683787552419653e-02 1.439354543435656109e-01 9.689055748207543728e-02
1.924564387723599168e+00 1.096741335914986459e+00 5.405378064623252987e-01 1.507710881067624367e-02 1.363296565476978806e-01 9.485482297650031647e-02
2.031460876710672991e+00 1.087526578603291050e+00 5.312196162239755104e-01 1.400754691872325118e-02 1.297760896471212566e-01 9.758133418440571860e-02
2.138357365697734824e+00 1.079215797534471610e+00 5.206341132899366952e-01 1.157595868989418769e-02 1.288613703081971928e-01 9.887377984245240836e-02
2.245253854684812200e+00 1.073537125635858569e+00 5.112966860179827266e-01 1.417900887259112945e-02 1.266417763459197487e-01 9.446748073479517560e-02
2.352150343671880250e+00 1.068735764886969086e+00 5.036286415265539551e-01 1.391998009344825454e-02 1.171936829880305259e-01 9.305727580258640885e-02
2.459046832658956294e+00 1.062585871187630371e+00 4.968294320590456170e-01 1.326293871219935173e-02 1.125549848663655039e-01 9.120429604766876197e-02
2.565943321646023900e+00 1.056639376674298525e+00 4.912912462903173960e-01 1.580161505942991040e-02 1.083419718895178852e-01 9.212670688906472727e-02
2.672839810633103497e+00 1.051444740710252068e+00 4.862878810131436302e-01 1.864526390042955950e-02 1.032604459875380160e-01 9.234162755910131637e-02
2.779736299620205742e+00 1.047321429188561748e+00 4.793867502899301636e-01 1.833811324021250924e-02 9.774820278412515995e-02 9.098310615415572400e-02
2.886632788607342626e+00 1.042830043684653818e+00 4.753143269117366954e-01 1.748041998980254599e-02 9.221585991357429679e-02 9.408997580163087904e-02
2.993529277594499050e+00 1.039539918630205673e+00 4.714866098342067047e-01 1.612469904074643676e-02 8.616093298555621560e-02 9.796574879804119396e-02
3.099998180625686661e+00 1.035470892261541209e+00 4.671114183941558751e-01 1.688959507139550092e-02 8.415905657685550378e-02 9.488428367144216558e-02
3.206894669612844417e+00 1.031482044299178114e+00 4.643013118204428191e-01 1.624708730980772495e-02 8.496362237195549671e-02 9.707790370562890958e-02
3.313791158599986630e+00 1.029289466868465341e+00 4.610593903238729974e-01 1.439073648811528029e-02 8.094645844822098701e-02 9.844711175177547902e-02
3.420687647587126623e+00 1.026764017785764205e+00 4.577153194871357300e-01 1.413110117271437240e-02 8.198790622747348378e-02 1.015860050891466276e-01
3.527584136574285267e+00 1.023711482034425302e+00 4.557031549646268220e-01 1.354172560315243176e-02 8.019128947990346312e-02 1.010921622461335850e-01
3.634480625561423039e+00 1.021608275265398991e+00 4.526944736809643821e-01 1.348494845572217014e-02 7.572077998076506833e-02 1.009956315231804180e-01
3.741377114548579019e+00 1.018303466684263858e+00 4.495497049127206157e-01 1.320819902077128086e-02 7.127200297617025671e-02 9.813751102513973423e-02
3.848273603535721676e+00 1.016030062140257373e+00 4.468851257899204010e-01 1.490898821454394833e-02 7.334960004213937623e-02 9.427025635432972894e-02
3.955170092522865666e+00 1.015568957880369938e+00 4.449563584006645534e-01 1.619996646072895813e-02 7.129431818998951953e-02 9.470865143150772325e-02
4.062066581510015872e+00 1.014034356236515944e+00 4.431509624224741484e-01 1.833009799249348676e-02 6.965530425521127000e-02 9.734103448958331128e-02
4.168963070497159862e+00 1.011782380237276957e+00 4.425843819789660460e-01 1.835283590995244463e-02 6.773696248525974684e-02 9.413283772159110330e-02
4.275859559484318062e+00 1.011445686329355720e+00 4.411743303410656791e-01 1.574186052531391031e-02 6.814569357063565702e-02 9.524497620923018382e-02
4.382756048471464716e+00 1.010341796433855022e+00 4.404337881404902233e-01 1.537211018946164041e-02 6.840236948375832959e-02 9.753766020958640204e-02
4.489652537458595383e+00 1.010155605287736291e+00 4.391146938557384249e-01 1.701478125271636832e-02 6.678952195648057977e-02 9.425559760722411473e-02
4.596549026445757136e+00 1.009354324334243103e+00 4.379091869391269487e-01 1.710745358700510241e-02 6.734754465516055999e-02 9.431802495796519359e-02
4.703445515432904678e+00 1.009539375535352113e+00 4.363322908906381858e-01 1.810866862886929135e-02 6.650416673733763884e-02 9.978730681226657961e-02
4.810342004420043338e+00 1.008430192456292396e+00 4.363839899781243314e-01 1.862345380309472428e-02 6.013066126061511474e-02 9.946440089809430174e-02
4.917238493407191768e+00 1.006682377485677460e+00 4.352905927450462231e-01 1.847539845570227504e-02 5.663222620809438973e-02 1.011292564816511086e-01
5.024134982394354410e+00 1.006280458572730740e+00 4.334766486487331982e-01 1.674913132298842117e-02 5.828082448433669072e-02 1.004002849144805393e-01
5.131031471381480635e+00 1.006385099746906597e+00 4.319292753657284489e-01 1.600427706201905387e-02 5.603932919198848644e-02 9.750406499613729905e-02
5.237927960368629954e+00 1.004264185529899489e+00 4.328938271289697881e-01 1.652621197672939080e-02 5.712748251949584938e-02 9.555656903921620760e-02
5.344824449355789930e+00 1.003627109094739067e+00 4.328582402325225620e-01 1.523855224636170083e-02 5.290952870206630521e-02 9.526694729717398447e-02
5.451720938342941025e+00 1.003355488962965447e+00 4.313415260803016849e-01 1.697344659145310838e-02 5.642828484347599260e-02 9.720955782935863931e-02
5.558617427329961558e+00 1.002285698448553752e+00 4.306241105610814079e-01 1.721801872782019807e-02 5.695187838476632042e-02 9.327904707961129360e-02
5.665513916316939458e+00 1.001125460733615302e+00 4.303965424130731798e-01 1.839181575473362168e-02 5.544170255676039022e-02 9.412429889672654926e-02
5.772410405303936010e+00 1.001527960283675966e+00 4.297205098728156814e-01 1.573310484334053752e-02 5.527093831360730541e-02 9.186076758541580900e-02
5.879306894290944996e+00 1.001453666261394426e+00 4.302065431176064214e-01 1.495437524956776121e-02 5.243694194020091098e-02 9.097874926751542413e-02
5.986203383277944212e+00 1.001831883492656505e+00 4.308127084860921552e-01 1.506370656436190579e-02 5.356741915426489753e-02 9.297230275412914080e-02
6.093099872264920336e+00 1.000903025980711680e+00 4.292629413129424587e-01 1.612241919923461386e-02 5.581844345610148528e-02 9.172288220364777089e-02
6.199996361251917776e+00 1.001478314589143714e+00 4.291969103799037066e-01 1.538642305227098245e-02 5.605832751927782021e-02 9.199358631969863087e-02
6.306892850238926762e+00 1.001751822760461152e+00 4.293791590051446727e-01 1.415827090545392769e-02 5.678214119141825056e-02 8.973986945013100180e-02
6.413789339225926867e+00 1.000341184543497075e+00 4.293483048753109488e-01 1.687586323235397076e-02 5.745585799892312384e-02 8.805889253016846441e-02
6.520685828212900326e+00 9.997978819495644265e-01 4.293844947685110935e-01 1.603838046846675289e-02 5.759833208962008427e-02 8.914939726753887128e-02
6.627582317199898654e+00 9.991653310192289972e-01 4.287036381006367747e-01 1.606703039619039944e-02 5.839447194525062418e-02 8.904124452521583466e-02
6.734478806186907640e+00 9.996490468800515172e-01 4.283475340800889097e-01 1.575370947053546938e-02 5.842192338034823268e-02 9.050532259542183600e-02
6.841802881129862790e+00 9.989583157937520497e-01 4.278583674767819089e-01 1.463955710423345616e-02 5.819143500060980356e-02 9.585949073695589073e-02
6.948699370116834473e+00 9.993020808589596626e-01 4.281807720588676758e-01 1.333647551843264271e-02 5.858681886972296610e-02 9.446114503659641670e-02
7.055595859103834577e+00 9.996621618023219247e-01 4.281949593678985311e-01 1.316898841756863198e-02 5.673615684416286054e-02 9.436227162863004836e-02
7.162492348090841787e+00 9.988766823008284890e-01 4.281175312932095078e-01 1.210357386045025907e-02 5.455664843181311230e-02 9.414063217249077353e-02
7.269388837077844556e+00 9.980442916030770606e-01 4.279192517533154660e-01 1.353620612113299627e-02 5.205388342595462098e-02 9.291759688573730802e-02
7.376285326064815351e+00 9.975558160032280686e-01 4.286229389694509728e-01 1.487400081118760153e-02 4.789723919348710252e-02 9.365753794179929037e-02
7.483181815051820784e+00 9.974085380499401188e-01 4.292981953156196906e-01 1.526327474766101151e-02 4.880102209941161034e-02 9.674333237377132078e-02
7.590078304038824442e+00 9.979806071395748157e-01 4.291258679136014664e-01 1.537698560038735889e-02 5.037962667910877296e-02 9.675142216621410163e-02
7.696974793025820993e+00 9.976796524277674605e-01 4.289890149823742393e-01 1.416679464143410366e-02 5.091414483454353990e-02 9.284607466573202572e-02
7.803871282012803334e+00 9.990167977956766476e-01 4.279643133306753056e-01 1.499132958901231057e-02 5.090924110432196170e-02 9.761415027098419017e-02
7.910767770999797222e+00 9.988562757543414383e-01 4.283025036768925986e-01 1.337793521460111171e-02 4.876233284059649370e-02 9.642198754072733857e-02
8.017664259986796438e+00 9.987908929323776608e-01 4.268045308795139769e-01 1.683048271120862055e-02 4.909785706196125726e-02 9.568370391005970310e-02
8.124560748973808089e+00 1.000755160257124077e+00 4.256957055575049109e-01 1.696324013220746815e-02 4.897099105897355364e-02 9.296285727516671871e-02
8.231457237960777107e+00 1.001014640214266560e+00 4.258813822666175364e-01 1.677304996572955356e-02 5.034313271877354640e-02 9.627663969160088486e-02
8.338353726947788758e+00 1.000820300371006333e+00 4.255946564250414066e-01 1.805255555303159759e-02 4.976124701088596725e-02 9.396209964900442690e-02
8.445250215934787974e+00 1.000600789173721195e+00 4.270140239693030471e-01 1.886390312250802934e-02 5.061107236257150754e-02 9.235812407138860314e-02
8.552146704921778309e+00 1.000206485066905460e+00 4.276222182504259561e-01 1.643556237675512094e-02 5.265041646792729957e-02 9.397161307251758466e-02
8.659043193908772196e+00 9.985215150221790070e-01 4.285987725272816795e-01 1.736366681568269829e-02 5.270675525507494130e-02 9.151025701800319379e-02
8.765939682895758978e+00 9.994340933877473576e-01 4.278488527916955442e-01 1.903355045447939486e-02 5.211762661015537090e-02 9.378109378126069096e-02
8.872836171882752865e+00 9.982272823900734116e-01 4.279146596253622370e-01 1.774572916515863158e-02 5.058570410888499347e-02 9.659608962728931381e-02
8.979732660869771621e+00 9.982909885951700701e-01 4.276829754840294484e-01 1.715980101351290837e-02 5.176757130270676077e-02 9.526750988339151294e-02
9.086629149856737087e+00 9.984177334525576875e-01 4.283714839898066229e-01 1.692490492877536667e-02 5.149636449086759937e-02 9.461580542580692865e-02
9.193525638843757619e+00 9.986302397088039351e-01 4.283038036852062080e-01 1.666953431409711264e-02 4.707064352041442912e-02 9.625325811314762448e-02
9.300422127830751506e+00 9.987104755350088015e-01 4.280949842655801252e-01 1.423128551981696528e-02 4.643438826564540156e-02 9.472717186910011022e-02
9.407318616817734735e+00 9.996782446559187019e-01 4.274981236276499397e-01 1.471211673836712516e-02 4.430337199614432092e-02 9.014756831414380556e-02
9.514215105804739281e+00 9.986019059567193823e-01 4.269464479384213473e-01 1.287351546661876824e-02 4.522666079182205423e-02 8.830699137638625684e-02
9.621111594791722510e+00 9.983394201051783989e-01 4.267252594275816047e-01 1.166708145972485816e-02 4.587650674672052314e-02 9.228943890924731774e-02
9.728008083778711068e+00 9.990555431287136967e-01 4.268089498426384520e-01 1.262040661359976543e-02 4.609481364936430375e-02 9.124404573913469374e-02
9.834904572765736930e+00 9.995209846414070398e-01 4.274436127078209413e-01 1.288279683254921204e-02 5.224507214339588201e-02 9.178509332820357358e-02
9.941801061752698843e+00 9.994934821844995154e-01 4.269334837684596873e-01 1.542878922020696729e-02 4.872622399789142134e-02 9.054287976555669415e-02
1.004869755073972648e+01 1.000521096060137172e+00 4.265029241184736253e-01 1.621557466782659260e-02 4.682616522874803039e-02 8.995369565393637745e-02
1.015559403972671326e+01 1.000497487612078240e+00 4.262111989521661370e-01 1.549511350393800724e-02 4.518645551601168514e-02 8.947088274095603422e-02
1.026249052871369472e+01 1.001661081242149587e+00 4.271388840639463447e-01 1.638363000304117814e-02 4.964797033832702572e-02 9.193122484013338536e-02
1.036938701770070459e+01 1.002567170324887957e+00 4.283573756776627439e-01 1.658911371249955843e-02 5.199197764785248865e-02 8.981587444474771476e-02
1.047628350668768604e+01 1.002244399005695064e+00 4.273510028816098760e-01 1.820883173648791056e-02 5.441587481909244961e-02 9.260884674055844257e-02
1.058317999567466927e+01 1.001081175331858697e+00 4.279135917348567686e-01 1.822887338410401556e-02 4.963360693295700010e-02 9.435163235239996116e-02
1.069007648466170224e+01 1.000702330171812982e+00 4.286455411332213417e-01 1.812496937209125483e-02 4.866327662337766730e-02 9.652679870530461725e-02
1.079697297364866238e+01 9.999207423063903866e-01 4.289371751672581556e-01 1.767261486817621463e-02 4.844594575673517867e-02 9.627659435625628148e-02
1.090386946263569357e+01 9.999729273791023720e-01 4.287868417784730934e-01 1.821871698575654522e-02 5.208405732825258094e-02 9.474407734468540121e-02
1.101076595162267857e+01 1.001427115307029103e+00 4.278154869334208632e-01 1.523379811010193083e-02 5.497065192490633440e-02 9.118113457310936254e-02
1.111766244060965292e+01 1.001249621276431911e+00 4.276167039681463278e-01 1.503063086551207489e-02 5.425086557631279144e-02 9.147129703683221091e-02
1.122455892959667167e+01 1.000751047375413538e+00 4.277034389558380112e-01 1.517354088181960964e-02 5.299916262613209306e-02 9.028409867458578320e-02
1.133145541858364957e+01 1.000324802003749181e+00 4.278816708822324455e-01 1.320182125920839507e-02 5.480780050852634283e-02 8.747833013425963811e-02
1.143835190757062925e+01 1.001111101608306519e+00 4.277597766523802414e-01 1.610979268644798998e-02 5.471025208914737786e-02 8.886988590730460214e-02
1.154524839655766577e+01 1.001322005481377397e+00 4.276605067107934199e-01 1.538358035681681481e-02 5.730495803849917913e-02 8.948309736048014329e-02
1.165214488554462235e+01 1.000572042934391170e+00 4.274660850028798587e-01 1.639602692780177395e-02 5.737556532804179849e-02 9.044364096361778849e-02
1.175904137453165887e+01 1.000915780146837353e+00 4.271983328016492609e-01 1.508805962608998630e-02 5.602758288939435616e-02 9.126540277152962732e-02
1.186593786351864033e+01 1.000944548049510718e+00 4.275139181065475968e-01 1.703200582555114764e-02 5.317125103820954241e-02 9.107726997267764912e-02
1.197283435250561467e+01 1.000255021981513393e+00 4.277851649152415447e-01 1.748229659005423250e-02 5.147679560095204387e-02 8.705315457910600685e-02
1.207973084149263521e+01 9.999056698039657798e-01 4.278502983205483834e-01 1.823022985628128256e-02 5.319890176874763482e-02 8.735134987382373040e-02
1.218662733047961133e+01 1.000170249533566480e+00 4.278524923615305564e-01 1.725783928335274456e-02 5.346102436214686393e-02 8.319800902740076554e-02
1.229352381946658745e+01 1.000369256474279878e+00 4.285579188137672024e-01 1.495423468504030774e-02 5.131408672959466427e-02 8.369725996872448559e-02
1.240042030845362930e+01 1.000974576467581256e+00 4.279935120537789461e-01 1.666346505995121643e-02 5.318526607890392000e-02 8.623799193994198531e-02
1.250731679744058589e+01 1.001581882864596151e+00 4.275357217096460438e-01 1.545770549389242562e-02 5.132618221328488772e-02 8.853503911044860453e-02
1.261421328642762774e+01 1.000608436326979378e+00 4.276956538831819254e-01 1.642324644955223817e-02 5.026349582783607578e-02 8.766807685086629165e-02
1.272110977541460386e+01 1.000288636277895993e+00 4.283280993391788138e-01 1.669501010775828465e-02 5.002679487285460747e-02 8.886682058742328971e-02
1.282800626440157465e+01 1.001202028756433604e+00 4.275340244365665732e-01 1.733574694163380128e-02 4.979580817260816084e-02 8.676658013774521394e-02
1.293490275338860052e+01 1.002161157063969688e+00 4.271624825663381531e-01 1.938557848937028094e-02 5.202421899364081948e-02 9.084859463376281086e-02
1.304179924237557486e+01 1.002101452061015641e+00 4.274121352307984623e-01 1.853495869030602136e-02 5.468006673772276421e-02 8.984418989742781747e-02
1.314869573136254743e+01 1.000862322253823322e+00 4.275382330383672436e-01 1.583902646289817376e-02 5.407445514696651578e-02 8.949855525515683363e-02
1.325559222034959106e+01 9.998679390973442827e-01 4.283304026711555745e-01 1.547285938435455366e-02 5.270549136192723139e-02 9.152533075987473454e-02
1.336248870933654764e+01 1.000089847196789394e+00 4.282890775391213212e-01 1.467480241193871299e-02 5.345213793105530603e-02 8.756373196291740435e-02
1.346938519832358949e+01 1.001352538021043959e+00 4.276172287169463515e-01 1.469188116316199125e-02 5.310743174277060552e-02 8.777722341187679800e-02
1.357628168731056562e+01 1.001566631881488645e+00 4.272012905363510860e-01 1.616102841856710548e-02 5.149831290583339188e-02 8.544398784854957685e-02
1.368317817629753641e+01 1.000290810870626101e+00 4.272551181268353648e-01 1.486323389167983934e-02 5.099354129259722757e-02 8.639990310433968979e-02
1.379007466528456582e+01 1.000082713449650607e+00 4.274255860045000910e-01 1.500878170755357705e-02 5.289344426492331719e-02 9.105959743667843553e-02
1.389697115427153662e+01 9.990573632331046783e-01 4.281363516353050569e-01 1.428480124909087441e-02 5.560369073230332637e-02 9.143490988119129526e-02
1.400386764325850741e+01 9.995259897062249710e-01 4.273246264716605292e-01 1.517320598976571941e-02 5.498362325734482831e-02 9.216232270740720711e-02
1.411076413224555459e+01 9.986138758461399201e-01 4.267005069952674035e-01 1.316025938720680362e-02 5.160386924868770597e-02 9.215811776759762208e-02
1.421766062123251118e+01 9.999375206472438382e-01 4.270712914291815987e-01 1.620298027092091989e-02 5.143706392454207993e-02 9.117071875022723926e-02
1.432455711021955658e+01 1.000132175263523271e+00 4.274093521626781134e-01 1.541270945233922003e-02 5.150967951340534173e-02 9.275095158287011143e-02
1.443145359920652382e+01 9.997711191728887448e-01 4.274345655835099511e-01 1.454699487197637711e-02 5.051368581552643372e-02 9.307659700501053068e-02
1.453835008819349994e+01 9.982066782096781221e-01 4.273165016613666989e-01 1.410364484236777995e-02 5.071485897981976160e-02 9.280314933274792788e-02
1.464524657718052936e+01 9.970339040605304959e-01 4.270474670260853700e-01 1.351607932225517596e-02 5.432122079599480124e-02 9.315964192997182314e-02
1.475214306616750726e+01 9.975704139315155761e-01 4.269469057269716927e-01 1.356120250723409290e-02 5.453167024149682685e-02 9.512843275173700486e-02
1.485903955515446917e+01 9.979800942307811562e-01 4.262756146122981815e-01 1.392070690430974832e-02 5.371891107029826834e-02 9.513485962885927238e-02
1.496593604414151812e+01 9.994354720790673552e-01 4.250366991487690704e-01 1.496375919061298382e-02 5.335968272206643992e-02 9.596093601829722153e-02
1.507283253312848359e+01 1.000669904028234525e+00 4.254547931422540952e-01 1.489580332781743552e-02 5.244604821651416976e-02 9.786783815535401998e-02
1.517972902211551123e+01 1.001857895683463395e+00 4.252715101960154453e-01 1.664130557929415985e-02 5.453193632408003672e-02 9.835088893519379483e-02
1.528662551110249090e+01 1.001682711793029146e+00 4.258301200129570030e-01 1.590492797336459305e-02 5.771775222599242333e-02 9.417316306934647718e-02
1.539352200008947236e+01 1.002170828271987668e+00 4.259135891581448119e-01 1.503709821443442382e-02 5.705832277455766266e-02 9.772303367527321316e-02
1.550041848907647868e+01 1.001116165351349396e+00 4.252133351564168495e-01 1.390699340170715483e-02 5.798045478502729388e-02 9.747248903587309166e-02
1.560731497806346191e+01 1.000749326532939687e+00 4.251554134051331868e-01 1.510604147013621529e-02 5.761004119361799042e-02 9.731077717364530755e-02
1.571421146705044514e+01 1.001577431863751810e+00 4.252474646228672217e-01 1.582495785796041859e-02 5.949825397290081641e-02 9.888127794810794291e-02
1.582110795603746034e+01 1.002260472820079462e+00 4.250403640533768623e-01 1.465369315867910173e-02 5.991938986230684050e-02 9.772009912183317326e-02
1.592800444502443646e+01 1.001346808218733120e+00 4.256434303213227355e-01 1.489275403105136571e-02 6.339239692498095657e-02 9.856294296237903818e-02
1.603490093401148542e+01 1.000939132631177175e+00 4.266173548067924703e-01 1.644196087274042359e-02 6.236090149955325623e-02 9.627562270338867190e-02
1.614179742299843312e+01 1.001139602037691034e+00 4.261905147778738412e-01 1.463468702979048471e-02 5.978906237631052834e-02 9.531868454297480475e-02
1.624869391198542345e+01 1.000264776497397978e+00 4.261331406704384483e-01 1.533611429482089478e-02 6.308986018853944555e-02 9.425043344999230188e-02
1.635559040097245642e+01 9.986419018156421634e-01 4.259478300905109593e-01 1.575574914846418137e-02 6.232111415168049146e-02 9.103084114148518591e-02
1.646248688995944676e+01 9.982085391482943271e-01 4.268446751019903673e-01 1.441611046089837436e-02 5.982186064860672836e-02 9.094111723536552061e-02
1.656938337894639091e+01 9.984764177391663997e-01 4.267514791839065458e-01 1.603545529215194901e-02 6.024621893125035182e-02 9.081420104974866070e-02
1.667627986793344164e+01 9.989478813450279882e-01 4.263596092981390973e-01 1.473608180235819881e-02 6.107405313917287082e-02 9.395797579833783941e-02
1.678317635692042131e+01 9.986237533249091580e-01 4.268127818525331851e-01 1.765397219222811925e-02 6.103595291284825280e-02 9.518198761763789484e-02
1.689007284590742231e+01 1.000195770702158704e+00 4.269833795166228518e-01 1.987970549016144714e-02 6.051163927822624661e-02 9.468989715698959697e-02
1.699696933489441619e+01 1.000054464419396494e+00 4.275894317609280071e-01 1.765270804177629382e-02 5.806014076010545394e-02 9.473008660711666751e-02
1.710386582388141008e+01 1.001102609770256890e+00 4.273455277648738893e-01 1.767348780882885273e-02 5.832712931492260028e-02 9.418226542722979433e-02
1.721076231286839331e+01 1.001161399787324102e+00 4.272619370007018635e-01 1.809915282277051174e-02 5.676181955040011246e-02 9.191627230530821646e-02
1.731765880185538720e+01 1.001287824264760040e+00 4.267791679176640707e-01 1.843857193505325787e-02 5.739042725555196928e-02 9.121465266675869710e-02
1.742455529084238108e+01 1.000548783251083984e+00 4.271955306365449734e-01 1.755057751765503118e-02 5.139045058695275447e-02 8.924384731250523117e-02
1.753145177982937497e+01 1.000545608553798038e+00 4.263820902510062627e-01 1.716041732729027200e-02 5.198602670459075842e-02 9.282522543389085112e-02
1.763834826881635820e+01 1.000638555492794124e+00 4.262569550001584773e-01 1.663622488596641635e-02 4.990861441838855689e-02 9.380494051279879286e-02
1.774524475780341248e+01 1.000755132217052479e+00 4.259703184993220981e-01 1.631132205860689674e-02 5.160626981134369684e-02 9.391396062245149778e-02
1.785214124679034597e+01 1.000937976951455255e+00 4.252831324066192464e-01 1.622702041195655739e-02 5.287914108826217985e-02 9.166631377596870522e-02
1.795903773577734341e+01 1.000674422097462823e+00 4.248305654877617132e-01 1.520728543296037509e-02 5.466459710404346362e-02 9.353294337591008811e-02
1.806593422476438704e+01 1.000842629968282660e+00 4.254252364953784449e-01 1.628420068917889665e-02 5.546066818344533300e-02 9.641835611111401749e-02
1.817283071375138448e+01 1.000956829495760259e+00 4.260560769157124006e-01 1.489142884350478334e-02 5.366814054292503439e-02 9.546496509791931040e-02
1.827972720273831442e+01 1.000234356850003836e+00 4.260890896317494070e-01 1.518818841338102042e-02 5.372383100572579451e-02 9.213397619477849132e-02
1.838662369172536870e+01 9.990927734959729190e-01 4.264791521044332123e-01 1.587780570386871509e-02 5.408959871398860697e-02 9.250862991075330111e-02
1.849352018071235904e+01 9.996149957198083857e-01 4.271688192329083367e-01 1.410870836673032772e-02 5.359180298702567735e-02 9.283267143440468439e-02
1.860041666969934226e+01 9.989224916230220463e-01 4.272004396439890717e-01 1.653786581510839626e-02 5.241327008433709078e-02 9.173949937568549873e-02
1.870731315868634326e+01 9.990459686997681388e-01 4.265199996063378518e-01 1.792501169224802737e-02 5.263000504943688568e-02 9.261244894862474819e-02
1.881420964767334425e+01 9.987554467457687712e-01 4.269409001985221552e-01 1.525537349312772357e-02 5.081947307219362303e-02 9.153029319388786278e-02
1.892110613666030972e+01 9.986838883995790006e-01 4.275412582706849540e-01 1.689625227275413227e-02 5.185050681146765456e-02 8.594688375840692229e-02
1.902800262564731426e+01 9.980694014424784655e-01 4.270472272329103314e-01 1.512775697309346086e-02 4.948978421735519134e-02 8.684769963307398255e-02
1.913489911463431525e+01 9.970980216406732932e-01 4.273472176168733316e-01 1.601426378382017623e-02 5.124444179363931567e-02 9.063117039715015699e-02
1.924179560362129138e+01 9.982345661316347485e-01 4.271948091309592521e-01 1.597717142532367046e-02 5.125976442615839956e-02 9.279653102407219023e-02
1.934869209260828526e+01 9.981744629862326912e-01 4.263487929992767489e-01 1.624768928258120415e-02 5.200070433862892527e-02 9.435528411927134040e-02
1.945558858159533955e+01 9.983975082047595873e-01 4.269513371039244665e-01 1.820684408921875372e-02 5.126482424216052131e-02 9.337465242945894306e-02
1.956248507058226238e+01 9.994400899985783626e-01 4.265587744926290226e-01 1.725307791212290706e-02 5.212907204551418816e-02 9.364594328544270652e-02
1.966938155956926693e+01 9.996755205202139116e-01 4.261267179198257593e-01 1.457106746513661330e-02 5.360637006758750545e-02 9.533527187624503407e-02
1.977627804855631410e+01 9.988565370959761047e-01 4.261397199018370774e-01 1.541225841214385536e-02 5.269031713278938406e-02 9.712789176094276111e-02
1.988317453754331865e+01 9.989106298641113879e-01 4.264313904627972662e-01 1.614271567297591303e-02 4.981816888027894991e-02 9.680164112021266698e-02
1.999007102653024148e+01 9.990659832221507886e-01 4.267967486191467930e-01 1.549085872007152816e-02 5.168767230619130543e-02 9.512987615726445356e-02
2.009696751551729577e+01 9.989048305275235462e-01 4.269873478923511545e-01 1.441564546042219813e-02 5.048217297265357451e-02 9.808598278423075190e-02
2.020386400450429321e+01 9.983554554582535490e-01 4.274817018196734320e-01 1.350003066346007648e-02 4.732557972281277447e-02 9.777723037105966186e-02
2.031076049349125867e+01 9.981470991187423314e-01 4.280491239966680017e-01 1.271623696486376236e-02 5.178988319044561944e-02 9.424059447484395280e-02
2.041765698247826677e+01 9.989245443930409030e-01 4.283489291640570351e-01 1.362851686782591033e-02 4.821199581443479099e-02 9.478302051098910774e-02
2.052455347146527487e+01 9.993372166515714916e-01 4.280465862182207260e-01 1.291193184336409013e-02 4.656128315490403596e-02 9.401082157667195460e-02
2.063144996045222967e+01 9.988952125101268065e-01 4.285240754342205527e-01 1.539980069436020470e-02 4.933039008486361787e-02 9.454778078009141995e-02
2.073834644943923777e+01 9.987376968362351448e-01 4.287552250498314343e-01 1.727398952009350300e-02 5.148178797237126098e-02 9.370977704956855170e-02
2.084524293842624942e+01 9.990760852431164185e-01 4.282870847469216757e-01 1.703915168471429459e-02 4.930781180658766472e-02 9.280280250265519892e-02
2.095213942741320778e+01 1.000087256849761852e+00 4.281424902159965962e-01 1.550435700423163921e-02 4.968501864381134198e-02 9.204210426375011855e-02
2.105903591640020878e+01 9.996365015263616316e-01 4.277233517825551612e-01 1.558867428191906823e-02 5.172486709997489718e-02 9.298071942244702515e-02
2.116593240538727017e+01 1.000678667981146353e+00 4.269719150147949227e-01 1.636275982513445484e-02 5.539022500666652277e-02 9.210144227744057610e-02
2.127282889437417523e+01 1.000361393385323483e+00 4.270302507915760826e-01 1.543096917207088282e-02 5.573317392826325489e-02 9.450421135196973577e-02
