0.000000000000000000e+00 1.501093483215344193e+00 1.000000000000000000e+00 1.447750423270102163e-03 -2.127168586668779556e-03 -7.727766728352858340e-04
7.898779430908481336e-01 1.294672743837527840e+00 6.077479543679412677e-01 -1.189812713346640079e-02 1.244955686466770878e-01 4.377443634188923904e-02
1.579755886182366176e+00 1.175848243296493845e+00 4.258301732656855076e-01 -1.323098134806178529e-02 1.383289403046507604e-01 7.146301292952741968e-02
2.369633829275120451e+00 1.107837734526780027e+00 3.367912703479772896e-01 -1.204944213085203455e-02 9.734943568177403805e-02 8.742963309399492955e-02
3.159511772360723114e+00 1.066347673980687860e+00 2.924734980267043594e-01 -1.087903243100418055e-02 6.106344288925024538e-02 9.525153437066924411e-02
3.949389715446323113e+00 1.040463818660331441e+00 2.700625752000321844e-01 -1.145616921594505566e-02 4.054862020058060124e-02 1.028740443694751566e-01
4.739267658534127570e+00 1.023592770065288260e+00 2.585306460733587386e-01 -1.142687744670344528e-02 2.783544679602957192e-02 1.090845119948340297e-01
5.529145601635142349e+00 1.013770121812907821e+00 2.520519623825244748e-01 -8.028507711758987517e-03 2.866972254944650036e-02 1.085090616120694962e-01
6.319023544736166009e+00 1.008709423872114375e+00 2.478793512223592954e-01 -9.919179083339222866e-03 3.087114600678053655e-02 1.097095769221377998e-01
7.108901487837185229e+00 1.005199379828351836e+00 2.452775240397180312e-01 -9.386726031651583882e-03 3.135433937852587227e-02 1.106546390335802904e-01
7.898779430938188462e+00 1.002268118456496993e+00 2.441287401943942892e-01 -9.078034139222947857e-03 2.955974923725028861e-02 1.137464040379730229e-01
8.688657374039211234e+00 1.001196706373153056e+00 2.429656995753941007e-01 -8.476463566236207281e-03 2.652157177855295547e-02 1.095557727308030666e-01
9.478535317131433047e+00 1.001059370246071945e+00 2.426701444967359900e-01 -9.955981138893893814e-03 2.826840820880660229e-02 1.122647393541220534e-01
1.026841326020160317e+01 1.000741415706646764e+00 2.432072187156977816e-01 -8.038673041030617791e-03 2.802828249057874588e-02 1.121476371145339046e-01
1.105829120327182480e+01 9.995197390699330775e-01 2.434366343096110719e-01 -9.603809514877596765e-03 2.846467899565448267e-02 1.145209715940178757e-01
1.184816914634198959e+01 9.993863556329808384e-01 2.429821203845038968e-01 -8.916914624726501176e-03 2.781854667696575384e-02 1.126943288961096967e-01
1.263804708941220767e+01 9.996887340750647555e-01 2.432246357922999702e-01 -1.070585729857768259e-02 2.812529092224909030e-02 1.141385458921293505e-01
1.342792503248239022e+01 9.993039381152636347e-01 2.425959323053205885e-01 -9.611342281272902688e-03 3.065784726954992948e-02 1.097237498925297677e-01
1.421780297555260475e+01 9.995202230366424523e-01 2.423970494343473114e-01 -8.703810247741408310e-03 2.825186513071616112e-02 1.128359250103200401e-01
1.500768091862276066e+01 9.981938552674758380e-01 2.426992170020895456e-01 -8.233745886639628683e-03 2.985553609071726899e-02 1.128328494597268111e-01
1.579755886169295920e+01 9.985615279378343701e-01 2.426980819354914998e-01 -9.451617608254745881e-03 2.857050661531078742e-02 1.106731776893892794e-01
1.658743680476318261e+01 9.993379255499154068e-01 2.423370974383790843e-01 -9.572514655552494950e-03 2.875562405562765919e-02 1.090962620007936423e-01
1.737731474783337760e+01 9.998484102331287593e-01 2.421031732789580004e-01 -1.032199676469105869e-02 3.010955363430981371e-02 1.115710498647323468e-01
1.816719269090353350e+01 1.000677368158915836e+00 2.417517647895515154e-01 -9.761564350489871852e-03 3.081851662901525027e-02 1.113399071357736303e-01
1.895707063397371783e+01 9.999765097431657646e-01 2.422012878145479720e-01 -1.002046628955223680e-02 3.151433838806931564e-02 1.122035908994509223e-01
1.974694857704396966e+01 1.000811139377343562e+00 2.421625568779970095e-01 -1.097424145513842438e-02 2.907693777410366026e-02 1.088217472788122753e-01
2.053682652011415755e+01 1.000400473559518000e+00 2.423094036862989131e-01 -1.081670603270519851e-02 3.089009872367180082e-02 1.132760518616118955e-01
2.132670446318430635e+01 1.000329073984707051e+00 2.426464718255690878e-01 -1.156906764529451112e-02 3.139485722003401008e-02 1.148413633761623254e-01
2.211658240625448357e+01 9.999634557539814894e-01 2.425380944338113298e-01 -1.033815216247172333e-02 3.022029690895096030e-02 1.090799958909105388e-01
2.290646034932475317e+01 1.000589421000985801e+00 2.428617334814173745e-01 -1.012739652427791133e-02 3.186705094199233923e-02 1.122124929439997087e-01
2.369633829239493039e+01 1.000647070752484602e+00 2.424628199387081351e-01 -9.062894600946299825e-03 2.685462207979653210e-02 1.121696285182007258e-01
2.448621623546508630e+01 1.000938759471944328e+00 2.425873444906798404e-01 -8.409576152297482121e-03 3.024811621099391182e-02 1.137107120297262269e-01
2.527609417853526352e+01 1.000356332365934131e+00 2.424836475798486379e-01 -9.386963777167042430e-03 2.889282446369770621e-02 1.126774167866894105e-01
2.606597212160553312e+01 1.000246771746433394e+00 2.424158637092385382e-01 -9.607194562449076353e-03 3.123751233242398617e-02 1.099050955844632638e-01
2.685585006467570324e+01 9.999276249003831163e-01 2.424801673504038135e-01 -9.488708735525161822e-03 2.977149649902401107e-02 1.136824667973075215e-01
2.764572800774584849e+01 9.977502258499374443e-01 2.430532735956340562e-01 -1.131158013045233286e-02 3.120104370213101080e-02 1.124416177630272740e-01
2.843560595081601505e+01 9.976759880581422824e-01 2.429746178428265346e-01 -9.957649000176991075e-03 3.146378093875643739e-02 1.124704885017723116e-01
2.922548389388626333e+01 9.988201051026398547e-01 2.425436710021867392e-01 -9.547788152973907608e-03 2.928841956035570238e-02 1.102375098375321244e-01
3.001536183695641924e+01 1.000884753962068663e+00 2.420784570036215722e-01 -1.024142577409592990e-02 2.734309979036506771e-02 1.120047319940375291e-01
3.080523978002667818e+01 1.000771526323600114e+00 2.425442232268829323e-01 -1.008810602920652034e-02 2.831373673952648773e-02 1.122679987499050763e-01
3.159511772309685185e+01 1.000702775973099756e+00 2.421965956330333070e-01 -9.066177298859952327e-03 2.795808508775338500e-02 1.097425644338680117e-01
3.238499566616708591e+01 1.001193367271854706e+00 2.422698058952309774e-01 -8.748206604319798754e-03 3.008333892825141784e-02 1.107630683844183367e-01
3.317487360923725248e+01 1.000269844687714516e+00 2.428173674084400102e-01 -1.083654167384785760e-02 2.890572911838339490e-02 1.102838688540275502e-01
3.396475155230739063e+01 9.999478289371669382e-01 2.427953157342971069e-01 -1.067313895271496289e-02 2.676607208948818956e-02 1.125581661983078574e-01
3.475462949537755009e+01 9.998399340017570802e-01 2.425173394255515091e-01 -1.014310442332382392e-02 2.950063590404003108e-02 1.094408969626168709e-01
3.554450743844777350e+01 1.001032893434730120e+00 2.426880754729721923e-01 -8.843388108335176537e-03 3.066725981116107461e-02 1.120784554830757257e-01
3.633438538151793296e+01 9.996019246738365727e-01 2.434397265644240582e-01 -9.159856682150812474e-03 2.986108724016199589e-02 1.120612366194415205e-01
3.712426332460562151e+01 9.994555152673525455e-01 2.435775404345805750e-01 -1.018157341884242187e-02 3.191465339950255720e-02 1.098140641450735255e-01
3.791414126779899618e+01 9.986504996775760201e-01 2.429991864766685716e-01 -9.481382139454623201e-03 2.840149968218606824e-02 1.117102684707710902e-01
3.870401921099256271e+01 9.991425405115960112e-01 2.428416963760277603e-01 -9.065898029672451314e-03 2.846043374100295370e-02 1.123370633329668911e-01
3.949389715418593738e+01 9.995579425009382124e-01 2.430682714078202522e-01 -1.038865652076590394e-02 2.702966058150317943e-02 1.108356560743076757e-01
4.028377509737952522e+01 9.991950825797749625e-01 2.430938424943730469e-01 -1.079675015890254990e-02 3.116949694509288382e-02 1.110872896894845724e-01
4.107365304057287858e+01 9.981990428151092942e-01 2.427387241832402731e-01 -1.044547859009395223e-02 3.029291998335724087e-02 1.111517886817038753e-01
4.186353098376645931e+01 9.985908155552390975e-01 2.428160541213328083e-01 -9.900676294013472170e-03 2.988423617355732975e-02 1.115466499479399465e-01
4.265340892695981978e+01 9.990519546173395327e-01 2.427926085213599205e-01 -1.014268178826376737e-02 3.113133899984163108e-02 1.099351294541549978e-01
4.344328687015340051e+01 9.979710824587294526e-01 2.429712286194363746e-01 -1.155049219169741910e-02 3.129283298861054718e-02 1.103799658989482041e-01
4.423316481334676098e+01 9.990955379748395204e-01 2.421173905509218238e-01 -1.187021831819095111e-02 3.090193264948474031e-02 1.122497351806101828e-01
4.502304275654034882e+01 9.982741798148498935e-01 2.423752881621598909e-01 -1.060257323131935658e-02 2.994872771386893062e-02 1.133135327213552618e-01
4.581292069973369507e+01 9.985911448428833603e-01 2.423426229140362709e-01 -1.020975643458024197e-02 2.887944912691360264e-02 1.101594018672884812e-01
4.660279864292729712e+01 1.000040417584947772e+00 2.423325788545910298e-01 -1.147468359002571173e-02 3.027842466830072202e-02 1.095290024703636372e-01
4.739267658612063627e+01 1.000303051421442158e+00 2.422943504439409868e-01 -1.100927842025687178e-02 3.192490956176834843e-02 1.127999725519650970e-01
4.818255452931423832e+01 9.989231196190397899e-01 2.427651965505302212e-01 -9.577938584967882543e-03 3.101115373579254805e-02 1.125951435009113627e-01
4.897243247250757747e+01 9.995933287884795071e-01 2.428328575931305300e-01 -9.003276866941497050e-03 3.281241274719159939e-02 1.150607882813628885e-01
4.976231041570118663e+01 1.000067620726570849e+00 2.428984401664967541e-01 -8.098413789525226933e-03 3.313037695710477348e-02 1.118345302363612098e-01
5.055218835889455420e+01 9.994292699620106468e-01 2.425928874867356311e-01 -9.282875087138972581e-03 3.035964813723692618e-02 1.172194837435365511e-01
5.134206630208808519e+01 9.989741457261026580e-01 2.422454725230048789e-01 -9.482397903527561844e-03 2.912544436947506546e-02 1.137724413220204817e-01
5.213194424528145987e+01 9.997531490378052110e-01 2.422608170095193747e-01 -1.087524812644746763e-02 2.974349437466784762e-02 1.102833440897077605e-01
5.292182218847506903e+01 9.999602324757471683e-01 2.428252951724029218e-01 -1.028759897711950359e-02 2.813481587325264432e-02 1.113065288757578292e-01
5.371170013166846502e+01 1.000229901102550167e+00 2.425140190182666355e-01 -9.278698675013522662e-03 2.584901291785064031e-02 1.117271086339522990e-01
5.450157807486194628e+01 1.000075348756843896e+00 2.426519644854705504e-01 -8.711872948671300215e-03 2.964540553390171071e-02 1.123693857576800181e-01
5.529145601805534227e+01 9.996484737797621811e-01 2.425562577373640005e-01 -9.118739091972662830e-03 3.087314511057004038e-02 1.114497319884045767e-01
5.608133396124895853e+01 9.992633949300847584e-01 2.422749929100808386e-01 -1.071049618668817004e-02 3.013736804167209057e-02 1.148547201535013440e-01
5.687121190444236873e+01 9.983979096013672061e-01 2.424990157094983334e-01 -9.149675233545522673e-03 2.794872551836787705e-02 1.111830715350207999e-01
5.766108984763581446e+01 9.987789662882184949e-01 2.421781296572216857e-01 -9.841433617923465993e-03 2.754130746970708324e-02 1.070336247722323553e-01
5.845096779082922467e+01 9.990099466890611790e-01 2.422846438589614515e-01 -1.062618560618057081e-02 2.901901631799133630e-02 1.082062644559114023e-01
5.924084573402284093e+01 9.998450667948498571e-01 2.424995867411813000e-01 -1.021958326700191967e-02 2.936839997767567989e-02 1.106552668744144735e-01
6.003072367721626534e+01 9.998567796034720789e-01 2.431588146181782317e-01 -1.085389853181428256e-02 2.794174882087815948e-02 1.092963716645596745e-01
6.082060162040967555e+01 1.000290448685565270e+00 2.429581275089084946e-01 -9.434123280063816744e-03 2.884113348852039918e-02 1.122119305545890844e-01
6.161047956360309996e+01 9.996493191831243852e-01 2.428296084572499902e-01 -1.027410438018286874e-02 3.291294875062494851e-02 1.122633240021899820e-01
6.240035750679673043e+01 9.993012865133013012e-01 2.430081313978074420e-01 -1.136444156976534198e-02 3.214821264621687408e-02 1.113124103334659221e-01
6.319023544999017616e+01 1.001150132504893930e+00 2.428701874745856082e-01 -1.018988392276187760e-02 3.178872523409523310e-02 1.111387917453770524e-01
6.398011339318353663e+01 9.998227844149177868e-01 2.434973742213899783e-01 -9.048763401026298572e-03 2.842415000413132595e-02 1.099687130132052243e-01
6.476999133637698947e+01 9.990586729915260644e-01 2.429388802039104123e-01 -1.082892973163824754e-02 2.705691075186496958e-02 1.116075990458847284e-01
6.555986927957060573e+01 9.989758289490785481e-01 2.426595514284295430e-01 -9.632017018225488489e-03 2.950739897717150756e-02 1.142445105001621414e-01
6.634974722276406567e+01 9.986820560046845152e-01 2.432376868762770039e-01 -1.121339944726809298e-02 2.942017915431772990e-02 1.122436885816237156e-01
6.713962516595741192e+01 9.990814453681163831e-01 2.419354290102624372e-01 -9.388484146379371190e-03 2.979968721633607931e-02 1.097529892688836606e-01
6.792950310915085765e+01 1.000166454075702482e+00 2.420206787104505486e-01 -1.023045429567828561e-02 2.914589866672818302e-02 1.110482308328974294e-01
6.871938105234450234e+01 1.002008724795383054e+00 2.414757219464106763e-01 -8.718410841024596541e-03 3.102030657405880840e-02 1.125157473419060861e-01
6.950925899553796228e+01 1.001313561496271154e+00 2.415718466887794846e-01 -9.978694619329413901e-03 2.553465619590014959e-02 1.075063723253549541e-01
7.029913693873128011e+01 1.000275322688047197e+00 2.420001070522541931e-01 -9.137502323652055281e-03 2.792789004242442891e-02 1.109932000750104703e-01
7.108901488192474005e+01 1.001071743346157117e+00 2.418900025645982776e-01 -8.191583585849440685e-03 3.340202146766507729e-02 1.141680961359428231e-01
7.187889282511838474e+01 1.001138952355348444e+00 2.423189282101650965e-01 -9.940975649565263889e-03 3.113129172672991427e-02 1.117081773365139891e-01
7.266877076831185889e+01 1.001336728958639011e+00 2.429033162396119494e-01 -8.648206907649400380e-03 2.754107603335234633e-02 1.139775468001903436e-01
7.345864871150514830e+01 1.001692909453114178e+00 2.425929789991942698e-01 -9.231423243155033320e-03 3.103783859154084571e-02 1.133201458064092282e-01
7.424852665469863666e+01 1.001745375797157944e+00 2.428246339169983781e-01 -8.893291983509458987e-03 2.865200343227668200e-02 1.133910561671320899e-01
7.503840459789226713e+01 1.002882620912264322e+00 2.423585061730455792e-01 -9.318176316806212403e-03 2.907349708335796312e-02 1.127379068208640284e-01
7.582828254108575550e+01 1.001123885302414251e+00 2.424634796938223980e-01 -9.863234502490662164e-03 2.938781066908645323e-02 1.110162174158903226e-01
7.661816048427901649e+01 9.990613792826951167e-01 2.430439056009165433e-01 -1.097557317377928499e-02 2.704610764258676484e-02 1.125758668100813875e-01
7.740803842747251906e+01 9.992530458932842308e-01 2.431785004889190638e-01 -1.028646504608859112e-02 3.050441700416663474e-02 1.113336681404261536e-01
7.819791637066616374e+01 9.984598798842737599e-01 2.429817064804851989e-01 -1.099278693216615595e-02 2.966782677989947270e-02 1.097372369152617294e-01
7.898779431385965211e+01 9.998908758561327881e-01 2.423186816707955660e-01 -1.113944416684074096e-02 2.960796014202148052e-02 1.080613842208651421e-01
7.977767225705289889e+01 9.988855799734761565e-01 2.424839440120419853e-01 -9.038387466192922964e-03 3.163749093275240731e-02 1.104582790408544790e-01
8.056755020024640146e+01 9.994856716964607424e-01 2.418925186931288329e-01 -9.405580451380169543e-03 3.002717810889155362e-02 1.135041816803711301e-01
8.135742814344004614e+01 9.989402120711973199e-01 2.421442007864760548e-01 -8.837226445460710095e-03 3.035067057590961834e-02 1.111262808622961867e-01
8.214730608663354872e+01 9.992606129109763424e-01 2.422498867021589675e-01 -1.092715223596616575e-02 2.945028056999677776e-02 1.143773646624108298e-01
8.293718402982675286e+01 9.993570193988725592e-01 2.421156740528844220e-01 -9.835556347741901753e-03 2.862473306224574271e-02 1.114895760281386372e-01
8.372706197302026965e+01 9.992718398069434516e-01 2.421854619411613618e-01 -8.779653576299487408e-03 3.280751992335855655e-02 1.115250794781251636e-01
8.451693991621392854e+01 9.993177460724850247e-01 2.425837270284109115e-01 -8.533249731094391319e-03 2.659232338854539482e-02 1.111018232106056325e-01
8.530681785940744533e+01 9.998745497954523165e-01 2.420365325593575312e-01 -1.025920340121856678e-02 2.750615227287316750e-02 1.097786894795561019e-01
8.609669580260062105e+01 1.000002152396642252e+00 2.420987030194908518e-01 -1.042597412336836518e-02 3.036001008470745610e-02 1.094866117752927859e-01
8.688657374579415205e+01 9.992270377057720365e-01 2.425259840248833176e-01 -1.029852423676088854e-02 2.924504664326394582e-02 1.135631495624713216e-01
8.767645168898781094e+01 1.000465510954662296e+00 2.416492455829816755e-01 -1.031723649764357438e-02 2.554123438826126982e-02 1.099995379725895311e-01
8.846632963218132772e+01 9.991541197277624686e-01 2.423732179441416557e-01 -9.794699769394706393e-03 3.025039819267455118e-02 1.118627637199138825e-01
8.925620757537450345e+01 1.001627526616158059e+00 2.414581406435420130e-01 -1.090198277234342809e-02 3.271896899019426097e-02 1.099902248635312857e-01
9.004608551856803444e+01 1.000442643666518583e+00 2.418409831108200014e-01 -9.394820376088942881e-03 3.379245041634584834e-02 1.098881368257716706e-01
9.083596346176169334e+01 1.000041305928974333e+00 2.421200764209167355e-01 -1.052638547474559795e-02 2.894031223998808772e-02 1.121071510053710668e-01
9.162584140495522433e+01 9.991562236087848659e-01 2.427406150389451733e-01 -1.054181081943260725e-02 3.069486267834920998e-02 1.099463746586337026e-01
9.241571934814838585e+01 9.981109749317882418e-01 2.429009738402301832e-01 -1.047159905825506727e-02 2.666081013006900424e-02 1.131973807993688352e-01
9.320559729134191684e+01 9.982697878920387957e-01 2.428112464147000882e-01 -8.893005360200057982e-03 2.725025416804615144e-02 1.144555437505671291e-01
9.399547523453557574e+01 9.976964904993164129e-01 2.428379792645420088e-01 -1.020922128115691989e-02 2.987318512806338977e-02 1.096048611181562465e-01
9.478535317772912094e+01 9.973015038537224042e-01 2.431107460901335560e-01 -9.760606657381111148e-03 3.046963814050202349e-02 1.142155342454259370e-01
9.557523112092226825e+01 9.993539298033287110e-01 2.420094979963720860e-01 -8.693695534281307979e-03 2.919332945153571210e-02 1.103646928967081248e-01
9.636510906411579924e+01 1.000754732965337457e+00 2.421074910832199389e-01 -9.970950341927959162e-03 2.995615674669829115e-02 1.121914168726007022e-01
9.715498700730942971e+01 1.000722988208844422e+00 2.416334072522609566e-01 -9.766815134718428992e-03 3.171649523213244948e-02 1.122717008130634797e-01
9.794486495050294650e+01 1.001438845061998872e+00 2.422857110491097865e-01 -9.439348578986374652e-03 3.036383883187661337e-02 1.099095636565076417e-01
9.873474289369612222e+01 1.000837476858519093e+00 2.425095429668907010e-01 -8.351971840187545973e-03 2.769848127368896434e-02 1.089132425278448169e-01
9.952462083688968164e+01 1.000381872895151458e+00 2.418783657622785577e-01 -9.029801302948451541e-03 2.910054639720565176e-02 1.121707615550354004e-01
1.003144987800833263e+02 9.998774739392126687e-01 2.423383832806958460e-01 -8.895571993227149518e-03 3.015138015004150199e-02 1.094900292673847975e-01
1.011043767232768857e+02 1.000642658108489291e+00 2.427937349145214141e-01 -9.255821999415663956e-03 2.920373794731856085e-02 1.080936937062993569e-01
1.018942546664700899e+02 1.001161983922379317e+00 2.420631540636654644e-01 -9.867821178863646694e-03 2.712831664301383963e-02 1.080654167957742356e-01
1.026841326096636209e+02 1.000735345099653006e+00 2.430027290470655743e-01 -9.391579591990946441e-03 2.845587028520508641e-02 1.104943176610472949e-01
1.034740105528571235e+02 1.000318268345509187e+00 2.430557239292474025e-01 -9.036877194406559011e-03 2.617191530141309633e-02 1.113927696521008481e-01
1.042638884960506829e+02 9.999015729652280804e-01 2.429980288792738807e-01 -9.498737810447171331e-03 2.938954767528230080e-02 1.131983747634688758e-01
1.050537664392438870e+02 9.992738196709316512e-01 2.430059873700993189e-01 -1.060447273321621191e-02 3.104374078662276715e-02 1.093596685156779935e-01
1.058436443824374464e+02 9.996603849117940976e-01 2.423606540751123417e-01 -9.266223205101930746e-03 2.850127711529675673e-02 1.100987084047424236e-01
1.066335223256310911e+02 9.995169447939933338e-01 2.425202304358836658e-01 -9.649496688985667592e-03 3.101492403406848689e-02 1.116549418389231052e-01
1.074234002688246647e+02 1.000508845307960026e+00 2.424387632496339262e-01 -1.033685796203578228e-02 3.005842580531727787e-02 1.123852435312074488e-01
1.082132782120178831e+02 9.996031013353602335e-01 2.431591747629783251e-01 -1.200423421686919179e-02 2.840474525425744357e-02 1.128584480936419138e-01
1.090031561552114567e+02 1.000656007202467945e+00 2.421834599048909020e-01 -8.563438075976807784e-03 3.103019096131409346e-02 1.107184840124919994e-01
1.097930340984048456e+02 9.998589940631927853e-01 2.429384355948899787e-01 -8.675418160831126907e-03 2.901906139821521652e-02 1.098416246661130385e-01
1.105829120415983908e+02 1.000805655219929591e+00 2.430257257543853855e-01 -9.593326360148746873e-03 3.366877496745134674e-02 1.102123296516405726e-01
1.113727899847916234e+02 1.000855729200603728e+00 2.423911599074931866e-01 -9.460368825768753973e-03 2.902872867651161773e-02 1.092954361522747025e-01
1.121626679279851970e+02 9.998805107238695200e-01 2.427023453014611198e-01 -9.486609121413544163e-03 3.179202818628439065e-02 1.115518905511541786e-01
1.129525458711788559e+02 1.001539109827366048e+00 2.422422621704913570e-01 -7.684288819615887368e-03 3.229247084084417574e-02 1.124561971477868322e-01
1.137424238143724438e+02 1.001298889979879370e+00 2.424415399254009063e-01 -9.276036578346623721e-03 3.051966061097922608e-02 1.109883759905255646e-01
1.145323017575656905e+02 1.001415929799663651e+00 2.428377413467819601e-01 -9.307306836223662797e-03 2.879796578832397036e-02 1.105012551444733981e-01
1.153221797007592642e+02 1.000387573865735957e+00 2.428466053424024329e-01 -8.369236207219606441e-03 2.542682180160497213e-02 1.137753133509532277e-01
1.161120576439525536e+02 1.000174225038277687e+00 2.426135563868087597e-01 -1.045320556212877769e-02 2.818492717144081144e-02 1.108727494899924837e-01
1.169019355871461414e+02 1.001319836388628204e+00 2.427550602797375889e-01 -1.014998288001835516e-02 3.190918411652665654e-02 1.114775595426153176e-01
1.176918135303393740e+02 1.000448531525452767e+00 2.423985794115546266e-01 -1.054356795164341359e-02 3.133287837478024307e-02 1.098155521365592746e-01
1.184816914735329618e+02 1.000889377607113495e+00 2.424527907704643048e-01 -9.326291771760522251e-03 3.031396796703205235e-02 1.127056953292270153e-01
