0.000000000000000000e+00 1.101194738625599356e+00 1.000000000000000000e+00 -2.111934504872116109e-03 3.112169888030436211e-03 -2.221287058700482963e-04
4.516976015162527114e-01 9.316056397451262239e-01 1.571297371253869590e+00 9.621741620739320683e-03 1.129554834055662149e-01 6.202182677862515953e-02
9.033952030323548765e-01 8.413888609488827663e-01 2.219188278050267193e+00 1.102622733439842691e-02 1.475483690615982946e-01 7.187889352436471757e-02
1.355092804548893026e+00 7.915978107263630381e-01 2.872476921174599518e+00 1.103049886061528359e-02 1.617352196143975462e-01 6.096494292037144686e-02
1.806790406069354482e+00 7.642724130109456171e-01 3.474977451155417008e+00 1.385523261054147706e-02 1.685814861113437146e-01 5.550911082416359194e-02
2.258488007589820601e+00 7.492032722123626032e-01 3.983059680334940733e+00 1.932613050095259924e-02 1.752298218137647023e-01 4.743741605203645462e-02
2.710185609110289828e+00 7.414354396135662828e-01 4.345622953603243133e+00 2.579159354040204757e-02 1.930215478075599234e-01 4.220395062530843400e-02
3.161883210630756835e+00 7.366357281106887811e-01 4.601361671163885170e+00 3.110697597736265113e-02 1.998421360966040061e-01 3.941070592824936353e-02
3.613580812151214516e+00 7.339802697533198694e-01 4.778803956661118235e+00 3.448085024135552623e-02 2.066042389236900367e-01 3.622491904726587303e-02
4.065278413671683744e+00 7.323835002974214969e-01 4.877538828909797175e+00 3.533487470713305573e-02 2.107636857671219832e-01 3.274405901286060738e-02
4.516976015192148530e+00 7.323953283734622177e-01 4.955312135523398887e+00 3.998961520518787283e-02 2.103898182673304140e-01 3.142981072771793005e-02
4.968673616712620422e+00 7.307126356478003126e-01 5.002394032121457279e+00 4.112717601861879541e-02 2.122032998317726626e-01 3.089997330808585269e-02
5.420371218226135213e+00 7.298956635547270144e-01 5.000069415703412901e+00 4.219880616336360579e-02 2.172509533136805504e-01 3.303602763993527397e-02
5.872068819729162392e+00 7.313450848994251796e-01 5.000876447492462518e+00 4.211184104111029974e-02 2.196133143899425266e-01 3.442163950223792873e-02
6.323766421232170032e+00 7.310037396760546979e-01 5.009338999517209068e+00 4.147010640946117294e-02 2.242091547830512843e-01 3.288061225424014633e-02
6.775464022735167902e+00 7.308974927321609805e-01 5.012756233543796291e+00 4.242634554293716470e-02 2.226101378387969065e-01 3.416852653558649644e-02
7.227161624238176429e+00 7.309857823630725449e-01 4.999982973678152476e+00 4.279296304895554431e-02 2.237797606496438607e-01 3.313169870197945482e-02
7.678859225741198280e+00 7.313982142787661678e-01 4.984506594604087404e+00 4.297289687469502822e-02 2.228402252957778218e-01 3.207526734429320264e-02
8.130556827244211249e+00 7.298716979968604690e-01 4.997301748725974768e+00 4.214029617335916800e-02 2.270619605590768197e-01 3.312870266810007819e-02
8.582254428747223329e+00 7.297984421154076751e-01 5.004655945586046428e+00 4.345067358027552423e-02 2.311553504505923506e-01 3.461976606343457330e-02
9.033952030250208765e+00 7.295508837942450420e-01 5.006068880210527539e+00 4.312433193001136145e-02 2.226553201402548532e-01 3.366145698470760644e-02
9.485649631753251043e+00 7.294425830703641367e-01 4.996575529638370483e+00 4.165691300222906790e-02 2.210423187878822193e-01 3.112341243708801469e-02
9.937347233256227597e+00 7.306483301105423100e-01 4.989780497826149741e+00 4.257413480090509184e-02 2.240962463585338682e-01 3.125104964062123958e-02
1.038904483475924856e+01 7.313759637810739456e-01 4.994900984507243180e+00 4.054242787495891676e-02 2.275271200644958247e-01 3.223870175916183911e-02
1.084074243629001622e+01 7.305515567478333416e-01 4.990531378805433960e+00 4.214917259625019369e-02 2.298239418383583310e-01 3.428561199888715411e-02
1.129244003782793726e+01 7.308907191508203782e-01 5.012678798297430127e+00 4.227806953828119885e-02 2.282282317333749200e-01 3.291868149104036634e-02
1.174413763936585831e+01 7.301696714953026524e-01 4.999435673715801443e+00 4.197190510432726590e-02 2.262196944860586090e-01 3.307365566003126617e-02
1.219583524090377935e+01 7.303205448538405697e-01 5.005853724441323926e+00 4.219924729672204500e-02 2.296458989851669352e-01 3.115811024292781603e-02
1.264753284244170217e+01 7.309460367915956436e-01 5.005363352787798092e+00 4.133264024517179641e-02 2.306402029411049048e-01 3.470653233854865960e-02
1.309923044397962322e+01 7.306983074118277299e-01 4.999697268376122494e+00 4.375441716089176203e-02 2.265716397245208791e-01 3.416923444306044222e-02
1.355092804551754426e+01 7.302684011079492166e-01 5.001814126605391486e+00 4.363198213322078828e-02 2.262563244692400166e-01 3.359902837604938214e-02
1.400262564705547241e+01 7.307160851293021953e-01 4.990883442644762802e+00 4.434307913012366931e-02 2.263495803768304504e-01 3.607660718594313254e-02
1.445432324859337569e+01 7.308755390717932565e-01 4.976168867822547526e+00 4.354521115108379165e-02 2.277589363254210464e-01 3.289473381710607269e-02
1.490602085013131983e+01 7.307610403613260530e-01 4.984364094758241492e+00 4.254906564001886132e-02 2.268298121390151800e-01 3.274266633082494049e-02
1.535771845166921068e+01 7.306138111509411504e-01 4.983770422274994338e+00 4.025567731269084903e-02 2.293636176430462748e-01 2.961822973240998622e-02
1.580941605320717436e+01 7.294738058303080752e-01 4.987599129452794600e+00 4.183025898502023415e-02 2.222624383111764246e-01 3.157077660490978377e-02
1.626111365474504922e+01 7.297493334594650216e-01 4.987227444034229684e+00 4.238178156052327394e-02 2.284167009372562174e-01 3.304354832153778843e-02
1.671281125628302178e+01 7.300823335571521300e-01 5.004450295572931751e+00 4.193656544699694150e-02 2.260294882149518902e-01 3.515035495951739086e-02
1.716450885782088420e+01 7.302866006648175423e-01 5.010801046436055728e+00 4.205837345378284770e-02 2.284973225943103536e-01 3.676391137056608804e-02
1.761620645935887097e+01 7.291074789132325762e-01 5.005455926995061589e+00 4.118201924577017531e-02 2.233247240449414417e-01 3.288400309979736674e-02
1.806790406089672274e+01 7.297177909443313126e-01 5.001319511172042986e+00 4.058324760904472722e-02 2.222181571357511876e-01 3.657006305319388667e-02
1.851960166243472017e+01 7.301538767644050187e-01 4.993605366412096735e+00 4.258942510507972984e-02 2.281303181453009643e-01 3.552803327476170697e-02
1.897129926397255772e+01 7.310257164920074269e-01 4.980270385354629958e+00 4.269193465472936877e-02 2.252852201054741377e-01 3.579837567571309692e-02
1.942299686551056226e+01 7.318102200705951521e-01 4.991123124070242056e+00 4.198438350227783056e-02 2.225015577240536668e-01 3.289168065537778629e-02
1.987469446704839626e+01 7.309773343018176606e-01 4.992072380402982290e+00 4.137705224379605029e-02 2.256144337697201241e-01 3.317232366115141495e-02
2.032639206858641145e+01 7.313237048720483413e-01 4.984272817222825225e+00 4.185279755641807542e-02 2.235848873717731500e-01 3.295772080706015766e-02
2.077808967012423125e+01 7.304661059109696097e-01 4.973501868121129377e+00 4.215004188229230092e-02 2.304793746367518881e-01 3.289827471809195908e-02
2.122978727166226065e+01 7.314416065794989708e-01 4.983683286560817827e+00 4.340302960980725600e-02 2.308047184780881722e-01 3.293930661645438213e-02
2.168148487320006979e+01 7.311418015712414231e-01 5.006136797673664596e+00 4.076583691553199718e-02 2.322576779332442831e-01 3.231566737676514617e-02
2.213318247473810985e+01 7.314144931286929996e-01 5.010230956366479305e+00 4.108365116043856402e-02 2.251312455460555140e-01 3.161936870048991099e-02
2.258488007627590832e+01 7.304111286570907913e-01 5.000280676832254301e+00 4.060592253341560598e-02 2.298127068990862554e-01 3.600835840418926265e-02
2.303657767781395194e+01 7.297174234135112014e-01 5.013122276301026581e+00 4.406501227305778534e-02 2.260691894600241614e-01 3.506892228598972733e-02
2.348827527935175041e+01 7.302525370077227462e-01 5.014281817271325714e+00 4.150115488270723213e-02 2.286484255133972021e-01 3.592987717124284525e-02
2.393997288088979758e+01 7.299931374293791020e-01 4.995143482925971767e+00 4.357967400869778435e-02 2.343017216636343047e-01 3.654910858103227467e-02
2.439167048242758895e+01 7.293538936245708149e-01 5.007741629787112458e+00 4.247336221723670147e-02 2.308662609519827325e-01 3.573440689397158060e-02
2.484336808396563967e+01 7.305034134007807323e-01 4.997876194459570875e+00 3.996085400952010397e-02 2.235738577823573325e-01 3.613058995783890309e-02
2.529506568550343104e+01 7.294004921908996408e-01 4.999212843987285382e+00 4.134184989421358508e-02 2.253303805477077093e-01 3.072660147885061810e-02
2.574676328704148887e+01 7.301713353983677601e-01 5.006143758254840925e+00 4.281992287987997775e-02 2.279889551791411118e-01 3.223791017108366269e-02
2.619846088857926958e+01 7.308383389587519430e-01 5.000340562048732451e+00 4.145858352288108589e-02 2.310184315576591929e-01 3.260656311884170544e-02
2.665015849011733096e+01 7.301562286343750152e-01 5.007057995760842317e+00 4.140233507906913163e-02 2.277748814979798919e-01 3.231896026366358476e-02
2.710185609165511167e+01 7.301364844266268195e-01 5.011266853071134619e+00 4.190655536294940475e-02 2.298944736274029788e-01 3.189744308848580651e-02
2.755355369319318370e+01 7.298699781101050110e-01 4.985785637786634084e+00 4.191040877362505607e-02 2.294218008054541014e-01 3.258189404302554854e-02
2.800525129473094665e+01 7.302394733352103318e-01 4.991189853801662579e+00 4.248418160565484158e-02 2.278377292563505685e-01 3.607841793506311179e-02
2.845694889626902579e+01 7.292956204190574887e-01 4.995177534511981321e+00 4.206772260899599436e-02 2.268444823753697215e-01 3.269281252991981801e-02
2.890864649780678874e+01 7.292701823032249342e-01 4.986241248612739874e+00 4.190731219547002423e-02 2.309126575014876503e-01 3.029180795989352970e-02
2.936034409934486789e+01 7.307000484167058829e-01 4.994571149105037300e+00 4.217399254545497328e-02 2.232572473119715795e-01 3.466901789034525921e-02
2.981204170088263083e+01 7.306221386137526919e-01 4.990182497867349909e+00 4.345488597968540784e-02 2.272353794798845916e-01 3.380637665641075817e-02
3.026373930242071708e+01 7.312683711155903987e-01 4.990444882632180779e+00 4.081536691619506996e-02 2.290629608907496229e-01 2.929365125426814515e-02
3.071543690395846937e+01 7.313728449160091794e-01 4.988553921782933998e+00 4.176504924349692949e-02 2.286520679914019749e-01 3.452757123974330156e-02
3.116713450549655917e+01 7.318227207527927547e-01 4.993797104820445476e+00 4.134598495292740594e-02 2.288103355902713354e-01 3.463511779576398247e-02
3.161883210703431146e+01 7.309199944784250391e-01 5.006696966229203127e+00 4.099602350462670103e-02 2.277988368017593579e-01 3.621887863790623774e-02
3.207052970857240126e+01 7.308764557306656195e-01 5.002759850079829818e+00 4.305073750695902202e-02 2.297730896951013235e-01 3.424516492976233117e-02
3.252222731011015355e+01 7.307523274133628233e-01 4.989037303888675723e+00 4.272472293079447592e-02 2.287236441641410101e-01 3.302120861565685517e-02
3.297392491164824690e+01 7.310000903914903869e-01 4.996738895709119888e+00 4.311227548395713677e-02 2.333294273312564449e-01 3.250217686441010667e-02
3.342562251318599209e+01 7.310945429302326826e-01 4.991001353186337752e+00 4.332617268480540296e-02 2.296572278764868469e-01 2.975866149827939219e-02
3.387732011472409255e+01 7.306787581969029777e-01 4.986476684305725549e+00 4.398148088141524970e-02 2.314755034849658444e-01 3.736092984298981790e-02
3.432901771626183773e+01 7.304699401420635674e-01 4.994257439683440936e+00 4.372965801818001069e-02 2.315937586876596344e-01 3.748434313168659548e-02
3.478071531779993109e+01 7.309918821584961979e-01 4.999240995403281929e+00 4.407450750921712568e-02 2.273022492500465230e-01 3.677329254251653773e-02
3.523241291933767627e+01 7.311815263105518881e-01 4.988455209725157324e+00 4.446205941180057103e-02 2.250700158853485844e-01 3.580389404410995458e-02
3.568411052087577673e+01 7.304363028590477036e-01 5.000591317522649959e+00 4.260156391084949506e-02 2.250627789962263980e-01 3.605142406833621027e-02
3.613580812241352191e+01 7.307151950051646860e-01 4.997065696435946336e+00 4.307562862002766585e-02 2.264323087994820627e-01 3.206151870947901439e-02
3.658750572395162237e+01 7.304946365979846368e-01 4.991225304931996121e+00 4.207425590245630204e-02 2.233180214464106639e-01 3.297681274921213102e-02
3.703920332548936045e+01 7.301348072156862434e-01 4.995686005292599319e+00 4.367128584528066904e-02 2.228471147113710304e-01 3.351088466440617364e-02
3.749090092702746801e+01 7.304594400607627991e-01 4.986992943518302468e+00 4.189363799028372748e-02 2.156086362975607185e-01 3.777192348713243747e-02
3.794259852856519899e+01 7.303530082770471887e-01 4.997205470098265323e+00 4.134009124350276898e-02 2.232023130154965063e-01 3.510202055486254941e-02
3.839429613010330655e+01 7.298435942912043783e-01 4.989659105375523929e+00 4.074292103175355950e-02 2.283842356598073664e-01 3.578052715147118229e-02
3.884599373164104463e+01 7.305979767594272811e-01 4.997974602186459059e+00 4.218972648123259228e-02 2.294975866190966107e-01 3.544202397183043862e-02
3.929769133317915220e+01 7.300799465580906089e-01 4.992041222897062980e+00 4.181945087880799272e-02 2.310832905843635265e-01 3.374254396302358433e-02
3.974938893471688317e+01 7.297069190537750494e-01 5.002103658835326705e+00 4.209449126550628834e-02 2.216808939993755723e-01 3.516260652053403157e-02
4.020108653625499073e+01 7.306776394745935210e-01 5.002118875112143925e+00 4.171902744916598099e-02 2.263939826436023872e-01 3.381768320684744311e-02
4.065278413779272881e+01 7.310793128228719739e-01 5.000255263635480674e+00 4.107368381583351158e-02 2.285430711721110342e-01 3.367556272431076331e-02
4.110448173933084348e+01 7.302600304890044525e-01 5.004392585902094126e+00 4.106504152098248983e-02 2.279788301306663323e-01 3.625149666834853734e-02
4.155617934086856025e+01 7.308490068533343154e-01 4.993166479744261643e+00 4.353130702044488709e-02 2.306321112978201859e-01 3.282686327851025432e-02
4.200787694240668912e+01 7.303723853359685991e-01 4.979190702312521033e+00 4.516618539306440500e-02 2.265509390464894302e-01 3.315480381624845430e-02
4.245957454394440589e+01 7.304095787660253025e-01 4.975458926336963295e+00 4.413280758614372690e-02 2.365780152581402340e-01 3.568733689267159642e-02
4.291127214548252766e+01 7.289485138581739410e-01 4.985689095921880920e+00 4.361807022366955000e-02 2.281407330824659629e-01 3.606921245702149337e-02
4.336296974702024443e+01 7.298514773263270472e-01 4.989534050225087114e+00 4.134141851110095800e-02 2.259313681627989900e-01 3.643244088229680849e-02
4.381466734855837331e+01 7.294204241109911724e-01 4.982907726135572091e+00 4.189846623096652595e-02 2.288711888319184817e-01 3.217556004723381990e-02
4.426636495009609007e+01 7.303693961300500304e-01 4.980812374035649803e+00 3.912465095132416221e-02 2.280756590360326075e-01 3.146096420180997250e-02
4.471806255163421184e+01 7.293416435896151739e-01 4.975473941902230024e+00 3.966908696764031433e-02 2.256491630662802728e-01 3.164047966119934441e-02
4.516976015317192861e+01 7.293538074860225207e-01 4.982213412740038372e+00 4.068676894603607402e-02 2.250322481719210232e-01 3.128200370506662581e-02
4.562145775471005749e+01 7.302082314675442110e-01 4.969330620579027524e+00 3.976786669973726707e-02 2.234727544467383087e-01 2.918988935747823810e-02
4.607315535624777425e+01 7.292689646562267036e-01 4.973085065524629478e+00 4.081741607694814450e-02 2.207119795149176944e-01 3.361379815376844271e-02
4.652485295778591023e+01 7.293888884206227718e-01 4.979863321626782913e+00 4.186293935252041049e-02 2.202228650595965675e-01 3.455555868499023825e-02
4.697655055932360568e+01 7.299736887214035574e-01 4.996979488772574030e+00 4.278560853853946577e-02 2.200609802430038842e-01 3.381118375220353717e-02
4.742824816086174877e+01 7.311106653959615898e-01 4.997983188535132903e+00 4.150009114143315969e-02 2.231056601294461594e-01 3.266239922939389445e-02
4.787994576239945133e+01 7.298386463867498897e-01 5.003683964338094370e+00 4.152537515417135255e-02 2.228744677603368696e-01 3.432242112352647950e-02
4.833164336393759442e+01 7.312388021956486295e-01 5.001959179999511562e+00 4.245054344364561361e-02 2.248770853603827558e-01 3.572885776231694149e-02
4.878334096547528986e+01 7.311440945781750855e-01 4.998496384618014154e+00 4.049265767225195684e-02 2.266352673181407373e-01 3.685296005402780711e-02
4.923503856701344006e+01 7.314725221559454926e-01 4.996699935846609542e+00 4.203543016155368572e-02 2.239770362648102753e-01 3.540464423567429852e-02
4.968673616855113551e+01 7.305160447918603861e-01 4.996306475670349023e+00 4.134925007722488333e-02 2.270715560650681530e-01 3.056456946150378287e-02
5.013843377008927860e+01 7.307771264001456935e-01 5.003501482701903313e+00 4.302690472378797870e-02 2.219942437514388078e-01 3.194409658229289267e-02
5.059013137162698115e+01 7.312078030477159318e-01 4.998367586038986232e+00 4.148964334190000103e-02 2.265630701559074034e-01 3.357057770149401987e-02
5.104182897316512424e+01 7.310751942114787072e-01 5.008189655604280865e+00 4.222741986524773672e-02 2.306389381243883763e-01 3.156218123457801145e-02
5.149352657470281969e+01 7.314756631567994605e-01 4.992886098287916852e+00 4.267025017710029955e-02 2.250242122871539130e-01 3.699542061290250761e-02
5.194522417624096278e+01 7.306467981606112883e-01 4.984431089504575141e+00 4.429081522107617547e-02 2.243927756564267628e-01 3.511019658213234557e-02
5.239692177777866533e+01 7.308700234179360544e-01 4.986132505361664080e+00 4.224221783531938862e-02 2.260139528110675089e-01 3.546066791368272103e-02
5.284861937931680842e+01 7.311483071562369096e-01 4.981487905303907837e+00 4.380129482872905516e-02 2.319591298829941917e-01 3.636982788273321332e-02
5.330031698085450387e+01 7.305917669009091009e-01 4.978276178243111971e+00 4.284120830498919230e-02 2.195533964656775083e-01 3.650670564117713957e-02
5.375201458239264696e+01 7.300308705067098947e-01 4.981623596411412613e+00 4.199049586495338243e-02 2.220482037169874412e-01 3.142487804579898597e-02
5.420371218393034951e+01 7.297673411956023815e-01 4.990269775965908039e+00 4.313172449476033316e-02 2.251498046754490667e-01 3.182371742414674687e-02
5.465540978546849260e+01 7.294410385025172916e-01 4.997979376939477802e+00 4.368886940524105422e-02 2.243816907751165213e-01 3.313361772800723498e-02
5.510710738700618805e+01 7.310828751981334195e-01 4.997902863990094424e+00 4.286429219058440765e-02 2.303365903293675132e-01 3.177558534351934694e-02
5.555880498854431693e+01 7.307330236855719141e-01 4.979861629115807098e+00 4.166385335977437071e-02 2.375768574805208755e-01 3.500286289114009491e-02
5.601050259008205501e+01 7.310098851742075077e-01 4.984265319452075182e+00 4.180580573959703783e-02 2.336030068669214532e-01 3.408698158605215356e-02
5.646220019162017678e+01 7.304935805286014716e-01 4.989259084206413952e+00 4.166016172667742073e-02 2.334720778385032669e-01 3.709348228170581546e-02
5.691389779315787933e+01 7.305113196609746007e-01 4.991373039053214278e+00 4.418073032469383571e-02 2.277318345753255591e-01 3.545883214221440954e-02
5.736559539469597979e+01 7.307406494855790413e-01 4.992469310008595507e+00 4.351188101240741068e-02 2.296735098568252198e-01 3.526992427032362570e-02
5.781729299623376761e+01 7.302925733620433402e-01 4.990449240229664518e+00 4.433288830898830107e-02 2.245059503683546620e-01 3.597066489279000107e-02
5.826899059777186096e+01 7.290669740593358483e-01 5.007154984812953735e+00 4.282754266783383307e-02 2.262721406278960234e-01 3.307328914337263892e-02
5.872068819930956352e+01 7.301309152449512174e-01 4.992084564031726401e+00 4.122611760849051454e-02 2.279438901879383694e-01 3.599068065110962167e-02
5.917238580084764976e+01 7.306570295482827104e-01 4.987261780281954771e+00 4.068339619831416037e-02 2.258273329938742524e-01 3.617832733080544177e-02
5.962408340238545890e+01 7.309053757832133513e-01 4.984092910862438330e+00 4.293802673919334262e-02 2.251640060795268572e-01 3.112602827841588760e-02
6.007578100392354514e+01 7.313434820651235624e-01 4.991293381728922007e+00 4.400338992501043323e-02 2.282918017465381533e-01 3.280443478627405318e-02
6.052747860546124770e+01 7.312765438006421093e-01 4.999385960644795013e+00 4.329880684985561168e-02 2.277718268929124490e-01 3.303457525222407848e-02
6.097917620699931973e+01 7.308349454726549288e-01 4.997698412103162902e+00 4.150903822707689012e-02 2.238824121257772526e-01 3.206083368277838630e-02
6.143087380853716439e+01 7.306073291715862172e-01 4.985429891343151176e+00 4.173093641194963732e-02 2.259597493460069606e-01 3.020537988173348926e-02
6.188257141007523643e+01 7.306280294448490586e-01 4.980816828690342035e+00 4.320561042166872617e-02 2.253810067724030808e-01 3.374816026123626106e-02
6.233426901161293188e+01 7.298886836247552301e-01 4.995526153398335722e+00 4.097112348212049449e-02 2.269274585980176895e-01 3.489855820231962946e-02
6.278596661315098970e+01 7.303692004198597543e-01 4.991954556307288904e+00 4.313673028413605309e-02 2.265270361907911478e-01 3.412018859265489312e-02
6.323766421468886989e+01 7.298194397353565677e-01 4.996144917350920700e+00 3.981211170431466634e-02 2.196497839889553216e-01 3.452015598325477996e-02
6.368936181622692061e+01 7.299619538511281647e-01 4.990112248322707167e+00 4.052821947963323318e-02 2.287781939040561263e-01 3.504160191569669069e-02
6.414105941776462316e+01 7.291114022822539065e-01 4.993951785965326629e+00 4.126759977458318435e-02 2.270958983185650815e-01 3.401941687602300785e-02
6.459275701930266678e+01 7.298308675593109252e-01 4.996968866499199358e+00 4.201088445765988055e-02 2.287814826712968042e-01 3.099486064993075413e-02
6.504445462084055407e+01 7.302535937377819808e-01 4.991164111522750524e+00 4.382844300054646730e-02 2.200959489178878625e-01 3.173524582453075837e-02
6.549615222237859768e+01 7.305611544718172423e-01 4.974242020818315346e+00 4.403260572555080243e-02 2.195068789927882014e-01 3.333680334900265135e-02
6.594784982391630024e+01 7.308186779664453958e-01 4.995190595061224315e+00 4.113010427185034845e-02 2.219936608635365016e-01 2.982939178375228206e-02
6.639954742545434385e+01 7.311116406427622394e-01 4.983310151180019965e+00 3.913715429308466109e-02 2.160057643012879558e-01 3.156880021070856968e-02
6.685124502699224536e+01 7.318417292258625473e-01 4.986615061029627149e+00 4.188775416037276988e-02 2.175515849018990755e-01 3.077928075893044887e-02
6.730294262853028897e+01 7.302561387792566583e-01 4.998692152668688493e+00 4.113397473605005794e-02 2.272796502780933536e-01 3.079365328550735109e-02
6.775464023006799152e+01 7.300118825642113451e-01 4.995122362305819408e+00 4.456208815312225069e-02 2.260015127165985183e-01 3.438929795089420288e-02
