0.000000000000000000e+00 1.500363965228026730e+00 1.000000000000000000e+00 1.090863168855360542e-03 1.255974490203256655e-03 -3.756884656432259943e-03
7.372599297376578598e-01 1.300137151064020946e+00 7.615329914165843705e-01 -1.328289936182373669e-02 1.229979939631647146e-01 3.477064109584625251e-02
1.474519859474311856e+00 1.181312044162228680e+00 6.465459848472980831e-01 -1.520381222890146260e-02 1.465920868150268341e-01 5.075392075463872055e-02
2.211779789211352654e+00 1.110691097647636516e+00 5.923050449806844808e-01 -1.449826175160035154e-02 1.219336019417414652e-01 5.552035144515574810e-02
2.949039718955240197e+00 1.067563823372910337e+00 5.663352603430581444e-01 -1.429921805613321162e-02 1.014192519653243224e-01 5.783816850623103162e-02
3.686299648699121523e+00 1.041532984212158119e+00 5.544112584647796771e-01 -1.367665757321951878e-02 8.764206767805145237e-02 5.419086227281177254e-02
4.423559578441444096e+00 1.026149874647727778e+00 5.471838295509493522e-01 -1.383266835598003647e-02 8.276744423410604956e-02 5.573140600482904411e-02
5.160819508170850334e+00 1.016099294722170976e+00 5.450521113740202095e-01 -1.238657008454231365e-02 8.052279719449093043e-02 5.485344957784230729e-02
5.898079437900284994e+00 1.009476647922515680e+00 5.440173659388696237e-01 -1.163676918626827678e-02 7.615655544245997222e-02 5.545040293247321950e-02
6.635339367629697449e+00 1.006416455447027181e+00 5.440149638942933796e-01 -1.328917194776123648e-02 7.688768970382282852e-02 5.601476161534175296e-02
7.372599297359109904e+00 1.004321699331004902e+00 5.450791392793977730e-01 -1.353611238174884900e-02 7.605771352816401154e-02 5.428766084864202618e-02
8.109859227088525913e+00 1.001232002998163617e+00 5.458436357648565052e-01 -1.280371329866931453e-02 7.595565449208470377e-02 5.291730149970011454e-02
8.847119156817965901e+00 1.000285542230493485e+00 5.460805694219823536e-01 -1.207542561491732266e-02 7.717141245572749220e-02 5.327476965115336693e-02
9.584379086547389903e+00 9.998893137216833260e-01 5.463574610449080105e-01 -1.148492385778626147e-02 7.888447517790744823e-02 5.520282424421486117e-02
1.032163901627677660e+01 9.996103723399742957e-01 5.460922129727184826e-01 -1.397353833920988823e-02 7.726752047217055885e-02 5.584771715562102112e-02
1.105889894600620238e+01 1.000917634994211936e+00 5.447345727376255997e-01 -1.337503068448536551e-02 7.938889457558964691e-02 5.351323948415626086e-02
1.179615887573564592e+01 1.000136296741825248e+00 5.448910277187484219e-01 -1.364108169316579668e-02 7.779541792796015875e-02 5.533042860148090769e-02
1.253341880546506104e+01 1.000975633715977198e+00 5.453097238338390218e-01 -1.407205302019669604e-02 7.590035163648894967e-02 5.502622628649776054e-02
1.327067873519446906e+01 1.001384607175174413e+00 5.447980140632185941e-01 -1.437289406091439396e-02 7.963142980521481507e-02 5.613864589643068059e-02
1.400793866492388240e+01 1.000822154186427726e+00 5.454733255442123507e-01 -1.335313205665076240e-02 7.698191231781260913e-02 5.659873632258678733e-02
1.474519859465329397e+01 1.001530792405388448e+00 5.443673461132287894e-01 -1.263571724704377550e-02 7.776539229308913892e-02 5.432120751694632932e-02
1.548245852438276060e+01 1.001779268621451280e+00 5.445907827577322058e-01 -1.483483404775732574e-02 7.318947918798118790e-02 5.706826986356053344e-02
1.621971845411212243e+01 1.002060344376302758e+00 5.449835333533031845e-01 -1.202450534414143020e-02 7.676541894372417019e-02 5.537097559950576037e-02
1.695697838384160150e+01 1.000784117470616685e+00 5.455889714258307377e-01 -1.350081026891181667e-02 7.686410379270176840e-02 5.481967687900338171e-02
1.769423831359620536e+01 1.000809563615387088e+00 5.437778622725569777e-01 -1.357825215568594403e-02 7.780416638717509159e-02 5.651415738707174508e-02
1.843149824338352971e+01 9.992177391415050236e-01 5.431350881607697190e-01 -1.159455793733461457e-02 8.200695610188787898e-02 5.781883651200896146e-02
1.916875817317081854e+01 9.990466975561753671e-01 5.433499665836493131e-01 -1.446013491248777927e-02 7.850976469514592271e-02 5.421632953006138428e-02
1.990601810295803986e+01 9.998601297549868372e-01 5.452794750791593037e-01 -1.273319102829345746e-02 7.259990258565675314e-02 5.380276672634802526e-02
2.064327803274533224e+01 9.996330040221426128e-01 5.450282680132684243e-01 -1.480283954468732989e-02 7.830556780236432035e-02 5.574953656706709004e-02
2.138053796253266015e+01 9.993280728625194564e-01 5.451580315071291594e-01 -1.481777801351574601e-02 8.056802329476911440e-02 5.415885906487793305e-02
2.211779789231995963e+01 9.987121925714450565e-01 5.439192791728713061e-01 -1.281449454023149068e-02 7.831900304492984966e-02 5.650063400321840568e-02
2.285505782210716319e+01 9.976032327413361100e-01 5.437369829225423556e-01 -1.387510853510992570e-02 7.589229009680006910e-02 5.460197045043864439e-02
2.359231775189446623e+01 9.986091087217556783e-01 5.438083156641516647e-01 -1.182099182436025485e-02 7.343646736326539526e-02 5.525016228897856180e-02
2.432957768168179058e+01 9.998148047692716478e-01 5.448074595409656551e-01 -1.212795539436132067e-02 8.221329782296527000e-02 5.407381073402542371e-02
2.506683761146909362e+01 9.995138237280688509e-01 5.445293506300405983e-01 -1.044572489029672348e-02 7.786602099194221693e-02 5.438620839256147477e-02
2.580409754125632205e+01 9.995507339274071201e-01 5.460655537777453494e-01 -1.118280527313241478e-02 8.137532237683109404e-02 5.491309775032027912e-02
2.654135747104363219e+01 1.000647416972166193e+00 5.456998307480451782e-01 -1.315424652670967205e-02 8.163274540727606665e-02 5.601884780820951676e-02
2.727861740083087838e+01 9.998182728760567350e-01 5.454530384532469967e-01 -1.320801876856010290e-02 8.183328185473170979e-02 5.379408746533091007e-02
2.801587733061818142e+01 1.000479595352990803e+00 5.443111067352355281e-01 -1.098374524698979109e-02 7.704283197780585624e-02 5.422481408770379874e-02
2.875313726040541695e+01 9.998463572814904055e-01 5.457191408360827500e-01 -1.390965702613630901e-02 7.923463728416757501e-02 5.524689505289164665e-02
2.949039719019272709e+01 1.000383560496798330e+00 5.457287566104745968e-01 -1.367035904305789751e-02 7.795596468224726128e-02 5.566121006047324016e-02
3.022765711998005500e+01 9.988048830941244072e-01 5.453444118915524719e-01 -1.338839353781899957e-02 7.996500658119826133e-02 5.353486027337818476e-02
3.096491704976736870e+01 9.999270875164334438e-01 5.458402736084635443e-01 -1.276425509206358284e-02 7.715986252372204757e-02 5.700837452067648858e-02
3.170217697955461134e+01 1.000560387458006906e+00 5.465406658156966024e-01 -1.249188007202416649e-02 8.078681491122501057e-02 5.434947115364040932e-02
3.243943690934193569e+01 1.000171800660351940e+00 5.463164338950660115e-01 -1.350837688096807009e-02 8.179446911224438899e-02 5.198326053966197818e-02
3.317669683912910727e+01 1.000961942939614158e+00 5.464819882075691027e-01 -1.657286123805035497e-02 7.345759747095020886e-02 5.535656702106755284e-02
3.391395676891641386e+01 1.001832517137798639e+00 5.446140948531659198e-01 -1.341893232059016179e-02 7.473654533103805953e-02 5.550693616449962203e-02
3.465121669870367072e+01 1.001265145694854253e+00 5.456182149268763437e-01 -1.457487906825035567e-02 7.839165430402429691e-02 5.310951127699541779e-02
3.538847662839012997e+01 1.001135154670371064e+00 5.457486505619847383e-01 -1.369383768763169154e-02 7.985115048226185119e-02 5.535687835417922587e-02
3.612573655806158968e+01 1.000468831085158383e+00 5.457464417782000865e-01 -1.197197494429931910e-02 7.875114058063426015e-02 5.683739401651421302e-02
3.686299648773324833e+01 1.000539381039495579e+00 5.446117383527999678e-01 -1.456180098029936920e-02 7.802338050233509348e-02 5.282232675568122870e-02
3.760025641740470093e+01 1.001326941668525317e+00 5.445197218566378838e-01 -1.388332863493857948e-02 8.002866045882792156e-02 5.311751875682062252e-02
3.833751634707636669e+01 1.000852375834450303e+00 5.461927377220789914e-01 -1.361594878713778302e-02 7.814651327359692368e-02 5.630847092102743423e-02
3.907477627674781928e+01 9.993516827434784089e-01 5.447220042117997263e-01 -1.407493803274576308e-02 7.637300466720485514e-02 5.673552551228239899e-02
3.981203620641949215e+01 9.989264597393362477e-01 5.451837698928587717e-01 -1.383352838466719338e-02 7.613006613316791737e-02 5.514218722407496220e-02
4.054929613609093053e+01 9.987314665730293584e-01 5.454045325598723126e-01 -1.277391528304618225e-02 7.485114425226727097e-02 5.229767135470246575e-02
4.128655606576260340e+01 9.998956991572554021e-01 5.447448003357817647e-01 -1.217097014937312642e-02 7.649211420255028204e-02 5.617965648959884206e-02
4.202381599543404178e+01 1.000267963765654633e+00 5.450289464547495299e-01 -1.332746977740754089e-02 7.250279053220566594e-02 5.551050700115824771e-02
4.276107592510571465e+01 1.000185867706502529e+00 5.450501418794869712e-01 -1.323743489132316389e-02 7.036438020774127278e-02 5.482309353700256377e-02
4.349833585477716014e+01 1.000005787474007146e+00 5.446760066204753281e-01 -1.171759644701996471e-02 7.546889454765198790e-02 5.509337948921014250e-02
4.423559578444884011e+01 9.995984829028959906e-01 5.450562891425276835e-01 -1.132826635685442625e-02 7.991364385478641474e-02 5.102995466642634703e-02
4.497285571412027849e+01 9.992086598503716610e-01 5.457572553305941598e-01 -1.378197230776740875e-02 7.793135964208557087e-02 5.421444624876184393e-02
4.571011564379193715e+01 1.000293690616386399e+00 5.446763975729995710e-01 -1.266395152060836339e-02 7.811198131927170329e-02 5.351470387604612133e-02
4.644737557346338264e+01 1.000057192572608722e+00 5.454933719363784794e-01 -1.330901255992114098e-02 7.515482917685874231e-02 5.754730681763033096e-02
4.718463550313506261e+01 9.993332365958537133e-01 5.457508555661325644e-01 -1.225751826868436666e-02 8.037072079216468767e-02 5.580235857487469281e-02
4.792189543280653652e+01 9.995482741956879247e-01 5.437284761708128800e-01 -1.301167055121955386e-02 8.372918584002092546e-02 5.724511076124259162e-02
4.865915536247813833e+01 9.994382831567248937e-01 5.443230011574204941e-01 -1.335059369512254200e-02 7.786681953461777050e-02 5.460760143127765115e-02
4.939641529214961224e+01 1.000630333006330863e+00 5.448685572825069379e-01 -1.241020310016893551e-02 7.792546521437540563e-02 5.302385318882797682e-02
5.013367522182129221e+01 1.000137213553633275e+00 5.458090852242488689e-01 -1.386794452460377892e-02 8.032965165261435336e-02 5.081851012581983795e-02
5.087093515149278744e+01 9.998525109407180311e-01 5.459756684778961366e-01 -1.393303190841358244e-02 7.977954308725576649e-02 5.339158083734107246e-02
5.160819508116435372e+01 1.000401550263705142e+00 5.454845276306630186e-01 -1.353914388469231248e-02 8.069219318607288860e-02 5.533052230534694221e-02
5.234545501083584185e+01 9.998990538051880650e-01 5.454294279081489671e-01 -1.618887842574200098e-02 8.028148398434803434e-02 5.191487199025214549e-02
5.308271494050753603e+01 1.000495858496255996e+00 5.454842412148639408e-01 -1.520758804200236271e-02 7.812217138632632230e-02 5.499748488349938402e-02
5.381997487017903126e+01 9.998946793163213664e-01 5.443691541588401295e-01 -1.355032092220057396e-02 7.477499713598989572e-02 5.545303471967606007e-02
5.455723479985055491e+01 9.997092498380556469e-01 5.447919727461072448e-01 -1.393168356515043366e-02 7.782584679812448725e-02 5.486064597131593001e-02
5.529449472952206435e+01 9.991577362870761592e-01 5.451710008649768291e-01 -1.474011740738889742e-02 7.885592744277361565e-02 5.346738734708220836e-02
5.603175465919376563e+01 1.000368525746966331e+00 5.448647883923513069e-01 -1.307361602460469299e-02 7.653891846582287772e-02 5.535768113377668997e-02
5.676901458886528218e+01 1.000190489970562036e+00 5.446925365529449170e-01 -1.387009338327859810e-02 8.010090521772433858e-02 5.813073842359404303e-02
5.750627451853677030e+01 1.001455375881539434e+00 5.458548149916652159e-01 -1.311785389519787119e-02 7.853196990661429067e-02 5.603381032060965328e-02
5.824353444820829395e+01 1.000812377580651891e+00 5.445822016398227383e-01 -1.373710967319814388e-02 7.405879111393390279e-02 5.544240090632800849e-02
5.898079437787999524e+01 1.000368877103677390e+00 5.438600903592345492e-01 -1.336245434037745122e-02 7.618482895245858033e-02 5.367352092825997817e-02
5.971805430755152599e+01 1.000285572398554867e+00 5.446155221817989833e-01 -1.351046545301481938e-02 7.814066783753585710e-02 5.353204353288707612e-02
6.045531423722297859e+01 1.000178498818687256e+00 5.444566731582759500e-01 -1.249294398587868886e-02 7.868599685704788516e-02 5.645971216777335294e-02
6.119257416689452356e+01 1.000329621588504914e+00 5.446554999224880733e-01 -1.441118939838320623e-02 7.983004659047844565e-02 5.619016242868884320e-02
6.192983409656622484e+01 1.000095307533916289e+00 5.457908116061503945e-01 -1.303080148155741878e-02 7.750588001600876298e-02 5.269516229684167996e-02
6.266709402623777692e+01 1.001010440993887363e+00 5.458808497692715367e-01 -1.136549707257050561e-02 8.295569380387922409e-02 5.097122686371267225e-02
6.340435395590919399e+01 9.995010081924047274e-01 5.446477044318571714e-01 -1.127314684615385830e-02 8.571987134367101135e-02 5.423440982231177848e-02
6.414161388558073895e+01 9.984196731074908016e-01 5.452998514311631073e-01 -1.355953524477520981e-02 8.185548547961292443e-02 5.086281574047060716e-02
6.487887381525244734e+01 9.991482088491544511e-01 5.457158381258140345e-01 -1.407777942886703597e-02 7.838812565919919817e-02 5.320854315913794985e-02
6.561613374492401363e+01 9.998891789711241707e-01 5.441632443439279321e-01 -1.192903547114886921e-02 7.904733806173502852e-02 5.751365834864955590e-02
6.635339367459540938e+01 1.000169419317570974e+00 5.444560729399895438e-01 -1.316293388770707964e-02 7.653541152022025340e-02 5.528960126824129795e-02
6.709065360426697566e+01 9.996928333853826176e-01 5.431615251658810095e-01 -1.303527982364637364e-02 7.380378208488268255e-02 4.983596228207762269e-02
6.782791353393868405e+01 9.989680587361365882e-01 5.435349270002838296e-01 -1.233166764437354512e-02 7.924970278594475892e-02 5.548769749192884043e-02
6.856517346361026455e+01 9.997870758809834779e-01 5.460827866327817581e-01 -1.322088486539512581e-02 7.660286133553780019e-02 5.498954516098487205e-02
6.930243339328161767e+01 9.991666144599787858e-01 5.457340954330262006e-01 -1.382535967208019245e-02 7.154105543839468784e-02 5.291053471429018468e-02
7.003969332295318395e+01 1.000283783765776757e+00 5.460994299424219989e-01 -1.257478747435658746e-02 7.596733921509209175e-02 5.364494756858933372e-02
7.077695325262492076e+01 9.993682607495918413e-01 5.453631576914418355e-01 -1.387824141130691337e-02 7.924331250614026489e-02 5.420306694101952733e-02
7.151421318229648705e+01 9.990591378872402117e-01 5.449667147514013488e-01 -1.280819858774474330e-02 7.839534086542147839e-02 5.298324273676858348e-02
7.225147311196784017e+01 9.993529712206183913e-01 5.444111271837678290e-01 -1.461112011251237443e-02 8.087412244806531370e-02 5.503259276759420865e-02
7.298873304163942066e+01 1.000789950589590971e+00 5.443119719727489425e-01 -1.550368305897831950e-02 7.879151762354136279e-02 5.445345282765939876e-02
7.372599297131114326e+01 1.000864236180935229e+00 5.426275065783117135e-01 -1.337052339142969469e-02 7.707725674805337990e-02 5.586882286895201999e-02
7.446325290098272376e+01 1.000195869306901075e+00 5.424226653398759312e-01 -1.310039183461551675e-02 7.555003762840460657e-02 5.431742929720492774e-02
7.520051283065404846e+01 1.000016977277204511e+00 5.445236843971392737e-01 -1.124307683856562608e-02 7.661162322328729513e-02 5.353943100146014294e-02
7.593777276032564316e+01 1.000270556596142058e+00 5.447684935063625833e-01 -1.153528262750844885e-02 7.617990698050598752e-02 5.493860027750877700e-02
7.667503268999736576e+01 1.001064520352416221e+00 5.442209963225486113e-01 -1.341473112291648173e-02 8.108334728287709681e-02 5.439654017083383336e-02
7.741229261966897468e+01 9.997799651075724992e-01 5.457487989711171661e-01 -1.451400771840984441e-02 7.872469313006394409e-02 5.517715317606763925e-02
7.814955254934028517e+01 9.993765470537127049e-01 5.457057287001007007e-01 -1.454402679521250331e-02 7.738888204577787366e-02 5.440106546107819491e-02
7.888681247901186566e+01 9.999362216790730340e-01 5.439850879291751040e-01 -1.520941843990284044e-02 7.660728851487630386e-02 5.508795171888772324e-02
7.962407240868360248e+01 9.997734407360232556e-01 5.445749759653443212e-01 -1.324187572104959694e-02 7.943208888195807393e-02 5.566103415202003357e-02
8.036133233835519718e+01 9.986297576040535917e-01 5.435480816106271762e-01 -1.394011803206494926e-02 8.220679031668406966e-02 5.387727132283165465e-02
8.109859226802649346e+01 9.994483694278156749e-01 5.445287045881609389e-01 -1.365076424687372558e-02 7.756450326896321967e-02 5.388508457649777289e-02
8.183585219769810237e+01 9.989029090312766535e-01 5.451134969532597241e-01 -1.333398527407986082e-02 7.693702862176554635e-02 5.454935372200811483e-02
8.257311212736983919e+01 9.998675064662494449e-01 5.451087538241956576e-01 -1.203771481617621486e-02 7.623705504736202898e-02 5.805167848526947977e-02
8.331037205704144810e+01 1.000756222935789141e+00 5.448247272758052206e-01 -1.155899546019794645e-02 7.691491432710688414e-02 5.449800958131617579e-02
8.404763198671270175e+01 1.000267846014552875e+00 5.455269221539772451e-01 -1.214822342792995155e-02 7.733391913792425632e-02 5.271320513170153071e-02
8.478489191638432487e+01 1.000554112741583790e+00 5.455153771721407141e-01 -1.263713139111724906e-02 7.849812911949216598e-02 5.819847042579851665e-02
8.552215184605606169e+01 9.994957352755879931e-01 5.447944687575640987e-01 -1.369211314985887933e-02 7.563373750869460677e-02 5.602699061453140367e-02
8.625941177572768481e+01 1.000725470915261761e+00 5.450992075336313913e-01 -1.361573925658929839e-02 7.335853113442430962e-02 5.348554465669692198e-02
8.699667170539893846e+01 9.999613332293334489e-01 5.448996250215991655e-01 -1.282113000768882530e-02 7.649179033851648268e-02 5.544191825697263737e-02
8.773393163507054737e+01 1.000049466789048713e+00 5.434014540627505330e-01 -1.305061440444115622e-02 7.612201251930385271e-02 5.439370933371229233e-02
8.847119156474229840e+01 1.001219963466967844e+00 5.442924655425963598e-01 -1.439681360440443064e-02 7.793119190417330255e-02 5.544013461793222131e-02
8.920845149441390731e+01 1.000580646071198787e+00 5.436014294696218663e-01 -1.390572878190178031e-02 7.675998521095647731e-02 5.744687028620271141e-02
8.994571142408517517e+01 1.000732857116173546e+00 5.441403106301582193e-01 -1.338102901410236946e-02 7.931144689692934402e-02 5.628341704456442385e-02
9.068297135375681250e+01 1.000653904365656821e+00 5.443929084795218198e-01 -1.356029981963655616e-02 7.647653831507880695e-02 5.266023855415568472e-02
9.142023128342849247e+01 1.000768247348340578e+00 5.437796506453009826e-01 -1.405699972421653975e-02 7.312932345535134993e-02 5.624249979028098090e-02
9.215749121310011560e+01 9.996983555082071815e-01 5.438044103768360227e-01 -1.355424962824448333e-02 7.569999740666567833e-02 5.457905229415985215e-02
9.289475114277138346e+01 9.984746226761379573e-01 5.440952424835441281e-01 -1.285985266801066215e-02 7.751976359911483261e-02 5.675789096643372306e-02
9.363201107244300658e+01 9.999800604297678364e-01 5.436980924449084096e-01 -1.367254719345139397e-02 7.767885375012348326e-02 5.470332678713500651e-02
9.436927100211472919e+01 1.000189476804456135e+00 5.446042294662012395e-01 -1.274754238963755892e-02 7.788385243224200949e-02 5.521229571040075362e-02
9.510653093178638073e+01 1.000346899009528556e+00 5.450437443621367617e-01 -1.124330715665215578e-02 7.608254947556165881e-02 5.515538935933501918e-02
9.584379086145767701e+01 1.000380040965055839e+00 5.435734425221835364e-01 -1.168407696784256287e-02 7.987073863053816003e-02 5.323525870703145479e-02
9.658105079112931435e+01 9.997667837449202288e-01 5.438925261035771896e-01 -1.339483817269667559e-02 7.881327445302037382e-02 5.438754403456137060e-02
9.731831072080088063e+01 1.000098166942368749e+00 5.437411191713653613e-01 -1.292541514094387375e-02 7.471488443574919591e-02 5.396364467939553100e-02
9.805557065047253218e+01 1.000298262544045746e+00 5.444283845982528236e-01 -1.377788991709051961e-02 7.861624608323145025e-02 5.353816387593066106e-02
9.879283058014382846e+01 9.999267534217523012e-01 5.445746015024176545e-01 -1.311760874146481598e-02 7.553276616927460940e-02 5.375568391695573905e-02
9.953009050981546579e+01 9.995778556509857804e-01 5.454164731643883490e-01 -1.296464459315963512e-02 7.471190002234213978e-02 5.283128052036820121e-02
1.002673504394871884e+02 9.995771697874468176e-01 5.460479765284081966e-01 -1.194703110143822966e-02 7.798153611814470643e-02 5.551504725860605116e-02
1.010046103691588399e+02 9.990739233262417862e-01 5.464577769818377284e-01 -1.116740063888242013e-02 7.520179042282436332e-02 5.479204635533196921e-02
1.017418702988301646e+02 9.991627413032700966e-01 5.454154366793055875e-01 -1.459960990264667566e-02 8.145303777608192686e-02 5.274937292827807517e-02
1.024791302285018304e+02 9.995332859294779881e-01 5.465489561158646259e-01 -1.267901284079458318e-02 7.890823757740200728e-02 5.352690337662531495e-02
1.032163901581732972e+02 9.995891984940328268e-01 5.461113079652478719e-01 -1.256968565139554399e-02 7.769512253522224687e-02 5.438540481707582891e-02
1.039536500878449345e+02 1.000521951088931605e+00 5.448549788885204137e-01 -1.315873509574078982e-02 7.796852808165868898e-02 5.204715762881951396e-02
1.046909100175162877e+02 1.000146285969956139e+00 5.459701036515651751e-01 -1.395753190961520479e-02 7.603587556036810191e-02 5.408205396376224855e-02
1.054281699471879108e+02 1.000405616472432424e+00 5.466686279765630152e-01 -1.339477359295325465e-02 7.754381954126246534e-02 5.406282475176659580e-02
1.061654298768596618e+02 9.986369418013232302e-01 5.449867910266719129e-01 -1.264756116037372806e-02 7.873245722309339667e-02 5.470138222604955386e-02
1.069026898065313134e+02 9.990644986322860799e-01 5.445825173199311253e-01 -1.296706652076143676e-02 7.628674621941175515e-02 5.600763294257123104e-02
1.076399497362026665e+02 9.998613621044545319e-01 5.438640928694440380e-01 -1.332570953573477927e-02 7.791674347592493499e-02 5.425916352335308224e-02
1.083772096658743322e+02 1.000315244266634984e+00 5.435621682456630577e-01 -1.398096837590814302e-02 7.783315999645606942e-02 5.686071829943240702e-02
1.091144695955457138e+02 1.000715678911022311e+00 5.439332259360152300e-01 -1.202874340073509761e-02 7.613763124716768638e-02 5.264406029681779203e-02
1.098517295252173653e+02 1.000463970806354741e+00 5.449684069182104684e-01 -1.281741290420726834e-02 7.705274630300915084e-02 5.479812345785109451e-02
1.105889894548887042e+02 1.000302170320038542e+00 5.455539449126129981e-01 -1.546658035777643408e-02 7.868069311663489218e-02 5.377138332309534807e-02
