0.000000000000000000e+00 1.502572291894810785e+00 1.000000000000000000e+00 6.908773065915308148e-04 4.632124622981526225e-04 1.645524463745095048e-03
2.356508708481165615e-01 1.433087333176954026e+00 8.760797772608237555e-01 -9.134339096031542093e-03 4.914986166671141826e-02 1.172412590371331442e-02
4.703628936052004494e-01 1.368935948333689145e+00 7.751055756377240868e-01 -1.113494218900582672e-02 8.641280633346973272e-02 2.493820747404618121e-02
7.050749163622842541e-01 1.314648757640387133e+00 6.928154744843882940e-01 -1.496786044484378804e-02 1.167741484059582613e-01 3.778188499579684251e-02
9.397869391193707234e-01 1.268920209295602231e+00 6.267414847968079128e-01 -1.633192772012606597e-02 1.339841699993204738e-01 4.532752277246244327e-02
1.174498961876451864e+00 1.229771535888001699e+00 5.730420754537028927e-01 -1.390812216506245695e-02 1.423820059121113923e-01 4.846970916819635933e-02
1.409210984633539221e+00 1.197405852214297628e+00 5.308971429506003092e-01 -1.583477033928294003e-02 1.447299839948521516e-01 5.648129037321291540e-02
1.643923007390649893e+00 1.169849098303510582e+00 4.972182513063446718e-01 -1.551211501398212789e-02 1.471972419599866244e-01 5.970455839518038627e-02
1.877696182056739493e+00 1.145089219847765127e+00 4.678632974431777836e-01 -1.496877394612251312e-02 1.336338850470850381e-01 6.426830908571544432e-02
2.112408204813868817e+00 1.122476113690063171e+00 4.453524161218651578e-01 -1.559775889955458336e-02 1.187861490295517575e-01 6.820969453616206046e-02
2.347120227570993478e+00 1.105045567603762047e+00 4.276468096770266736e-01 -1.463968506397530719e-02 1.088495951397343842e-01 6.752003290779957922e-02
2.581832250328120359e+00 1.091220650894543009e+00 4.119147323621015766e-01 -1.304617552982320107e-02 9.350295986512165147e-02 7.043704182181312334e-02
2.816544273085243244e+00 1.079573408553821334e+00 4.002598414671464377e-01 -1.318227051373442420e-02 8.130161838028174270e-02 7.565083941913250398e-02
3.051256295842359023e+00 1.068732646213911064e+00 3.907356769422199450e-01 -1.282726042772283984e-02 7.513220518081108190e-02 7.430235268315439623e-02
3.285968318599405524e+00 1.059796150942533544e+00 3.825862182508462106e-01 -1.252109999323264104e-02 6.534258367370494869e-02 7.525369366823975170e-02
3.520680341356433374e+00 1.051834620109634910e+00 3.761852577635605988e-01 -1.431087773558190231e-02 5.742277338228255618e-02 7.682820333787096501e-02
3.755392364113477210e+00 1.044867130121962751e+00 3.705279453152449110e-01 -1.509846398990950453e-02 5.237496218021942679e-02 7.600869322156320051e-02
3.990104386870517494e+00 1.037343968244357706e+00 3.666341306570039538e-01 -1.593292486151566545e-02 5.161318147446058296e-02 7.719357998518770747e-02
4.225755257718598834e+00 1.032211390280628471e+00 3.633468577638966357e-01 -1.368321372112173140e-02 5.031512825844650788e-02 7.925479071519823948e-02
4.460467280475647556e+00 1.027071179580111515e+00 3.595498903956907966e-01 -1.367478980040511168e-02 4.503806791283638394e-02 8.073564892586043706e-02
4.695179303232668744e+00 1.021815443749835239e+00 3.585202069737646879e-01 -1.316839773808171216e-02 4.575288459185219286e-02 8.169971229687476855e-02
4.929891325989723683e+00 1.017844312103151294e+00 3.567057985973164924e-01 -1.263603986553528749e-02 4.223323539006549471e-02 7.676142544984684846e-02
5.164603348746759082e+00 1.015393792697311559e+00 3.545227005615077531e-01 -1.340196711118326819e-02 4.170011906098003429e-02 7.781602541578222509e-02
5.399315371503813132e+00 1.014112646509327309e+00 3.547024524804675560e-01 -1.516841855318223388e-02 3.961649482512299286e-02 8.028322838791636384e-02
5.634027394260846755e+00 1.012415837388495055e+00 3.535183398715330827e-01 -1.593585749920646555e-02 3.976005520742883353e-02 7.809798425571981562e-02
5.868739417017907911e+00 1.009773004143607267e+00 3.520539221946021868e-01 -1.227397049109653013e-02 3.332640805232544440e-02 8.158187215500609102e-02
6.103451439775017029e+00 1.008996035939944580e+00 3.509599571329534706e-01 -1.231350515836144438e-02 3.090991489800839695e-02 7.989884239203813576e-02
6.338163462532204306e+00 1.007000348463872541e+00 3.515911077849273036e-01 -1.435634167797681000e-02 3.206692059342948486e-02 7.738839437943519084e-02
6.572875485289433328e+00 1.005189402829840484e+00 3.522625547848513006e-01 -1.507990709424369274e-02 3.451804649151712229e-02 7.618295651779673217e-02
6.806648659955589764e+00 1.003644912078227147e+00 3.518528779036898535e-01 -1.202449336658872360e-02 3.683936988889742470e-02 7.769698296495960999e-02
7.041360682712821450e+00 1.003524960614436523e+00 3.522157327226031476e-01 -1.212434217067003689e-02 3.676600297267711148e-02 8.005708131058258958e-02
7.276072705470019386e+00 1.002087903097649724e+00 3.530490809525373974e-01 -1.285247836393808504e-02 3.592785398035580613e-02 8.570183148131137185e-02
7.510784728227212881e+00 1.001519110982075800e+00 3.525461727225244202e-01 -1.237051505243354915e-02 3.371775212076157102e-02 8.411634832532027817e-02
7.745496750984447232e+00 1.002668047993572120e+00 3.501930005518830713e-01 -1.364153990135322757e-02 3.161545204180271629e-02 7.843376827833069276e-02
7.980208773741635397e+00 1.003125057195607406e+00 3.503583211259600483e-01 -1.454050249891361904e-02 3.350777819691977411e-02 8.291509376066846793e-02
8.214920796498864419e+00 1.002060304122855294e+00 3.505891748679159647e-01 -1.421241941789525530e-02 3.316302955388592683e-02 8.456888673831626513e-02
8.449632819256063243e+00 1.001734002608903884e+00 3.498537839299258323e-01 -1.454478421825480469e-02 3.613095893779044027e-02 7.767239304087178442e-02
8.684344842013265620e+00 1.001742231778062653e+00 3.496715512024416439e-01 -1.484170050373532189e-02 3.479392142722639164e-02 7.941091488587234681e-02
8.919056864770480431e+00 1.001978161632701259e+00 3.505755665254463027e-01 -1.536891564397898507e-02 3.487280501182880854e-02 8.198500534292342545e-02
9.153768887527684583e+00 1.001902002180268259e+00 3.505607822833946563e-01 -1.461250104336846156e-02 3.502067640698199036e-02 8.368832836271007658e-02
9.388480910284917158e+00 1.003134382222635290e+00 3.496950500316715060e-01 -1.218081718944177654e-02 3.333357705378258568e-02 8.176357940113061773e-02
9.623192933042123087e+00 1.002832933366311963e+00 3.491291512804697850e-01 -1.256880127414029998e-02 3.655578547536204176e-02 8.054976722921354526e-02
9.857904955799297042e+00 1.002638441676913850e+00 3.483326803971342200e-01 -1.338580417735380466e-02 3.498336497739704815e-02 7.699242347686148513e-02
1.009261697855653850e+01 1.001607670532989935e+00 3.486906748860942873e-01 -1.401392276498768241e-02 3.384729420559010743e-02 7.471792196984744505e-02
1.032732900131374798e+01 1.000819697566898592e+00 3.481300996307448159e-01 -1.128160517375447272e-02 3.476234281783216473e-02 7.567216067515793176e-02
1.056204102407093792e+01 1.003074948099706765e+00 3.477305585185062609e-01 -1.227756469705079505e-02 3.367235653817536589e-02 7.933549543698102668e-02
1.079675304682814918e+01 1.002516324854971108e+00 3.490187148642397985e-01 -1.224117752019228053e-02 3.238218600428705019e-02 8.137963934152474266e-02
1.103146506958539241e+01 1.003619164219282878e+00 3.478319531168366785e-01 -1.473511849311686175e-02 3.539402805285357667e-02 7.919007191455185168e-02
1.126617709234255571e+01 1.002977034142302104e+00 3.479602144566772970e-01 -1.421880530222538117e-02 3.266588949251775231e-02 8.185565218400897569e-02
1.150088911509976874e+01 1.002460268657771492e+00 3.482115849528558127e-01 -1.316530949140894309e-02 3.473862370615869721e-02 7.965206483191376863e-02
1.173560113785700665e+01 1.000841632466959785e+00 3.497702171862523413e-01 -1.458694088703842498e-02 3.276199639757138710e-02 7.870066388237498267e-02
1.197031316061422324e+01 1.001979368889588162e+00 3.500762597988197888e-01 -1.269075879859782319e-02 3.507487857884671739e-02 8.003552632534122191e-02
1.220502518337115561e+01 1.001981054403775939e+00 3.498580384076707683e-01 -1.190433102812307221e-02 3.493786719895523862e-02 7.965431996688505933e-02
1.243973720612799383e+01 1.002372094464700769e+00 3.494856860966291112e-01 -1.453400779077429657e-02 3.120714820690982660e-02 7.739141262165886992e-02
1.267444922888487113e+01 1.003100893974486985e+00 3.490859807201317500e-01 -1.333674090734590818e-02 2.856623931322455415e-02 7.752830095053936388e-02
1.290916125164177686e+01 1.002567024599901435e+00 3.491619002049184406e-01 -1.314908299900368997e-02 3.144370219947979078e-02 7.844359731904465560e-02
1.314387327439865949e+01 1.002081863442906284e+00 3.489059942627708577e-01 -1.234524807156746340e-02 2.987862761338201667e-02 7.995766771281209717e-02
1.337858529715549416e+01 1.002269873112137999e+00 3.498060612174716533e-01 -1.074757151507932211e-02 3.212393599374473857e-02 7.930865009669614552e-02
1.361329731991237502e+01 1.001982576892717969e+00 3.490582061202074926e-01 -1.244751113340156028e-02 3.666605658048701505e-02 8.019289830548868847e-02
1.384800934266927896e+01 1.002146602576007517e+00 3.483056145620351263e-01 -1.248752346808010630e-02 3.359118035176036909e-02 8.146735774091987126e-02
1.408272136542616515e+01 1.001944432943198793e+00 3.487703997954452739e-01 -1.378806940838045274e-02 3.182378546419000614e-02 8.274138478825414367e-02
1.431743338818299272e+01 1.002244777911770912e+00 3.485574603014495176e-01 -1.377045110365112020e-02 3.131513180841950100e-02 7.978631955313825186e-02
1.455214541093987712e+01 1.002305587079473037e+00 3.495454984743274207e-01 -1.394800600730199472e-02 3.062705147092876709e-02 7.838258608833607866e-02
1.478685743369678107e+01 1.001509406783676726e+00 3.500498223356247607e-01 -1.275136545794053854e-02 2.954608240404332439e-02 7.505456806795811342e-02
1.502250830454471142e+01 1.000831448416644065e+00 3.496085119656548446e-01 -1.325569042244360667e-02 3.002087042694742344e-02 7.792189429976849324e-02
1.525722032730153366e+01 1.001649034328020216e+00 3.489503811268072075e-01 -1.300094855243798080e-02 2.842355229363306701e-02 8.364815382151484513e-02
1.549193235005841984e+01 1.001055758764438641e+00 3.490588254016150915e-01 -1.451756350387851079e-02 3.357038138415842365e-02 8.054029213904911888e-02
1.572664437281532201e+01 1.001371584047166197e+00 3.495115154850688688e-01 -1.396797869158059556e-02 2.921636238181053724e-02 8.559546244471205600e-02
1.596135639557221353e+01 1.001485872043164083e+00 3.487816317500735952e-01 -9.363901383576664350e-03 3.279213350695137086e-02 7.990373423642878337e-02
1.619606841832903754e+01 1.002746651078020523e+00 3.477916547707131101e-01 -1.184764425705745090e-02 3.319163070018084361e-02 8.272737432442306416e-02
1.643078044108593261e+01 1.000038398910884307e+00 3.487337160575290640e-01 -1.190459340798305336e-02 3.120296237105645021e-02 8.083247231039054903e-02
1.666549246384282768e+01 9.996713407949383567e-01 3.492277964588595407e-01 -1.404454709020263627e-02 3.010774374399483380e-02 8.091664890722057024e-02
1.690020448659970498e+01 9.987223115092888071e-01 3.487046671161528888e-01 -1.454691503144338142e-02 2.974941221495749563e-02 8.159636889297970652e-02
1.713491650935655386e+01 9.985478788754742485e-01 3.485889373375470335e-01 -1.367166742432132827e-02 2.800392448074958546e-02 7.792963225658951221e-02
1.736962853211342406e+01 9.995598461531784995e-01 3.486155980353242145e-01 -1.505100047574194078e-02 3.243623294926877010e-02 7.807570267153603194e-02
1.760434055487030847e+01 9.993831840083404749e-01 3.488495334601225961e-01 -1.551170502712138563e-02 3.192325525192189067e-02 7.719266851479476832e-02
1.783905257762722130e+01 1.000289037141920412e+00 3.484386603226882761e-01 -1.353216440618495303e-02 2.814815919099443106e-02 7.589885203316544537e-02
1.807376460038403820e+01 1.001039703233289613e+00 3.487948449890777014e-01 -1.242214787697002061e-02 3.041810414709052168e-02 7.891068263811194805e-02
1.830847662314095103e+01 1.001295794558940244e+00 3.487884689915414227e-01 -1.109748814333639394e-02 2.920355919475675979e-02 7.944005719217246686e-02
1.854318864589783544e+01 1.000577249704667215e+00 3.491753817163894547e-01 -1.032725421529654374e-02 2.993999639371467889e-02 7.910607057880143789e-02
1.877790066865469853e+01 9.989070708147408384e-01 3.487470591021058497e-01 -1.144403747605200750e-02 2.964509512313502279e-02 7.940889404295024823e-02
1.901261269141157229e+01 9.992712841670360335e-01 3.490769589826003272e-01 -1.069791476337059004e-02 2.999516114085011564e-02 8.049934296618997676e-02
1.924732471416843183e+01 1.000919717389529451e+00 3.491590533084856784e-01 -1.122393698880579799e-02 3.300062485756743991e-02 8.242286195766915236e-02
1.948203673692530202e+01 1.000145523278229254e+00 3.486522914370373538e-01 -1.191154706367916240e-02 3.323738926658163090e-02 7.965730588804492696e-02
1.971674875968222906e+01 1.000884056547727274e+00 3.484186990723769917e-01 -1.363973653997266507e-02 3.326828369624181686e-02 8.229514519853328713e-02
1.995146078243903887e+01 1.000632983587769642e+00 3.486076606605616468e-01 -1.286622190027594120e-02 3.126782598325186791e-02 7.921015609840870164e-02
2.018617280519596946e+01 9.996371839912013835e-01 3.487325724410618166e-01 -1.375867326405059293e-02 3.278254049113886459e-02 7.721846826502760941e-02
2.042088482795283966e+01 9.993452343093753854e-01 3.489463329145907622e-01 -1.380235750325502567e-02 2.968277164198789356e-02 7.845676702315981799e-02
2.065559685070969209e+01 9.993367346337064250e-01 3.483338299587364628e-01 -1.278413885922745873e-02 3.211663941389535093e-02 7.936162837265331449e-02
2.089030887346658716e+01 9.988311541395799020e-01 3.484376098718475201e-01 -1.308025533543643627e-02 3.039901849417959642e-02 8.132371666666518562e-02
2.112502089622343604e+01 9.988602393232537402e-01 3.483084007860747233e-01 -1.524028003620225315e-02 3.207084968676694736e-02 8.264664961638551466e-02
2.135973291898029913e+01 9.980607946032463706e-01 3.496600664468090813e-01 -1.359915182907505543e-02 3.104610457674022300e-02 8.368542429005368377e-02
2.159444494173723683e+01 9.978404207033421125e-01 3.500544995306992258e-01 -1.399863005974162286e-02 3.062152573691103580e-02 8.369142916062294324e-02
2.182915696449403953e+01 9.968881087607089908e-01 3.504861155511538873e-01 -1.493365669742607003e-02 2.979908442660982384e-02 7.693236063294145444e-02
2.206386898725098789e+01 9.968198183064373996e-01 3.505622913527166595e-01 -1.530746675418416872e-02 2.914015945307296337e-02 7.927064903738995083e-02
2.229858101000784742e+01 9.972442787790377627e-01 3.501617049047629493e-01 -1.373851904469851164e-02 2.833861693678870614e-02 7.576845062723841506e-02
2.253329303276468920e+01 9.981049044509565649e-01 3.496739926704059975e-01 -1.389585578095183134e-02 2.780073663642191814e-02 7.803918297691449235e-02
2.276800505552159848e+01 9.982801382690651426e-01 3.496067230218893318e-01 -1.403733138735760964e-02 3.522559417495009504e-02 8.097221244475254209e-02
2.300271707827844025e+01 9.987245293546003211e-01 3.498833947666020183e-01 -1.319982952000217820e-02 3.466343729935870283e-02 8.257490994400554229e-02
2.323742910103529269e+01 9.981253534848498754e-01 3.500249298455260782e-01 -1.218575438345331080e-02 3.266271156289015515e-02 8.119252546806325632e-02
2.347214112379224815e+01 9.989638386488882693e-01 3.493031245294526688e-01 -1.075063991747310377e-02 3.297572043700472411e-02 8.184995308812942350e-02
2.370685314654904730e+01 1.000191793596334700e+00 3.490988093116559887e-01 -1.119849661220580564e-02 3.306601667505575104e-02 7.963075717558146249e-02
2.394156516930600276e+01 9.994675315787631131e-01 3.495121142963730221e-01 -9.841222317672039879e-03 2.966606985636700486e-02 7.843595924207455439e-02
2.417627719206285519e+01 9.985371787122840903e-01 3.486472188135298911e-01 -1.087679207328137547e-02 3.554683126829132067e-02 7.706433555668358582e-02
2.441098921481968631e+01 9.989965863537082491e-01 3.481094882250958533e-01 -8.735825947646385856e-03 3.424675642671481945e-02 7.660492902589015329e-02
2.464570123757660980e+01 9.983626293983501876e-01 3.481196622771389748e-01 -9.636856294207206408e-03 3.185360365060700694e-02 7.834916321834561881e-02
2.488041326033344802e+01 9.984407963538395325e-01 3.487092821868726933e-01 -1.157599015648263889e-02 3.171672464769314387e-02 7.691806612015435196e-02
2.511512528309029335e+01 9.982853745535861245e-01 3.493677686452503206e-01 -1.221893726398457121e-02 3.268127028323579431e-02 8.037640906792496709e-02
2.534983730584725947e+01 9.981310791175822539e-01 3.497607125139596262e-01 -1.173258272068718362e-02 3.055906462230677245e-02 7.695639141119174631e-02
2.558454932860404796e+01 9.968906655995783961e-01 3.498090530987703062e-01 -1.504173933697683374e-02 3.365898153100274626e-02 7.557626790652045845e-02
2.581926135136101408e+01 9.975012763033249685e-01 3.493544396033686494e-01 -1.580644388727643623e-02 3.567718676093981078e-02 7.553648411263066964e-02
2.605397337411785941e+01 9.969357490220832618e-01 3.494417233916670140e-01 -1.426754915419392068e-02 3.555039278324681473e-02 7.856841515119113162e-02
2.628868539687468697e+01 9.968411035853314006e-01 3.490942574829841716e-01 -1.321016220377173311e-02 3.422743143813703620e-02 7.691565684866433217e-02
2.652339741963162112e+01 9.976120408641736548e-01 3.483112743449822135e-01 -1.248614624325430564e-02 3.549886550274670982e-02 7.927484731677197916e-02
2.675810944238845224e+01 9.982750010880572233e-01 3.485496323761859694e-01 -1.413579945618947085e-02 3.469807873448178120e-02 7.943711453503982112e-02
2.699282146514528691e+01 1.000408046757106373e+00 3.477658945805229829e-01 -1.310589822618397210e-02 3.279165851669511855e-02 7.687402500283882500e-02
2.722753348790226369e+01 1.000090309496858954e+00 3.484799361929063477e-01 -1.193492930584850314e-02 3.326011867099636782e-02 7.965224651486052521e-02
2.746224551065905217e+01 1.001282517172698450e+00 3.474088355239026149e-01 -1.286733594706098924e-02 3.101227119767189719e-02 7.812794426946066684e-02
2.769695753341602895e+01 9.998301179955356721e-01 3.474682447815158337e-01 -1.326017687803485341e-02 3.159564193355147987e-02 7.980261368557649282e-02
2.793166955617286362e+01 1.001115854058548305e+00 3.484182738549175817e-01 -1.385460851274452829e-02 3.023884698051102979e-02 8.249416672619160062e-02
2.816638157892968763e+01 1.000956733925794317e+00 3.475368067171529241e-01 -1.330308071155404670e-02 3.262813577716843633e-02 7.983179807785904802e-02
2.840109360168663244e+01 1.000858736905316793e+00 3.472537048655364167e-01 -1.101776743123371836e-02 2.802497349257872250e-02 7.661082978686055422e-02
2.863580562444346000e+01 1.001545624942818069e+00 3.474501872763715027e-01 -1.168355159501608884e-02 2.899367460848036732e-02 7.724058921281667933e-02
2.887051764720028757e+01 1.001842500282384307e+00 3.488271386113788730e-01 -1.135731906179422886e-02 2.716058026465219613e-02 7.776716336904473947e-02
2.910522966995726790e+01 1.002380506992179621e+00 3.484101815175915107e-01 -1.034119767827885138e-02 2.713953526141965611e-02 7.752826684380666189e-02
2.933994169271405994e+01 1.002732154933373199e+00 3.474404431727000087e-01 -1.029055765146765812e-02 2.418494458500806271e-02 7.677515039847364331e-02
2.957465371547103672e+01 1.003087928025886200e+00 3.473638981213668098e-01 -1.277704058226492891e-02 2.851092952087910110e-02 7.832137503415050050e-02
2.980936573822786784e+01 1.001991400289548917e+00 3.478391124963350345e-01 -1.263282310024762579e-02 3.014788729891176161e-02 7.928503009918123901e-02
3.004407776098469185e+01 1.002465710808022381e+00 3.480550144477277397e-01 -1.104810030430544883e-02 3.404322275827979805e-02 8.078013410752234169e-02
3.027878978374164021e+01 1.002250345890181915e+00 3.485980850427485844e-01 -1.072572582045443548e-02 3.532041886655277324e-02 8.316665459861860565e-02
3.051350180649846422e+01 1.001684441061256203e+00 3.488700569332713886e-01 -1.171582783548448699e-02 3.316002381234160051e-02 8.090997509644282104e-02
3.074821382925528468e+01 1.000833826755052058e+00 3.488875990644493275e-01 -1.058076690728964112e-02 3.403113532461344432e-02 8.401060196649179357e-02
3.098292585201227212e+01 1.000510825168864582e+00 3.497282870051710013e-01 -9.141851777490973829e-03 3.083718781530895431e-02 8.390917262845726254e-02
3.121763787476906415e+01 1.001305710563374030e+00 3.498486568676315023e-01 -1.049675883740964696e-02 3.031493558032868213e-02 8.601297042154479322e-02
3.145234989752605159e+01 1.001616766130128289e+00 3.489256874349603299e-01 -1.215139282852540671e-02 3.021819094718368112e-02 8.411159257862943495e-02
3.168706192028286139e+01 1.000646288575172349e+00 3.490251985423011294e-01 -1.398136089146823947e-02 3.181466991532745647e-02 8.213917489039707087e-02
3.192177394303969606e+01 1.000388575176087036e+00 3.485497201772009834e-01 -1.582413561877704655e-02 3.097504719535865841e-02 7.884268946380008913e-02
3.215648596579664797e+01 9.998754054118468293e-01 3.489440545963509166e-01 -1.405822592104254837e-02 3.404793110555312530e-02 8.017146308781476771e-02
3.239119798855348620e+01 9.998863626609004740e-01 3.491185242940585409e-01 -1.505215781187326657e-02 3.218419325703278377e-02 7.760510897370724581e-02
3.262591001131028889e+01 1.000813143064652522e+00 3.481134952799280757e-01 -1.487656077511670220e-02 2.669877420087587300e-02 7.844991588507316260e-02
3.286062203406727633e+01 9.996506660093251728e-01 3.475075688480674385e-01 -1.552047182981372737e-02 2.857525113541119557e-02 7.892286826795141819e-02
3.309533405682409324e+01 1.000257597581811320e+00 3.480744717600172677e-01 -1.510528214568771128e-02 2.894642237586966121e-02 7.991885130202189269e-02
3.333004607958103804e+01 9.987995531919084957e-01 3.492705385505825988e-01 -1.301237840315096206e-02 2.947009571055483890e-02 7.696754249480029786e-02
3.356475810233787627e+01 9.983078163378855674e-01 3.484748648065237320e-01 -1.160054558972890316e-02 3.103215968755949905e-02 7.868335052110768391e-02
3.379947012509472160e+01 9.990383214992222261e-01 3.485302585480178350e-01 -1.093998171184027042e-02 3.355384257904023976e-02 7.769822222926253685e-02
3.403418214785162377e+01 9.990215819842181988e-01 3.485476360331075107e-01 -1.063591363787761389e-02 3.729608931477827044e-02 8.062091382192050626e-02
3.426889417060847620e+01 9.991990272018902441e-01 3.487334543296154443e-01 -8.487977464716188122e-03 3.665450799706543999e-02 8.246915626106612884e-02
3.450360619336532153e+01 1.000200239175991879e+00 3.487349977242997223e-01 -1.009672986005124770e-02 3.534622353803822115e-02 8.016123515049872195e-02
3.473831821612223791e+01 1.000991630108293062e+00 3.477390694802076077e-01 -1.230056128190745376e-02 3.501541890800097950e-02 7.941604233186269624e-02
3.497303023887907614e+01 1.000874252642226292e+00 3.479554586048702602e-01 -1.156733865429005782e-02 3.142021496239896100e-02 7.737888623595617910e-02
3.520774226163606357e+01 1.000584890874105515e+00 3.487439218329542179e-01 -9.541386165958905263e-03 3.220488942559831397e-02 7.735233441699916612e-02
3.544245428439283785e+01 9.997746893012116054e-01 3.498558161829436464e-01 -1.018790628382651095e-02 3.263876157288776725e-02 8.051314264399954401e-02
3.567716630714969739e+01 9.992641586424857447e-01 3.499422447650578638e-01 -9.578138755858273470e-03 3.204051305504610619e-02 7.924410226961317583e-02
3.591187832990666351e+01 1.000035832662633961e+00 3.488051646196850819e-01 -9.152028197372742702e-03 3.231018614996944427e-02 8.618257683383045986e-02
3.614659035266353015e+01 9.999171509233568678e-01 3.490184629716879261e-01 -9.988738708108887976e-03 3.368680725669698228e-02 8.034025205321450314e-02
3.638130237542029022e+01 9.991549908298831273e-01 3.492117131291115895e-01 -1.068825760087163158e-02 3.498125267076983291e-02 8.212222847730558939e-02
3.661601439817729187e+01 9.983616114924562801e-01 3.496186885165873948e-01 -1.095558017336069334e-02 3.548397455051963134e-02 7.942139225223819599e-02
3.685072642093413009e+01 9.982500643725586986e-01 3.490523864378375363e-01 -1.170622143251868683e-02 3.303301446767709093e-02 7.826731835595876485e-02
3.708543844369101805e+01 9.982812985175467668e-01 3.492149870043531057e-01 -1.028223412625568073e-02 3.239735492876118228e-02 7.593604377363551150e-02
3.732015046644789180e+01 9.992623938088763813e-01 3.495676582732697435e-01 -1.233335474491742412e-02 3.356207832723240303e-02 7.835156888719167767e-02
3.755486248920475845e+01 9.995062534054248715e-01 3.498259211846505568e-01 -1.285209827809905177e-02 3.376423621054838037e-02 8.229033745758065899e-02
3.778957451196161088e+01 1.000365678424037785e+00 3.479606936739803591e-01 -1.074457139994904747e-02 3.194684349768613096e-02 8.120206400563990956e-02
3.802428653471848463e+01 1.000466473738882200e+00 3.483616982503141002e-01 -9.442404736585231773e-03 3.032272435476381089e-02 8.182082845482865907e-02
3.825899855747535128e+01 1.000149070284632735e+00 3.491401083603016264e-01 -9.514004352618147739e-03 3.268922729959588408e-02 8.047754625698839981e-02
3.849371058023222503e+01 9.998565612021437232e-01 3.499774863661206381e-01 -9.658491889334208658e-03 3.510110956257382619e-02 7.830672196298371635e-02
3.872842260298907746e+01 9.997997545837890021e-01 3.499222963917276719e-01 -8.968332030454100046e-03 2.978931882681400481e-02 7.829401107521263836e-02
3.896313462574607911e+01 9.996552155394682337e-01 3.500286283159955714e-01 -9.307944742714355582e-03 2.920891145443456002e-02 7.802979972297580114e-02
3.919784664850282496e+01 9.991242208528420266e-01 3.503319432511398102e-01 -9.673826059888392809e-03 3.302937526085619746e-02 7.994781395022193538e-02
3.943255867125969871e+01 9.988004585337062480e-01 3.506486958933561215e-01 -1.059556577350732887e-02 3.092204455216340450e-02 8.200713411706007927e-02
3.966727069401668615e+01 9.972077335761595496e-01 3.502247317827401063e-01 -1.158649928134236444e-02 2.980403210767946023e-02 8.630719073281682696e-02
3.990198271677356701e+01 9.980625509002848395e-01 3.498498580354797438e-01 -1.195564455437731800e-02 2.892933439387481223e-02 8.121779897169406626e-02
4.013669473953029865e+01 9.985755001299654321e-01 3.499230761172416049e-01 -1.158120959089093717e-02 3.227314240509700921e-02 7.774786660388102733e-02
4.037140676228730030e+01 9.984542498812931655e-01 3.506612064530024719e-01 -1.158204121378234204e-02 3.383129713780210629e-02 7.968268931353156281e-02
4.060611878504416694e+01 9.983745280262074084e-01 3.500120200661399616e-01 -1.057767164883980857e-02 3.391814991387379769e-02 7.903468919768981416e-02
4.084083080780101227e+01 9.994606342004083155e-01 3.493719335220279998e-01 -1.129373987819223130e-02 3.889330588597733618e-02 7.974255971491789330e-02
4.107554283055790023e+01 9.986615301274263112e-01 3.497158576194414059e-01 -1.139085874042001546e-02 3.918856364807458970e-02 8.067801632735671635e-02
4.131025485331478819e+01 9.997517165935471128e-01 3.494803778054845211e-01 -9.740163361618835169e-03 3.892698513964786694e-02 8.149962802111052063e-02
4.154496687607160510e+01 1.000740407755952965e+00 3.490031946540426144e-01 -1.094406272277129513e-02 4.002825267303529444e-02 8.283450824866323003e-02
4.177967889882849306e+01 1.000280053366240374e+00 3.498035135473084867e-01 -1.318191929572002166e-02 3.836269464475059593e-02 8.245988996073501387e-02
4.201439092158538813e+01 1.000630179740378267e+00 3.490893879155578805e-01 -1.366182449825379362e-02 3.914285194928545514e-02 7.866679783116761748e-02
4.224910294434221925e+01 1.000856899746975781e+00 3.485720843659110280e-01 -1.528125371034242536e-02 4.038264367383671838e-02 7.971917503924537407e-02
4.248381496709908589e+01 9.998990763684345584e-01 3.494679135847914009e-01 -1.340139639573733991e-02 3.480101404342374888e-02 7.787046107124770411e-02
4.271852698985609464e+01 9.995787306785005599e-01 3.495918316036532580e-01 -1.294788996566177686e-02 3.321165328181793774e-02 7.888372774629057171e-02
4.295323901261280497e+01 1.000070518543367593e+00 3.490436084563449115e-01 -1.358855139885883391e-02 3.214905924512505286e-02 7.768108561002816381e-02
4.318795103536970714e+01 9.998920129133266332e-01 3.489795264533189223e-01 -1.003734136850703562e-02 3.225157705618858506e-02 8.025679744002882365e-02
4.342266305812670169e+01 9.995816124299795602e-01 3.501935048136310957e-01 -1.215190444344311713e-02 3.841341344855571382e-02 8.071126442907433640e-02
4.365737508088359675e+01 9.998258014253579296e-01 3.493431250302923008e-01 -1.425076333753227953e-02 3.479891670396814685e-02 7.880172222416498284e-02
4.389208710364030708e+01 9.994375014097534038e-01 3.497841108040061764e-01 -1.562093517420323242e-02 3.399380334125282066e-02 7.596468621914853614e-02
4.412679912639731583e+01 9.985768248645530143e-01 3.499624051011815395e-01 -1.493872799603076368e-02 2.896818658712931732e-02 7.812816630078117663e-02
4.436151114915419669e+01 1.000061098393053127e+00 3.491532034586513622e-01 -1.518211347113584964e-02 2.845954960599756181e-02 8.046129798593006088e-02
4.459622317191099938e+01 1.000622290262420666e+00 3.482544476797793109e-01 -1.384123153345145733e-02 3.217901979311928173e-02 8.149543284670829335e-02
4.483093519466790866e+01 1.001747006086007863e+00 3.479734154467568064e-01 -1.141811586244589026e-02 3.028259958882935018e-02 8.528462013627630123e-02
4.506564721742481083e+01 1.002562249922294590e+00 3.478284323607077622e-01 -1.384770586844431828e-02 3.368131194350672264e-02 8.235939426602328917e-02
4.530035924018159932e+01 1.002289258361926283e+00 3.483029509824535630e-01 -1.355195105883761665e-02 3.180196624756239515e-02 8.115447416581349216e-02
4.553507126293850149e+01 1.001462916058422303e+00 3.485821802129650537e-01 -1.411546908645532929e-02 3.157903840086649649e-02 8.161902145792565566e-02
4.576978328569541077e+01 1.003089474063666886e+00 3.484053682867526702e-01 -1.357544405644466393e-02 3.415520653585095434e-02 8.373428870739604846e-02
4.600449530845220636e+01 1.002944740797838019e+00 3.481721034485550370e-01 -1.264205938754452488e-02 3.567003723252554215e-02 7.926508273903057344e-02
4.623920733120910143e+01 1.002809519073913691e+00 3.483689482002486071e-01 -1.360187044286318217e-02 3.503482924907033030e-02 8.065469101072181290e-02
4.647391935396611728e+01 1.002578186161986018e+00 3.480272796045506545e-01 -1.390042664446192698e-02 3.472160723717236663e-02 8.255625994929030598e-02
4.670863137672279919e+01 1.001131266598079606e+00 3.477347570782354791e-01 -1.211491999319107282e-02 3.534857847494014133e-02 7.885253688550915296e-02
