0.000000000000000000e+00 1.491500176673997480e+00 1.000000000000000000e+00 2.164023070687345895e-03 -7.714171630903085553e-03 -6.421663727075171968e-04
8.827698280296585320e-01 1.353238567390472324e+00 7.920819954403391927e-01 -2.147864123903125977e-02 3.962701043434629922e-02 -3.281593417932132661e-03
1.765539656061901663e+00 1.249558813223314635e+00 6.444886552250906897e-01 -2.557492184447690553e-02 8.130807847124260634e-02 -2.567272459350247726e-03
2.648309484092493893e+00 1.181236764330420907e+00 5.327325963581770463e-01 -2.309104577774186151e-02 1.230676014881323943e-01 3.378752487206787558e-03
3.531079312118222457e+00 1.127748508188406218e+00 4.537324475977074223e-01 -2.508743354896431077e-02 1.450185629568624679e-01 5.785006929247854535e-03
4.413849140143951466e+00 1.092091576314254020e+00 3.917798904689914208e-01 -2.854584348985450548e-02 1.388308417827257557e-01 5.202244956148294186e-03
5.296618968169680919e+00 1.065014598375972898e+00 3.479620688296659603e-01 -1.943581622549499233e-02 1.314931672981395627e-01 2.931287543276678287e-03
6.179388796195409483e+00 1.045056722011675543e+00 3.143997689053471545e-01 -2.387219492478505345e-02 1.242741383327696514e-01 7.485375002822869384e-03
7.062158624221138048e+00 1.035225099631094992e+00 2.885346050269685381e-01 -3.219350396060523256e-02 1.107056175713625190e-01 2.755483141866424401e-03
7.944928452246864836e+00 1.027289912743156508e+00 2.726846716404752735e-01 -2.765631252615803615e-02 9.126125421831274287e-02 7.778969788008849306e-03
8.827698280272594289e+00 1.019431938907423341e+00 2.592127189852739266e-01 -2.625166757647538762e-02 8.740823550020623833e-02 6.104363442968357978e-03
9.710468108298321965e+00 1.015802011311984998e+00 2.487969305692333544e-01 -2.393234662412797864e-02 8.823353423412236274e-02 7.365061391270896762e-03
1.059323793632405142e+01 1.010162071112615800e+00 2.422880418949124592e-01 -2.154702421233235798e-02 8.762494510880072807e-02 8.179131973254274990e-03
1.147600776434977909e+01 1.009164023522020504e+00 2.371835509005463805e-01 -2.194439464797021122e-02 7.671294187336083481e-02 1.492670806148102547e-02
1.235877759237550855e+01 1.004013919567489976e+00 2.351978983447307880e-01 -2.276720064221322837e-02 6.250311130151611771e-02 4.412560841735260753e-03
1.324154742040123800e+01 1.004493554055973403e+00 2.320947347435749486e-01 -2.486792122563744045e-02 5.997584802530889214e-02 5.665810060108147916e-03
1.412431724842696568e+01 1.003514959367922454e+00 2.311990787577718753e-01 -2.090327004100799024e-02 5.893341240045515961e-02 9.425032185044243671e-03
1.500708707645269513e+01 1.001866714170644324e+00 2.295665109942053028e-01 -2.406651087546096690e-02 5.895447522608032731e-02 9.275293252033245395e-03
1.588985690447842458e+01 1.000336869658050798e+00 2.299179160282958101e-01 -2.416798963980454351e-02 5.162319458571507091e-02 8.114971761504483072e-03
1.677262673250415403e+01 9.972240403842820289e-01 2.288931248692446241e-01 -2.789230470429952813e-02 6.181097101732729859e-02 4.468718209424613064e-03
1.765539656052987993e+01 9.994976809137136042e-01 2.286108824415399032e-01 -2.659827951706353333e-02 4.488154541550953835e-02 6.669743838372960143e-03
1.853816638855560939e+01 9.958754274475285495e-01 2.299708065082091968e-01 -2.800932035959290134e-02 4.806361682455134732e-02 6.030447450973031032e-03
1.942093621658134239e+01 9.981183214840148032e-01 2.301017637716884501e-01 -2.016513728543052608e-02 5.878637301861208697e-02 1.393328972191687498e-02
2.030370604460706829e+01 1.000692090728907635e+00 2.281218251855090806e-01 -2.368023254787565701e-02 6.386684105996087712e-02 1.195500452020185900e-02
2.118647587263279775e+01 9.989286958947440898e-01 2.272295193424593573e-01 -2.590392388934271983e-02 5.203505134964175882e-02 9.207978410743319908e-03
2.206924570065852720e+01 1.000738179214708756e+00 2.263172212770203640e-01 -2.277173274377543299e-02 6.033688944480414262e-02 6.394295380331802003e-03
2.295201552868425665e+01 9.986892650149367112e-01 2.277620676748722817e-01 -2.098600781268197824e-02 5.620295656460602696e-02 9.217003441505625116e-03
2.383478535670998610e+01 9.992214690817358136e-01 2.278036531765421091e-01 -1.748910551907741084e-02 5.537084569910422083e-02 5.392033643598539983e-03
2.471755518473571200e+01 9.964447041014603546e-01 2.276310721667137715e-01 -2.011041194677849753e-02 5.454405829990849330e-02 2.169675830659745230e-03
2.560032501276144146e+01 9.981865876712707752e-01 2.262168562609768729e-01 -2.008334444316225986e-02 5.126248594451707219e-02 3.622384310519019546e-03
2.648309484078717091e+01 9.977075144289352382e-01 2.269287126868149707e-01 -2.003371278260868138e-02 4.540208478784710233e-02 1.027883660267080168e-02
2.736586466881290036e+01 9.957318404604779127e-01 2.285711952407342429e-01 -2.180986899786950539e-02 4.419005762540512139e-02 2.233218770804110132e-03
2.824863449683862981e+01 9.949358824789586997e-01 2.287862473827783072e-01 -2.171623472051791015e-02 5.104131590919389061e-02 6.400808664712528961e-03
2.913140432486435571e+01 9.987522458069979514e-01 2.296011573294370056e-01 -2.433875464297262370e-02 5.502101730379790889e-02 1.022723043664033882e-02
3.001417415289008517e+01 9.972582534585927583e-01 2.295612994915131877e-01 -2.656422219707001153e-02 4.337871414397201364e-02 1.781240154870335213e-02
3.089694398091581462e+01 9.999378665870652938e-01 2.282055807898183408e-01 -2.266822784081723441e-02 5.110602809176742478e-02 1.722646490151015508e-02
3.177971380894154407e+01 1.000390256655767418e+00 2.270861108601388012e-01 -3.159469805921183427e-02 4.893251589731623108e-02 7.212473205810990273e-03
3.266248363696727353e+01 1.002519360773699963e+00 2.269682977100057064e-01 -2.971663195693532988e-02 4.672448640152715438e-02 1.444842415016613091e-02
3.354525346499300298e+01 9.995200586443182544e-01 2.272434799136668626e-01 -2.399250723592669110e-02 5.379018495845669379e-02 9.026849641024473070e-03
3.442802329301873243e+01 1.000285420360511379e+00 2.260455853383453451e-01 -2.421753594333519999e-02 3.638138860469700142e-02 1.284987504885835852e-02
3.531079312104446188e+01 9.949272470021303105e-01 2.267137442583355700e-01 -2.373895763874846188e-02 4.949545672010149944e-02 1.446484980452442115e-02
3.619356294907018423e+01 9.939058437366508070e-01 2.292331527866514618e-01 -2.391523529043061702e-02 5.470667934636996854e-02 1.295144558028948900e-02
3.707633277709591368e+01 9.954841834425197655e-01 2.274118908515178894e-01 -2.395939386685516648e-02 4.630090245632242918e-02 8.740213721766920685e-03
3.795910260523713475e+01 9.974591990603114411e-01 2.289707577110698389e-01 -2.125090370885643343e-02 5.405061050161247271e-02 1.450090844455351191e-02
3.884187243338654838e+01 9.980308782007853985e-01 2.282383746209900588e-01 -2.379149321270350448e-02 6.151408676147709920e-02 8.733042894833523140e-03
3.972464226153596201e+01 9.995400968485806947e-01 2.275250128513029990e-01 -2.875954741988284713e-02 4.452053881469050789e-02 2.485691755811836323e-02
4.060741208968537563e+01 9.986689737357061780e-01 2.272677650400462546e-01 -2.382486841148039047e-02 4.425081307482986448e-02 5.687631936249923359e-03
4.149018191783478926e+01 9.967266335972529978e-01 2.275690683297615091e-01 -2.248103200450671246e-02 4.373153313441441314e-02 7.507198412271556820e-03
4.237295174598420289e+01 9.994941403372348265e-01 2.266330783546947059e-01 -2.289525979397281918e-02 3.697468651247864946e-02 1.516918278045853441e-02
4.325572157413361651e+01 9.996021489836465213e-01 2.261522127899503187e-01 -2.227176160797625371e-02 5.502707776595849865e-02 1.279759024605291173e-02
4.413849140228302304e+01 9.966200146582150365e-01 2.256591192921444944e-01 -2.477155833894538473e-02 4.982968693392927917e-02 1.256411648872333975e-02
4.502126123043243666e+01 9.985298995798342903e-01 2.251924747366899626e-01 -2.687637380451561586e-02 5.876494826353054202e-02 1.301042688182324492e-02
4.590403105858185029e+01 9.951445599743186099e-01 2.264203841841022358e-01 -2.255146242090676212e-02 5.043044865172123525e-02 8.738707687730953855e-03
4.678680088673126392e+01 9.934314779074059354e-01 2.269699836300874407e-01 -2.315796531932877433e-02 4.414724061482994122e-02 1.286288641431226898e-02
4.766957071488067754e+01 9.942576311306491332e-01 2.282962481624771778e-01 -2.017463263954510921e-02 4.777598032823718310e-02 1.380151757908645860e-02
4.855234054303009117e+01 9.981573661327687308e-01 2.282968819929693804e-01 -1.943658647559638741e-02 5.235413762667015525e-02 7.597396125932479038e-03
4.943511037117950480e+01 9.958156474893979926e-01 2.277635868604370728e-01 -2.576553794069179337e-02 5.035813976528957792e-02 1.152970978684636494e-02
5.031788019932891132e+01 9.976273544083563705e-01 2.276541536154986223e-01 -2.199273797380933704e-02 4.780542904695769812e-02 1.078282963313197118e-02
5.120065002747832494e+01 9.999036100484837153e-01 2.263609654885376243e-01 -2.239247368746322131e-02 5.108480868647455320e-02 8.654764229958478161e-03
5.208341985562773857e+01 1.002298219707320248e+00 2.264488646468419686e-01 -2.890675280189812513e-02 5.856047253711901823e-02 7.527596194135802166e-03
5.296618968377715220e+01 1.001534635770955139e+00 2.259988389530259711e-01 -2.436461313614783630e-02 5.797007952014887611e-02 6.208724017459518740e-03
5.384895951192656582e+01 1.000771072595034061e+00 2.274158397555269273e-01 -1.484626184594499410e-02 4.889518325407749000e-02 1.365913232532638133e-02
5.473172934007597945e+01 1.001773629643122110e+00 2.270963096133255255e-01 -2.249787627686830604e-02 5.200057368997421103e-02 7.686522376282700630e-03
5.561449916822539308e+01 9.999854341021289228e-01 2.285448347819866166e-01 -2.393365101967100117e-02 6.249334095526062893e-02 5.474502607388867514e-03
5.649726899637480670e+01 1.000043694563872654e+00 2.283141497436039502e-01 -2.488661429180037687e-02 8.217823117167680214e-02 6.489866268548263872e-03
5.738003882452421323e+01 1.004275318396281369e+00 2.275045547652701228e-01 -2.147189343830363528e-02 7.000176893425164026e-02 1.519122517687988838e-02
5.826280865267362685e+01 1.003518166230014330e+00 2.281425625402099255e-01 -2.487651415888371409e-02 5.942853926638658191e-02 1.123784023143352406e-02
5.914557848082304048e+01 1.001694923775526602e+00 2.272847217435465250e-01 -2.924773299807861826e-02 6.155671061985584780e-02 6.430906100875238840e-03
6.002834830897245411e+01 1.000936008815654921e+00 2.282955833551212621e-01 -2.115579679153632708e-02 5.142195051203141132e-02 9.630855391710504976e-03
6.091111813712186773e+01 9.983743954191467429e-01 2.274172844274184035e-01 -1.800743451863719147e-02 5.358966020792407803e-02 9.852513557983430537e-03
6.179388796527128136e+01 9.954343603781695693e-01 2.290479304882237221e-01 -1.856877261923739475e-02 4.675408468746539148e-02 6.383972598160203571e-03
6.267665779342069499e+01 9.955920175730400556e-01 2.286225853747101688e-01 -2.049575757683486099e-02 5.012797933906887327e-02 1.561003514786711566e-02
6.355942762157010861e+01 9.961640556638396982e-01 2.278094812331998009e-01 -2.502358616160280103e-02 5.078961167909873398e-02 1.393439017856280826e-02
6.444219744971951513e+01 9.949493682860017785e-01 2.280074615840804730e-01 -2.030501196844958223e-02 5.920276967144150193e-02 1.359771463730675978e-02
6.532496727786893587e+01 9.943999422608470473e-01 2.290570130149569283e-01 -2.547948140751488122e-02 6.192114289194228238e-02 9.119950662973067002e-03
6.620773710601834239e+01 9.961237091595683824e-01 2.273949359612650878e-01 -2.646398063745086793e-02 5.921027985665877624e-02 8.603945704150947615e-03
6.709050693416774891e+01 1.001208366094630042e+00 2.263855850946573656e-01 -2.360514356739849828e-02 6.055025882351761091e-02 4.672803486140658658e-03
6.797327676231716964e+01 1.001322474523337558e+00 2.274450662544558743e-01 -2.480417736339199375e-02 5.802077530096491631e-02 5.222883018065282990e-03
6.885604659046657616e+01 9.996093501372258494e-01 2.284074249349451746e-01 -2.268233392384165492e-02 5.199490248053448282e-02 6.583458717797321946e-03
6.973881641861599689e+01 9.948824892188682378e-01 2.292143686171316252e-01 -2.722953244017752017e-02 6.273547995004069566e-02 5.272775124328693552e-03
7.062158624676540342e+01 9.944644200185244198e-01 2.300381226571528714e-01 -2.506850246126181292e-02 6.448584487102987373e-02 1.531314716883996896e-02
7.150435607491482415e+01 9.956469358548719617e-01 2.295824794626376009e-01 -2.717383622316278668e-02 6.442325321256886506e-02 1.037185354244064828e-02
7.238712590306423067e+01 9.957509823944057370e-01 2.284962474371403651e-01 -2.799530096718776118e-02 5.899455294903224734e-02 4.917075076406846046e-03
7.326989573121365140e+01 9.998286933657590803e-01 2.271657902168419951e-01 -2.945593250390925177e-02 5.885619523911742035e-02 1.082386315823657963e-02
7.415266555936305792e+01 1.000287758431352314e+00 2.272816727599230591e-01 -2.041435442793228250e-02 5.026478225946195977e-02 1.033815031534175699e-02
7.503543538751246444e+01 1.001396104970962764e+00 2.271902599246281296e-01 -2.031717173782696118e-02 4.799333641753822377e-02 1.199051907307130405e-02
7.591820521566187097e+01 1.000200275821579332e+00 2.263740736846592827e-01 -1.807404395088452187e-02 5.521460577753725674e-02 1.119150006129024377e-02
7.680097504381129170e+01 9.982283492957794158e-01 2.285183637779311105e-01 -2.175802937021681371e-02 4.156380567606735021e-02 1.049790125337893287e-02
7.768374487196069822e+01 9.977345296588818746e-01 2.288344257182859942e-01 -2.525486617890482233e-02 4.238297481619610063e-02 1.606822500498927830e-03
7.856651470011011895e+01 9.979402828327161856e-01 2.279402090858876906e-01 -2.483321844252815713e-02 4.790016917399828045e-02 1.161636856377533389e-02
7.944928452825952547e+01 9.942125729466756434e-01 2.283173602515712053e-01 -1.999803535620908734e-02 5.470813237720592581e-02 1.518618722283607281e-03
8.033205435640893199e+01 9.946471283918668638e-01 2.285347439668152791e-01 -1.521704925416599019e-02 6.279806314726435468e-02 7.283020331834200167e-03
8.121482418455835273e+01 9.916673179373580727e-01 2.292874728715456056e-01 -1.977298766601684465e-02 4.577644469808170302e-02 1.108275980282065476e-02
8.209759401270775925e+01 9.912399216566303295e-01 2.296676780884079061e-01 -2.255649841495867280e-02 6.092480422729568135e-02 1.792228609140783524e-02
8.298036384085717998e+01 9.959087879788146580e-01 2.282717028817327631e-01 -2.251490240077308469e-02 5.334656218818517592e-02 1.860022443056977282e-02
8.386313366900658650e+01 9.984232432309910754e-01 2.269377465794936988e-01 -2.682363727149546240e-02 5.269429411205095448e-02 7.456789013637943331e-03
8.474590349715600723e+01 1.001110878839274410e+00 2.268479895953081638e-01 -2.750322969417519359e-02 5.105927101943211199e-02 -7.017944153133448548e-04
8.562867332530541375e+01 1.003083694826718775e+00 2.250622425208557154e-01 -2.523844579630236951e-02 5.053510155566390272e-02 1.085977099078941355e-03
8.651144315345482028e+01 9.988684690334421745e-01 2.265777361643263044e-01 -2.264357251596985088e-02 4.566223839284952457e-02 8.692410846274645220e-03
8.739421298160424101e+01 9.963319533196994815e-01 2.264589826164072894e-01 -1.917991682783962148e-02 4.978125509270628357e-02 4.078358966591005830e-03
8.827698280975364753e+01 9.977339383531997896e-01 2.276178283403855473e-01 -2.374717412241701686e-02 5.419472711809930621e-02 2.296394926491349131e-03
8.915975263790306826e+01 9.989981827206070308e-01 2.290727599533962100e-01 -2.589174039277539197e-02 4.209827525278370119e-02 1.006662265335390993e-02
9.004252246605247478e+01 1.004935237486585198e+00 2.254493482254507353e-01 -2.212478859981426016e-02 5.796164578561041614e-02 3.852427973632430169e-03
9.092529229420189552e+01 1.003336944709430023e+00 2.274684612859191601e-01 -1.867433773991400425e-02 5.926825900847088047e-02 2.791185589361741548e-03
9.180806212235130204e+01 9.987637135537130728e-01 2.300701874571946803e-01 -1.918605991452597415e-02 5.970841498211176823e-02 1.543406529494505131e-02
9.269083195050072277e+01 1.002775245925866532e+00 2.279352091859964680e-01 -1.460958507808995943e-02 6.137635523710674446e-02 1.081434475955314611e-02
9.357360177865012929e+01 1.005843821224319479e+00 2.273856264102877556e-01 -1.697136660100687089e-02 5.744705022533702632e-02 9.533373033032338517e-03
9.445637160679953581e+01 1.001858358226506818e+00 2.266825463933564988e-01 -1.610099704205544824e-02 5.999274304152338311e-02 1.065537232831875736e-02
9.533914143494895654e+01 1.001408482896394725e+00 2.267123187399928963e-01 -2.555820193865879220e-02 6.124577555865065581e-02 1.516890276567539608e-02
9.622191126309836307e+01 1.002111230676885789e+00 2.268802576851331465e-01 -2.836180442937319413e-02 5.350570158266479415e-02 8.124815906948662514e-03
9.710468109124778380e+01 9.984545406414654378e-01 2.275642828030960407e-01 -2.201809382325908837e-02 5.183413569343343907e-02 8.864880318468770781e-03
9.798745091939719032e+01 9.973837841546689953e-01 2.269179168861931162e-01 -2.299180918760876380e-02 5.626829152092477360e-02 1.044878766719144203e-02
9.887022074754661105e+01 9.998890040428490833e-01 2.276428066304242159e-01 -1.883117983923983385e-02 5.480741658148205464e-02 7.412648338555608007e-03
9.975299057569601757e+01 9.996200474855103657e-01 2.287997351353381614e-01 -1.957029807435778368e-02 6.753736117786718340e-02 1.289244967363858962e-02
1.006357604038454241e+02 9.977055615897874041e-01 2.286384466685309758e-01 -2.234095667879200386e-02 6.194024175435927648e-02 1.200341452216066584e-02
1.015185302319948448e+02 9.984625842395189466e-01 2.289454826728724857e-01 -2.032630624637012107e-02 6.244005883169151394e-02 1.144423845083190894e-02
1.024013000601442513e+02 9.969280479552442564e-01 2.294806541351734896e-01 -2.271772780385969415e-02 6.888151051665372671e-02 2.242669782804712630e-04
1.032840698882936721e+02 9.957942128750230104e-01 2.300996840276091082e-01 -2.591038631115029356e-02 7.079265619510813345e-02 6.366905740474632092e-03
1.041668397164430786e+02 9.966943015312172971e-01 2.293210515583077869e-01 -2.640889882902013042e-02 6.308552091437447107e-02 1.196077352051233555e-02
1.050496095445924993e+02 1.000662943970591412e+00 2.290764477195364468e-01 -2.028971417911513975e-02 5.897533551922937156e-02 1.375468592659168099e-02
1.059323793727419059e+02 1.001791380269416054e+00 2.283489250510651325e-01 -2.129263451206685198e-02 5.127723710543310998e-02 1.623117121481704173e-02
1.068151492008913124e+02 1.000149077131231579e+00 2.277744406265532762e-01 -2.668673543670285753e-02 5.333054114885668606e-02 1.821895879235030380e-02
1.076979190290407331e+02 1.003992947086039145e+00 2.261038280042321214e-01 -2.041137816146799955e-02 5.529021687639737448e-02 6.076585537390183367e-03
1.085806888571901396e+02 1.005870596003968220e+00 2.251126781427201518e-01 -2.513004671057893213e-02 6.376767671537231230e-02 4.348240914006804014e-03
1.094634586853395604e+02 1.005216486142158860e+00 2.260297475660675570e-01 -2.133379388423742307e-02 5.895475600817426387e-02 9.682783331780145386e-03
1.103462285134889669e+02 1.001678740682702573e+00 2.258215543390865998e-01 -2.559795977706449954e-02 3.782302242062410280e-02 5.783641676388354136e-03
1.112289983416383876e+02 9.994854726417533586e-01 2.253247762226159023e-01 -2.648936635949734886e-02 4.186222314028203995e-02 6.470030630336243149e-03
1.121117681697877941e+02 9.942698756735656174e-01 2.272860991421613575e-01 -2.121807781983160723e-02 5.600444583888963823e-02 3.546544140753088437e-03
1.129945379979372149e+02 9.956002683493258010e-01 2.269698948718582576e-01 -2.789582170704911490e-02 5.470654853561651709e-02 1.083314323666098589e-02
1.138773078260866214e+02 9.962876539090523842e-01 2.269267349537303358e-01 -2.787026336538296623e-02 4.438233418871329050e-02 1.714767402567912713e-02
1.147600776542360279e+02 9.970877656390670918e-01 2.281053883790159775e-01 -2.566442442059320428e-02 5.513380248494043068e-02 6.059168836005948688e-03
1.156428474823854486e+02 9.925506545417062121e-01 2.276602648226450365e-01 -2.037184705055530842e-02 3.965827053175099981e-02 7.311141049119770918e-03
1.165256173105348552e+02 9.931342364833501968e-01 2.287414317006394859e-01 -1.769522140649405773e-02 5.345106476886202218e-02 4.361832504879523120e-03
1.174083871386842759e+02 9.941195759584822156e-01 2.274471024634240612e-01 -2.608351926585208980e-02 5.730120266505750459e-02 1.707901299416331176e-02
1.182911569668336824e+02 9.951623851257997977e-01 2.284740442847861819e-01 -2.768234003075670246e-02 5.564101398740953219e-02 3.330199743124998002e-03
1.191739267949831032e+02 9.979784361845228657e-01 2.276632489847882912e-01 -2.348220024698662034e-02 4.989709237104741901e-02 7.661319664526572426e-03
1.200566966231325097e+02 1.000292663667954773e+00 2.261290225096060924e-01 -2.533110738505499338e-02 4.614815232620014807e-02 1.485037179109197081e-02
1.209394664512819162e+02 9.992975806348152190e-01 2.268136505918008916e-01 -1.957095377699581695e-02 4.960924928413396051e-02 8.851212994337026574e-03
1.218222362794313369e+02 9.981101938183377653e-01 2.274847179043050505e-01 -2.467283620829793800e-02 4.524807384105009045e-02 9.961347252685867626e-03
1.227050061075807434e+02 1.000683412473198697e+00 2.273566209976853325e-01 -2.331285171865350725e-02 3.867870590178373869e-02 1.467625776589925879e-02
1.235877759357301642e+02 1.003312587508877973e+00 2.271800451134673160e-01 -1.980439968693210873e-02 4.605871865503774476e-02 1.681005958185058380e-03
1.244705457638795707e+02 1.002442555518014533e+00 2.281205374796877738e-01 -2.332465610112553767e-02 5.503172228774633190e-02 -9.827999142445614789e-04
1.253533155920289914e+02 1.003396466135440646e+00 2.277021228862892155e-01 -1.914988199869127605e-02 5.266652084384185195e-02 4.815649581922432088e-03
1.262360854201783980e+02 1.000225288509603239e+00 2.279018127201211108e-01 -2.536212873940003887e-02 5.308809062906810761e-02 1.139702429664860017e-02
1.271188552483278045e+02 1.003328921354559755e+00 2.288858102869858469e-01 -2.236744502169227267e-02 5.210973423284187556e-02 1.310859961211928437e-02
1.280016250764772110e+02 1.002720689871711590e+00 2.294532555556194620e-01 -2.638739563323523607e-02 4.764556020736190889e-02 1.516094722499708447e-02
1.288843949046266459e+02 9.989392273089925389e-01 2.288293649032021593e-01 -2.325550511372062590e-02 5.711008255832589198e-02 7.061225272884899540e-03
1.297671647327760525e+02 1.001774015443818611e+00 2.288456972972238990e-01 -2.234440911901310056e-02 6.687595172365712326e-02 5.045843496516724813e-03
1.306499345609254590e+02 1.002756417241105424e+00 2.289695668726583200e-01 -2.407942972095507284e-02 5.581555980963073815e-02 1.224261820381668253e-02
1.315327043890748655e+02 1.003436285670268990e+00 2.281341034467421203e-01 -2.308760027645638535e-02 6.059691918926835008e-02 4.269909267773819295e-03
1.324154742172243004e+02 1.005547958761787930e+00 2.263643570682471184e-01 -1.966735288171878038e-02 6.037369210301327116e-02 1.174484723529073404e-02
