0.000000000000000000e+00 1.504955192991117796e+00 1.000000000000000000e+00 -3.970157233889936915e-05 1.224589631043376727e-03 1.005341460141588768e-03
1.756165920817760739e-01 1.385516619021731621e+00 1.113194553776428508e+00 2.108839732589407046e-04 1.367594943155965061e-02 8.177801144679473430e-03
3.505335164660119407e-01 1.289177251070555918e+00 1.227230323923198307e+00 1.145692932877184810e-03 2.289003676983004595e-02 1.237187729270429470e-02
5.254504408502477242e-01 1.214489294842649114e+00 1.343020236921928179e+00 3.418067566131721691e-03 3.158494434652865668e-02 1.564054891767086009e-02
7.003673652344856171e-01 1.154915679080813495e+00 1.456328058616632060e+00 4.592102104041880829e-03 4.044943928560593149e-02 1.976234721827290625e-02
8.752842896187194022e-01 1.105911724106551697e+00 1.566738824729731583e+00 4.027341060987904217e-03 4.806148148867087772e-02 2.032968161139970045e-02
1.050201214002957961e+00 1.069149777988531058e+00 1.674144986371035149e+00 3.473745760895566911e-03 5.161588754115997019e-02 2.256734205948299557e-02
1.225118138387213840e+00 1.038075750018873089e+00 1.780350568831416513e+00 3.734895002299438646e-03 5.487279173511994124e-02 2.282868687837077970e-02
1.399335395073938004e+00 1.014206609888608446e+00 1.873719970668299872e+00 4.538514262554176754e-03 5.568635208117633101e-02 2.232553237488945491e-02
1.574252319458207872e+00 9.948577644819687205e-01 1.970405142565063494e+00 3.827032584447930333e-03 5.763195182431703895e-02 2.144217213379864123e-02
1.749169243842473964e+00 9.794565847654894686e-01 2.061209666964577192e+00 3.178646395140394178e-03 6.096210819724988406e-02 2.243461751919227989e-02
1.924086168226741833e+00 9.687264696820379051e-01 2.146052208233088177e+00 1.706492123032916745e-03 6.266501979467797856e-02 1.997921577928828477e-02
2.099003092611006593e+00 9.593883131702094502e-01 2.220854105947564605e+00 1.770848851522299826e-04 6.193659694427101209e-02 1.916978439388706754e-02
2.273920016995266913e+00 9.535835988468265301e-01 2.297039513054876192e+00 1.684877954582043608e-03 6.574793909589742025e-02 1.873799531600559010e-02
2.448836941379474830e+00 9.485096576245871658e-01 2.365862220883054867e+00 2.987384568233211399e-03 6.733301058962980201e-02 1.769224646682507340e-02
2.623753865763668536e+00 9.450943405907037409e-01 2.428829955936161245e+00 2.421938815326693095e-03 6.587844025131758818e-02 2.000150024548484964e-02
2.798670790147874676e+00 9.428878425650507600e-01 2.491984549855077002e+00 2.871321445463792619e-03 6.308087020559266511e-02 2.042104782805563221e-02
2.973587714532078152e+00 9.420990000105996520e-01 2.547377570320389584e+00 4.404309634501602649e-03 6.046265613506807135e-02 2.084470224736795912e-02
3.149204306613827775e+00 9.402294139802925832e-01 2.595984486612219921e+00 6.147141416004399395e-03 5.929636751835443143e-02 2.058466535714934334e-02
3.324121230998037468e+00 9.405707839375699875e-01 2.640556953630407655e+00 4.678345536962905983e-03 6.009585152822223553e-02 2.289394721010851522e-02
3.499038155382226734e+00 9.419309312066207474e-01 2.688693748485454282e+00 2.386643953301549170e-03 6.180625848196465155e-02 2.184056468390628211e-02
3.673955079766441312e+00 9.428122472457175496e-01 2.725007409115678847e+00 2.718555458852223248e-03 6.153898653820630976e-02 2.021228210287860996e-02
3.848872004150640791e+00 9.440319743566818467e-01 2.756221516344307787e+00 2.730736012518745256e-03 6.042946516480847408e-02 2.161446856578804962e-02
4.023788928534854037e+00 9.451602220900259255e-01 2.786259766061331078e+00 3.848212132872433702e-03 6.041353110091276374e-02 2.269605356463553353e-02
4.198705852919053072e+00 9.467845961370180419e-01 2.824143609626991847e+00 1.251045863993288697e-03 5.980844319320990921e-02 2.325029372923080248e-02
4.373622777303271647e+00 9.485222997465374561e-01 2.848325806768547075e+00 2.755405228448748250e-04 6.078760328579213557e-02 2.284483446510098339e-02
4.548539701687526637e+00 9.494060716876723260e-01 2.879352713588064105e+00 3.375670206968839197e-04 6.316277964633427999e-02 2.302834505490689021e-02
4.723456626071839359e+00 9.518522774061548564e-01 2.899100812749316525e+00 -1.029878013484564290e-03 6.556077333298158949e-02 2.148876298681926672e-02
4.898373550456183168e+00 9.545977757665894403e-01 2.925823065000368484e+00 -4.779909427739625991e-04 6.647040397047340732e-02 2.156433480198871599e-02
5.072590807142957736e+00 9.570321726463476564e-01 2.947233579305184481e+00 1.242466541316837939e-03 6.502857366240151482e-02 2.006224818099078266e-02
5.247507731527303321e+00 9.599241326621730241e-01 2.966103457947883104e+00 2.757683979265433856e-03 6.863409826090924315e-02 2.306730458354819963e-02
5.422424655911624924e+00 9.614281006072800118e-01 2.981755488054350867e+00 6.259684163256940470e-04 7.027555653391019674e-02 2.270436345318175078e-02
5.597341580295942087e+00 9.637355810089465180e-01 2.999612684636198345e+00 2.948518211819537403e-03 7.045187608352357356e-02 2.283371338676455642e-02
5.772258504680290336e+00 9.649806366058653051e-01 3.008129396441090009e+00 4.019461477704315555e-03 6.973584544688231357e-02 2.415720065652587553e-02
5.947175429064603946e+00 9.665788294885124809e-01 3.025138601546117911e+00 1.408566190917774847e-03 6.969956910834029795e-02 2.232893597122862644e-02
6.122092353448947755e+00 9.691238141149444152e-01 3.036757812964554493e+00 4.971678011919588788e-04 7.564701251500417778e-02 2.346860998520693131e-02
6.297009277833269358e+00 9.706557761579263088e-01 3.047105487397080648e+00 -7.922478136036547637e-04 7.444526650552876768e-02 2.057369115859524270e-02
6.471926202217593627e+00 9.723359151695317726e-01 3.063392438253979666e+00 -1.702239389492810106e-04 7.593920788544712697e-02 1.988401048955109815e-02
6.646843126601926777e+00 9.749767559505878589e-01 3.067548514911909496e+00 1.724310162040598661e-04 7.537174789359295246e-02 1.748467973029638189e-02
6.821760050986251933e+00 9.775342063418764882e-01 3.083237743791816143e+00 3.193657621947907158e-03 7.612898343231995490e-02 1.919878897809282337e-02
6.996676975370599294e+00 9.783648791258987565e-01 3.095427838207668980e+00 3.186733943360052588e-03 7.768125944406067962e-02 1.759180462307543408e-02
7.171593899754926227e+00 9.786649170570079770e-01 3.101317562502342362e+00 4.199073532226158326e-03 7.473305880583309968e-02 1.519525293272516904e-02
7.346510824139229179e+00 9.798612368362179526e-01 3.108212377586137887e+00 2.743562764424031190e-03 7.627411574597045552e-02 1.753835922851369050e-02
7.521427748523581869e+00 9.808759781355387286e-01 3.113854702687109288e+00 3.475045428157054039e-03 7.576932117289218727e-02 1.376916628862350639e-02
7.696344672907912354e+00 9.814902380082826117e-01 3.120012785201270233e+00 2.617465533861434036e-03 7.728584181507616724e-02 1.303721844335993182e-02
7.871261597292226853e+00 9.836500974529127639e-01 3.128511439841894504e+00 2.353372569394171845e-03 7.898317250336223116e-02 1.546187542976437158e-02
8.046178521676557338e+00 9.846619150083707472e-01 3.134383464935817987e+00 3.629586724238238575e-03 7.809367402970335270e-02 1.833433314228532021e-02
8.221095446060912693e+00 9.853458356704034582e-01 3.139196063133747217e+00 3.495507685416140639e-03 8.455316388198264033e-02 2.236813248640144233e-02
8.396012370445207651e+00 9.865909109879600347e-01 3.147348373893099627e+00 2.454448076416447955e-03 8.409705299742603613e-02 2.341144870285416166e-02
8.570929294829539913e+00 9.874537411011283794e-01 3.156878712255831942e+00 1.281390149225397537e-03 8.559053466474769722e-02 2.246017745733925458e-02
8.745846219213889938e+00 9.891317020183212350e-01 3.162927226393084990e+00 -1.311938329830830794e-04 8.489840343935274591e-02 2.151401314858280081e-02
8.920763143598225753e+00 9.908230492307578130e-01 3.166756635110779872e+00 1.532626721080130325e-03 8.145415859842616846e-02 2.168063467688612425e-02
9.095680067982346628e+00 9.920480095471685411e-01 3.169701066583034077e+00 2.136637560547977217e-03 8.343131739435642735e-02 2.375691676290400331e-02
9.270596992366400002e+00 9.921603527355138397e-01 3.174593745163388103e+00 -5.424287791942705662e-05 8.803471818312258446e-02 2.160158175275126574e-02
9.445513916750483574e+00 9.920839217453027992e-01 3.176009280681835634e+00 2.986138476569255573e-03 8.370026866544082178e-02 1.926602619436819375e-02
9.620430841134584909e+00 9.928701327693264522e-01 3.180723451502461607e+00 1.926480694743787402e-03 8.174211662774878706e-02 2.038161683507809172e-02
9.795347765518672034e+00 9.935849609266610427e-01 3.179254899883610985e+00 7.206119275628320060e-04 8.153651956999743988e-02 1.990839738575165413e-02
9.970264689902721855e+00 9.942490491050141044e-01 3.182295367536786657e+00 -4.346308620147765396e-04 8.289888715891667592e-02 2.110973741079229596e-02
1.014518161428680543e+01 9.947181469065532466e-01 3.188321375898936605e+00 -4.924626234340479186e-04 8.487790660984431690e-02 2.529329824843610380e-02
1.032009853867090854e+01 9.963676752631416278e-01 3.187359874611310318e+00 2.473505580761759038e-05 8.544426443110061942e-02 2.536995915779151692e-02
1.049501546305499744e+01 9.950448774128132223e-01 3.186641720625215335e+00 -1.976122080374708052e-03 8.464672045128701638e-02 2.051567502244554600e-02
1.066993238743904193e+01 9.957525521623400433e-01 3.191968118201421234e+00 2.305199750233932884e-04 8.176469654057515191e-02 2.416362507431491988e-02
1.084484931182312906e+01 9.962165339824463617e-01 3.191094002902448601e+00 -1.156619544271675370e-04 8.463685500115286642e-02 2.375000356280867336e-02
1.101976623620723039e+01 9.957228687947528023e-01 3.188741032957617350e+00 2.253157704198989041e-03 8.724459456824769366e-02 2.169659795742233735e-02
1.119538282828886722e+01 9.968583800817504281e-01 3.201840460063190452e+00 2.342268008657002413e-03 8.632748910038180734e-02 2.215513864955843959e-02
1.137029975267290816e+01 9.969348865511615809e-01 3.201674792742803977e+00 1.719742412080843639e-03 8.228318000964419954e-02 2.001068448684216461e-02
1.154521667705699706e+01 9.961517368037212661e-01 3.200132902089742437e+00 9.388716064751467718e-04 8.152437978561825893e-02 1.831115959041247632e-02
1.172013360144109839e+01 9.973388062215202687e-01 3.205646607414183613e+00 1.131918581865408707e-03 8.039098340347652916e-02 1.922002516461007379e-02
1.189505052582519085e+01 9.975813535374546959e-01 3.212117390119276106e+00 5.910904653256532880e-04 7.920159758690886731e-02 1.838415110141113779e-02
1.206996745020923179e+01 9.976832155884647335e-01 3.221214885658957527e+00 9.490232246123575868e-04 7.776918148637300410e-02 1.368290593150066001e-02
1.224488437459332779e+01 9.977760835004646500e-01 3.219662626350412893e+00 3.728432519726421028e-03 7.927509725376546967e-02 1.231807402254314447e-02
1.241980129897742202e+01 9.971638853338612440e-01 3.219835149359548954e+00 5.067244756481943321e-03 8.398420091068013738e-02 1.227715999069442163e-02
1.259471822336150559e+01 9.960825436648484965e-01 3.218156731855430497e+00 3.047980424937251232e-03 8.302454676887424667e-02 2.135776374863756696e-02
1.276963514774556430e+01 9.960123342311040240e-01 3.214879886398029019e+00 3.834192239069483983e-03 8.636560868241457967e-02 2.224123356470348797e-02
1.294455207212964254e+01 9.966777351040184696e-01 3.207345759940617214e+00 2.810516322333849164e-03 8.304401355805088314e-02 2.132761228651664301e-02
1.311946899651372966e+01 9.978221582343490548e-01 3.207926772440405916e+00 3.099750059605598310e-03 8.012341173177729703e-02 2.568294250374338061e-02
1.329438592089783810e+01 9.978118037145374819e-01 3.206620421713736402e+00 4.767852861720885127e-03 8.172459674802051710e-02 2.310922169093566556e-02
1.346930284528187549e+01 9.980440192566644164e-01 3.204394551263131774e+00 2.785619110671036167e-03 8.369955365252343404e-02 2.321414116459263877e-02
1.364421976966598393e+01 9.985147827282325750e-01 3.201270769275676109e+00 2.055043536734414613e-03 8.178951892535392398e-02 2.288281560715526089e-02
1.381913669405007106e+01 9.984518586280080044e-01 3.203235776844911342e+00 1.467468514215266489e-03 7.907270794600630703e-02 2.601398983591709027e-02
1.399405361843414042e+01 9.987555291987202377e-01 3.212257020870622704e+00 -1.231132125119682806e-04 8.080712473765315484e-02 2.504659109188413918e-02
1.416897054281822044e+01 9.991828846428580935e-01 3.212581553924513944e+00 3.151704598466485967e-03 8.328178786871802408e-02 2.534209701664115119e-02
1.434388746720228802e+01 9.992153160786054755e-01 3.210269565182618745e+00 3.922005419341138312e-03 8.772916694388825654e-02 2.226516820499404442e-02
1.451880439158636449e+01 9.989969018408965118e-01 3.219621664260472471e+00 1.158390094780642563e-03 8.980190776187252366e-02 2.078382965645152181e-02
1.469372131597048536e+01 9.994409020778189934e-01 3.226035270884322070e+00 -4.371279396832827824e-04 9.113337595764402221e-02 2.249792070798357566e-02
1.486863824035451742e+01 9.996037080446933398e-01 3.221208870145677583e+00 -1.994364471301776024e-03 8.885251954047865275e-02 2.402844698600842960e-02
1.504355516473863830e+01 9.991848805207114159e-01 3.219231032128714531e+00 -2.761543303925409129e-03 8.769667163051582393e-02 2.164426990684642504e-02
1.521847208912271654e+01 1.000399733690299220e+00 3.219021129351514521e+00 -1.523051794977751039e-03 8.452042493953525193e-02 2.212037010350617616e-02
1.539338901350677880e+01 1.000438521902617284e+00 3.225270558047480751e+00 -7.468568721086598717e-04 8.680642287363840581e-02 2.165369690035530079e-02
1.556830593789087303e+01 1.000094095344034262e+00 3.223655153277925844e+00 -1.427182280993144481e-03 8.699980800629775191e-02 2.156740329639876899e-02
1.574322286227493350e+01 1.000264486827057375e+00 3.218603473625846423e+00 -1.244588234773684682e-03 8.665525108333334281e-02 2.629156017183471861e-02
1.591813978665900464e+01 9.997453639858973062e-01 3.219275337316061858e+00 4.508459719143997750e-04 8.677058201731951970e-02 2.400683221328471853e-02
1.609305671104313262e+01 9.991759747219889354e-01 3.225544667296548429e+00 1.820833038035510939e-03 8.678074816583969397e-02 2.527701526526255835e-02
1.626797363542716113e+01 9.988552816565545722e-01 3.224179019551704606e+00 2.607922175038064269e-03 8.410994927871681681e-02 2.210117278017945108e-02
1.644289055981129621e+01 9.993736747355872474e-01 3.229481078833458696e+00 1.439716769680144878e-03 8.494787616670210206e-02 2.718784290374084284e-02
1.661780748419536025e+01 9.994604465810672522e-01 3.223684251114364852e+00 4.564058679950996726e-03 8.437150152417417781e-02 2.647497665133106276e-02
1.679272440857941717e+01 1.001548579050504539e+00 3.220201111526521220e+00 5.312896738209640229e-03 8.092016926262593501e-02 2.453336346495650286e-02
1.696764133296352384e+01 1.001779759246750112e+00 3.220036936861383925e+00 3.915973464392361915e-03 8.215085875904286350e-02 2.437020349229975999e-02
1.714255825734758076e+01 1.003078429210085165e+00 3.215871007652078006e+00 3.696183874724770935e-03 8.311054768910641766e-02 1.954922558593219506e-02
1.731747518173164124e+01 1.002371434759003144e+00 3.210519743120428870e+00 1.666862813589945489e-03 8.586059613425693626e-02 2.094935247656817129e-02
1.749239210611578343e+01 1.001092835582637841e+00 3.213734215288616358e+00 3.696573611370787202e-03 8.629145782513715501e-02 2.326497379837246665e-02
1.766730903049980483e+01 1.000261336677335411e+00 3.217640261139853575e+00 1.753225395914803728e-03 8.610890350421537831e-02 2.431663603223544259e-02
1.784222595488394703e+01 1.001409047510296357e+00 3.215615281350744148e+00 3.033137735382809320e-03 8.696582047020548489e-02 2.115454552646574282e-02
1.801714287926800750e+01 1.000506931344436579e+00 3.213991703121323873e+00 2.528693029112114455e-03 8.753015701147939809e-02 2.165698868428660509e-02
1.819205980365205733e+01 1.000874693163407381e+00 3.215077346694080962e+00 1.912506356025801520e-03 8.961777641066018263e-02 1.977562714010635062e-02
1.836697672803617465e+01 1.000164799973669139e+00 3.212477533930119034e+00 1.106742214238005777e-03 8.765527043626157588e-02 2.570833503615571267e-02
1.854189365242022802e+01 9.997593689821789864e-01 3.212780018860220466e+00 1.474507029890045418e-03 9.212706938589698691e-02 2.216018834683153652e-02
1.871681057680428495e+01 1.000136812724300217e+00 3.209001050546443246e+00 -5.089095220333384210e-04 9.139718598858456722e-02 1.873594698172770939e-02
1.889172750118843069e+01 1.000211499817380334e+00 3.216548819120825797e+00 -5.040523971396204835e-05 8.880362919848991399e-02 2.446129629543467021e-02
1.906664442557244854e+01 1.000249964380125034e+00 3.217582840514182863e+00 -2.548504359478931153e-04 9.038597421721773773e-02 2.369668929485382880e-02
1.924156134995659784e+01 1.000261277514611802e+00 3.214739881098890084e+00 -1.427981626786169016e-03 9.078418895801561306e-02 2.740453096755489371e-02
1.941647827434065476e+01 1.000108961235778748e+00 3.215875544504138706e+00 -9.341475221505590905e-04 9.080509728611273201e-02 2.973360518309907385e-02
1.959139519872469748e+01 1.000572788729018781e+00 3.211257339259836918e+00 -1.161424179202030831e-04 8.992613131382631853e-02 2.533311712487960540e-02
1.976631212310882191e+01 9.993373257972467671e-01 3.217484659026719651e+00 -4.049313634800599912e-04 9.180372125371627501e-02 2.218874610142360093e-02
1.994122904749287173e+01 9.999909812575410450e-01 3.215795365019232577e+00 -1.092247896448102999e-03 9.113787803037075308e-02 2.358364971628282292e-02
2.011614597187692155e+01 9.999311096757633743e-01 3.213604048861351536e+00 -9.058071542985012860e-04 8.799390286417591023e-02 2.401409640875662443e-02
2.029106289626107795e+01 1.000631768103011909e+00 3.218147421746889947e+00 -2.371792894803010938e-03 8.844070510280889474e-02 2.125450006114269416e-02
2.046597982064509580e+01 1.000519777377747443e+00 3.214536540141243570e+00 9.512026115975224681e-04 8.771827388738204223e-02 2.117702683246031753e-02
2.064089674502925220e+01 1.001398018129402434e+00 3.220829259333557015e+00 2.823348587349112752e-03 8.648532165170501329e-02 2.177571736649324893e-02
2.081581366941329847e+01 1.000081986500040987e+00 3.220783933524498543e+00 4.244465517380189255e-03 9.057172628255186209e-02 1.820866196425835123e-02
2.099073059379734119e+01 1.000378271217501114e+00 3.217679753195748393e+00 2.554042152571207695e-03 9.092803830174910062e-02 1.914700205220047982e-02
2.116564751818147272e+01 1.000100533170237949e+00 3.216414211471267937e+00 3.012533263385052014e-03 8.855460841139466133e-02 1.897456373343157920e-02
2.134056444256551899e+01 1.000083972062651316e+00 3.221235445999732327e+00 2.665100583758745010e-03 8.950923558599184482e-02 2.011381796160283120e-02
2.151548136694956170e+01 1.001276330605578746e+00 3.227121323037354994e+00 -5.224891236505124683e-04 9.169375872893616164e-02 2.270365753586673155e-02
2.169039829133372166e+01 9.998778729623777339e-01 3.226028336931974660e+00 -1.750792889528424157e-03 9.140669608882678876e-02 2.253019192005207769e-02
2.186531521571773951e+01 9.997216539614806052e-01 3.225369561880115032e+00 -3.257920314351203900e-04 8.786078529886853783e-02 2.026585942697099046e-02
2.204023214010189591e+01 9.993669296511215050e-01 3.223774526289646669e+00 7.574430413965660034e-05 8.482674677435525501e-02 1.956946648823486637e-02
2.221514906448594573e+01 9.992472915571707359e-01 3.225919802579563456e+00 1.907709383680298307e-03 8.532126104115241028e-02 2.237084453271617063e-02
2.239006598886998489e+01 9.996498498299539737e-01 3.221825430301859861e+00 3.034749317434881546e-03 8.260511653840717228e-02 2.341015938114142034e-02
2.256498291325412353e+01 9.999356468519468022e-01 3.216379064209907046e+00 3.201607302148529264e-03 8.306374022235880894e-02 2.325868344654082043e-02
2.273989983763816269e+01 9.989834731227018594e-01 3.212630435351018221e+00 3.034989555262450692e-03 8.513952275751432430e-02 2.147318426254233095e-02
2.291481676202220541e+01 9.998550769265959204e-01 3.209887032256832473e+00 4.730035897277851467e-03 8.725295323026363570e-02 2.212990060629104958e-02
2.308973368640636892e+01 1.000796668300213410e+00 3.210418609540534263e+00 3.804809211775618451e-03 8.724476916847714869e-02 2.153015882804912642e-02
2.326465061079038676e+01 9.998742427647253628e-01 3.217813547122469586e+00 3.477918302979693399e-03 8.659390231588134923e-02 2.532577686265288092e-02
2.343956753517455027e+01 1.000476353973406285e+00 3.220573003810948798e+00 2.225744527252415759e-03 9.027919254941957350e-02 2.548958187639679615e-02
2.361448445955858233e+01 1.000088373460141344e+00 3.218577668223388422e+00 2.753701880082161119e-03 8.984968195100752342e-02 2.530828630306031918e-02
2.378940138394263215e+01 9.992214131825709611e-01 3.221616062124865287e+00 1.534228625965562481e-03 9.158273895669249987e-02 2.347519521375469875e-02
2.396431830832676724e+01 9.992428194241538275e-01 3.216036052608652440e+00 2.011720704710284746e-03 9.220943159201153150e-02 1.902335863813668995e-02
2.413923523271082061e+01 9.987685006685258493e-01 3.217356948848406173e+00 3.749053742399143050e-03 9.374492414049130640e-02 1.816223924902257009e-02
2.431415215709484556e+01 9.992651917837295228e-01 3.212880510985133053e+00 2.824850957915633377e-03 9.062542021269633097e-02 2.055121866033704156e-02
2.448906908147901262e+01 1.000233417605580044e+00 3.212665724254979871e+00 1.464440124752374242e-03 9.163252366483977396e-02 1.951068173533348007e-02
2.466398600586304823e+01 1.000408960706520300e+00 3.211102197007366765e+00 1.440791451789972264e-03 9.271987846352482132e-02 2.007966968379445646e-02
2.483890293024717977e+01 1.001196914313251085e+00 3.211391968721160506e+00 5.101537387077059596e-04 9.341868179507496761e-02 1.650069575851557599e-02
2.501381985463123669e+01 1.001117034206922440e+00 3.212703161331668777e+00 -2.182289319773766999e-04 9.179242668876165523e-02 1.735108749018147295e-02
2.518873677901529362e+01 1.000431800335788823e+00 3.215833617093952768e+00 3.181501229321415255e-04 9.044387453732652404e-02 1.693519229136236995e-02
2.536365370339939318e+01 1.000133394621652627e+00 3.213637951897588163e+00 1.005412050535075055e-03 9.116149464138517677e-02 2.049301982334318997e-02
2.553857062778345366e+01 9.997971440505745155e-01 3.211099883947261979e+00 1.593344134603180608e-03 8.974505936690578556e-02 1.892571774352886163e-02
2.571348755216751414e+01 9.998536287929116195e-01 3.211870389610793630e+00 2.267504713188781516e-03 8.862153995480703816e-02 1.893855746515560323e-02
2.588840447655162791e+01 9.996006912703950809e-01 3.213128677245645992e+00 2.736781110998362174e-03 8.717278182656540420e-02 1.826679438158287927e-02
2.606332140093567773e+01 9.996971433303547538e-01 3.217243545817876083e+00 1.405681999312664507e-03 8.564406066362950654e-02 1.714095646908421131e-02
2.623823832531984479e+01 9.979802029795546980e-01 3.212952908190094270e+00 -6.778469858842850861e-04 9.142367936002372686e-02 1.578946845748322239e-02
2.641315524970384843e+01 9.976400825539182282e-01 3.208908922678498588e+00 2.448164931849384617e-03 9.164107711929313227e-02 1.603380489822410146e-02
2.658807217408791956e+01 9.982882021676563467e-01 3.212578897077133622e+00 3.602758031216431091e-03 9.116973781902752705e-02 2.194611916241754473e-02
2.676298909847206176e+01 9.972867743587527922e-01 3.213976966383148781e+00 2.688407977756454223e-03 8.529650447840926575e-02 2.007086541022187060e-02
2.693790602285613645e+01 9.975783675617400093e-01 3.215041594724203922e+00 1.881261100498798911e-03 8.389257152802526152e-02 1.782553851001005343e-02
2.711282294724013298e+01 9.977358508341680476e-01 3.214303318240307128e+00 1.808057009335223200e-03 8.374333930212739252e-02 1.787823192643903797e-02
2.728773987162430359e+01 9.979789704786183879e-01 3.217859264565784194e+00 3.293734073371634491e-04 8.425670873541989125e-02 1.962160122546099256e-02
2.746265679600835696e+01 9.978192141600886744e-01 3.218378847489494099e+00 4.068145424076719170e-04 8.229745742987110146e-02 2.172229864844070837e-02
2.763757372039244942e+01 9.977766694895381372e-01 3.212750545009467107e+00 -1.606555636898687614e-04 7.917581664585311707e-02 2.319356217019915775e-02
2.781249064477652766e+01 9.966811126457161274e-01 3.210762086525220660e+00 -6.432437457039941534e-04 8.309647196358384280e-02 2.285427290386762497e-02
2.798740756916060235e+01 9.963456861364698991e-01 3.210306675038069546e+00 -7.863265919227890562e-04 8.257304719403027460e-02 2.534932489097045660e-02
2.816232449354466993e+01 9.980073032389411569e-01 3.213005218453032441e+00 7.907706553605398092e-04 8.410460627596902383e-02 2.399764739416267861e-02
2.833724141792874462e+01 9.976566601605064699e-01 3.220417079624988244e+00 1.167937335534097220e-03 8.519878264102659360e-02 2.724747629882086700e-02
2.851215834231282287e+01 9.985334868762743010e-01 3.226192254156467598e+00 -2.510526085253261927e-04 8.584335165168828496e-02 2.479278790879637165e-02
2.868707526669689756e+01 9.999175030850626644e-01 3.227982782612506707e+00 2.906270871769267637e-04 8.408586351496502576e-02 2.314053772979680207e-02
2.886199219108096514e+01 9.987321884535881322e-01 3.222166991907646771e+00 3.515862137152803136e-04 8.361154610870315251e-02 2.234004145260017754e-02
2.903690911546513931e+01 9.988777936828914239e-01 3.220210967311315731e+00 1.782036126382131620e-03 8.495336407209483354e-02 1.833285799667994445e-02
2.921182603984912163e+01 9.995552037513951715e-01 3.225427559483064144e+00 3.537364720729825520e-03 8.576200118117642546e-02 2.162694720256176303e-02
2.938674296423320342e+01 9.992023717030034113e-01 3.225107288741091871e+00 1.252607177754450139e-04 8.656054629587929539e-02 1.687031243712143469e-02
2.956165988861736338e+01 9.990705559000160330e-01 3.232728924263398973e+00 -1.130978190516401848e-03 8.822927145497873325e-02 1.763043922821808801e-02
2.973657681300144517e+01 9.983138004965106393e-01 3.229111827123379186e+00 -9.464391566785490236e-04 8.757003115764140644e-02 1.996340722293397235e-02
2.991149373738542039e+01 9.986617806839823697e-01 3.224830833488587345e+00 1.631374935184722952e-03 8.835304207059974102e-02 1.960956646189541963e-02
3.008641066176959455e+01 9.993584676603770589e-01 3.229581345687597249e+00 1.565390430680521031e-03 8.787511625341731802e-02 2.022290302769852791e-02
3.026132758615366924e+01 9.996091266679509868e-01 3.231558538188493479e+00 1.586197083358448310e-03 8.982393969435940873e-02 1.812923695215207590e-02
3.043624451053772972e+01 1.000629252920967938e+00 3.230520310738745238e+00 2.607854633998255532e-03 9.003854443568001797e-02 2.040097748833339525e-02
3.061116143492181862e+01 1.000018860367766438e+00 3.231776847015130461e+00 2.632004085386280366e-03 8.702825381597667498e-02 1.924115791972519016e-02
3.078607835930591108e+01 1.001432874164084996e+00 3.231324872061237752e+00 4.779456692692129853e-04 9.007159252861893228e-02 2.106132140293866944e-02
3.096099528368994314e+01 1.003010085213161373e+00 3.234763946260184042e+00 2.620619020304268063e-03 8.470838460830569516e-02 2.026079635752488228e-02
3.113591220807403559e+01 1.001799054581606230e+00 3.230989072454866662e+00 3.409212968893825420e-03 8.406963584846210980e-02 2.085094469704424497e-02
3.131082913245812804e+01 1.001045934115357028e+00 3.228080147744455175e+00 1.252793862139940477e-03 8.473081904555129773e-02 2.223624957911623026e-02
3.148574605684217786e+01 1.002000971695621745e+00 3.226891966192448002e+00 2.068319575762514809e-03 8.312890337517699069e-02 2.680966538209452604e-02
3.166066298122625611e+01 1.001918372959895276e+00 3.226443885735077455e+00 2.743636985397891574e-03 7.968887620816032802e-02 2.497495819756348490e-02
3.183557990561043383e+01 1.001572593045072956e+00 3.228502568221286229e+00 1.393674891103637839e-03 7.968749105341038641e-02 2.426367994343465312e-02
3.201049682999439483e+01 1.001958431386336112e+00 3.230826019639628122e+00 -3.830626904888223550e-05 8.035359316471232805e-02 2.464715848340153642e-02
3.218541375437848728e+01 1.001433738819898611e+00 3.231504631337917210e+00 4.009619492713201042e-04 8.035420851681074339e-02 2.314787433580315495e-02
3.236033067876265790e+01 1.001840044623650394e+00 3.233983919805772267e+00 1.237194005686728052e-03 8.300078363938993842e-02 2.305305679589505358e-02
3.253524760314675035e+01 1.001449789552309566e+00 3.233415392934980481e+00 1.970126131301561632e-03 8.457541848879138180e-02 2.136341861796853259e-02
3.271016452753070780e+01 1.001093266191370068e+00 3.227258345587626476e+00 2.491422162533982881e-03 8.570667696041779637e-02 2.345844418581089288e-02
3.288508145191489263e+01 1.002005049115794577e+00 3.224230687944984464e+00 -1.523393455506116768e-05 8.742509987988281162e-02 2.616767369421665532e-02
3.305999837629897797e+01 1.001736734491738723e+00 3.219443317573889907e+00 -1.444488200880594776e-03 8.762502150210157992e-02 2.307381821137552066e-02
3.323491530068300648e+01 1.002190387325410104e+00 3.221370592648263198e+00 -3.428247574430015425e-03 8.787741420070473153e-02 2.404567352990811049e-02
3.340983222506710604e+01 1.002418857521483853e+00 3.219276765279217578e+00 -5.837896399942543463e-04 8.881193472395511324e-02 2.522760018601277743e-02
3.358474914945121270e+01 1.001933579604920910e+00 3.216307031595719845e+00 -4.036461503408523936e-03 8.790900742729522432e-02 2.171740813168085080e-02
3.375966607383521989e+01 1.002507143146373014e+00 3.220895870544928652e+00 1.994626502829710481e-04 8.719608359929875707e-02 2.328296808182621358e-02
3.393458299821932656e+01 1.001678139104070331e+00 3.223053384632788010e+00 -1.476967769910497643e-04 8.577665025107958363e-02 2.059638771279543104e-02
3.410949992260343322e+01 1.001546876522922735e+00 3.224789230046095856e+00 -1.267900962349659570e-03 8.643033141148386000e-02 2.242531058448616124e-02
3.428441684698745462e+01 9.992079864178823323e-01 3.226188575278768678e+00 6.887786883318703409e-05 8.518753028247523507e-02 2.410502716448285898e-02
3.445933377137154707e+01 1.000737521072967429e+00 3.222832604953714597e+00 3.235178232107219741e-03 8.216672719484358067e-02 2.610147174453792199e-02
3.463425069575573190e+01 1.001750422926084294e+00 3.224714733954678447e+00 1.197924915662811366e-03 8.231103938679916465e-02 2.683862909182406498e-02
3.480916762013966803e+01 1.002476657386534242e+00 3.226533743451100111e+00 3.668124897610929198e-03 8.321991214896846956e-02 2.688808908564533154e-02
