0.000000000000000000e+00 1.502621996273373561e+00 1.000000000000000000e+00 5.383390808364218495e-04 1.771151078029611307e-03 -2.308482443399079327e-03
2.068991870154677504e-01 1.433776339116519027e+00 9.779955349649854801e-01 -6.598283741111346697e-03 4.950978403584069265e-02 9.403276740825696270e-03
4.129740744810693198e-01 1.371254210903485093e+00 9.560387355621527972e-01 -1.236696454268691736e-02 8.175359716686056433e-02 1.854772502734769804e-02
6.190489619466706950e-01 1.316923093329241068e+00 9.457466833464981404e-01 -1.445119572411552450e-02 1.075253937978686153e-01 2.096328370972590227e-02
8.251238494122745681e-01 1.271325854300248137e+00 9.350408764746067636e-01 -1.590994106086137533e-02 1.202161178414499210e-01 2.932590538386427997e-02
1.031198736877873667e+00 1.233251870942555728e+00 9.317829369802294037e-01 -1.669931076176840376e-02 1.333218059445039905e-01 3.112312524960593116e-02
1.237273624343478318e+00 1.200658445867867075e+00 9.288189251892248199e-01 -1.767960733787106095e-02 1.418691958640245221e-01 3.145166811663144962e-02
1.443348511809103396e+00 1.172545784349613873e+00 9.287686298902774196e-01 -1.895280300835107054e-02 1.400370500225581460e-01 3.371257595136149116e-02
1.648599099724872508e+00 1.148019501738074322e+00 9.320733195352021161e-01 -1.815129073524097622e-02 1.442181330193264555e-01 3.422123772938749642e-02
1.854673987190514017e+00 1.126458992609875143e+00 9.357902319169453254e-01 -1.945071768399879789e-02 1.425908897034872669e-01 3.424518781841583148e-02
2.060748874656151308e+00 1.109149878001411293e+00 9.409753957219818554e-01 -1.977894196271263658e-02 1.515891052433748221e-01 3.305702152721748388e-02
2.266823762121790153e+00 1.093709738776879936e+00 9.442913728127717565e-01 -1.999892982104774231e-02 1.526096646887588892e-01 3.939768387049086273e-02
2.472898649587425890e+00 1.079552810136551688e+00 9.497508357231624343e-01 -2.080776237327598699e-02 1.525139921741679172e-01 3.494707364326747612e-02
2.678973537053055853e+00 1.069563452293500472e+00 9.567816341184300910e-01 -1.921134948667035935e-02 1.496340677595221769e-01 3.751485662962597556e-02
2.885048424518624532e+00 1.058849385945330512e+00 9.599693985853670064e-01 -1.770987203244765024e-02 1.493633547485473112e-01 3.816036650716810030e-02
3.091123311984176780e+00 1.051621181273744376e+00 9.669251406089119927e-01 -1.625106722648517882e-02 1.466135456015960903e-01 3.723076826211932366e-02
3.297198199449743239e+00 1.044322991952509216e+00 9.725905814971762542e-01 -1.593262636446319061e-02 1.397074630839169884e-01 3.533301111816167933e-02
3.503273086915306589e+00 1.037991690539384448e+00 9.782157942703438858e-01 -1.953119224800241999e-02 1.377500282414889643e-01 3.445667875691262039e-02
3.710172273930743003e+00 1.032113645258942114e+00 9.826468762562453607e-01 -1.893934389951361721e-02 1.347547376654717466e-01 3.555238022053083813e-02
3.916247161396313459e+00 1.027056621012260473e+00 9.835994125128024734e-01 -1.955410842470932387e-02 1.351819125264824561e-01 3.513109908639210077e-02
4.122322048861860821e+00 1.023393159311739797e+00 9.875747013335707258e-01 -2.007336984832150048e-02 1.395058775613732260e-01 3.332701849441462028e-02
4.328396936327436606e+00 1.020451399156069083e+00 9.937469955870864569e-01 -2.139217751146714128e-02 1.433373896125290370e-01 3.369318571977861221e-02
4.534471823792995515e+00 1.018488945444065319e+00 9.971076281187930546e-01 -1.865833767144536859e-02 1.447704079070369909e-01 3.163557246085991342e-02
4.740546711258570411e+00 1.016504238422084594e+00 1.001715976503408267e+00 -1.717574576693772781e-02 1.439707164849935717e-01 3.318694892186244139e-02
4.946621598724128432e+00 1.013116011541373318e+00 1.002253044405163607e+00 -1.638339023461376012e-02 1.426922388275720099e-01 3.335044847641491922e-02
5.152696486189709546e+00 1.012247810888673216e+00 1.003567363461593587e+00 -1.664497339068522416e-02 1.496188570206839208e-01 3.480127666827050048e-02
5.358771373655334180e+00 1.010599942617610214e+00 1.003349999713005980e+00 -1.525597677178167771e-02 1.434395272069552696e-01 3.455251138638622960e-02
5.564846261121025428e+00 1.008197382303058776e+00 1.003736505047287508e+00 -1.563448907214749772e-02 1.409971280630545887e-01 2.728082329634062830e-02
5.770921148586754867e+00 1.006523269475947169e+00 1.007844478939877941e+00 -1.543989419160241884e-02 1.411908999558831868e-01 2.903638204364420577e-02
5.976171736502582377e+00 1.006358456868161388e+00 1.013730395672890028e+00 -1.750804883636854214e-02 1.424218673479490382e-01 2.910013720763601763e-02
6.182246623968313592e+00 1.005555367679988654e+00 1.016293174355660467e+00 -1.690144395439999170e-02 1.379823652269289158e-01 3.189665727228499503e-02
6.388321511434015498e+00 1.004915163916071386e+00 1.018351189857358063e+00 -1.736871474462850506e-02 1.389387259684848885e-01 3.152090705311522134e-02
6.594396398899712963e+00 1.003455327799030794e+00 1.018629827105192787e+00 -1.647888022992892790e-02 1.452100237528662907e-01 2.963807512843856518e-02
6.800471286365446844e+00 1.001274828757187985e+00 1.022127960082203746e+00 -1.736431228593196888e-02 1.408513920462133306e-01 3.333113584170199067e-02
7.006546173831139868e+00 9.999411295051228166e-01 1.020732407735470249e+00 -1.678950495104687343e-02 1.411218078530886433e-01 3.235468760037459729e-02
7.212621061296869307e+00 9.997667672348979906e-01 1.022606223719386920e+00 -1.822197579456177191e-02 1.382252070051819270e-01 2.625901127340993582e-02
7.418695948762571213e+00 1.000788000168355785e+00 1.024380479938971966e+00 -1.929365372917797930e-02 1.407852382405064828e-01 2.771846099136914682e-02
7.624770836228276671e+00 1.000903959692774015e+00 1.027124764665252155e+00 -1.710843878791248884e-02 1.435132397148674577e-01 2.985849179634034178e-02
7.830845723693992788e+00 1.000091018991334568e+00 1.030491612528090295e+00 -1.722312970714019037e-02 1.465614728300900227e-01 2.966567145590757668e-02
8.036920611159699135e+00 1.000245459233749967e+00 1.030730739429393639e+00 -1.609431412844230386e-02 1.491091556240717875e-01 2.970861150133536840e-02
8.242995498625433015e+00 1.000109877694161042e+00 1.030413562687582107e+00 -1.605199445123430338e-02 1.511221299893226733e-01 2.979617553528786378e-02
8.449070386091142026e+00 1.000697396144947238e+00 1.029998684314407109e+00 -1.740312766061652069e-02 1.515533872370987134e-01 3.157895029257314773e-02
8.655145273556822616e+00 1.000387638026526194e+00 1.027675452235658593e+00 -1.768076511682491886e-02 1.481282400367600338e-01 3.660823516711041864e-02
8.861220161022561825e+00 9.991157640547838614e-01 1.027965461186116647e+00 -1.779721991768685660e-02 1.493339409509773508e-01 3.624900346023460229e-02
9.067295048488274389e+00 9.990048943021777594e-01 1.026388325023446013e+00 -1.904710745111971512e-02 1.441903777979698653e-01 3.747725933795722358e-02
9.273369935953967413e+00 9.984061221037889844e-01 1.025566162905630296e+00 -1.836546308116749834e-02 1.426211991491068420e-01 3.313101289191092841e-02
9.479444823419681754e+00 9.981166045702424272e-01 1.028797788552888504e+00 -1.923494933224360187e-02 1.438407381274166563e-01 3.047414873847742109e-02
9.685519710885422739e+00 9.979157160499111390e-01 1.030300789126739502e+00 -1.851375662019925927e-02 1.406973651922205359e-01 3.302759774585689589e-02
9.891594598351094447e+00 9.984993453555828236e-01 1.033067878999613720e+00 -1.697669097267300378e-02 1.434685998315867184e-01 3.278689914281679441e-02
1.009766948581680879e+01 9.992966216561808279e-01 1.034438520907420278e+00 -1.453255513617723350e-02 1.419031857738956570e-01 3.290412531874106761e-02
1.030374437328254622e+01 9.993569399151456256e-01 1.034765404588809723e+00 -1.477691827193752284e-02 1.420996756997800203e-01 2.984089275907726366e-02
1.050981926074826411e+01 9.978013699737814379e-01 1.028467466666659336e+00 -1.739556423636854851e-02 1.388160706452427895e-01 2.984140733408489551e-02
1.071589414821373154e+01 9.980581935199125398e-01 1.027784463078936783e+00 -1.854143504371224410e-02 1.365969287407785837e-01 2.811680887646226742e-02
1.092196903567911903e+01 9.979912580189707061e-01 1.029308428804409870e+00 -1.978321470470913862e-02 1.353653727039556554e-01 2.774028015535408981e-02
1.112804392314453850e+01 9.968265316039525148e-01 1.029375234570227393e+00 -1.993299108553565555e-02 1.454159099986951365e-01 2.827300758076780121e-02
1.133411881060998283e+01 9.965852623259953136e-01 1.030248765270872724e+00 -1.782894282078771250e-02 1.514717991719200796e-01 3.321219668909410755e-02
1.154019369807540940e+01 9.968251844379386606e-01 1.030271645408393999e+00 -1.619888612222580501e-02 1.462130190719107270e-01 3.166549755082227052e-02
1.174626858554078979e+01 9.969410389653139415e-01 1.030134845624647077e+00 -1.657983128713097845e-02 1.473948901420190361e-01 3.416411496954881166e-02
1.195234347300621458e+01 9.968125553357767288e-01 1.029774257996704856e+00 -1.614919649287688969e-02 1.458438556861465230e-01 3.320929355939068045e-02
1.215841836047165891e+01 9.967822677777213869e-01 1.032092163298952814e+00 -1.760494850605317380e-02 1.447195525070690547e-01 2.912672242364273967e-02
1.236449324793708726e+01 9.949039058887776399e-01 1.031767508946294321e+00 -1.854154871213752401e-02 1.486395072122135841e-01 2.943685555645265267e-02
1.257056813540246232e+01 9.962637895327171034e-01 1.030155291670612705e+00 -1.976680866857127503e-02 1.492152372195995336e-01 3.430249251412258171e-02
1.277664302286788889e+01 9.977131993489186668e-01 1.031593341508614259e+00 -2.143274805324241888e-02 1.520666802927932160e-01 3.371271732095707657e-02
1.298271791033333322e+01 9.970016339814541384e-01 1.032988107331753946e+00 -2.010686351848881351e-02 1.524952825848370219e-01 3.081339748434860568e-02
1.318961709734863774e+01 9.980982666182026675e-01 1.036695675306220421e+00 -2.005395612502363506e-02 1.503958168393570161e-01 3.036155142664863360e-02
1.339569198481400925e+01 9.995210438321620039e-01 1.037684443411797108e+00 -1.970342908591654965e-02 1.542718106517871890e-01 2.881164610807785895e-02
1.360176687227943759e+01 9.997209021067616774e-01 1.036685807393457059e+00 -1.906664650266839262e-02 1.574843217725699629e-01 2.972036818128870675e-02
1.380784175974487837e+01 1.000042350539275038e+00 1.037626888696691951e+00 -1.872556025222636700e-02 1.578279385663886314e-01 3.068522494156280048e-02
1.401391664721031205e+01 9.997201670590996070e-01 1.035768781665251437e+00 -1.900949464619580698e-02 1.548057972865399257e-01 3.211633794804018976e-02
1.421999153467568355e+01 1.000006629288821003e+00 1.036882139481904552e+00 -2.014261542199337687e-02 1.542224330328931803e-01 3.154431139134640516e-02
1.442606642214112078e+01 9.998021272855596164e-01 1.033658019232832848e+00 -2.088746783269574900e-02 1.497071571336844598e-01 3.018279371087372043e-02
1.463214130960655623e+01 1.000695001342467139e+00 1.032852980261362408e+00 -1.961745942578158389e-02 1.427449206634187340e-01 3.073474597046240916e-02
1.483821619707197748e+01 9.995159896444527625e-01 1.028593488088608954e+00 -1.931564602211894091e-02 1.421026877173442726e-01 3.094143447238848973e-02
1.504429108453737030e+01 9.996694098842707765e-01 1.027058661299481646e+00 -1.763562775893193213e-02 1.363739006792803188e-01 3.188112489075650702e-02
1.525036597200278621e+01 9.990354462827328863e-01 1.027105838276717309e+00 -1.761284809593910081e-02 1.397095748407934934e-01 3.191062140316389129e-02
1.545644085946821278e+01 9.991725364148597022e-01 1.026466910327617166e+00 -1.368312771183565445e-02 1.409853537365010900e-01 2.706285482406542084e-02
1.566251574693366422e+01 9.991761453271368332e-01 1.027982672652370200e+00 -1.563922377446659226e-02 1.429760460547305767e-01 2.528843073587382084e-02
1.586859063439903039e+01 9.978121654279873409e-01 1.027243754824700872e+00 -1.636036016354281211e-02 1.435693660358680068e-01 2.411518382116922474e-02
1.607466552186448183e+01 9.998000568700030621e-01 1.031190350443561110e+00 -1.561258432242886365e-02 1.441542001107346260e-01 2.962850475720800111e-02
1.628074040932990840e+01 9.999782384669060331e-01 1.030651511419177879e+00 -1.574893231065572011e-02 1.489600666899677517e-01 2.923464187293927860e-02
1.648681529679531366e+01 1.000111519332694598e+00 1.030607507104569942e+00 -1.643087432583480167e-02 1.519286186813245676e-01 2.694603680705911358e-02
1.669289018426073312e+01 1.000059412495754918e+00 1.029777605563695797e+00 -1.628338439254122319e-02 1.487036854935256669e-01 2.684878738538861581e-02
1.689896507172613482e+01 9.995812024559262987e-01 1.032941827988357320e+00 -1.849707869369329044e-02 1.412651772731186306e-01 2.602891661737906023e-02
1.710503995919155074e+01 1.001060108980579733e+00 1.033817477435187371e+00 -1.807639940202279694e-02 1.346601738058459952e-01 2.889725035926069691e-02
1.731111484665701639e+01 1.001636801363310791e+00 1.031666697312050962e+00 -1.866596186224818085e-02 1.411384096160291368e-01 2.944089988525152787e-02
1.751718973412237546e+01 1.002305989052737489e+00 1.033135531406347063e+00 -1.876485840066582575e-02 1.383544612540736352e-01 3.009994194019892377e-02
1.772326462158784466e+01 1.000418868148548190e+00 1.029201695153196150e+00 -2.095017030976924211e-02 1.419767999998715891e-01 2.853250884507653809e-02
1.792933950905325702e+01 1.000225362735895240e+00 1.026603649640631000e+00 -2.114662756996964557e-02 1.392763577153562915e-01 3.169212561230096148e-02
1.813541439651865517e+01 9.999252346308366013e-01 1.030203736236352086e+00 -2.089930731025475483e-02 1.370222083780720246e-01 3.199702187796227282e-02
1.834148928398408884e+01 9.997271530622801050e-01 1.033881496793898735e+00 -1.972232664279569697e-02 1.370747272003439154e-01 3.312936660344661943e-02
1.854756417144948699e+01 1.000439053476649853e+00 1.036187260754206196e+00 -2.085056991160221668e-02 1.360760744586186899e-01 3.729847616067898802e-02
1.875363905891489225e+01 1.001026167044258619e+00 1.035722826577901490e+00 -1.907037320153434981e-02 1.445494821089081672e-01 3.690058387738868323e-02
1.895971394638036855e+01 1.001304928688884877e+00 1.033511865875699209e+00 -1.891200646661117882e-02 1.480082523202772005e-01 3.399461160908489460e-02
1.916578883384572407e+01 9.992361949158203860e-01 1.033563073469952354e+00 -2.025360631664114078e-02 1.462094797709272143e-01 2.950051117951792840e-02
1.937186372131120393e+01 9.994897487255227642e-01 1.030693928400715054e+00 -1.901740836987452291e-02 1.427530508729735192e-01 3.058984442636110412e-02
1.957793860877660563e+01 1.000691659312600734e+00 1.034141136612249490e+00 -1.753566106515809173e-02 1.427299094986010097e-01 3.152363873344925238e-02
1.978401349624199668e+01 1.001332373177728385e+00 1.034308686061133908e+00 -1.809207472164228378e-02 1.474973967243320139e-01 3.099366631228817406e-02
1.999008838370744456e+01 1.001987081111664901e+00 1.036679025115169628e+00 -1.538403336374617215e-02 1.458880972575421764e-01 2.820810699767686142e-02
2.019616327117283561e+01 1.002084893793124154e+00 1.036362811804422135e+00 -1.599448832701016315e-02 1.423766291841973286e-01 2.923844349076425153e-02
2.040223815863823376e+01 1.000562717823368031e+00 1.033963994277090626e+00 -1.543007002701986610e-02 1.439568999367970004e-01 3.074695253243593315e-02
2.060831304610372072e+01 9.997319774767028377e-01 1.035989675442890778e+00 -1.679024153122378113e-02 1.454117125766302421e-01 3.269283404624930001e-02
2.081438793356907269e+01 1.000107422671262958e+00 1.034118740343978438e+00 -1.684446430007797285e-02 1.437468708193441469e-01 3.485088491156845825e-02
2.102046282103456321e+01 9.999707258776565633e-01 1.035161248885989815e+00 -1.688566243280406956e-02 1.412386062876240522e-01 3.302278784048658100e-02
2.122653770849995780e+01 1.000413643338998737e+00 1.032298775245293454e+00 -1.864115342560405258e-02 1.361964234102159832e-01 3.386434708623715234e-02
2.143261259596534174e+01 1.001680119486821230e+00 1.032562853543448345e+00 -1.707418497257884304e-02 1.428423217343453289e-01 3.225728268898505474e-02
2.163868748343080028e+01 1.000765276188946729e+00 1.033989650579899111e+00 -1.531682499836726878e-02 1.480469219810688075e-01 3.580640083345665997e-02
2.184476237089618778e+01 1.000972194519527569e+00 1.034757263005993577e+00 -1.606139339369864333e-02 1.471653767542025759e-01 3.478140610460547788e-02
2.205083725836157882e+01 1.000541648957155916e+00 1.031850241133933199e+00 -1.769783758998514159e-02 1.409675181878089767e-01 3.502822099316782456e-02
2.225691214582707644e+01 1.000503519991610579e+00 1.032257309505712373e+00 -1.789533349331511036e-02 1.467399961474748216e-01 3.136584820486247593e-02
2.246298703329242130e+01 9.995772308170106646e-01 1.031078236491993039e+00 -1.833353325941209505e-02 1.450301760423068631e-01 2.886076876696181195e-02
2.266906192075791893e+01 1.000425070674473726e+00 1.033030843533566667e+00 -1.882565634724986739e-02 1.463329803816745267e-01 3.559980476838998931e-02
2.287513680822330997e+01 9.996860810573432454e-01 1.031159775214598451e+00 -1.727723486237702985e-02 1.421244622148554182e-01 3.250366433980216713e-02
2.308121169568868680e+01 9.998973789486255148e-01 1.031317257600162796e+00 -1.756716174856754950e-02 1.416693341132459205e-01 3.221218180295754713e-02
2.328728658315415601e+01 9.996929518200673437e-01 1.030052764993430348e+00 -1.928249969126935581e-02 1.416166292420371342e-01 2.956491847345507282e-02
2.349336147061953639e+01 1.000783502410680592e+00 1.029568303470388191e+00 -1.851691097146335174e-02 1.401947688561948901e-01 3.171047149627032741e-02
2.369943635808491678e+01 1.001382127026658964e+00 1.027731262015158187e+00 -1.980215390196167491e-02 1.406603439976595871e-01 3.417053658049241244e-02
2.390551124555042506e+01 1.001593476660878945e+00 1.028822126393673653e+00 -1.849763181309715954e-02 1.423777834266989062e-01 3.463831965625206039e-02
2.411158613301576992e+01 1.000952415084660929e+00 1.029712968887565028e+00 -1.772557619015963440e-02 1.454578642882359829e-01 3.324608721377961262e-02
2.431766102048127820e+01 1.002073333901689400e+00 1.030854900942153263e+00 -1.635149642945576617e-02 1.398625294875581737e-01 3.309995461085846191e-02
2.452373590794665859e+01 9.996052778720945220e-01 1.027229509344689262e+00 -1.660589983632517960e-02 1.447267287544242997e-01 3.267225208316690971e-02
2.472981079541203187e+01 9.985829487418179662e-01 1.025975157115029734e+00 -1.598631395172642883e-02 1.476102811200138698e-01 3.153180940026675816e-02
2.493588568287750817e+01 9.989473238563614244e-01 1.027487108575886987e+00 -1.767877510613973316e-02 1.422612279286777359e-01 3.144989052305152688e-02
2.514196057034288501e+01 9.988306904268328124e-01 1.030426816632276532e+00 -1.847806525036956721e-02 1.424563119410159062e-01 3.358793561725326865e-02
2.534803545780826184e+01 9.992314604830572211e-01 1.032390205302104791e+00 -1.846171864753557573e-02 1.377494992136617802e-01 3.187252513817061955e-02
2.555411034527377367e+01 9.979263168224902225e-01 1.031754519968719697e+00 -1.841257622795542531e-02 1.416832234878177832e-01 3.102591719840426185e-02
2.576018523273911853e+01 9.989150743220053252e-01 1.032870571281686356e+00 -2.088173441646984027e-02 1.425105095611073069e-01 3.278622687385804313e-02
2.596626012020462682e+01 9.999587808143455270e-01 1.032558909533974001e+00 -2.009153059288318333e-02 1.416964916763455706e-01 3.325191908449056516e-02
2.617233500767000720e+01 9.995706640839406854e-01 1.029777589027570883e+00 -1.897519788639611196e-02 1.379978002593428843e-01 3.153405552605786921e-02
2.637840989513538048e+01 9.987804324307951731e-01 1.031141703868447834e+00 -1.802355340131819514e-02 1.376843560965563540e-01 3.498126031695673183e-02
2.658448478260086389e+01 9.982616349655832888e-01 1.030329600129650247e+00 -1.714319869476260347e-02 1.410258013425333967e-01 3.270747291616306340e-02
2.679055967006623717e+01 9.980639315043794424e-01 1.029582629011788208e+00 -1.692922803066774368e-02 1.391839438497795289e-01 3.564908293023017621e-02
2.699663455753160690e+01 9.986764303846518143e-01 1.031621133662759204e+00 -1.553038093771253771e-02 1.398309667281544821e-01 3.371439114954654509e-02
2.720270944499712584e+01 1.000056368210397784e+00 1.036139899196878433e+00 -1.532900087293295223e-02 1.437521303436599118e-01 3.247913152446127438e-02
2.740878433246246715e+01 1.001389306266828649e+00 1.039160739496482577e+00 -1.482133121779676335e-02 1.382744111694202971e-01 3.306285841656853020e-02
2.761485921992798609e+01 1.000290398847335949e+00 1.037228997263057284e+00 -1.516575697997145367e-02 1.447687319123746874e-01 3.423095494564315500e-02
2.782093410739334871e+01 1.000017591064589872e+00 1.031866487004844402e+00 -1.617334265241741204e-02 1.505993915095303060e-01 3.146681434160338714e-02
2.802700899485872910e+01 9.994132892725474671e-01 1.034019343365829791e+00 -1.751911202821445843e-02 1.477911616068908474e-01 3.340871435905472253e-02
2.823308388232421251e+01 9.987440983629168878e-01 1.032577291618508308e+00 -1.786659603817144365e-02 1.495096789888440414e-01 2.834122366681075811e-02
2.843915876978960000e+01 9.996532518257266187e-01 1.030566419279260293e+00 -1.806291262014327048e-02 1.519800886148398311e-01 2.999958154493685691e-02
2.864523365725495196e+01 9.989329522413126217e-01 1.029092340155287166e+00 -1.829683367860977447e-02 1.568676799053585758e-01 2.958805136926404011e-02
2.885130854472047446e+01 9.979029519235719237e-01 1.026406104863244462e+00 -1.761172440874780171e-02 1.546449385812416755e-01 3.002905571854046565e-02
2.905738343218583708e+01 9.979184796699065441e-01 1.025863859114260146e+00 -1.700519184393460559e-02 1.464917842686875860e-01 3.314755886590104589e-02
2.926345831965131694e+01 9.965919076960161327e-01 1.021885010019835560e+00 -1.712031297876805136e-02 1.411536768446612355e-01 3.262400432109215098e-02
2.946953320711670798e+01 9.966128240859979392e-01 1.024421647113638256e+00 -1.604331063422144432e-02 1.409693847239461839e-01 3.402255391209459828e-02
2.967560809458209903e+01 9.963871421836727471e-01 1.024869480112314157e+00 -1.440594158845959726e-02 1.454770774246193499e-01 3.306126406915468191e-02
2.988168298204753981e+01 9.969187623058122227e-01 1.023017850394623451e+00 -1.599162899660731135e-02 1.440416883611987109e-01 3.099312561757761389e-02
3.008775786951293441e+01 9.976857599046230485e-01 1.025288558865506294e+00 -1.630500950235135374e-02 1.416767843061270959e-01 3.256388244503002211e-02
3.029383275697832900e+01 9.989154298628789563e-01 1.027577637734412797e+00 -1.664719706926378467e-02 1.432024252945869047e-01 2.919359343923474612e-02
3.049990764444378755e+01 9.987877423995656923e-01 1.029784137551643219e+00 -1.828202802916981118e-02 1.459626074804165896e-01 3.283031851177023452e-02
3.070598253190916793e+01 9.999951491257694780e-01 1.031991061248784813e+00 -1.783044135771352789e-02 1.510206391482515065e-01 3.439278143489546413e-02
3.091205741937469043e+01 1.000498148244908903e+00 1.025811395016252847e+00 -1.861320783853215310e-02 1.511472223928942704e-01 2.957627291480733472e-02
3.111813230684001752e+01 1.000686032028801353e+00 1.028856323489804270e+00 -1.939438890108129490e-02 1.467860514919862303e-01 3.072749425831021453e-02
3.132420719430542277e+01 1.001347440432542202e+00 1.028401817996510426e+00 -1.931609368290011439e-02 1.459430084181797538e-01 3.144794611508627130e-02
3.153028208177091685e+01 1.001801373924936733e+00 1.028332880761514190e+00 -1.866316038577684605e-02 1.491690986687310705e-01 3.315823793310774398e-02
3.173635696923632565e+01 1.000559957527365817e+00 1.026317180800366602e+00 -1.766609138927285882e-02 1.519764445337124237e-01 3.542907158461882505e-02
3.194243185670164564e+01 1.000507915932055347e+00 1.024326913798033978e+00 -1.679649886271318213e-02 1.502029814697506127e-01 3.271164187508275589e-02
3.214850674416717169e+01 1.000389460145513887e+00 1.027346422438322859e+00 -1.697618353717821049e-02 1.538609546811911810e-01 2.600049059544920493e-02
3.235458163163256273e+01 9.985552646379151076e-01 1.026780530537910296e+00 -1.861501272761665465e-02 1.517772928113697295e-01 2.780842239435385096e-02
3.256065651909798930e+01 9.984427505191174612e-01 1.026207807290371088e+00 -2.025495172459968254e-02 1.420024103291601947e-01 3.101999404768462573e-02
3.276673140656340877e+01 9.990019825501392781e-01 1.028558660186932983e+00 -1.884176098885100015e-02 1.472170747272403268e-01 3.129127113224847850e-02
3.297280629402882113e+01 9.992007208722630818e-01 1.031290750788538491e+00 -1.684452765334404356e-02 1.441965207471319621e-01 2.864703819860550671e-02
3.317888118149421928e+01 9.997111449059414845e-01 1.029143155666506049e+00 -1.814618366170546795e-02 1.396640424724806262e-01 2.952432758926572948e-02
3.338495606895963164e+01 1.000697430294413603e+00 1.034025117446506270e+00 -2.004659819547294566e-02 1.414653955294457310e-01 2.763419327068796644e-02
3.359103095642505110e+01 1.000628834248464383e+00 1.034790834319509800e+00 -2.064047753769623905e-02 1.431707726973483197e-01 3.173547298074762962e-02
3.379710584389046346e+01 1.002099926696922827e+00 1.034861725991194303e+00 -1.673257646605674775e-02 1.365006526151697763e-01 3.358074771440050510e-02
3.400318073135586161e+01 1.001416130135237115e+00 1.031181892616381379e+00 -1.857475392554132354e-02 1.389755112621570421e-01 3.425094999457838768e-02
3.420925561882139476e+01 1.000402705999815733e+00 1.029848557037836621e+00 -1.832483466319771714e-02 1.450444002221085715e-01 3.465948639513512231e-02
3.441533050628669343e+01 1.000430857376477300e+00 1.031377661250240552e+00 -1.509273070772831037e-02 1.458210954130087222e-01 3.410039944730493960e-02
3.462140539375211290e+01 9.995422781479484931e-01 1.029078108549457138e+00 -1.507738464680106680e-02 1.413433608896918214e-01 2.980431233753631434e-02
3.482748028121762474e+01 1.000228284161548631e+00 1.029731267494521374e+00 -1.749195883595805467e-02 1.412338971038442359e-01 3.451001453297552340e-02
3.503355516868305131e+01 1.000890286751004776e+00 1.029414028625259325e+00 -1.760440766023001896e-02 1.449660869482973236e-01 3.158209662124763367e-02
3.523963005614834287e+01 1.001226460619081493e+00 1.030227376707123499e+00 -1.743024687958413116e-02 1.449931875850018481e-01 3.455813223560943309e-02
3.544570494361387603e+01 1.000050920022086620e+00 1.033878059489928614e+00 -1.819840641151555111e-02 1.429165874491708788e-01 3.342477282090272617e-02
3.565177983107928128e+01 1.001210144870173346e+00 1.036378760585820569e+00 -1.695901725972166069e-02 1.466349568100889234e-01 3.337114258532781347e-02
3.585785471854467943e+01 1.000884730010194623e+00 1.034447462150961394e+00 -1.732792869691190604e-02 1.486432760005801934e-01 3.001562890996981384e-02
3.606392960601010600e+01 1.001235858391384737e+00 1.032816307737604467e+00 -1.711834995002848789e-02 1.370219204864119300e-01 3.153548268562095941e-02
3.627000449347553968e+01 1.001232550779784347e+00 1.028622278480494145e+00 -1.876619081376330878e-02 1.326741405163735510e-01 3.311044965695701670e-02
3.647607938094090230e+01 1.002984256903298066e+00 1.030913559177708327e+00 -1.751678702364792284e-02 1.386922337987045450e-01 2.861692681651266737e-02
3.668215426840633597e+01 1.002850366439842933e+00 1.029536147710316873e+00 -1.630634361201169572e-02 1.392601440858213246e-01 3.387990898112785976e-02
3.688822915587176965e+01 1.001242430427270014e+00 1.029782685744006443e+00 -1.770624226364250764e-02 1.434629769889325945e-01 3.407158248258061045e-02
3.709430404333714648e+01 1.000507979074706677e+00 1.026020174133305707e+00 -1.730326265449274453e-02 1.449556166370957466e-01 2.869618342537967604e-02
3.730037893080255884e+01 1.000163634312191352e+00 1.026348224653544472e+00 -1.800904606865999860e-02 1.459189367209626220e-01 2.873262364101921568e-02
3.750645381826809910e+01 1.000246403217132318e+00 1.028492588742922376e+00 -1.865436505189761729e-02 1.461697346048755064e-01 2.873788981695377803e-02
3.771252870573336935e+01 1.000996947786437108e+00 1.028247904840860150e+00 -1.890900972635287461e-02 1.410460298453502237e-01 2.986966398080619783e-02
3.791860359319881013e+01 1.001074128219280990e+00 1.029554465884965575e+00 -1.723341676962875449e-02 1.458463545673020501e-01 2.557586945499417536e-02
3.812467848066432907e+01 1.001117723667088732e+00 1.030927731801669633e+00 -1.793056599269121296e-02 1.427666616047817416e-01 3.016248320635164099e-02
3.833075336812976985e+01 1.001757922591682615e+00 1.030887188308393432e+00 -1.817725300729241059e-02 1.408033927760383719e-01 2.810283234504827934e-02
3.853682825559504010e+01 1.001515455157188095e+00 1.029486082230577138e+00 -1.937929959020404103e-02 1.379974993819089446e-01 2.597335680241042236e-02
3.874290314306057326e+01 1.001850082058938440e+00 1.031132789048850196e+00 -1.881275391195667834e-02 1.387990422941121071e-01 3.046152230409519129e-02
3.894897803052599983e+01 9.995900779023344507e-01 1.029953367848602808e+00 -1.882457728913509293e-02 1.410383256158215248e-01 2.859058876717085820e-02
3.915505291799135534e+01 9.994897829149121948e-01 1.029929713444160511e+00 -1.834756455562417191e-02 1.433003460054481093e-01 3.060698783583001500e-02
3.936112780545680323e+01 1.000024342201646377e+00 1.032834043590632689e+00 -1.704430080910869505e-02 1.478440698103890283e-01 3.233779991583238256e-02
3.956720269292224401e+01 9.998295367702647596e-01 1.031115259009036000e+00 -1.768381338215191043e-02 1.411130755349247201e-01 3.523263062114971589e-02
3.977327758038758532e+01 1.000331550690602089e+00 1.030421051224583051e+00 -1.484348219838511548e-02 1.472935882750934233e-01 2.947621106653726397e-02
3.997935246785303320e+01 9.995483430266790537e-01 1.030618361235233760e+00 -1.555502371707853139e-02 1.480988923196247531e-01 2.976667244491871048e-02
4.018542735531848109e+01 9.997572560404858200e-01 1.033436575944527203e+00 -1.551704348893061074e-02 1.502294492684446980e-01 3.390913006998430568e-02
4.039150224278382950e+01 1.000048929235391793e+00 1.031144145605743523e+00 -1.556079128644968432e-02 1.441885854281461654e-01 3.301666433044182086e-02
4.059757713024926318e+01 9.998054016921450460e-01 1.030211766569178566e+00 -1.674163991182344227e-02 1.441323587154365038e-01 3.253130905652997645e-02
4.080365201771480343e+01 9.999461110382877882e-01 1.032342207767577902e+00 -1.720185097217193787e-02 1.466794471455851456e-01 2.911397367843429618e-02
4.100972690518005237e+01 1.000127279537575076e+00 1.031624385955371759e+00 -1.603097451046837235e-02 1.464021550963405804e-01 2.943569309819014240e-02
