0.000000000000000000e+00 1.283941953942343783e+00 1.000000000000000000e+00 1.762253797801416214e-04 2.075160205836729110e-03 -1.754780713598460542e-03
5.638015911622593634e-01 1.107311981886126340e+00 1.175887115447357578e+00 1.054895289762411599e-02 1.138826907829854768e-01 6.344710541617006039e-02
1.127603182323672293e+00 1.004305985316319427e+00 1.311002687323567395e+00 1.491031304524866735e-02 1.488640814357136410e-01 7.797339651543178096e-02
1.691404773483200952e+00 9.401251446570700887e-01 1.408540368479489491e+00 1.079293401926461650e-02 1.558646192415085729e-01 7.668464693966288437e-02
2.255206364642721617e+00 9.047054173831482471e-01 1.474978942374624458e+00 1.110777465356426602e-02 1.598880474690474451e-01 7.253189651788868875e-02
2.819007955802248055e+00 8.831860328342393540e-01 1.520380048320545630e+00 9.153045333971583306e-03 1.626305956422640364e-01 6.870988450799091207e-02
3.382809546961779379e+00 8.708764921585477881e-01 1.548281974618186840e+00 9.732889352329288785e-03 1.642884846496021900e-01 6.670537190751613110e-02
3.946611138127598117e+00 8.635098367883634607e-01 1.565168968908781100e+00 9.099936115293640396e-03 1.633984788079539396e-01 6.932939091267435738e-02
4.510412729299305923e+00 8.589003309428768773e-01 1.579297278808104998e+00 9.948101446135343071e-03 1.617171867331498036e-01 6.844972554168834988e-02
5.074214320470994188e+00 8.549362266924566134e-01 1.581678560764649522e+00 7.819253586943136422e-03 1.685928978058283123e-01 6.808047523819178715e-02
5.638015911642691336e+00 8.542595990382600979e-01 1.584872947358165085e+00 7.701758198663151422e-03 1.652713002216578964e-01 6.341711934443840237e-02
6.201817502814381378e+00 8.546616663740048692e-01 1.590983680790122312e+00 8.255127950901495690e-03 1.645549483912513711e-01 6.632225424530707736e-02
6.765619093986094512e+00 8.542074689879669558e-01 1.596205199192905821e+00 9.422514781858945532e-03 1.676316233012027090e-01 6.874651871170744943e-02
7.329420685157792548e+00 8.533509769670982736e-01 1.591239872458799942e+00 8.514121806423595798e-03 1.690749590999965635e-01 6.609427086059105338e-02
7.893222276329468379e+00 8.539273768567838818e-01 1.595529079132969041e+00 7.011295328271519196e-03 1.721541975020796367e-01 6.627079137608793413e-02
8.457023867501169079e+00 8.544505066055005926e-01 1.590167683689824196e+00 7.899650875043571704e-03 1.686923278965850870e-01 6.899606408286304560e-02
9.020825458672884878e+00 8.542529132536438308e-01 1.587559398454301274e+00 8.123715205549575727e-03 1.688097545544383071e-01 6.578113871609111984e-02
9.584627049844586466e+00 8.539311062507998207e-01 1.592165389662334674e+00 8.559628599812230815e-03 1.705278884894166069e-01 6.562737452493820622e-02
1.014842864101625075e+01 8.535754004908179260e-01 1.592504518330372099e+00 7.665991819634934180e-03 1.717049734504765002e-01 6.803616678014075270e-02
1.071223023218795589e+01 8.535011159916394696e-01 1.595757513228554414e+00 8.925184622956909217e-03 1.659218818395425676e-01 6.790119940285227473e-02
1.127603182335967169e+01 8.541666777692970003e-01 1.596435325620264134e+00 9.690442346015364430e-03 1.691596651095317594e-01 6.739299823941803658e-02
1.183983341453138038e+01 8.546060816953321426e-01 1.595671184794393627e+00 1.126457173013609495e-02 1.668233165797038398e-01 6.678500251238109198e-02
1.240363500570306066e+01 8.537749780701680002e-01 1.592830985305106140e+00 9.960700598826935370e-03 1.683071934292747207e-01 6.733176072689367464e-02
1.296743659687477113e+01 8.538023085983695859e-01 1.587883996417815524e+00 8.244311778358121706e-03 1.702464947888511770e-01 6.698337245839044995e-02
1.353123818804643008e+01 8.537499938441448499e-01 1.589624834634594697e+00 7.407491454549771509e-03 1.675968380303731464e-01 6.680898770922134855e-02
1.409503977921813522e+01 8.536300352119420287e-01 1.587567028494208277e+00 8.970612961459562343e-03 1.649047382221506264e-01 6.450355029065116264e-02
1.465884137038633739e+01 8.537976723599035589e-01 1.593493924041544219e+00 7.602825854960474500e-03 1.656971607980570194e-01 6.824724382959666824e-02
1.522264296150938101e+01 8.538593400747068740e-01 1.592854588332335286e+00 9.154022988559997256e-03 1.704153478082276185e-01 6.875583798089306142e-02
1.578644455263235002e+01 8.528714527914769139e-01 1.591233864761926853e+00 8.477531433941034103e-03 1.673011104263025794e-01 6.816782432866673458e-02
1.635024614375539542e+01 8.524408227157287410e-01 1.587474838228290164e+00 9.114623816058316924e-03 1.742270969259981928e-01 6.453083203287969527e-02
1.691404773487835911e+01 8.529331384422039752e-01 1.591242952489068552e+00 7.315075498711211960e-03 1.737527619018295610e-01 6.564184419409657689e-02
1.747784932600141161e+01 8.528163233321011116e-01 1.591199483293255224e+00 1.095617131918511476e-02 1.693568864928002016e-01 6.930016714531538058e-02
1.804165091712436819e+01 8.526712569269088160e-01 1.592960287906748595e+00 8.564632418402303229e-03 1.701574060179789072e-01 6.723016738689194249e-02
1.860545250824742425e+01 8.521142092578746219e-01 1.594582226203131725e+00 8.541817853015928885e-03 1.658052762414564119e-01 6.346543915159356952e-02
1.916925409937038083e+01 8.522853182081588930e-01 1.594391888924252321e+00 8.602082141726308251e-03 1.700441203934654755e-01 6.405941044708947374e-02
1.973305569049344044e+01 8.522156665393856301e-01 1.596893427315166036e+00 1.014417446353440416e-02 1.710717519772091966e-01 6.690275228117059658e-02
2.029685728161640768e+01 8.516478213876236270e-01 1.595559786542555925e+00 7.991148876339454130e-03 1.752887855430270148e-01 6.614657150562408550e-02
2.086065887273943176e+01 8.511801779441845461e-01 1.595265465345566236e+00 9.135411272199384092e-03 1.720447400804302196e-01 6.786624741759006429e-02
2.142446046386240965e+01 8.513965000827506957e-01 1.592558903334299059e+00 7.615608657373898645e-03 1.667980074547578406e-01 6.579056058423189690e-02
2.198826205498546926e+01 8.528550439901031455e-01 1.592131691407467908e+00 8.635464288131881883e-03 1.702643096099259457e-01 6.586060445110157591e-02
2.255206364610845426e+01 8.536974468061014898e-01 1.591771588405410220e+00 6.099796449768963603e-03 1.719640148968021587e-01 6.652653824235886526e-02
2.311586523723144637e+01 8.524058069450056729e-01 1.592004418048680980e+00 7.561642249554504161e-03 1.659119371587318981e-01 6.859878361693770576e-02
2.367966682835443493e+01 8.524892593101003335e-01 1.591514638220030253e+00 9.335408949977974657e-03 1.681195234019020879e-01 6.967602695043473293e-02
2.424346841947750164e+01 8.523874987069731679e-01 1.596361685550890863e+00 7.156185081247204080e-03 1.697750308981178236e-01 6.921210273132197277e-02
2.480727001060049375e+01 8.525545118155782864e-01 1.597081781328688610e+00 1.015030908747280476e-02 1.680973852441004779e-01 6.985316145533820853e-02
2.537107160172346099e+01 8.520183740192133204e-01 1.595906820403035331e+00 7.748437816397345940e-03 1.675482315504625286e-01 6.715178302641805486e-02
2.593487319284646020e+01 8.526016154061887287e-01 1.594547014424213094e+00 6.878636261578158911e-03 1.672546703971681259e-01 6.380756266682517663e-02
2.649867478396953047e+01 8.527280178075513639e-01 1.592390311073696108e+00 7.113615747442017349e-03 1.790170993567972157e-01 6.623039004346663317e-02
2.706247637509253678e+01 8.518130398166876560e-01 1.591224562316236213e+00 6.566273590226636737e-03 1.783529192139226838e-01 6.661989302380499911e-02
2.762627796621547560e+01 8.530315708359473836e-01 1.595541976718974686e+00 7.624962159462872480e-03 1.722929394140303161e-01 6.770351107446236083e-02
2.819007955733848547e+01 8.531584766396573816e-01 1.594592035383698425e+00 8.333813424780211684e-03 1.682419893225734209e-01 6.540067569259344626e-02
2.875388114846155929e+01 8.519617597614892457e-01 1.591761432203899096e+00 7.936006597011021138e-03 1.746156013165351961e-01 6.325325917441258772e-02
2.931768273958457627e+01 8.520573774413513490e-01 1.593455113726816696e+00 7.672909319436055191e-03 1.754556086639191270e-01 6.625257781989263295e-02
2.988148433070750087e+01 8.526470609483213225e-01 1.596735639034057463e+00 9.088146527640582339e-03 1.746844552817190255e-01 6.546203909647280161e-02
3.044528592183051430e+01 8.523538294698930207e-01 1.588185554225116425e+00 1.067688226619476280e-02 1.761378586863078244e-01 6.759502301386373369e-02
3.100908751295358812e+01 8.524866739026631945e-01 1.587776782494563665e+00 8.220893736244284239e-03 1.653332297811816731e-01 6.930943254167028222e-02
3.157288910407660865e+01 8.527070831990796185e-01 1.591776158776777139e+00 1.009241908162161749e-02 1.672555739412922848e-01 6.478760147262511981e-02
3.213669069519952615e+01 8.535191318886885536e-01 1.594856564256619702e+00 1.009024104798181797e-02 1.756416232690302670e-01 6.648998654323520774e-02
3.270049228632253602e+01 8.526724649197073846e-01 1.598207846451086489e+00 7.596386848963393619e-03 1.720753920154804439e-01 6.724658557985155327e-02
3.326429387744561694e+01 8.531147014018872765e-01 1.593874939553021841e+00 8.907904902272638023e-03 1.738331104964078166e-01 6.517824616961964690e-02
3.382809546856864813e+01 8.520358027079146801e-01 1.591963019288981984e+00 8.375324845339480670e-03 1.763995655195006174e-01 6.845017527299042392e-02
3.439189705969153721e+01 8.527518864520955422e-01 1.592998760296076677e+00 8.955143111612228618e-03 1.734683189617944876e-01 6.609282926274752390e-02
3.495569865081456840e+01 8.521295843468461584e-01 1.594266398404891261e+00 8.336531815395583841e-03 1.668734681355450167e-01 6.806925041858812031e-02
3.551950024193764932e+01 8.525104987730277584e-01 1.592624779002374202e+00 9.470828141092920913e-03 1.665706144851101522e-01 6.914062106684999709e-02
3.608330183306068051e+01 8.525647733572478959e-01 1.589325170494261918e+00 1.035592122245455361e-02 1.677600119738054951e-01 6.770244420010562703e-02
3.664710342418356248e+01 8.514192029784783955e-01 1.588380989815831645e+00 8.748895704788123284e-03 1.697665177962379979e-01 6.755165951515257339e-02
3.721090501530659367e+01 8.529489431925808551e-01 1.585358105133241269e+00 8.820249674711176310e-03 1.654951829735001323e-01 6.842229618417490500e-02
3.777470660642967459e+01 8.523775456188986688e-01 1.589120327696211366e+00 8.980968515834070534e-03 1.713123025022369739e-01 6.966761322393734412e-02
3.833850819755271289e+01 8.526652578302150731e-01 1.596061018645441143e+00 7.778809032768166896e-03 1.745848762028674173e-01 6.990494626180945859e-02
3.890230978867560907e+01 8.526318485657453650e-01 1.594835232850597917e+00 7.677377018699565320e-03 1.752892942676364529e-01 6.911626194793293876e-02
3.946611137979862605e+01 8.534840471719510324e-01 1.590352434701487683e+00 9.152404265604591541e-03 1.701168386883594730e-01 6.840316423432360460e-02
4.002991297092167855e+01 8.524696969213603204e-01 1.593132249932994071e+00 8.256387087179864470e-03 1.712574073591385249e-01 6.901628458907416164e-02
4.059371456204474526e+01 8.530098648748768442e-01 1.595300193916936227e+00 8.986276480539748257e-03 1.716398372995560639e-01 6.808609836524964765e-02
4.115751615316761303e+01 8.536843775627664943e-01 1.593449857114929591e+00 9.339161732000923755e-03 1.715332175059140207e-01 6.890503992254995436e-02
4.172131774429069395e+01 8.548428551997461211e-01 1.593741592394702700e+00 9.139747235089720409e-03 1.729274516645035453e-01 6.855964255921559447e-02
4.228511933541373224e+01 8.549078637608811260e-01 1.591956810876763218e+00 8.722766208713050168e-03 1.753215273256360507e-01 6.807931894279467544e-02
4.284892092653672790e+01 8.543939308835630797e-01 1.593163380560322029e+00 9.085002272669085235e-03 1.728415764725316217e-01 6.836505848590472556e-02
4.341272251765969514e+01 8.531716291000616126e-01 1.587948054371425499e+00 8.365020375746708842e-03 1.700666620035174437e-01 6.869564824187204821e-02
4.397652410878268370e+01 8.534379643210838751e-01 1.587339750251318238e+00 8.147944292520708023e-03 1.684095275602229269e-01 6.766960697289722826e-02
4.454032569990570778e+01 8.539583779554738019e-01 1.587979505482232323e+00 8.217032475150360879e-03 1.685353061905724148e-01 6.913340455470284862e-02
4.510412729102881713e+01 8.548579084588922017e-01 1.589898322271322328e+00 8.979225809585296772e-03 1.702771316907637222e-01 6.782680897668519338e-02
4.566792888215166357e+01 8.546789438872703926e-01 1.588054672009338253e+00 1.004558920999808029e-02 1.697537615507184183e-01 6.852987973028996926e-02
4.623173047327478713e+01 8.535192754196226916e-01 1.588372713631968303e+00 9.633348534439508185e-03 1.671697984995910991e-01 6.889114571086236982e-02
4.679553206439779700e+01 8.536092123233601781e-01 1.590002102148792451e+00 9.542420476687241138e-03 1.700240447385554521e-01 6.740551328388787178e-02
4.735933365552076424e+01 8.526231360327926057e-01 1.594563951481451580e+00 9.379202202973157057e-03 1.707528767150849336e-01 6.328191430165670817e-02
4.792313524664378122e+01 8.536784603142898442e-01 1.592445967851049859e+00 9.101674797769498601e-03 1.728210954741967731e-01 6.325135838811841993e-02
4.848693683776674845e+01 8.538261665458489746e-01 1.588714630251989668e+00 9.635414917088526779e-03 1.760093681953926459e-01 6.544029429015106591e-02
4.905073842888973701e+01 8.537197933471416533e-01 1.591909245082677060e+00 9.395827968930858115e-03 1.756931124544607314e-01 6.731159315205477445e-02
4.961454002001288188e+01 8.530386045536024753e-01 1.594648331931193930e+00 9.634590601402733337e-03 1.724184598675118085e-01 6.816163468220932942e-02
5.017834161113571412e+01 8.548400222126061321e-01 1.594047319628500325e+00 1.016252593142249680e-02 1.702772880594612681e-01 7.111255157652911219e-02
5.074214320225888031e+01 8.546878105254793745e-01 1.589888524664307523e+00 7.089096895245742581e-03 1.744657480784190251e-01 6.702766242295533916e-02
5.130594479338185465e+01 8.553915918992398559e-01 1.596881529876675643e+00 8.710664922890505243e-03 1.738535221260079366e-01 6.604853923397635551e-02
5.186974638450480057e+01 8.543183305572072950e-01 1.593553433678131848e+00 8.397331687049250024e-03 1.748902613789922456e-01 6.490358044697507045e-02
5.243354797562786018e+01 8.540641265143836813e-01 1.593361695848641846e+00 1.056418019253322314e-02 1.754273574371146560e-01 6.795237052727937099e-02
5.299734956675079900e+01 8.537537074134257109e-01 1.594939366119304980e+00 6.747765638941074715e-03 1.728964595682080940e-01 6.613339870449488900e-02
5.356115115787375913e+01 8.547618047603432467e-01 1.591836471699245026e+00 8.904509457080572732e-03 1.704023699092322153e-01 6.690836286508117237e-02
5.412495274899694664e+01 8.538101640212258925e-01 1.585484657720517054e+00 9.527482651830069399e-03 1.709172956601436033e-01 6.641716802432200140e-02
5.468875434011977887e+01 8.544675134471333422e-01 1.583605377557406602e+00 8.510048822704327498e-03 1.740320363535604320e-01 6.729127080431256125e-02
5.525255593124295928e+01 8.541849001654937545e-01 1.588568132209903006e+00 8.122273415651274850e-03 1.676223037733416410e-01 6.845855151996793619e-02
5.581635752236591230e+01 8.539100788314566426e-01 1.591269531277661464e+00 8.258428316013690859e-03 1.670343646399477799e-01 6.614579344770833702e-02
5.638015911348884401e+01 8.539423813715011358e-01 1.593224561331435529e+00 9.424581881985924850e-03 1.668117054926940290e-01 6.681464738432664474e-02
5.694396070461193915e+01 8.538456615284737428e-01 1.594800727196546752e+00 7.482647515448439396e-03 1.688614333348161245e-01 6.649666083841251907e-02
5.750776229573485665e+01 8.535587117107158450e-01 1.595822838650525988e+00 6.940469794283335610e-03 1.709263075443665514e-01 6.559563250474742535e-02
5.807156388685780257e+01 8.541235551108327106e-01 1.593419637443854731e+00 7.727931977207069120e-03 1.719591934494138774e-01 6.977894574667260763e-02
5.863536547803667531e+01 8.539236629232055398e-01 1.593444811478202272e+00 8.760177995254343417e-03 1.698344707130589326e-01 6.700440513735704540e-02
5.919916706935445205e+01 8.536548327206437969e-01 1.588765554277729475e+00 9.092174403667328472e-03 1.731515715527190136e-01 6.536974644056042782e-02
5.976296866067205116e+01 8.537782926181572973e-01 1.590484910057583745e+00 9.947917516746833388e-03 1.759533794404117002e-01 6.852021817803154169e-02
6.032677025198984211e+01 8.544019650332048688e-01 1.593203876941295727e+00 1.147177938095053813e-02 1.702219356271842121e-01 6.557021014279984517e-02
6.089057184330774675e+01 8.537229831770558608e-01 1.598013614693001072e+00 8.774806797612617892e-03 1.743894025878592047e-01 6.448318494513824439e-02
6.145437343462553059e+01 8.535565190504359467e-01 1.596910555663106690e+00 8.872805787555806262e-03 1.723858761969317144e-01 6.855865863997492871e-02
6.201817502594311549e+01 8.535931854308035360e-01 1.593936479652448890e+00 8.726510927720277158e-03 1.738069146865189596e-01 6.735420676120811023e-02
6.258197661726090644e+01 8.531733590776834353e-01 1.597229857061113867e+00 8.204185258085455040e-03 1.700828924295524069e-01 6.916705697041171386e-02
6.314577820857881107e+01 8.530199741362423094e-01 1.595573526547833243e+00 9.187583535918104199e-03 1.725995756551865490e-01 6.950621132392344192e-02
6.370957979989659492e+01 8.533606125865190739e-01 1.597845023680352528e+00 8.007387066967585482e-03 1.667075577677782361e-01 6.638162634115551963e-02
6.427338139121415850e+01 8.527851792661930164e-01 1.593015107767875138e+00 6.205615984717068566e-03 1.639450365301771406e-01 6.842822567175031734e-02
6.483718298253197077e+01 8.529244280011314405e-01 1.590744135559188033e+00 6.821291562569228341e-03 1.680930549465978197e-01 6.553026356187065249e-02
6.540098457384988251e+01 8.521428220451550128e-01 1.595385362875734847e+00 6.741330431055380865e-03 1.665218627500067994e-01 6.542263021870459161e-02
6.596478616516766635e+01 8.511294489087243287e-01 1.593416250251528332e+00 1.005405904925751708e-02 1.704881735413359967e-01 6.952290126878833687e-02
6.652858775648522283e+01 8.517417331011452042e-01 1.593195384807501336e+00 8.734582768550490026e-03 1.700188943312827550e-01 6.855741196672204829e-02
6.709238934780303509e+01 8.527039506376330458e-01 1.595720999840667620e+00 9.953240791692588574e-03 1.721376151019425871e-01 6.523615179460995339e-02
6.765619093912094684e+01 8.533869516964637247e-01 1.598308400530033646e+00 7.564566205421330118e-03 1.700863896859389490e-01 6.793662233062520983e-02
6.821999253043874489e+01 8.531938622435567554e-01 1.603206206801378819e+00 8.317254660527776192e-03 1.723559368310917939e-01 6.751871664581592103e-02
6.878379412175627294e+01 8.525485313544245436e-01 1.599259227902484870e+00 7.740620456498412995e-03 1.727505896770308857e-01 6.862886644479877785e-02
6.934759571307409942e+01 8.521939419132585902e-01 1.596507993940786019e+00 7.892928849004719402e-03 1.681955444678545630e-01 6.919758866034754485e-02
6.991139730439201116e+01 8.526318661809217936e-01 1.596117415360097880e+00 8.344737411483919495e-03 1.679668303658574391e-01 6.743167920489991085e-02
7.047519889570980922e+01 8.524372146306603559e-01 1.596021494995553569e+00 8.776065727833888205e-03 1.711771995114466371e-01 6.916669605999843651e-02
7.103900048702733727e+01 8.524114480172163555e-01 1.596853759640392001e+00 9.950113146720469121e-03 1.716025817026863021e-01 6.757323443087388803e-02
7.160280207834516375e+01 8.521995506016143418e-01 1.594761794012351963e+00 7.987744042952575271e-03 1.708090277123242295e-01 6.786869222911193211e-02
7.216660366966307549e+01 8.531051929566593195e-01 1.592337984129606143e+00 6.900377083223576541e-03 1.717636072790345025e-01 6.896980204626915190e-02
7.273040526098088776e+01 8.535559257306215564e-01 1.589047605751682690e+00 9.825729516587104750e-03 1.701471874389449412e-01 7.050995604813568851e-02
7.329420685229840160e+01 8.528876143830546042e-01 1.589368427770675440e+00 7.765350192117989776e-03 1.686577680720318939e-01 6.943660606565002502e-02
7.385800844361622808e+01 8.523825173795448462e-01 1.593085250386786722e+00 7.716702928070708588e-03 1.673347202195244188e-01 6.536386340642934278e-02
7.442181003493413982e+01 8.529232423821970777e-01 1.593380341246433129e+00 8.534677607326006388e-03 1.688900821198741908e-01 6.382466757464679008e-02
7.498561162625196630e+01 8.536780642206511782e-01 1.592562529498291690e+00 1.094674664206815758e-02 1.676134226208008116e-01 6.936173217841737348e-02
7.554941321756946593e+01 8.543815856756106220e-01 1.591872719086524057e+00 8.393628849092733824e-03 1.657124751763603410e-01 6.720769102360756031e-02
7.611321480888729241e+01 8.538634483248390694e-01 1.589960739231932152e+00 8.874600513720578079e-03 1.720819295498190460e-01 6.394790224304088000e-02
7.667701640020520415e+01 8.531087774013531577e-01 1.591305637768805736e+00 1.111314678947889628e-02 1.700541568186548225e-01 6.790132358468961571e-02
7.724081799152303063e+01 8.535738150215521625e-01 1.588356544045555596e+00 9.125157499307532880e-03 1.715818748175370612e-01 6.586517963890636818e-02
7.780461958284054447e+01 8.534365451786956047e-01 1.588328162283691336e+00 9.895248772876511639e-03 1.700953069968450804e-01 6.781482647604146485e-02
7.836842117415839937e+01 8.519491878467182477e-01 1.594301698122837951e+00 8.213235615345603619e-03 1.638978508453510508e-01 6.794171291598496976e-02
7.893222276547621163e+01 8.521871101831884898e-01 1.592984742885899196e+00 8.259541306693459276e-03 1.652784381849163875e-01 6.533854397248251011e-02
7.949602435679405232e+01 8.527633947615032017e-01 1.596847409830514541e+00 9.310850903928264560e-03 1.742964085309378908e-01 6.481906385123979708e-02
8.005982594811158037e+01 8.549638792453961855e-01 1.599456214749142013e+00 8.796533669755645518e-03 1.766700311470160156e-01 6.576154124726131533e-02
8.062362753942942106e+01 8.549952835696943421e-01 1.592567206030098825e+00 7.008249644383815653e-03 1.713403275936423720e-01 6.564140553822536694e-02
8.118742913074733281e+01 8.545463787092248964e-01 1.593670139871399494e+00 7.082012400474385801e-03 1.752453604716334434e-01 6.757640275076505498e-02
8.175123072206517350e+01 8.536213736632267679e-01 1.591123113839198577e+00 9.034665964391987159e-03 1.722154548055097323e-01 6.662404237900793058e-02
8.231503231338272997e+01 8.532782712509442424e-01 1.594546070311096519e+00 9.011707694906008481e-03 1.746590023609869147e-01 6.668338524920704169e-02
8.287883390470054223e+01 8.530857744494542150e-01 1.591859764233845231e+00 9.631247891762808461e-03 1.707991630744101486e-01 6.788845192352506441e-02
8.344263549601831187e+01 8.540669485729192045e-01 1.591394287695720777e+00 7.563825434809056530e-03 1.716287706899964627e-01 6.481332312307043486e-02
8.400643708733615256e+01 8.532744083558641002e-01 1.590560669634482505e+00 6.638527572119256454e-03 1.660290734946530400e-01 6.745765135616771380e-02
8.457023867865370903e+01 8.527846893623879376e-01 1.595014431958578838e+00 7.476072372232018919e-03 1.686910798699996494e-01 6.754972393105926343e-02
