0.000000000000000000e+00 1.497754795352125745e+00 1.000000000000000000e+00 -5.805489698375521307e-04 -1.744608951911407260e-03 3.460023683146138188e-03
2.262476681131557199e-01 1.439069438109703336e+00 1.016684540425037975e+00 -1.156673514478609964e-02 1.155300322478459984e-02 -1.361146383476196037e-03
4.515939510943823842e-01 1.386501073908140924e+00 1.033000350083272068e+00 -1.764168307515088727e-02 2.469074555932561713e-02 -6.137669556140824476e-03
6.769402340756088821e-01 1.339075894980616521e+00 1.047602082336637208e+00 -2.351347585475921723e-02 3.580906620942396479e-02 -7.038119085955201089e-03
9.022865170568380444e-01 1.299624839847267843e+00 1.066179668509360079e+00 -2.338268478770756664e-02 4.405155812002488347e-02 -7.485413944215127749e-03
1.127632800038061989e+00 1.263314729410091042e+00 1.084257546251744087e+00 -2.399538204469889302e-02 5.018058305154216719e-02 -7.096573263890032339e-03
1.352979083019292039e+00 1.231364223691981508e+00 1.102464542295793049e+00 -2.414295375412207206e-02 5.868097614003346674e-02 -4.428663481436116017e-03
1.578325366000544516e+00 1.204703571627121272e+00 1.121170598493082871e+00 -2.534025413508420033e-02 6.513077484512630466e-02 -5.584881386885323998e-03
1.802770263849878818e+00 1.180358175440699542e+00 1.141913374553528815e+00 -2.451313847585764524e-02 6.986199509642010419e-02 -2.670525852996362762e-03
2.028116546831149503e+00 1.159211380502401578e+00 1.159356361422868353e+00 -2.644984195270994043e-02 7.329486323373028689e-02 -4.523063109726210666e-03
2.253462829812415080e+00 1.139598776943971492e+00 1.176925191751817756e+00 -2.814529334575794836e-02 7.652839662572119561e-02 -5.377689101248139814e-03
2.478809112793682878e+00 1.121911900124350270e+00 1.194693530727447550e+00 -2.842085642988254751e-02 7.851069051233308671e-02 -7.017499829898940326e-03
2.704155395774946680e+00 1.107032314089598568e+00 1.211489528683134864e+00 -2.718221460189471084e-02 8.169148778532786537e-02 -5.318613134846995362e-03
2.929501678756204264e+00 1.093400069085221027e+00 1.229339191118745678e+00 -2.703808154234143765e-02 8.458330964940322105e-02 -7.101160933765776964e-03
3.154847961737395234e+00 1.081848739067496457e+00 1.246124543555965580e+00 -2.712811341092432812e-02 8.437940400082409587e-02 -2.732586102102838727e-03
3.380194244718567553e+00 1.071858102262975398e+00 1.263051858611087042e+00 -2.635734171349890520e-02 8.499184270637130667e-02 -3.316601229342088907e-03
3.605540527699755859e+00 1.061699869589438849e+00 1.278209256315201658e+00 -2.647771928008219727e-02 8.517055390024529105e-02 -5.241727758528247003e-03
3.830886810680940613e+00 1.053715077348328144e+00 1.293737610435099494e+00 -2.804560258003983841e-02 8.836492185076556816e-02 -2.768875864230076894e-03
4.057134478794062638e+00 1.046395180529130053e+00 1.308312110795364136e+00 -2.866475221468890375e-02 8.544597986320226490e-02 -1.694444431430444133e-03
4.282480761775254940e+00 1.039979560571206774e+00 1.321553968321078854e+00 -2.661039062587680637e-02 7.843273534626782340e-02 -4.741592431279529653e-03
4.507827044756422374e+00 1.035360028956041845e+00 1.334826330832322716e+00 -2.573244047880465790e-02 7.899210686373966950e-02 -2.618270673352763971e-03
4.733173327737620895e+00 1.031120577789499837e+00 1.347171230432523847e+00 -2.600948512780456093e-02 8.130455227528642081e-02 -6.766568818945207370e-03
4.958519610718800763e+00 1.026050552069781130e+00 1.360774333289823668e+00 -2.747867193889904844e-02 8.242407124856271361e-02 -5.259721707598530305e-03
5.183865893699998395e+00 1.022068891999978968e+00 1.371525009873419743e+00 -2.829416921005080410e-02 8.276142793502426487e-02 -6.016363921017815232e-03
5.409212176681177375e+00 1.018677803613792010e+00 1.380483620637433795e+00 -2.547384454473454116e-02 8.052041558466747906e-02 -4.405298791505306809e-03
5.634558459662382113e+00 1.015394956235498913e+00 1.390104994040687547e+00 -2.527906244228695851e-02 8.008973727578179436e-02 -4.844104658555855800e-03
5.859904742643633035e+00 1.013715150036999191e+00 1.398593218503940694e+00 -2.768980226983371734e-02 8.128046116525400322e-02 -4.133634918334238260e-03
6.085251025624958565e+00 1.011123293548369828e+00 1.408388792361420228e+00 -2.804451624359855649e-02 8.443379009013245173e-02 -4.349175908916818808e-03
6.310597308606324951e+00 1.009614227681951304e+00 1.420271226044203638e+00 -2.719656944485899716e-02 8.696540433077171173e-02 -5.206890079525541143e-03
6.535042206455723424e+00 1.007003856566997202e+00 1.422975583216076201e+00 -2.568611416217481472e-02 8.766776103549643595e-02 -4.792702648849590623e-03
6.760388489437091586e+00 1.005486423319905676e+00 1.429990817969472916e+00 -2.516269474359272146e-02 9.039235988833574376e-02 -6.901611763236924386e-03
6.985734772418428662e+00 1.003662493635475439e+00 1.435391670437042633e+00 -2.494852895534045018e-02 9.170348278541499976e-02 -2.004974919146006347e-03
7.211081055399760409e+00 1.003443031291675114e+00 1.446544258535706451e+00 -2.422650418292097985e-02 9.010469603683840534e-02 -2.524181053735559312e-03
7.436427338381131236e+00 1.003030396723088025e+00 1.457261031013213248e+00 -2.469925013085120385e-02 9.222569548570071218e-02 -2.401347756368620370e-03
7.661773621362457654e+00 1.000984179654808237e+00 1.462770324150956869e+00 -2.453576162261093124e-02 8.984268636562994792e-02 -6.023621346326688518e-03
7.887119904343824039e+00 1.001207455965240189e+00 1.469520500142563524e+00 -2.417602506878029772e-02 9.085192771536383660e-02 -3.875262016208308544e-03
8.112466187325161115e+00 1.002174720983197265e+00 1.476201203782377291e+00 -2.449740181381207180e-02 9.219871758605256706e-02 -6.211956626944212939e-03
8.337812470306500856e+00 1.001434388630197292e+00 1.480462097984048597e+00 -2.252707799401357583e-02 9.385880054742408440e-02 -2.379643854885383700e-03
8.563158753287853031e+00 1.000367592521018256e+00 1.483447263454795051e+00 -2.221436328851170150e-02 9.130633646046927565e-02 -1.516631495656042307e-03
8.788505036269194548e+00 1.000780975588827504e+00 1.488968139599215368e+00 -2.291020711239351998e-02 9.003038831944179532e-02 -2.205101516453452596e-03
9.013851319250564487e+00 9.993009310197621398e-01 1.492507093229392900e+00 -2.359720768591026807e-02 9.169581787133967987e-02 -7.564852791841835756e-04
9.239197602231909556e+00 9.991738702120019910e-01 1.496259688523730480e+00 -2.444887800494833022e-02 9.390387738820389629e-02 1.301274371902749790e-05
9.464543885213222651e+00 9.981419244308527006e-01 1.497374599159496222e+00 -2.498095350011318369e-02 9.552020157955778967e-02 -2.260640889313902968e-04
9.689890168194599696e+00 9.980742164005235173e-01 1.500657083572155326e+00 -2.679797401154227973e-02 9.133565515515842947e-02 -4.512427391079927401e-03
9.915236451175948318e+00 9.974642908461115454e-01 1.502799137012666542e+00 -2.501475133451625324e-02 8.975632181713344426e-02 -3.964378249194402265e-03
1.014058273415727562e+01 9.971630788267745737e-01 1.506124174106258096e+00 -2.446131292887523262e-02 9.013126937403809213e-02 -4.144394646695041297e-03
1.036592901713862602e+01 9.969589915071921382e-01 1.510586158184631600e+00 -2.354102301157541197e-02 9.163538272955511210e-02 -5.257869734362183127e-03
1.059127530012000484e+01 9.979271685715602747e-01 1.515796692371817356e+00 -2.465127885391391049e-02 9.136192270092577394e-02 -5.849679014650496951e-03
1.081662158310130728e+01 9.977916313986734398e-01 1.518272521971866684e+00 -2.386845003424231323e-02 9.140696206441971394e-02 -6.162198351153487172e-03
1.104196786608265768e+01 9.977175233459362191e-01 1.520398133540178387e+00 -2.286935763574296510e-02 8.988917110134707344e-02 -6.864414909230350838e-03
1.126731414906403295e+01 9.979416038117864263e-01 1.519138383028444617e+00 -2.459163853205576650e-02 9.435144058156559599e-02 -5.691816932480397301e-03
1.149266043204538690e+01 9.974742587535666560e-01 1.518160368526045190e+00 -2.487552943468518060e-02 9.306740158932176599e-02 -4.532252938494590704e-03
1.171800671502646729e+01 9.970150279870890753e-01 1.518158174123148241e+00 -2.361216089903399318e-02 9.186139217100140753e-02 -7.265963128302549423e-03
1.194335299800745887e+01 9.964579234603172520e-01 1.521054126414099983e+00 -2.317804849974014481e-02 9.293962715588094392e-02 -6.391283005219797891e-03
1.216869928098848774e+01 9.964547653460266163e-01 1.522249262151233351e+00 -2.279832926841490054e-02 8.974655681286218545e-02 -5.362759485453446467e-03
1.239404556396954149e+01 9.960503102697358946e-01 1.524305102450889571e+00 -2.294612710620238388e-02 8.802835810865981825e-02 -5.427898977335695457e-03
1.261939184695057747e+01 9.973369468838666485e-01 1.527220486486997597e+00 -2.284079811601808646e-02 8.710071461521334824e-02 -6.586995584249097889e-03
1.284473812993156194e+01 9.979936380547449470e-01 1.532662524958831485e+00 -2.331470656129995891e-02 8.510516146159158302e-02 -5.260471143275183455e-03
1.307008441291259437e+01 9.984596329938324466e-01 1.535584548674751248e+00 -2.378776956006380464e-02 8.272038158954721221e-02 -4.533071358656337764e-03
1.329543069589364990e+01 9.983664628671781172e-01 1.536601036434839251e+00 -2.266226356945767739e-02 8.304177432328563313e-02 -5.504704479674359281e-03
1.352077697887468588e+01 9.981270149125595070e-01 1.534608339758292139e+00 -2.334771883888690780e-02 8.858235131475826474e-02 -6.235241434663212415e-03
1.374612326185566680e+01 9.982345079561681933e-01 1.536714688515816718e+00 -2.248069443710310963e-02 8.515695683354498891e-02 -2.787979609277474284e-03
1.397146954483670100e+01 9.982504656851829417e-01 1.537412132819275135e+00 -2.343100716607655898e-02 8.516713338183955206e-02 -2.299402995885974250e-03
1.419681582781775653e+01 9.987372075669354032e-01 1.537223303932070628e+00 -2.398663494263786333e-02 8.500471258917800810e-02 -1.656474508372162086e-03
1.442306349593073200e+01 9.985683985431431653e-01 1.536370966276211947e+00 -2.201249657703071433e-02 8.699727845464515219e-02 -8.025029539495242680e-04
1.464840977891170759e+01 9.994848676385792441e-01 1.536598082626128958e+00 -2.319574688334163567e-02 9.092421390439055229e-02 -2.085151697515046521e-03
1.487375606189274535e+01 9.993597873753348182e-01 1.534784810388177156e+00 -2.174996839399279125e-02 8.807529280038089992e-02 -4.574480967075669237e-03
1.509910234487379732e+01 9.998966301761086362e-01 1.538376173713874806e+00 -2.152729944872584095e-02 8.798674857692584395e-02 -3.420139479060320051e-03
1.532444862785483863e+01 9.997183402078784198e-01 1.539254292610466646e+00 -2.326033324689610882e-02 8.693234573308376845e-02 -2.404506526088094794e-03
1.554979491083581422e+01 9.984237708959464719e-01 1.540454226903996915e+00 -2.568228264251710621e-02 8.651570594494428779e-02 -3.533941429311065942e-03
1.577514119381686264e+01 9.981051979167967492e-01 1.539203245114186380e+00 -2.482943044113506206e-02 8.650830336593744174e-02 -5.029117789373850622e-03
1.600048747679790750e+01 9.968936474372970258e-01 1.538924612575113038e+00 -2.397988170196731564e-02 8.426955358034408927e-02 -5.299551885843471928e-03
1.622583375977893638e+01 9.976045221548071051e-01 1.539896199252351439e+00 -2.216825181742334075e-02 8.232747305031364038e-02 -4.118037246734223070e-03
1.645118004275993329e+01 9.968649395393793800e-01 1.540107370894815642e+00 -2.134335186116896946e-02 8.332001945151076838e-02 -4.318145052717121263e-03
1.667652632574095861e+01 9.974453495335848796e-01 1.541986870904623164e+00 -2.271949112656984279e-02 8.532193642659549604e-02 -6.491963903705372588e-03
1.690187260872199460e+01 9.983910284933183998e-01 1.544053365972335001e+00 -2.315637147932916168e-02 8.285493600439684803e-02 -3.669865449958354016e-03
1.712721889170305545e+01 9.975471951087779843e-01 1.541662358843356451e+00 -2.247794293185894840e-02 8.108557789155566853e-02 -5.456662492185035060e-03
1.735256517468402748e+01 9.981417039381824674e-01 1.541980555097587580e+00 -2.592559408099225429e-02 8.026896564058551287e-02 -2.929742480250647780e-03
1.757791145766508834e+01 9.979984024621388894e-01 1.541112810205382155e+00 -2.605595211168335729e-02 7.851994786853314090e-02 -4.960550313668546200e-03
1.780325774064612432e+01 9.987591031343395764e-01 1.541805936150149270e+00 -2.559879544198472370e-02 7.649186004219313273e-02 -5.564188316393269516e-03
1.802860402362713543e+01 9.989281657138967541e-01 1.539448335249508970e+00 -2.704766425545131886e-02 7.765651495732547871e-02 -3.361647722587493038e-03
1.825395030660816076e+01 9.988811325374240546e-01 1.537054663511757457e+00 -2.551073004053508800e-02 7.655159978044771829e-02 -6.958690512080951442e-03
1.847929658958917187e+01 9.993220575999560706e-01 1.536606909685296340e+00 -2.310391203924520159e-02 7.860396287566316642e-02 -4.369792566676739334e-03
1.870464287257019365e+01 9.998634703657782730e-01 1.539795959973910833e+00 -2.244471375363103066e-02 8.047590251588201959e-02 -3.881776288664605650e-03
1.892998915555127226e+01 9.992980121499370760e-01 1.539683551963584973e+00 -2.017423027740605779e-02 8.062603448584881871e-02 -1.504390981038294852e-03
1.915533543853223364e+01 1.000264477575609323e+00 1.539979685261089415e+00 -2.157774096800013294e-02 8.092424083555585512e-02 -3.749731354980796565e-03
1.938068172151331581e+01 1.000220638747719715e+00 1.541313576699085974e+00 -2.414848674891202293e-02 8.122129947990944232e-02 -1.758778515412107212e-03
1.960602800449433758e+01 1.000664096611756371e+00 1.542714496394850032e+00 -2.315283277057660766e-02 8.346638652294409433e-02 -2.394126244905894069e-03
1.983137428747534159e+01 1.000006925226466281e+00 1.542550626063990959e+00 -2.226938856144961704e-02 7.989004819282423397e-02 -1.934789156681842107e-03
2.005672057045638468e+01 9.992614627866749366e-01 1.546291514339193318e+00 -2.344283320830405082e-02 7.931247682495028151e-02 -5.467245078044414598e-03
2.028206685343738513e+01 9.988981617810553937e-01 1.545401833776499423e+00 -2.583362986080414009e-02 8.318854087109617268e-02 -3.211292941439195404e-03
2.050741313641839980e+01 9.980563673078322040e-01 1.544594502294766691e+00 -2.635633379284396324e-02 8.226276452429155672e-02 -3.451921775768087512e-03
2.073275941939948908e+01 9.975347040199414872e-01 1.545515029185834832e+00 -2.507477215731976003e-02 8.238164385521723476e-02 -4.229189556703942879e-03
2.095810570238044690e+01 9.983398542973351830e-01 1.547618823649548059e+00 -2.327975402024909379e-02 8.093967542402177862e-02 -2.363810085334214564e-03
2.118345198536153973e+01 9.976760062212500779e-01 1.546777666178013710e+00 -2.432307951409996838e-02 8.315317898990187695e-02 -3.665083158348779804e-03
2.140879826834255084e+01 9.972241894166613552e-01 1.545281830013964131e+00 -2.371428096361790500e-02 8.689877696270030538e-02 -1.160242547945019567e-03
2.163414455132354774e+01 9.982568782038668820e-01 1.547048138136639661e+00 -2.343225357786245938e-02 8.757620066465633679e-02 -2.622217178216608175e-03
2.185949083430460504e+01 9.988099790398782263e-01 1.550118200743443087e+00 -2.581403749014174118e-02 8.205229231441331372e-02 -2.252268010541004246e-03
2.208483711728559840e+01 9.983688456999417760e-01 1.552578940421205367e+00 -2.542314792266267900e-02 8.415245768912046898e-02 -3.369797373562687191e-03
2.231018340026660240e+01 9.977146032286411392e-01 1.546248663033981119e+00 -2.533495429282206154e-02 8.624080083715474077e-02 -4.252691623402051618e-03
2.253552968324770589e+01 9.978534072149518597e-01 1.544018655173087895e+00 -2.523126549289974804e-02 8.667422776405303564e-02 -1.909216252217978962e-03
2.276087596622866016e+01 9.983151572556395736e-01 1.545992326699646480e+00 -2.495138686511667869e-02 8.790271781276114138e-02 -1.635907974238315268e-03
2.298622224920976365e+01 9.978011993145988745e-01 1.541863887415304335e+00 -2.451215121557227469e-02 8.824094773914430145e-02 -3.115223373990838813e-04
2.321156853219076766e+01 9.974356830430635146e-01 1.543409373353840763e+00 -2.732259157634246011e-02 8.626703560481387145e-02 3.959950649676489964e-03
2.343691481517175035e+01 9.986650262157726887e-01 1.544342136176502622e+00 -2.740399506944959929e-02 9.017703459979363456e-02 2.162185242298190254e-03
2.366226109815282541e+01 9.991630109295409623e-01 1.544249165078420916e+00 -2.711849391059882250e-02 9.102656297272528063e-02 3.762924938882912344e-03
2.388760738113381521e+01 9.989363364339103324e-01 1.545709215557201199e+00 -2.727600959068067141e-02 9.088415674566803493e-02 -2.687144241281802515e-04
2.411295366411481211e+01 9.998959999372593055e-01 1.546358461084827773e+00 -2.535532474408739440e-02 9.254563705446544608e-02 2.372871030352257087e-03
2.433829994709592626e+01 9.993420202030328658e-01 1.542962026114934160e+00 -2.483862281280904000e-02 9.315228707656285356e-02 2.857318468644973707e-03
2.456364623007686987e+01 1.000607831877044385e+00 1.544799358562134906e+00 -2.446413650689537381e-02 9.173307343023806570e-02 -4.993603143101099651e-04
2.478899251305798401e+01 1.000168742969699487e+00 1.546536423745337396e+00 -2.509728623130740716e-02 8.832154733382274747e-02 -2.771143424242298193e-03
2.501433879603898092e+01 1.000240866663499206e+00 1.545159195865855040e+00 -2.542056813750473432e-02 8.608916154121624975e-02 -5.551190565937779396e-03
2.523968507901996006e+01 9.996270481003214359e-01 1.542296781940577732e+00 -2.294353640198495276e-02 8.573669020104560112e-02 -4.508148432332237734e-03
2.546503136200104223e+01 9.990848461863072183e-01 1.543625320866411466e+00 -2.407949248367946896e-02 8.333863911706686223e-02 -9.639175278805844557e-03
2.569037764498202847e+01 9.996072970979466010e-01 1.543776885014823241e+00 -2.652567160119169778e-02 8.852404560322030269e-02 -8.193967191978932668e-03
2.591572392796301472e+01 1.000001387399979569e+00 1.542481254372783939e+00 -2.638168369681849826e-02 9.105088266729882696e-02 -7.764728501405182386e-03
2.614107021094413952e+01 9.996681519502694790e-01 1.541754787896951528e+00 -2.473614470630991491e-02 9.310316076830428555e-02 -6.742579748190283447e-03
2.636641649392508313e+01 9.993300869581253076e-01 1.538885823111407092e+00 -2.277586978401610618e-02 9.185833450606507855e-02 -6.003958113639632638e-03
2.659176277690620793e+01 1.000042782807410324e+00 1.541308028265990338e+00 -2.387423546104507424e-02 9.147043591291080522e-02 -1.610739992679400840e-03
2.681710905988719418e+01 1.000736535724514154e+00 1.540359750580097442e+00 -2.405825135993798838e-02 9.115621181124533567e-02 -3.374543040185810222e-03
2.704245534286816977e+01 1.000982684159215763e+00 1.540097236181592999e+00 -2.307754219355277053e-02 9.177943964969699497e-02 -3.576375930335472415e-03
2.726780162584926259e+01 1.000864446743561453e+00 1.540010561833083935e+00 -2.281735844950816272e-02 9.158727779637856892e-02 -4.784725600633713861e-03
2.749314790883024173e+01 1.000904911499779670e+00 1.538678156278483922e+00 -2.286388735781898218e-02 8.896785838959146708e-02 -6.169435493886610451e-03
2.771849419181122443e+01 9.999533150422222905e-01 1.539269679386816803e+00 -2.343949682815804278e-02 8.641253312303559531e-02 -5.744394146642551290e-04
2.794384047479235278e+01 9.995695715660314340e-01 1.539640384658266914e+00 -2.427801995614983777e-02 8.867989018421880421e-02 -2.858700140332641818e-03
2.816918675777329639e+01 1.000178347096910780e+00 1.539311597867897730e+00 -2.403768621763069380e-02 8.611538386483105767e-02 -4.924690529550693890e-03
2.839453304075442119e+01 9.992752769385512268e-01 1.538453411297098228e+00 -2.435096258895920809e-02 8.690110417874905013e-02 -3.438055680739799790e-03
2.861987932373540744e+01 9.985836198929173291e-01 1.540558146783809645e+00 -2.498102235466792900e-02 8.762110577585620341e-02 -3.889183272218936678e-03
2.884522560671638303e+01 9.992377948354409511e-01 1.539441836102766636e+00 -2.497999249815030173e-02 8.747335204952039200e-02 -4.477511703294312535e-03
2.907057188969748296e+01 9.992483645682700422e-01 1.539503778494685227e+00 -2.595150325310063497e-02 8.927268663576139185e-02 -4.137931078339204989e-03
2.929591817267845855e+01 9.994943054825731199e-01 1.540083635787225402e+00 -2.417859056015595268e-02 8.952007434424764931e-02 -6.167862403401913954e-03
2.952126445565943058e+01 1.000101835846644027e+00 1.540093613053264532e+00 -2.444561249809930337e-02 8.902954838003894478e-02 -9.478661595627553560e-03
2.974661073864056604e+01 1.000593967838767195e+00 1.542096143388805185e+00 -2.370559516988112250e-02 8.924723292716602030e-02 -7.127636677668787966e-03
2.997195702162150965e+01 1.000616106484799817e+00 1.541915871175817410e+00 -2.255384587764071996e-02 8.771931319451720110e-02 -7.095604966275946557e-03
3.019730330460264511e+01 1.000493299993617580e+00 1.543784298201012151e+00 -2.231309709838750349e-02 8.827915635874862554e-02 -7.443699490172156139e-03
3.042264958758361004e+01 1.000620412149332061e+00 1.546923311453909822e+00 -2.215475259757799034e-02 8.873740311388400581e-02 -4.801220254402940694e-03
3.064799587056459629e+01 1.000851578893533489e+00 1.545825632131323513e+00 -2.119602261764045453e-02 9.363290926370625156e-02 7.790492237234514141e-04
3.087334215354569622e+01 1.000995507222445235e+00 1.544652021313409840e+00 -2.304050657122413623e-02 8.944174116984171530e-02 -3.191910196093728988e-03
3.109868843652668602e+01 1.002449820072679909e+00 1.543985646024891523e+00 -2.295445182752782476e-02 9.161018264036678571e-02 -5.763184509536227636e-03
3.132403471950764029e+01 1.002057014616764663e+00 1.545976653265918932e+00 -2.241542866907588610e-02 9.310891487636605013e-02 -6.321692284477091472e-03
3.154938100248877930e+01 1.001869373148427833e+00 1.546593388005124359e+00 -2.373374142076656312e-02 9.542588203603469266e-02 -4.229678237867084273e-03
3.177472728546974423e+01 1.000071638792788153e+00 1.546831220144596841e+00 -2.216832772572162324e-02 9.251138428385675960e-02 -6.026605476203501094e-03
3.200007356845083706e+01 1.000316507421121770e+00 1.548079051271174622e+00 -2.235862744336211336e-02 9.181440587655784191e-02 -2.670889651273412446e-03
3.222541985143183751e+01 9.992420467811685691e-01 1.543979122782329183e+00 -2.537059509345713712e-02 9.232945174391128662e-02 -2.724749120438779877e-03
3.245076613441283087e+01 9.991528213404858860e-01 1.543409955795753685e+00 -2.629336108053772006e-02 9.144112411595571588e-02 -3.089753631846322429e-03
3.267611241739388106e+01 9.990666921673506673e-01 1.541141223561682816e+00 -2.545759498552110922e-02 9.379187774206226846e-02 -3.141670763809167877e-03
3.290145870037488152e+01 9.992260275204353226e-01 1.543143915059727922e+00 -2.612299076349739249e-02 9.102402764726699735e-02 -3.474302585292045158e-03
3.312680498335588197e+01 9.993871834890937222e-01 1.541892511770647900e+00 -2.681384507435937217e-02 9.157433971766146263e-02 -3.818867938234618998e-03
3.335215126633695348e+01 9.996497059030466925e-01 1.540316052343668751e+00 -2.687661027287276821e-02 9.335188079983819387e-02 -5.892671713136590946e-03
3.357749754931793973e+01 9.997420976395734460e-01 1.540772391741944469e+00 -2.736112032636143360e-02 9.068031295634539080e-02 -4.674813656598096091e-03
3.380284383229907519e+01 9.995303386171048299e-01 1.540826038267027576e+00 -2.819559550205238616e-02 9.117014418032413914e-02 -6.652662804940559678e-03
3.402819011528000459e+01 9.998010516433851746e-01 1.540517099602350282e+00 -2.677350349869351762e-02 9.111257544940661035e-02 -6.463345978157603207e-03
3.425353639826101926e+01 1.000275344955252166e+00 1.540339307099218846e+00 -2.685834918792391612e-02 8.913669463704959606e-02 -6.706011982595256465e-03
3.447888268124212630e+01 1.000082775396926138e+00 1.543006113934060730e+00 -2.651222252539762320e-02 9.368688520150340870e-02 -4.789189003392982195e-03
3.470422896422314096e+01 9.997739745178794157e-01 1.544662373376787690e+00 -2.726484429757462108e-02 9.172910721441311643e-02 -6.381121215717548874e-03
3.492957524720406326e+01 1.000512288764089153e+00 1.548176679570621550e+00 -2.695924684717346601e-02 8.912972148049405630e-02 -7.284460352136212964e-03
3.515492153018520582e+01 1.000862748641172306e+00 1.547840145152974189e+00 -2.642160609653418368e-02 8.941961736276429762e-02 -3.550929361332676431e-03
3.538026781316619918e+01 1.000327354289444193e+00 1.547945396271152907e+00 -2.640610678066582229e-02 9.153483187058437942e-02 -6.118416743783250053e-04
3.560561409614724226e+01 1.000770179127581594e+00 1.549307711728669101e+00 -2.716493597119792533e-02 9.361090129439972318e-02 -3.054432401059662197e-03
3.583096037912826404e+01 1.000637047121986312e+00 1.549704559191664277e+00 -2.642414724355883482e-02 9.417827833078716571e-02 -6.191162236327831490e-03
3.605630666210928581e+01 1.000946291114654940e+00 1.550493048953477615e+00 -2.752348638982619888e-02 9.471231360015382184e-02 -4.746340464095852828e-03
3.628165294509029337e+01 1.001524470308134296e+00 1.547262855043918695e+00 -2.672469999764127968e-02 9.368640102881480025e-02 -3.488040423118469058e-03
3.650699922807130804e+01 1.001252464570492107e+00 1.546320210492031055e+00 -2.638005476404774174e-02 9.348653065685098851e-02 -4.801099050990432007e-03
3.673234551105232981e+01 1.000939959276982760e+00 1.546692143128308716e+00 -2.395033404897486951e-02 9.305943513165085279e-02 -2.732194615547542914e-03
3.695769179403335158e+01 1.000429521823768209e+00 1.547631037612093419e+00 -2.377808871424322290e-02 8.908904802610406737e-02 -3.137494145081315237e-03
3.718303807701435915e+01 1.000837512895221382e+00 1.547051357947761829e+00 -2.431606340242720155e-02 8.714532731359016238e-02 -1.566154279917247958e-03
3.740838435999550882e+01 1.000110294980057324e+00 1.544580064322417012e+00 -2.459041909623732244e-02 8.436123554263481872e-02 -3.100352522931434495e-03
3.763373064297640980e+01 9.994046484242187223e-01 1.543287737576721996e+00 -2.710216659737957681e-02 8.511820241757174499e-02 -3.503903096622039848e-03
3.785907692595743868e+01 9.997475587651769580e-01 1.542331330932325661e+00 -2.912776567705661901e-02 8.370005293284812908e-02 -3.391862367646018925e-03
3.808442320893856703e+01 9.998217134305813492e-01 1.541789446665685182e+00 -2.652952874845844120e-02 8.226954577228889898e-02 -5.194119825710865647e-03
3.830976949191959591e+01 1.000530967593572074e+00 1.542385935865066005e+00 -2.396246553840487847e-02 8.013958931871835445e-02 -2.436229082210918887e-03
3.853511577490048268e+01 1.000614662857131298e+00 1.543766011007681183e+00 -2.470600721255528445e-02 8.197977711996888572e-02 -4.838817944814954169e-03
3.876046205788163235e+01 1.000519801476946080e+00 1.547232161830667474e+00 -2.278615596083520545e-02 8.392188114772133889e-02 -3.434273100081200111e-03
3.898580834086265412e+01 1.001252616686443941e+00 1.549905975004969516e+00 -2.419156284846278940e-02 8.443697923020308804e-02 -2.004301416520110068e-03
3.921115462384365458e+01 1.000602876202274061e+00 1.547001079726280093e+00 -2.331915375895595582e-02 8.464537718790372811e-02 -4.408581464452333322e-03
3.943650090682469056e+01 9.997900511757215058e-01 1.545943311199447834e+00 -2.260673509864572980e-02 8.366885235356390227e-02 -4.437717589387991414e-03
3.966184718980573365e+01 1.000258811699734407e+00 1.546401993391257834e+00 -2.258731834470181776e-02 8.733640233382727880e-02 -3.980723204559762606e-03
3.988719347278669858e+01 9.990933077004556795e-01 1.547640142403857055e+00 -2.339193549423741400e-02 8.897884572445535767e-02 -2.248487323994512611e-03
4.011253975576774167e+01 9.987082826697505356e-01 1.551927323983530727e+00 -2.393604373234852270e-02 8.678307094513548758e-02 -4.347154013180721047e-03
4.033788603874877765e+01 9.988353628337497403e-01 1.552694111376735187e+00 -2.344361810542285041e-02 8.868781304104557395e-02 -2.241991602109900603e-03
4.056323232172976390e+01 9.999847312249968700e-01 1.552846915648001813e+00 -2.287370043115720744e-02 8.993282607043720511e-02 -2.202533956561543091e-03
4.078857860471078567e+01 1.000368751440245729e+00 1.554282904169659751e+00 -2.308559805399498788e-02 9.138622325082260134e-02 -4.580076199227159708e-03
4.101392488769194244e+01 1.001052228928048571e+00 1.552931408895445342e+00 -2.343289596599421737e-02 8.859464527016955304e-02 -4.079616086997831133e-03
4.123927117067280790e+01 1.001222107715801446e+00 1.550260961759783340e+00 -2.367420134310325650e-02 9.178276543453568748e-02 -3.483045613012033647e-03
4.146461745365385809e+01 1.000980708358612414e+00 1.547415391019403064e+00 -2.439345412499121374e-02 9.157690210502357486e-02 -2.721996081935662646e-03
4.168996373663500066e+01 1.000752270276024980e+00 1.546183172489715707e+00 -2.167153571685772814e-02 9.015116375481457833e-02 -1.969065876587807861e-03
4.191531001961604375e+01 1.000811627811331705e+00 1.544956902010371724e+00 -2.215663181925957639e-02 8.671452707142611460e-02 -3.004059509564100013e-03
4.214065630259690920e+01 1.000489247014889393e+00 1.546071277818588774e+00 -2.274093149284932627e-02 9.030011811379544395e-02 -5.292986027241517594e-03
4.236600258557806598e+01 1.000009104532870063e+00 1.547071607517931824e+00 -2.313234778386823176e-02 8.985350270932519756e-02 -4.652998297794888778e-03
4.259134886855910196e+01 9.994040241563244553e-01 1.548847329148909990e+00 -2.499124348672324830e-02 8.957424126429223976e-02 -4.481029985492806372e-03
4.281669515154005978e+01 9.987574950296198573e-01 1.545954756969770916e+00 -2.472232026719557371e-02 9.011863655476362589e-02 -2.623356912380214647e-03
4.304204143452111708e+01 9.987621909186344960e-01 1.545791103222562413e+00 -2.317313667145837197e-02 9.086734896325346367e-02 -3.232873249133583378e-03
4.326738771750216728e+01 9.992267864454946746e-01 1.546127459563045203e+00 -2.253584694485500847e-02 8.971533041048002088e-02 -2.238212843739069337e-03
4.349273400048311089e+01 9.998714758917151002e-01 1.544572412278137241e+00 -2.278677956571276489e-02 8.941800679645579841e-02 -1.786265554412737062e-03
4.371808028346416819e+01 9.996905275060228302e-01 1.545459050685417113e+00 -2.546485379492353929e-02 8.954783948962957707e-02 -5.594802191940317221e-03
4.394342656644522549e+01 9.999197845004047513e-01 1.545752084150179506e+00 -2.512255429720273298e-02 8.777785243438836205e-02 -5.114119090652475413e-03
4.416877284942617621e+01 9.997927443864806918e-01 1.544446487328338335e+00 -2.491082271006120688e-02 8.977474145463057442e-02 -6.246964010004610671e-03
4.439411913240721219e+01 9.993264444721425832e-01 1.545573966805227073e+00 -2.536172367893835961e-02 8.977318374416316804e-02 -6.935153780806588113e-03
4.461946541538838318e+01 9.996107809138135014e-01 1.541835605280053034e+00 -2.767200036648771733e-02 8.833397474452528431e-02 -2.668652360886346504e-03
4.484481169836922021e+01 1.000852995486203989e+00 1.543153422482780535e+00 -2.570651906375453696e-02 8.674460657267900332e-02 -2.624927737933610908e-03
