0.000000000000000000e+00 1.518776824251012680e+00 1.000000000000000000e+00 -1.016485273523293122e-03 -3.188033626928327233e-03 -1.948327086211143499e-04
6.756934197000101783e-01 1.309924385334114927e+00 9.383641073775378372e-01 -1.326767721893691750e-02 1.110340196012099823e-01 2.829841666495624963e-02
1.351386839399258966e+00 1.189700095779302025e+00 9.271611491887681300e-01 -1.634711459959837035e-02 1.426440328554047510e-01 3.550302062434727152e-02
2.027080259096940562e+00 1.120888402383825921e+00 9.369981188199192346e-01 -1.772009397302770975e-02 1.468085238827752659e-01 3.769312305722379020e-02
2.702773678794629486e+00 1.078909576215585142e+00 9.545112530586618016e-01 -1.730412900213246577e-02 1.423653499346483331e-01 4.076781640600812134e-02
3.378467098492304643e+00 1.052720801151011631e+00 9.725990000311862671e-01 -1.850230588433461609e-02 1.412582187244338094e-01 3.675044458912792023e-02
4.054160518191429752e+00 1.035651006435709176e+00 9.893134092044334471e-01 -1.608825351460767619e-02 1.412300731414956045e-01 3.528628710569035876e-02
4.729853937902360528e+00 1.025712644378117933e+00 1.001716292139411824e+00 -1.582025965720102942e-02 1.384288716666173535e-01 3.264814462796814670e-02
5.405547357613315285e+00 1.020592329865428027e+00 1.010491597929513485e+00 -1.722776654248954140e-02 1.444859862633055270e-01 3.342497013002757728e-02
6.081240777324242508e+00 1.017040936427660025e+00 1.015461141659577793e+00 -1.702769491483606401e-02 1.487287139413157044e-01 3.491120001594216760e-02
6.756934197035186607e+00 1.014075143898963471e+00 1.017840295110775006e+00 -1.666319034221387316e-02 1.496363216854324496e-01 3.121289646108631535e-02
7.432627616746144028e+00 1.012991110253091076e+00 1.022607880313461060e+00 -1.760953454363389792e-02 1.457401817680577250e-01 3.131669944062989014e-02
8.108321036457086350e+00 1.012852156264365089e+00 1.025917350157737662e+00 -1.764255897236182910e-02 1.439110610914726973e-01 3.018674481245157276e-02
8.784014456168009133e+00 1.012530456123072131e+00 1.030055638975742704e+00 -1.785134347447621048e-02 1.423943419950942646e-01 2.992506422428265270e-02
9.459707875878946126e+00 1.011294387761363378e+00 1.027965669373266833e+00 -1.701338481455812179e-02 1.461889809089043646e-01 3.082078752971212712e-02
1.013540129558992220e+01 1.011159433026666887e+00 1.026937483781165117e+00 -1.768586609763220935e-02 1.449726064606512987e-01 3.095619739562301131e-02
1.081109471530085742e+01 1.011465373579420790e+00 1.029579848775550532e+00 -1.616449911080443738e-02 1.430315366538849886e-01 3.316256828305526316e-02
1.148678813501178020e+01 1.011076044605345503e+00 1.027357475211906124e+00 -1.767316891377420165e-02 1.425318068622494772e-01 3.296209920682457301e-02
1.216248155472271009e+01 1.011294877429348871e+00 1.025909207750888008e+00 -1.629826971238004796e-02 1.470262006157591061e-01 3.219247754142345874e-02
1.283817497443367373e+01 1.009952884641578841e+00 1.026708886779609919e+00 -1.747915117567790805e-02 1.488677598302259319e-01 3.336904853507269980e-02
1.351386839414460006e+01 1.010324888608616689e+00 1.029476761970224530e+00 -1.760912905793872787e-02 1.457749580247914012e-01 3.312114063086839949e-02
1.418956181385557969e+01 1.011110432422388072e+00 1.029193414748735380e+00 -1.706111525588952307e-02 1.442638728115579472e-01 3.099211049434361098e-02
1.486525523356651313e+01 1.011626930771537536e+00 1.029367121888499659e+00 -1.542671409166143127e-02 1.439310270925446278e-01 3.057543656840256210e-02
1.554094865327747144e+01 1.012465654075610288e+00 1.029436380067739298e+00 -1.573244488533575777e-02 1.401448330542790499e-01 3.029724813881220016e-02
1.621664207296547744e+01 1.011756539333041216e+00 1.031665716560897117e+00 -1.725502821120495495e-02 1.427610949078583213e-01 2.957587715011627746e-02
1.689233549262333156e+01 1.012601001159967096e+00 1.026768140925161887e+00 -1.598176456268448481e-02 1.492116779129689097e-01 3.325730777520586462e-02
1.756802891228124253e+01 1.012185497573015347e+00 1.027660121137517146e+00 -1.747646319600667728e-02 1.472342818320325764e-01 2.961106438280466935e-02
1.824372233193918547e+01 1.012113256889342727e+00 1.027725779260405314e+00 -1.773661759720887576e-02 1.487033774173852352e-01 2.919240258407643229e-02
1.891941575159710354e+01 1.011743331563865755e+00 1.027995137858861874e+00 -1.673755811322627865e-02 1.555269015303839264e-01 3.342823580406767414e-02
1.959510917125493989e+01 1.012376670873220474e+00 1.027476577255320933e+00 -1.771474637042433006e-02 1.473398668744899109e-01 3.277997761741388572e-02
2.027080259091285797e+01 1.012434999756451015e+00 1.026751176315158887e+00 -1.706472638598713343e-02 1.501656379741808378e-01 3.161057028350012371e-02
2.094649601057079735e+01 1.012730124658373754e+00 1.028599328639482557e+00 -1.665456819828231225e-02 1.486953918294070254e-01 3.353091471995650608e-02
2.162218943022872608e+01 1.012140836382650066e+00 1.027105573111243508e+00 -1.570456933438397693e-02 1.420555989426673105e-01 3.111287286831227253e-02
2.229788284988655178e+01 1.012029985105491914e+00 1.027182740586702447e+00 -1.743501007336448541e-02 1.486731439829803159e-01 2.806096566436466419e-02
2.297357626954450183e+01 1.011707078611836508e+00 1.028786675804550521e+00 -1.790334273577535995e-02 1.428688069167079744e-01 3.163209239863212785e-02
2.364926968920241990e+01 1.009504029133612590e+00 1.028959661175681717e+00 -1.709524489313093282e-02 1.429255748970851003e-01 3.229917283815746110e-02
2.432496310886030955e+01 1.009428916797890041e+00 1.027570989860133510e+00 -1.683856801054717245e-02 1.421866440852725122e-01 2.901365344457184844e-02
2.500065652851820275e+01 1.010586511891628847e+00 1.024763416002921090e+00 -1.682723466463869125e-02 1.412625945691561580e-01 3.226779690921453142e-02
2.567634994817608884e+01 1.012675482947049233e+00 1.026100983449773629e+00 -1.789050316652189901e-02 1.425255242453170590e-01 3.159507472493046365e-02
2.635204336783398560e+01 1.012560921452316576e+00 1.026186374039856686e+00 -1.713878624738597242e-02 1.454892656691819386e-01 3.296471062905276250e-02
2.702773678749196407e+01 1.012491361201628193e+00 1.025945109793693355e+00 -1.639408918334009369e-02 1.454627342535842749e-01 3.029090970153942158e-02
2.770343020714977555e+01 1.012987731816156645e+00 1.026853081785544131e+00 -1.684563498251672939e-02 1.475858617707486165e-01 3.281082175204944745e-02
2.837912362680776823e+01 1.012053329853088712e+00 1.027442086695520063e+00 -1.677752526070763403e-02 1.437673744537943943e-01 3.334607225115299167e-02
2.905481704646565078e+01 1.011727520658362467e+00 1.028641558625118968e+00 -1.582279681418600342e-02 1.464227327823304781e-01 3.033381501446716366e-02
2.973051046612351200e+01 1.011618354687563892e+00 1.030050803920643965e+00 -1.744066126419036716e-02 1.479414580875963448e-01 3.125548855741122622e-02
3.040620388578145850e+01 1.012825367548075617e+00 1.027385839127006095e+00 -1.556612952539941468e-02 1.455194827337935315e-01 2.931573018428985933e-02
3.108189730543931972e+01 1.011377541536855329e+00 1.027768317838122947e+00 -1.567855813675654575e-02 1.420397174529092754e-01 3.271252913079792518e-02
3.175759072509719161e+01 1.011229407382715939e+00 1.027537670324013552e+00 -1.620800813360591397e-02 1.439660781162905301e-01 2.854260490091717339e-02
3.243328414484697220e+01 1.010414908462705652e+00 1.028448872508942014e+00 -1.532565755303344664e-02 1.466183346658403441e-01 3.092594542139611574e-02
3.310897756461086061e+01 1.010912745688468561e+00 1.031916515398335621e+00 -1.615470237861869537e-02 1.463113150590770739e-01 3.103812082050713336e-02
3.378467098437486271e+01 1.011333041240487951e+00 1.028375334735760482e+00 -1.714807535620644502e-02 1.437077966238015370e-01 3.333167951157457731e-02
3.446036440413892166e+01 1.010965906718304774e+00 1.028531324719518025e+00 -1.746358134248788760e-02 1.473006245140368042e-01 3.130188627418345471e-02
3.513605782390290955e+01 1.009958133300112415e+00 1.030675696785768647e+00 -1.603976754704479132e-02 1.510786550425937402e-01 3.249460451031732644e-02
3.581175124366678375e+01 1.010354521243125525e+00 1.031089471772503652e+00 -1.640878296520535684e-02 1.484931743398112958e-01 3.339663437977627436e-02
3.648744466343078585e+01 1.010821092664630161e+00 1.030012769084290847e+00 -1.693231464744549344e-02 1.448198156881178034e-01 3.457454532957941057e-02
3.716313808319484480e+01 1.009727487500907239e+00 1.028562369144575550e+00 -1.565859945714486237e-02 1.502027281493824584e-01 3.460021576669598808e-02
3.783883150295884690e+01 1.010865189447431645e+00 1.031405576814587555e+00 -1.473697847860308378e-02 1.481686714119590242e-01 3.117488034529815322e-02
3.851452492272270689e+01 1.010034155436725367e+00 1.029334950709686947e+00 -1.634703489583548552e-02 1.500774572376101235e-01 2.821711701981104506e-02
3.919021834248671610e+01 1.010354854409879266e+00 1.029234728038701530e+00 -1.691673392047248620e-02 1.454795284123175381e-01 3.055658081942936796e-02
3.986591176225077504e+01 1.011821200028775181e+00 1.029374217463271624e+00 -1.797918324256641068e-02 1.460534896006684957e-01 3.197404159802103019e-02
4.054160518201478425e+01 1.012086927772311462e+00 1.028676042888146069e+00 -1.644560225462181682e-02 1.443001174677511211e-01 3.255264820132260095e-02
4.121729860177863003e+01 1.010690739950586670e+00 1.029440723044756201e+00 -1.933777240822676102e-02 1.438143603206087917e-01 3.075925328406820675e-02
4.189299202154265345e+01 1.011368844389335830e+00 1.030896696848749405e+00 -1.752517700695047087e-02 1.443756480544935994e-01 3.240057517131983422e-02
4.256868544130668397e+01 1.011848723631739277e+00 1.032785572439283150e+00 -1.769618048535837387e-02 1.462817843794350092e-01 3.161889420637215009e-02
4.324437886107069318e+01 1.011202852899637739e+00 1.030478569516744436e+00 -1.702818254386652408e-02 1.428814889536442478e-01 3.099337562422551512e-02
4.392007228083455317e+01 1.010742367160820665e+00 1.030112395575634388e+00 -1.679593546154928979e-02 1.453381191340235856e-01 3.069755546717473776e-02
4.459576570059856948e+01 1.011530547370153466e+00 1.028902681872902791e+00 -1.685010600054336408e-02 1.440380997215394698e-01 3.244628732449755804e-02
4.527145912036262843e+01 1.011740070314426587e+00 1.027271540174687248e+00 -1.687558151001295262e-02 1.433008528155405581e-01 3.230521624389803143e-02
4.594715254012665184e+01 1.012012915720256201e+00 1.028722028060745197e+00 -1.653594877992755480e-02 1.373595848682621634e-01 3.082623371174116056e-02
4.662284595989052605e+01 1.011856542700576123e+00 1.031220051649934799e+00 -1.687934424302327610e-02 1.454035062237399867e-01 3.036416470483834992e-02
4.729853937965454946e+01 1.011424639005507276e+00 1.031070858556469405e+00 -1.533468228778986885e-02 1.499621932870780494e-01 3.176216626590779718e-02
4.797423279941848762e+01 1.011035023809026212e+00 1.029679712899115973e+00 -1.618855884726263031e-02 1.497282789361907285e-01 2.964286670850315233e-02
4.864992621918251103e+01 1.010159342798027771e+00 1.026141606416500540e+00 -1.362416096659387760e-02 1.420338842274730951e-01 3.182955877995328337e-02
4.932561963894639234e+01 1.010544888449372403e+00 1.026520466801254194e+00 -1.605956715665882509e-02 1.410034808695898312e-01 3.130405442123107562e-02
5.000131305871042287e+01 1.010778589870089172e+00 1.026958563363575161e+00 -1.710724744607037759e-02 1.410970179076720121e-01 3.061668957717265591e-02
5.067700647847448181e+01 1.011623547946531643e+00 1.029560729657732487e+00 -1.763798703122778505e-02 1.449844564276789316e-01 3.048016327927520822e-02
5.135269989823851233e+01 1.011635398735627023e+00 1.028208123607929236e+00 -1.623658823955168723e-02 1.440737363631620360e-01 3.373539707492646811e-02
5.202839331800240785e+01 1.012074176572345552e+00 1.030826302472386935e+00 -1.501443563302460281e-02 1.452383854902525306e-01 3.358359173101842926e-02
5.270408673776644548e+01 1.011425494367980127e+00 1.029766081447017756e+00 -1.560643879058673175e-02 1.456512970819880404e-01 3.385055048864262645e-02
5.337978015753030547e+01 1.011073361766699819e+00 1.028084346270720539e+00 -1.544816379869465121e-02 1.395015138888576200e-01 3.243389916982841042e-02
5.405547357729433600e+01 1.012943987730397621e+00 1.029081474609141456e+00 -1.812728716453573113e-02 1.402281787904479105e-01 3.144496157619657006e-02
5.473116699705823862e+01 1.011601003073338667e+00 1.027667011358915472e+00 -1.649476751057636636e-02 1.452795501735384964e-01 3.385976854957187254e-02
5.540686041682227625e+01 1.010827890183322531e+00 1.028838356401562848e+00 -1.630658721115732512e-02 1.442343735116021208e-01 2.899489634146823827e-02
5.608255383658633519e+01 1.010744070212678869e+00 1.030455594445126355e+00 -1.754050573082750406e-02 1.497177198551314092e-01 3.271988368249356682e-02
5.675824725635037282e+01 1.010446836533013704e+00 1.028938155438411162e+00 -1.698580902142681273e-02 1.405147548696234483e-01 3.251241901372304427e-02
5.743394067611429676e+01 1.010850930825484495e+00 1.025980594911906296e+00 -1.634891167839911535e-02 1.408520657722569513e-01 2.765732358045864051e-02
5.810963409587832729e+01 1.011948721267997398e+00 1.025833051262334372e+00 -1.626223127730542020e-02 1.451183226627250911e-01 3.214162239919600428e-02
5.878532751564213044e+01 1.013812694501066147e+00 1.024293394123984235e+00 -1.733045806835578975e-02 1.494703090632913123e-01 3.160621783698583376e-02
5.946102093540616096e+01 1.013109341965353627e+00 1.025600053701557712e+00 -1.561797278017798205e-02 1.474418275395501243e-01 3.205657360794063326e-02
6.013671435517009201e+01 1.012058872385943387e+00 1.028618883431120512e+00 -1.618035173315023056e-02 1.434324815749047077e-01 3.482431497394499614e-02
6.081240777493412963e+01 1.012864675123359426e+00 1.027153161810442361e+00 -1.547712773675966567e-02 1.444863182412489400e-01 3.540516988367617413e-02
6.148810119469819568e+01 1.012932675875265698e+00 1.026300718498712738e+00 -1.697517470891953331e-02 1.459695981617439853e-01 3.192031135603563136e-02
6.216379461446224042e+01 1.013132782347524685e+00 1.027970713230156763e+00 -1.692434956349175845e-02 1.420520777009805224e-01 3.137441803973011617e-02
6.283948803422617146e+01 1.013493158757327262e+00 1.029616531461732265e+00 -1.669820365880188284e-02 1.460971326122710301e-01 3.205836303745904226e-02
6.351518145399020909e+01 1.013546243170974970e+00 1.029133784173576815e+00 -1.676825896222920720e-02 1.475209961169770267e-01 2.880838054270020571e-02
6.419087487359911393e+01 1.014696885381889402e+00 1.028040177356368101e+00 -1.745684217381452547e-02 1.501838448267611148e-01 3.037602935471030510e-02
6.486656829315110429e+01 1.012917431327833073e+00 1.027646574625023623e+00 -1.794120403455647800e-02 1.523720578823335170e-01 3.524466962420325089e-02
6.554226171270276780e+01 1.010830628355430472e+00 1.026705589150475273e+00 -1.742427261038691569e-02 1.463501014956228585e-01 3.170395736905372297e-02
6.621795513225475815e+01 1.011024552857402226e+00 1.020989046967881286e+00 -1.630720599852872321e-02 1.398325287791698235e-01 3.331529046430719426e-02
6.689364855180642166e+01 1.010222043109849199e+00 1.023916631720395154e+00 -1.657107138494903764e-02 1.405054919443233241e-01 3.610909422415164299e-02
6.756934197135841202e+01 1.011669896652588330e+00 1.026734172287814273e+00 -1.649622571390728029e-02 1.399901465950400825e-01 3.426544169630561798e-02
6.824503539091007553e+01 1.010652758076499458e+00 1.027262677194307416e+00 -1.554389245472492277e-02 1.378082065536725409e-01 3.064067819321104891e-02
6.892072881046208011e+01 1.011259919063796309e+00 1.026153244719153479e+00 -1.738273118357725258e-02 1.396705675347954256e-01 3.374611778088280889e-02
6.959642223001370098e+01 1.010708033757066193e+00 1.028709698884336277e+00 -1.775902365106904121e-02 1.446609943717865332e-01 3.267926237912419790e-02
7.027211564956573397e+01 1.011032209016880623e+00 1.027439165340052973e+00 -1.748627994284573245e-02 1.437968000124847101e-01 3.346499675651622152e-02
7.094780906911735485e+01 1.011129751202734628e+00 1.028035816907056477e+00 -1.735973871384142650e-02 1.472986758577496391e-01 2.903707675375437683e-02
7.162350248866938784e+01 1.011043568169121221e+00 1.026707048850901582e+00 -1.723919949568379628e-02 1.459444066721301558e-01 3.087159386107509243e-02
7.229919590822099451e+01 1.011090015224532346e+00 1.025983089133581050e+00 -1.613602405728687197e-02 1.468869202288491382e-01 3.085089350905710626e-02
7.297488932777304171e+01 1.011653378265912062e+00 1.028404980528086599e+00 -1.605179517244892384e-02 1.448936158171563182e-01 3.091849001533985078e-02
7.365058274732464838e+01 1.011782484064830401e+00 1.028837024863029637e+00 -1.595394841036736067e-02 1.427693771190533534e-01 3.162004236124012213e-02
7.432627616687668137e+01 1.010998238285474526e+00 1.030400515192666511e+00 -1.590167628638971750e-02 1.506151345315904500e-01 3.068966983598279269e-02
7.500196958642830225e+01 1.012251301128596293e+00 1.028563934774389788e+00 -1.554793661078478911e-02 1.504619537097011128e-01 2.543581435183673786e-02
7.567766300598033524e+01 1.010924461311348388e+00 1.028460482307256507e+00 -1.640846489102093519e-02 1.503895943383109501e-01 3.163988619042738815e-02
7.635335642553195612e+01 1.013427005690524130e+00 1.025960188627054848e+00 -1.763445345007906562e-02 1.522517700158641241e-01 3.354574447307757251e-02
7.702904984508398911e+01 1.012228164456793644e+00 1.028496025106900413e+00 -1.638646205588250443e-02 1.517592477985638677e-01 3.182753254317730734e-02
7.770474326463560999e+01 1.011822098837766637e+00 1.028844047069227274e+00 -1.589244733141918775e-02 1.474637168863160708e-01 3.397859414674997414e-02
7.838043668418764298e+01 1.010926589976733458e+00 1.028467266754289344e+00 -1.579735188945219013e-02 1.499032763714118754e-01 3.136485940220002516e-02
7.905613010373926386e+01 1.009869027950149434e+00 1.025979719359769060e+00 -1.689467097957618111e-02 1.444575794928912860e-01 3.340141165810361218e-02
7.973182352329129685e+01 1.010029711775717987e+00 1.025566651021107223e+00 -1.713046435955438429e-02 1.450517589389711814e-01 3.319816104708593618e-02
8.040751694284290352e+01 1.009449660764101475e+00 1.027588537330751173e+00 -1.712423380505492809e-02 1.462153295569867673e-01 3.184752455883860245e-02
8.108321036239495072e+01 1.009050021054832991e+00 1.025718710836068803e+00 -1.701300169727076178e-02 1.472960815817724867e-01 2.912532299484656140e-02
8.175890378194655739e+01 1.011126625210809094e+00 1.030847167063934977e+00 -1.702290752735234614e-02 1.476332754258311286e-01 3.006048988259625923e-02
8.243459720149859038e+01 1.012543930263149372e+00 1.029339953843873889e+00 -1.598153552935250785e-02 1.420711770848859523e-01 2.994304799013116497e-02
8.311029062105021126e+01 1.012511811543701068e+00 1.029160726968250339e+00 -1.542671332467365590e-02 1.455220602319560463e-01 2.970280382928824556e-02
8.378598404060225846e+01 1.013236101409861423e+00 1.025743602004976163e+00 -1.627787693788776413e-02 1.401646319599064439e-01 3.014277950119895882e-02
8.446167746015385092e+01 1.012627648904738331e+00 1.028584410774850078e+00 -1.544604014651446144e-02 1.475220700092994830e-01 3.243327524642167919e-02
8.513737087970588391e+01 1.012166677787124991e+00 1.029778588038532616e+00 -1.717669984510642595e-02 1.457442090966830639e-01 3.292903788799413090e-02
8.581306429925753321e+01 1.011656336856981753e+00 1.027190509774498661e+00 -1.548229313620395550e-02 1.458104300749087368e-01 3.287930077423435737e-02
8.648875771880955199e+01 1.012430535130157683e+00 1.027691166829354241e+00 -1.495730902976693914e-02 1.413878004384011566e-01 3.259743536579740725e-02
8.716445113836115866e+01 1.012955978761211240e+00 1.030780222032102955e+00 -1.630780089648559833e-02 1.504215825417506147e-01 3.356413608745932586e-02
8.784014455791313480e+01 1.012524314002468451e+00 1.030504593001630775e+00 -1.595988662867900421e-02 1.471739967082408007e-01 3.276252494587632291e-02
8.851583797746488358e+01 1.012102323956405314e+00 1.031137304815763267e+00 -1.598203956336824785e-02 1.436528194903999300e-01 3.266811436247392397e-02
8.919153139701685973e+01 1.011680719776905324e+00 1.031671800424554419e+00 -1.741766425815026789e-02 1.467653504593621483e-01 3.233589048419081152e-02
8.986722481656846639e+01 1.011045571356513628e+00 1.027904781031121706e+00 -1.680889734825867510e-02 1.411476902233183561e-01 3.441436830963479770e-02
9.054291823612042833e+01 1.011436690454323051e+00 1.030696503146900866e+00 -1.601783060437146633e-02 1.399060866706713091e-01 3.076628538279001235e-02
9.121861165567220553e+01 1.011291560567997072e+00 1.030978133841537137e+00 -1.564334613317911252e-02 1.457100157127369511e-01 2.810459901078260145e-02
9.189430507522416747e+01 1.012295145973849619e+00 1.029047337890072189e+00 -1.729648828047165854e-02 1.382290987527718396e-01 2.800158124096480475e-02
9.256999849477577413e+01 1.011378732059812213e+00 1.030128228763793841e+00 -1.659773008289062643e-02 1.461797701694566298e-01 2.871459889799783671e-02
9.324569191432770765e+01 1.012444041480552448e+00 1.031993045465358083e+00 -1.703023540647041062e-02 1.482206231711137578e-01 3.068524301125668402e-02
9.392138533387951327e+01 1.011637639282361611e+00 1.031923163752125339e+00 -1.755081574810809023e-02 1.435398691178039476e-01 2.979031721649191833e-02
9.459707875343147521e+01 1.012595452397498708e+00 1.031220407049122434e+00 -1.617794410236585156e-02 1.411320586515933950e-01 3.051043355552888331e-02
9.527277217298303924e+01 1.012646116265003560e+00 1.031092258639550119e+00 -1.788478876577030349e-02 1.438860255238031682e-01 3.007673704293546690e-02
9.594846559253500118e+01 1.011659409415891941e+00 1.026688352316167396e+00 -1.678477590330617469e-02 1.368045714732679941e-01 3.277793869705671742e-02
9.662415901208683522e+01 1.013337547324876908e+00 1.026559711295651489e+00 -1.717716474992576903e-02 1.419069863007127175e-01 3.103552896221958152e-02
9.729985243163878295e+01 1.013094497614004608e+00 1.026848730334919857e+00 -1.684102634805380999e-02 1.480943526112339093e-01 3.013965513001743909e-02
9.797554585119034698e+01 1.013212916198716673e+00 1.027996942209773445e+00 -1.836224946102539557e-02 1.464885852948836220e-01 2.892700953077540979e-02
9.865123927074229471e+01 1.012172445916889263e+00 1.031335542034978126e+00 -1.685165111007071170e-02 1.479450590132901366e-01 2.892147283353495649e-02
9.932693269029417138e+01 1.011956583774892282e+00 1.030502156807783232e+00 -1.694880809279490641e-02 1.480552848720072256e-01 3.152638127048312117e-02
1.000026261098460765e+02 1.013115690777864897e+00 1.026152851443032477e+00 -1.561421799838069897e-02 1.408562700737578666e-01 3.021458038878952618e-02
1.006783195293976547e+02 1.012234121676509613e+00 1.029288066731449680e+00 -1.778413923110348793e-02 1.447556459620135405e-01 3.141585759181848153e-02
1.013540129489495740e+02 1.012680161060049100e+00 1.029106834173362461e+00 -1.653262380208444376e-02 1.435411154394002908e-01 3.214525972026407996e-02
