0.000000000000000000e+00 1.498080917943718893e+00 1.000000000000000222e+00 1.694774311672423350e-03 -2.584890278528023839e-03 2.875017016028473798e-03
1.532323336752701992e-01 1.475350560519849807e+00 9.496207649752039792e-01 -4.056855031332622097e-03 5.763882591227383577e-03 1.309576338728242299e-03
3.058541799653771709e-01 1.450229099335541116e+00 9.026641072888516026e-01 -8.564515027968172892e-03 1.413718693223603960e-02 -8.036338740675163855e-04
4.584760262554840038e-01 1.427492577083981251e+00 8.570206003876832401e-01 -1.283497702223567773e-02 2.212224047036865163e-02 -2.711755099255246538e-03
6.110978725455926686e-01 1.405075938666366486e+00 8.136655174321587580e-01 -1.567579008550234326e-02 3.142622794647158962e-02 -1.701213180665642850e-03
7.637197188356977806e-01 1.383146025367667953e+00 7.731166021570695657e-01 -1.841377098643683791e-02 3.925816267730245640e-02 -2.552848828875706709e-03
9.163415651258071115e-01 1.362606043700498981e+00 7.349557460816835697e-01 -1.921235439088087027e-02 4.795679170777963907e-02 -2.062176458345907001e-03
1.068963411415931430e+00 1.343867759617403790e+00 6.988644551324040277e-01 -1.907787366521518715e-02 5.638219678828353815e-02 -2.172795739394756294e-03
1.220974770320900182e+00 1.325841114539661802e+00 6.648069970217935776e-01 -2.107430977023472610e-02 6.470114696968730372e-02 -8.045503185681679523e-04
1.373596616611036714e+00 1.309248808474670067e+00 6.321944173287169511e-01 -2.145530037856913444e-02 7.295035453762717392e-02 1.001139987858931006e-03
1.526218462901169914e+00 1.293509824156691357e+00 6.009233192903240539e-01 -2.139462659676232698e-02 8.170357068817610258e-02 1.671138867887345233e-04
1.678840309191304891e+00 1.277818898773819045e+00 5.721589393503681009e-01 -2.374561849536979338e-02 9.092094346244232461e-02 1.721072586730423284e-03
1.831462155481436982e+00 1.262720871191505889e+00 5.445502341682135761e-01 -2.446478057709221623e-02 9.757388911780523477e-02 4.323450406648224158e-03
1.984084001771565076e+00 1.247977036859519329e+00 5.185378678638880023e-01 -2.518971397703326232e-02 1.056261816455625335e-01 2.035097455231746864e-03
2.136705848061647650e+00 1.235872162493133031e+00 4.932694558903994442e-01 -2.467614876675947033e-02 1.122445444967571926e-01 2.616530805678253437e-03
2.289327694351718012e+00 1.222824701503898881e+00 4.699737878923470058e-01 -2.507972731175083306e-02 1.197106097975919464e-01 -1.381385950150971738e-03
2.441949540641799032e+00 1.211274201219967317e+00 4.482185290935520317e-01 -2.646757188668098434e-02 1.270151079030410746e-01 1.393988978297204832e-03
2.594571386931877388e+00 1.199205450052611921e+00 4.274416391109284730e-01 -2.700247206396739000e-02 1.348595668794684010e-01 4.704831411299681193e-04
2.747803720607124855e+00 1.189553341539297593e+00 4.076004715426806979e-01 -2.594426137291661397e-02 1.413917486273849611e-01 3.764934274986467787e-03
2.900425566897208540e+00 1.179602101516725732e+00 3.888760885962608826e-01 -2.469961037559914932e-02 1.486121766025225166e-01 3.660930899580680953e-03
3.053047413187275350e+00 1.169723019496518912e+00 3.709367200487878602e-01 -2.641499373154956171e-02 1.543624115763964078e-01 4.310483784264585068e-03
3.205669259477363475e+00 1.161800671646939787e+00 3.536810443766679191e-01 -2.602614768601541409e-02 1.587591165669302862e-01 4.941653479399986566e-03
3.358291105767438722e+00 1.154241988648697648e+00 3.373602949996788447e-01 -2.547917479420273162e-02 1.651666330027562746e-01 2.652140360293990702e-03
3.510912952057525960e+00 1.146612223107789985e+00 3.221082840237307621e-01 -2.581073728521164276e-02 1.713050648176330237e-01 1.572137353710226833e-03
3.663534798347600319e+00 1.138584290637087548e+00 3.077860669267367122e-01 -2.509600433799554636e-02 1.767641379626285203e-01 2.393204034966056430e-03
3.816156644637692441e+00 1.130743949418977934e+00 2.944188462320959654e-01 -2.465705786138751646e-02 1.831440430683431153e-01 5.653011913108832789e-03
3.968778490927816094e+00 1.123778245265691922e+00 2.812785539212321884e-01 -2.405446829346958096e-02 1.860037195180707092e-01 3.758752327738704851e-03
4.121400337217989929e+00 1.117064150620523222e+00 2.692128819335539158e-01 -2.349535258032193347e-02 1.900169121322575205e-01 6.401537543659708077e-04
4.274022183508191297e+00 1.110317049875287676e+00 2.579428240243414883e-01 -2.443640308330187472e-02 1.942462367025199199e-01 5.572015763969795235e-04
4.426033542413203570e+00 1.104836628498080620e+00 2.470455933630345269e-01 -2.407361146064136703e-02 1.956639676963259078e-01 7.982712243973101585e-03
4.578655388703406715e+00 1.099784316852672195e+00 2.366865651033017715e-01 -2.388188662960314193e-02 1.967864906057540664e-01 8.151823755975059344e-03
4.731277234993587655e+00 1.094680179289656330e+00 2.271713544470616297e-01 -2.305359048125084354e-02 1.977881611758181279e-01 6.131803237734338198e-03
4.883899081283765931e+00 1.088702244939988129e+00 2.179789846247612017e-01 -2.394084432068765630e-02 2.010557464362066615e-01 6.860872431536883115e-03
5.036520927573970852e+00 1.083619868323989266e+00 2.093440233126393490e-01 -2.460126224566017150e-02 2.004240623550261891e-01 7.782875029979238572e-03
5.189142773864145575e+00 1.079842309472454298e+00 2.008274901307576521e-01 -2.522107200053778572e-02 2.010042777349401455e-01 1.015722892023484571e-02
5.341764620154346943e+00 1.076577051728159873e+00 1.929326259381643482e-01 -2.624892498922234974e-02 2.029315023316324296e-01 8.516617260128542602e-03
5.494386466444528772e+00 1.073144720754180659e+00 1.853621557689453803e-01 -2.533358436138238162e-02 2.039191406911431137e-01 9.766317607055327935e-03
5.647008312734712376e+00 1.069053409845404312e+00 1.786936193528000094e-01 -2.388736657849975173e-02 2.019775352782907929e-01 1.140761275354875044e-02
5.799630159024903975e+00 1.064962273545862814e+00 1.720577735857695134e-01 -2.435231973917517320e-02 2.021367727961879968e-01 1.348817658274515004e-02
5.952252005315089356e+00 1.061763955351609168e+00 1.655506017974564814e-01 -2.441396343095724245e-02 2.018498503804464772e-01 1.482549368350415814e-02
6.104873851605293389e+00 1.058888812246910893e+00 1.595967647521107091e-01 -2.406145149692508547e-02 1.997849220539350823e-01 1.585075507710078518e-02
6.257495697895479658e+00 1.056431676788933238e+00 1.541598878851845045e-01 -2.319886910116478532e-02 1.961438914805344325e-01 1.840815610840991490e-02
6.410117544185644611e+00 1.053891751075495486e+00 1.488003907324129960e-01 -2.517224705489670353e-02 1.966195993379797335e-01 2.046303331080779817e-02
6.562739390475853973e+00 1.050662179005360963e+00 1.439605535355955868e-01 -2.602767492628896978e-02 1.942993686332395720e-01 2.118517918387543414e-02
6.715361236766043795e+00 1.047288517049245637e+00 1.393273866894353119e-01 -2.606651423602400833e-02 1.900337029092984131e-01 2.421784608789172635e-02
6.867983083056218518e+00 1.044574132952734935e+00 1.348061108562763621e-01 -2.627192907594096127e-02 1.845496886691035121e-01 2.452512624484875017e-02
7.020604929346409229e+00 1.042488606484947899e+00 1.303863137025501606e-01 -2.617795365820774212e-02 1.777852074458307619e-01 2.296330356862346170e-02
7.173226775636619479e+00 1.040798658013146083e+00 1.263346985257108313e-01 -2.538601057641788616e-02 1.744834600454516493e-01 2.448587587727671377e-02
7.325848621926778215e+00 1.038360336653534333e+00 1.224888937996449351e-01 -2.435924720161571078e-02 1.701456481394004183e-01 2.720987201782465795e-02
7.478470468216968925e+00 1.036829574720633307e+00 1.188031358024597139e-01 -2.376274938988119645e-02 1.669248475298850676e-01 2.736760730831948318e-02
7.631092314507175622e+00 1.034190228870837336e+00 1.153641771940117910e-01 -2.348684302613121208e-02 1.626712694297084427e-01 2.789472497128776471e-02
7.783714160797368997e+00 1.032772455027471503e+00 1.120408824380979274e-01 -2.439936500253540169e-02 1.565539299994148648e-01 2.642248157033663669e-02
7.936336007087377631e+00 1.031046605107181824e+00 1.089902459574799976e-01 -2.303292496798592381e-02 1.507273764738925048e-01 3.038036845899853844e-02
8.088957853377324980e+00 1.027903847614764832e+00 1.062559212909858497e-01 -2.272095276223202662e-02 1.457613316761831312e-01 3.104984405485204657e-02
8.241579699667298087e+00 1.026929691083203755e+00 1.034730664197352212e-01 -2.132854093954172567e-02 1.401337894272518259e-01 3.226127498002195199e-02
8.394201545957288957e+00 1.025875466175010242e+00 1.007036657794456724e-01 -2.202939903613159930e-02 1.362058534387377284e-01 3.002436254145235753e-02
8.546823392247265616e+00 1.023812126860508931e+00 9.825217001212792345e-02 -2.256335914984075597e-02 1.303938285071283010e-01 3.044946689283673305e-02
8.699445238537208525e+00 1.022722437677069163e+00 9.582250280820724109e-02 -2.179701387659378417e-02 1.237984068903108387e-01 3.027564533087775955e-02
8.852067084827183407e+00 1.021584461554577272e+00 9.360400776536037526e-02 -2.183006166117945970e-02 1.208628040630044392e-01 3.362103111555248686e-02
9.004688931117174278e+00 1.020085529915043754e+00 9.149751720075224859e-02 -2.145627643559230510e-02 1.158930749760615220e-01 3.571541780252084075e-02
9.157310777407152713e+00 1.019011288990256947e+00 8.950241472669857867e-02 -2.303296848749083331e-02 1.111163413207465755e-01 3.811057698155550372e-02
9.309932623697093845e+00 1.019203449513098381e+00 8.746853622914338433e-02 -2.391203971060485226e-02 1.078866249258663562e-01 3.604792701150948131e-02
9.462554469987070505e+00 1.018699751763028516e+00 8.560949615307245075e-02 -2.546505338158923035e-02 1.018354747666778137e-01 3.967637672903921719e-02
9.615176316277061375e+00 1.018276188902309753e+00 8.388892026511746147e-02 -2.625266964307515494e-02 9.832434437061930710e-02 4.206426645161408240e-02
9.768408649952210254e+00 1.017651767226466664e+00 8.225051722482451533e-02 -2.366691099044692867e-02 9.263532866816925893e-02 4.248125754171638846e-02
9.921030496242146057e+00 1.016714271206809128e+00 8.074657881950650373e-02 -2.327793586481193000e-02 8.589731572358302869e-02 4.338174331511154835e-02
1.007365234253212449e+01 1.015779445581781015e+00 7.937313531902197294e-02 -2.314201895175763135e-02 8.143206676996107840e-02 4.760220133116269126e-02
1.022627418882211359e+01 1.015410708425627417e+00 7.811357336129942652e-02 -2.302347399602716269e-02 7.796166416222764795e-02 4.792168573348645072e-02
1.037889603511209557e+01 1.015362535057411808e+00 7.684161386741969468e-02 -2.437812137072662561e-02 7.429642695865004698e-02 4.820439686151431480e-02
1.053151788140203315e+01 1.015316119042293685e+00 7.549643680978095073e-02 -2.441015982289261241e-02 7.129019491183238855e-02 4.933218675454976304e-02
1.068413972769201870e+01 1.014871748735601598e+00 7.433245844374207489e-02 -2.467602291723863112e-02 6.592774535200185415e-02 4.837756538226993530e-02
1.083676157398200246e+01 1.013823833007007069e+00 7.322193019918465939e-02 -2.416744591300819950e-02 6.283562973909800897e-02 4.936346199804610840e-02
1.098938342027197557e+01 1.012688024103308937e+00 7.227814086083485245e-02 -2.661999211252312827e-02 5.735797399849377337e-02 4.952587658560375639e-02
1.114200526656192736e+01 1.011057939881451428e+00 7.142452756029434024e-02 -2.674029079837837719e-02 5.372166993154957326e-02 5.097669084974839476e-02
1.129462711285189691e+01 1.009577641012759042e+00 7.056889114493011816e-02 -2.605239218487852282e-02 5.360045143438962184e-02 5.237861922966267209e-02
1.144724895914187357e+01 1.008930971478351424e+00 6.971661881758108026e-02 -2.571325012093145929e-02 5.164175130818694781e-02 5.301858027881226065e-02
1.159987080543186977e+01 1.008918495076280397e+00 6.881316718538002530e-02 -2.493975902022963279e-02 4.940767976384461552e-02 5.456711157322202688e-02
1.175249265172180380e+01 1.007607555757110029e+00 6.813247149160291116e-02 -2.503589897827471905e-02 4.544456224306527709e-02 5.627433738840817434e-02
1.190511449801179822e+01 1.007089435698731439e+00 6.739434445310328592e-02 -2.473578479650734643e-02 4.308911068910115799e-02 5.626402314757131956e-02
1.205773634430177488e+01 1.005800987884075237e+00 6.684843375606720761e-02 -2.403898178079596701e-02 4.197179892830705389e-02 5.923977622537132670e-02
1.221035819059173910e+01 1.005023563878652659e+00 6.614903634647720243e-02 -2.544474704483614541e-02 4.056332286281705279e-02 5.662757531229178909e-02
1.236298003688170866e+01 1.004829669311541718e+00 6.557012948341807423e-02 -2.578734035432455815e-02 3.752793869107607511e-02 5.456978072467738583e-02
1.251560188317166933e+01 1.005713122933888037e+00 6.483021000817591750e-02 -2.433819320432348277e-02 3.416678620218480816e-02 5.382491368996752956e-02
1.266822372946163711e+01 1.004917776656941042e+00 6.445030601840247286e-02 -2.361858033759163186e-02 3.383126506238549880e-02 5.942386233225537689e-02
1.282084557575164396e+01 1.005224524321138624e+00 6.384009733084054783e-02 -2.477678826223074157e-02 3.217157542038133478e-02 6.205980732574559178e-02
1.297346742204157266e+01 1.004903938965904242e+00 6.330659696124808777e-02 -2.461651011480191567e-02 2.919593435947422794e-02 6.036160274094285599e-02
1.312608926833157952e+01 1.004292168968030419e+00 6.290804986379483488e-02 -2.607940562799114861e-02 2.932889928007769570e-02 6.093816516883677342e-02
1.327871111462154730e+01 1.004084706594954968e+00 6.240221055893151181e-02 -2.662033029710467180e-02 2.898884509223220371e-02 6.056411054836041002e-02
1.343133296091150441e+01 1.003170086745403866e+00 6.200463157947894849e-02 -2.567831273079430876e-02 2.708612070167589966e-02 6.055442576723939901e-02
1.358395480720148818e+01 1.003260384305021402e+00 6.161964158223153659e-02 -2.487502733119471149e-02 2.432005792401897501e-02 6.170461581931721562e-02
1.373657665349144175e+01 1.002067763077437501e+00 6.130723593401359028e-02 -2.604868198693220671e-02 2.127172444569193702e-02 5.986352403326540561e-02
1.388919849978140419e+01 1.002058829448387645e+00 6.092983427807202590e-02 -2.577455655502621998e-02 2.061330173802388907e-02 6.109699159896739284e-02
1.404182034607141816e+01 1.002164279302746763e+00 6.054763107319221377e-02 -2.607591119871342442e-02 2.097094373561918940e-02 5.868627197178155619e-02
1.419444219236134153e+01 1.002277288305403191e+00 6.019516141655872898e-02 -2.774734703771094754e-02 2.142875878032793682e-02 5.970489812893145509e-02
1.434706403865136082e+01 1.002210941532699406e+00 5.985815681206173300e-02 -2.734918647752732773e-02 2.011550926926744878e-02 5.801968689964354803e-02
1.449968588494131971e+01 1.002880147793874688e+00 5.950695482531422748e-02 -2.563419556100333951e-02 1.900937642454306534e-02 5.853586082172294869e-02
1.465230773123127150e+01 1.002758842945693285e+00 5.918526730782056738e-02 -2.473498317622206677e-02 1.804756417774871363e-02 6.027577709531157374e-02
1.480492957752126237e+01 1.003293453748037134e+00 5.881363333293582185e-02 -2.449673252839705898e-02 1.807295800784415249e-02 6.353450956431913599e-02
1.495755142381121416e+01 1.003036582217869066e+00 5.858789418766554430e-02 -2.388078283960284875e-02 1.932437052677559233e-02 6.635715438992852155e-02
1.511017327010116951e+01 1.002577733007310901e+00 5.836434119070038617e-02 -2.259031102922066589e-02 1.958780697481325717e-02 6.592805498526735364e-02
1.526279511639119413e+01 1.002953672300891164e+00 5.818976341195130492e-02 -2.290009131915985222e-02 1.973389042517295633e-02 6.521686317466193761e-02
1.541541696268111394e+01 1.003115776579865059e+00 5.796695717936047043e-02 -2.267060180798621122e-02 2.021095642962134065e-02 6.286425085443679561e-02
1.556803880897113856e+01 1.003177640250387137e+00 5.774392222373076616e-02 -2.250193977314721150e-02 2.065784584314132172e-02 6.333474198996716376e-02
1.572066065526109391e+01 1.002509533400958386e+00 5.761147906436146771e-02 -2.306988324198430695e-02 2.069582262431581693e-02 6.804502609809316704e-02
1.587328250155103859e+01 1.002601039122598348e+00 5.741534953495795041e-02 -2.538932439023667068e-02 2.095927416342351426e-02 6.817709483946758631e-02
1.602590434784104190e+01 1.001231461708566917e+00 5.735444716871262311e-02 -2.499476265275892700e-02 2.079412343964485294e-02 6.969636059996782429e-02
1.617852619413098836e+01 1.001153263196674414e+00 5.717818053747086154e-02 -2.587929613248899155e-02 2.306025045704701223e-02 6.838141573025546816e-02
1.633114804042093837e+01 1.000261256509831664e+00 5.706888870833815020e-02 -2.610012767488595689e-02 2.583408753083695636e-02 6.885929717923441884e-02
1.648376988671097010e+01 9.994343729517984887e-01 5.704283951852496398e-02 -2.573011998174144083e-02 2.420445418190483866e-02 7.082964003477366932e-02
1.663639173300088459e+01 9.997212172984344392e-01 5.694936091216384888e-02 -2.577337207478217623e-02 2.646715052773400759e-02 6.857224800472087878e-02
1.678901357929091631e+01 1.000346790198175073e+00 5.672364813324690808e-02 -2.596863863585692489e-02 2.725585814742863960e-02 6.650820767563557501e-02
1.694163542558086633e+01 1.000462131499283869e+00 5.657302545988009829e-02 -2.484109715249681327e-02 2.524152064607079748e-02 7.028358448553242988e-02
1.709425727187080568e+01 1.000164711349691427e+00 5.655057526553998459e-02 -2.417458764040108371e-02 2.503581406201503545e-02 6.885469262786907130e-02
1.724687911816081609e+01 9.996005937206353664e-01 5.645172683690120180e-02 -2.425508776373258915e-02 2.553799333745646050e-02 6.467056400505419300e-02
1.739950096445075900e+01 9.992342192405583301e-01 5.633807313879112683e-02 -2.427928365763471277e-02 2.573887728720312962e-02 6.496490859871538459e-02
1.755212281074070546e+01 9.989953664593981264e-01 5.613465311072827341e-02 -2.437716909419062120e-02 2.378110343423940273e-02 6.649591919757555369e-02
1.770474465703074074e+01 9.991052323733548013e-01 5.600692482537745348e-02 -2.407600876281054333e-02 2.246072081961116018e-02 6.647892446104645969e-02
1.785736650332065878e+01 9.990290089365500004e-01 5.596923305890177947e-02 -2.506117746627991444e-02 2.445270227949399022e-02 6.944619987425995622e-02
1.800998834961069406e+01 9.994734892832631834e-01 5.585851941321420822e-02 -2.468638702089826983e-02 2.475734948044895981e-02 6.812767483956821968e-02
1.816261019590063697e+01 1.000304168125146331e+00 5.569152623270510333e-02 -2.349123170324802015e-02 2.587292092502447780e-02 6.852541865307877622e-02
1.831523204219057632e+01 1.000349060788576772e+00 5.555457171754454165e-02 -2.416439311640155435e-02 2.462968669478303452e-02 6.960947717210326513e-02
1.846785388848059029e+01 9.999094729012122373e-01 5.544471293224396968e-02 -2.411358291220280781e-02 2.616935199843757262e-02 6.556388566502448223e-02
1.862047573477053319e+01 9.984846709685257782e-01 5.539429888394100526e-02 -2.387108273988922114e-02 2.595828682949168423e-02 6.444090107593977712e-02
1.877309758106047255e+01 9.987248724528349220e-01 5.535567426038277145e-02 -2.363379121354770851e-02 2.546583200872259284e-02 6.411975078418639951e-02
1.892571942735051493e+01 9.979012878309604373e-01 5.535076982253441663e-02 -2.513410991821429796e-02 2.591666682279209974e-02 6.347544108465907886e-02
1.907834127364042942e+01 9.977524448923287270e-01 5.524382874508479424e-02 -2.352778270783202272e-02 2.493365231831552037e-02 6.412212732071743970e-02
1.923096311993046825e+01 9.973438176400495347e-01 5.518198739985086254e-02 -2.254946754372007256e-02 2.472343859571425259e-02 6.334762737886073802e-02
1.938358496622041116e+01 9.974759462656704878e-01 5.518707573930416166e-02 -2.010281782229204200e-02 2.570350657687208926e-02 6.656097024983533006e-02
1.953620681251034696e+01 9.977213766450601096e-01 5.513213806740967921e-02 -2.076474200200930167e-02 2.369779020304172909e-02 6.585414086524166155e-02
1.968882865880036803e+01 9.981866806667083480e-01 5.506260720088661936e-02 -1.994273679150317807e-02 2.368282834013062804e-02 6.809688702407634686e-02
1.984145050509030384e+01 9.982985317392687463e-01 5.498023355634091419e-02 -2.171746798485468463e-02 2.479397862160561197e-02 6.955653238002128258e-02
1.999407235138024319e+01 9.983309935648679856e-01 5.493818812638195936e-02 -2.210623546914953358e-02 2.359745298350614945e-02 6.804498428594873971e-02
2.014669419767028558e+01 9.987495939643850074e-01 5.483160871024965466e-02 -2.214747795359910815e-02 2.447536725366806012e-02 6.676966897977532067e-02
2.029931604396020361e+01 9.988328041856129325e-01 5.483182525479528280e-02 -2.347650996478403002e-02 2.369703765611002461e-02 6.698025902909454654e-02
2.045193789025024600e+01 9.991292742261308479e-01 5.473470291908638652e-02 -2.267392678280392981e-02 2.368314662919501420e-02 6.382062650696039563e-02
2.060455973654017470e+01 9.988164086776977202e-01 5.465629407057845390e-02 -2.274164687540725441e-02 2.228997388810648184e-02 6.624778811666717782e-02
2.075718158283012116e+01 9.999000603809004017e-01 5.459353348733463757e-02 -2.392906936252181191e-02 2.338138731359521230e-02 6.585813427525541441e-02
2.090980342912013867e+01 9.999485237629075485e-01 5.453405310372402837e-02 -2.375278477687848763e-02 2.511928881988162790e-02 6.682007364474321087e-02
2.106242527541008869e+01 1.000048251787251763e+00 5.451002369675290310e-02 -2.343207797654058358e-02 2.517827021128420106e-02 6.748668955541455017e-02
2.121504712170001028e+01 9.999061462891076779e-01 5.446643350199018019e-02 -2.261245967874215071e-02 2.233713103869206310e-02 6.789907098161641896e-02
2.136766896799005977e+01 9.999843228814123686e-01 5.441467786665875328e-02 -2.161524615620544210e-02 2.161912656705727159e-02 6.631966358907044612e-02
2.152029081427998847e+01 9.996604116241007976e-01 5.445572886925736933e-02 -2.144007355462035011e-02 2.340195233096329513e-02 6.831391790546698095e-02
2.167291266057000598e+01 1.000605195894100685e+00 5.439892848066122527e-02 -2.471027300992745604e-02 2.186264119514048920e-02 6.942123819174357557e-02
2.182553450685995600e+01 1.000127938215097378e+00 5.455870087342029606e-02 -2.609003581688592796e-02 2.388178124015952197e-02 6.928208068226621164e-02
2.197815635314990601e+01 1.001428525771971945e+00 5.455117534926871847e-02 -2.567116848038881669e-02 2.458132800635002765e-02 6.912029679018273642e-02
2.213077819943989510e+01 1.001514795463350094e+00 5.456277245541189813e-02 -2.342040307832836746e-02 2.531589804010585601e-02 7.011135610316730771e-02
2.228340004572984867e+01 1.001111459604298926e+00 5.454699261401179528e-02 -2.444029222153203812e-02 2.488958454208094195e-02 6.685195857198585057e-02
2.243602189201980224e+01 1.001193994919465702e+00 5.452767328058105017e-02 -2.494395682457224706e-02 2.718767159560694924e-02 6.609590175327759165e-02
2.258864373830980199e+01 1.001033263222708358e+00 5.459243552664604787e-02 -2.323797475630809753e-02 2.489238936902809021e-02 6.361128277215015447e-02
2.274126558459974490e+01 1.001122834068948197e+00 5.466794762136388541e-02 -2.339242633752209796e-02 2.554859646332613768e-02 6.504178393813575543e-02
2.289388743088979439e+01 1.000752099265045825e+00 5.477988049087320621e-02 -2.460890042291824856e-02 2.444733525085914655e-02 6.855295246902023965e-02
2.304650927717969822e+01 1.000833032930563027e+00 5.470499469379500046e-02 -2.518099070269535708e-02 2.441012345605598002e-02 7.079880104571162347e-02
2.319913112346966244e+01 1.001008152104812421e+00 5.463347180944534004e-02 -2.580503127491621390e-02 2.397643521087246612e-02 7.196031710473338450e-02
2.335175296975968706e+01 1.000716494247279043e+00 5.463888942988539416e-02 -2.575869049138094363e-02 2.492006107605788251e-02 6.784064235181436198e-02
2.350437481604965129e+01 1.001228074432231940e+00 5.449488455393020070e-02 -2.632789587117115651e-02 2.465424799859006200e-02 6.741680431505470139e-02
2.365699666233955156e+01 9.999773732910621771e-01 5.452244180957043634e-02 -2.620579718347629955e-02 2.239442155257624981e-02 6.672617291389737471e-02
2.380961850862960105e+01 1.000249606596814278e+00 5.439846385206831975e-02 -2.679433892195303216e-02 2.337726210573657162e-02 6.414352872969901476e-02
2.396224035491955107e+01 1.000121539028407280e+00 5.433728523648362341e-02 -2.594199551669684745e-02 2.197476033587643721e-02 6.607112999375579221e-02
2.411486220120953305e+01 1.000154452707411545e+00 5.429282679504304071e-02 -2.660678888246868073e-02 2.237119898769909798e-02 6.838790128554871062e-02
2.426748404749950083e+01 9.995385050970134744e-01 5.431384652425120391e-02 -2.555395207648694655e-02 2.465881967911847869e-02 7.009975902877733922e-02
2.442010589378946861e+01 9.995993491813687237e-01 5.426885940746210141e-02 -2.590357069668439149e-02 2.421089233329544455e-02 6.893916079587221468e-02
2.457272774007942573e+01 9.993399472965405206e-01 5.422628419670533911e-02 -2.496341135438040135e-02 2.689534419046426053e-02 6.814273108276056035e-02
2.472534958636939351e+01 9.989900302563782253e-01 5.423429043351130768e-02 -2.461583669961353582e-02 2.705325387871482593e-02 6.104756601203772948e-02
2.487797143265936128e+01 9.982064239158031649e-01 5.424980857086567770e-02 -2.344714887335605513e-02 2.555028075749992550e-02 6.372446571789176784e-02
2.503059327894932906e+01 9.982043002553019351e-01 5.423776442481268584e-02 -2.340028922878783363e-02 2.586598210461315411e-02 6.337047677090562603e-02
2.518321512523928618e+01 9.985786674165519905e-01 5.425271077114351970e-02 -2.338815471001785481e-02 2.359262734414702134e-02 6.254091075058734739e-02
2.533583697152934278e+01 9.993472011512646302e-01 5.418414518138521541e-02 -2.494175512017637875e-02 2.324702259513525271e-02 6.107134674021263976e-02
2.548845881781922529e+01 1.000187505597707416e+00 5.412970855751628174e-02 -2.545144794075790418e-02 2.040928488481856540e-02 6.220593751007544997e-02
2.564108066410920017e+01 1.000151015832742907e+00 5.413335901683701684e-02 -2.397041824559134962e-02 2.257918495167167069e-02 6.512917635475741485e-02
2.579370251039923900e+01 1.000096822275461372e+00 5.418592758931582015e-02 -2.289921922651687661e-02 2.284765450713312565e-02 6.573162495381876247e-02
2.594632435668921389e+01 1.000048143692879421e+00 5.424352586260602210e-02 -2.335385119090019682e-02 2.487244851741710061e-02 6.853267665311228718e-02
2.609894620297909285e+01 1.000967926445790246e+00 5.421774981268309701e-02 -2.432153940582073431e-02 2.532823190370119687e-02 6.870029706924482560e-02
2.625156804926914589e+01 1.000865313790496813e+00 5.416368044478111349e-02 -2.348432888879830455e-02 2.598045371048316593e-02 7.118674140704019104e-02
2.640418989555911011e+01 9.997632909881273289e-01 5.421877125133266195e-02 -2.431321683162053493e-02 2.654594432158393844e-02 6.864360862577992273e-02
2.655681174184906723e+01 1.000706735181648988e+00 5.422965266687179015e-02 -2.353184079093828540e-02 2.556595098340106592e-02 7.123987637419797181e-02
2.670943358813904567e+01 1.000889701564790846e+00 5.419903979570907943e-02 -2.573410284837291534e-02 2.841443020855781085e-02 7.065731620439096028e-02
2.686205543442902766e+01 1.001464897619703365e+00 5.420264116733713999e-02 -2.392756964906810058e-02 2.756356643381877025e-02 6.837798073697318180e-02
2.701467728071895635e+01 1.000990573593093069e+00 5.418210142497301152e-02 -2.381728827733413378e-02 2.682956552011994331e-02 6.757955100154779127e-02
2.716729912700893834e+01 1.000880135326715825e+00 5.417723774866336356e-02 -2.463430329612871159e-02 2.713036024346457062e-02 6.906551327166673970e-02
2.731992097329892033e+01 1.000824225025549019e+00 5.416108652327548956e-02 -2.286565343145991955e-02 2.645611521564607965e-02 6.837932249652459160e-02
2.747254281958886324e+01 1.000923281935209408e+00 5.413384591246244576e-02 -2.162444090608030278e-02 2.349228372823183170e-02 6.934642869992438396e-02
2.762516466587883102e+01 1.000059848594062606e+00 5.418189570848123277e-02 -2.258395906487814866e-02 2.415804458333662211e-02 6.835366942961230985e-02
2.777778651216889116e+01 1.000201078719369363e+00 5.422881118937062511e-02 -2.279526578498343101e-02 2.566265704255896868e-02 7.007909029908880594e-02
2.793040835845875591e+01 1.000534778517327528e+00 5.418835602625286796e-02 -2.219497835165422372e-02 2.335289718642604567e-02 7.262457740623691482e-02
2.808303020474873790e+01 9.998467151668696262e-01 5.423263947539996854e-02 -2.042541427794858019e-02 2.214407266269236355e-02 7.190279784221960402e-02
2.823565205103878739e+01 1.000221575064437873e+00 5.424155376646322413e-02 -1.959555626176879076e-02 2.390717363226454312e-02 7.138073292938784675e-02
2.838827389732877293e+01 9.999315577961982449e-01 5.419691289075483087e-02 -1.923203880136728147e-02 2.346859033400518213e-02 6.820940877169780203e-02
2.854089574361863768e+01 9.997067876744846204e-01 5.416040306018582440e-02 -1.922605121533820308e-02 2.388773452787218768e-02 6.764434680451274218e-02
2.869351758990869428e+01 1.000034602576645337e+00 5.422879241353283086e-02 -2.013781300868712487e-02 2.472701232845729916e-02 6.982378007567449640e-02
2.884613943619866916e+01 9.995622865735400708e-01 5.425040486803351519e-02 -2.114897482233345227e-02 2.552171278490722450e-02 7.157462937430927874e-02
2.899876128248859786e+01 9.995876711655540259e-01 5.425525870702907483e-02 -2.143974392614107771e-02 2.556614801120999161e-02 7.490578797351696294e-02
2.915138312877859050e+01 9.997103796208539617e-01 5.422215433295277109e-02 -2.003902908124796656e-02 2.416459121478842578e-02 7.281216981017339662e-02
2.930400497506857604e+01 9.993565573812061009e-01 5.436884374053459895e-02 -1.974615819607861492e-02 2.472766771667080435e-02 7.273193973953355485e-02
2.945662682135849053e+01 9.996656422519386576e-01 5.433582651188922225e-02 -2.073549702044938381e-02 2.479435420846802518e-02 7.499979946614704351e-02
2.960924866764848318e+01 9.998853656656003785e-01 5.426013034826956960e-02 -2.211253008028228606e-02 2.532511650870679365e-02 7.394912343577543512e-02
2.976187051393847582e+01 1.000121362277486048e+00 5.420499986904905171e-02 -2.293565337480079486e-02 2.250380623223923945e-02 7.116905364444882365e-02
2.991449236022839386e+01 9.997034285917887342e-01 5.423573784368335149e-02 -2.489460424246097911e-02 2.082914016086573686e-02 7.121385614930422769e-02
3.006711420651837585e+01 9.996870221946224655e-01 5.421376829348750759e-02 -2.552131063848343123e-02 2.199746102859598956e-02 7.031683991686826785e-02
3.021973605280844311e+01 1.000297042886991061e+00 5.418032894141514705e-02 -2.471732711554533446e-02 2.176468668963909767e-02 7.161904615332102819e-02
3.037235789909828654e+01 9.998135734356869975e-01 5.424245800007418405e-02 -2.603786620840237501e-02 2.308786475925642470e-02 7.142536029455255620e-02
