0.000000000000000000e+00 1.509089586848278319e+00 1.000000000000000000e+00 2.300139543822010517e-03 4.594451802288923603e-04 -1.545699385267307411e-04
8.114061571192598965e-02 1.438728035177692988e+00 1.080155564922809175e+00 3.104835682641067171e-03 2.433937251836894647e-02 1.873165918673292893e-02
1.619579620385440122e-01 1.370294195500931789e+00 1.161144051528625987e+00 5.518878885518483692e-03 4.799750680189629470e-02 3.389564967023875330e-02
2.427753083651620070e-01 1.312744241293308800e+00 1.241704598834296291e+00 7.259389453753564876e-03 6.758855741276632856e-02 4.392866920321096547e-02
3.235926546917809454e-01 1.263616856917810782e+00 1.320900618293713302e+00 7.573232319708418647e-03 8.448310319172346039e-02 5.085977314427510276e-02
4.044100010183979688e-01 1.220167193660086191e+00 1.401035997708826919e+00 7.159731207383676979e-03 1.004310262572797041e-01 5.525434311566369827e-02
4.852273473450172125e-01 1.184590891287523151e+00 1.488468174446586634e+00 8.813023071379925966e-03 1.098069116568216458e-01 5.862251249244199852e-02
5.660446936716444499e-01 1.152711451820165545e+00 1.572721462144163418e+00 9.501692176955839689e-03 1.228540450251724564e-01 6.197314930858799364e-02
6.465387706129677170e-01 1.124965383231624427e+00 1.656890347177507161e+00 9.007205838645759507e-03 1.341191713434058963e-01 6.435377420844440310e-02
7.273561169396014492e-01 1.100299748792084031e+00 1.738266485324708732e+00 7.745206397999385324e-03 1.320641768296391405e-01 6.618107595724898040e-02
8.081734632662334050e-01 1.078174324371584669e+00 1.823896572144636519e+00 8.792950979441672629e-03 1.372068688229524103e-01 6.770981098217693228e-02
8.889908095928662490e-01 1.059937212095083403e+00 1.909201907338208049e+00 8.680775541197100972e-03 1.372488722901854252e-01 6.873481319346844143e-02
9.698081559194976498e-01 1.043432408312909399e+00 1.991180375802816815e+00 7.926064025936624402e-03 1.441641595607263404e-01 6.949603469494902708e-02
1.050625502246126830e+00 1.029997244605609596e+00 2.073075469803212556e+00 8.869333951965348642e-03 1.486795750036938313e-01 6.983581829199507485e-02
1.131442848572731918e+00 1.018324989532735092e+00 2.154187212813433838e+00 8.232078537698429496e-03 1.521638612682508773e-01 6.976959792083707590e-02
1.212260194899330568e+00 1.008378218471503107e+00 2.235746166130995860e+00 9.995632494360483927e-03 1.525825988197805350e-01 6.929734647009815063e-02
1.293077541225934768e+00 9.997288951635224796e-01 2.310554333979592645e+00 9.902470334488183701e-03 1.557353061760624047e-01 6.760711929286029875e-02
1.373894887552537858e+00 9.920320619193834233e-01 2.385290778635832165e+00 1.030392845545236198e-02 1.629982500977439908e-01 6.622248405172258268e-02
1.455035503264451746e+00 9.866333972518129825e-01 2.459402050433562970e+00 1.007285621156039056e-02 1.670627600984699868e-01 6.641253320637899304e-02
1.535852849591057501e+00 9.806830157495590727e-01 2.527224064777884305e+00 9.337469339268555241e-03 1.695736890655900886e-01 6.574820096151372251e-02
1.616670195917654151e+00 9.759757252034724218e-01 2.589518591555683535e+00 1.012414446353108143e-02 1.681483016781447348e-01 6.503141398156266073e-02
1.697487542244262126e+00 9.716676466441028781e-01 2.650188004043764867e+00 1.034924409055251217e-02 1.701618708892051746e-01 6.196566987593921105e-02
1.778304888570863440e+00 9.687370664993598668e-01 2.715245962774693655e+00 9.672756454359089651e-03 1.728391922407817305e-01 6.255298771776884870e-02
1.859122234897470971e+00 9.672208568535696216e-01 2.780180956075273269e+00 9.187792320143021649e-03 1.805786498660382211e-01 6.105153376403970461e-02
1.939939581224071841e+00 9.659061498653194189e-01 2.839209879539943415e+00 9.022223625748301487e-03 1.799225978967267936e-01 5.966667201744099008e-02
2.020756927550682036e+00 9.658552493853018728e-01 2.893801713537095033e+00 9.392749115092776171e-03 1.814685159465344033e-01 5.887364821995363234e-02
2.101574273877309107e+00 9.640747531516367097e-01 2.943630134990955938e+00 9.505069070490871491e-03 1.822560260584623337e-01 5.596488359475974145e-02
2.182391620203962379e+00 9.632279937085265198e-01 2.991557617477376141e+00 7.961943367644224931e-03 1.804368927406143908e-01 5.434830494472962098e-02
2.263208966530630306e+00 9.633953960423095042e-01 3.039619774568768307e+00 7.848303886529050741e-03 1.841415986060886967e-01 5.542939486310429625e-02
2.343703043471976777e+00 9.650870152127479784e-01 3.091776242430790855e+00 8.292013519793150350e-03 1.852745147605222575e-01 5.383685621937576993e-02
2.424520389798645592e+00 9.658797931583834595e-01 3.131422728459082094e+00 8.124230700961092635e-03 1.859465841251897178e-01 5.440346524236346071e-02
2.505337736125302861e+00 9.658149846624497492e-01 3.161725316616416315e+00 9.245097606576936980e-03 1.830857318618273888e-01 5.493429066866780536e-02
2.586155082451958798e+00 9.668304509978881134e-01 3.203319480061279645e+00 9.251483661370163078e-03 1.828134835759025745e-01 5.312315931552000214e-02
2.666972428778628501e+00 9.665985384086325238e-01 3.231964737660664611e+00 8.844054355686130353e-03 1.903226198921997292e-01 4.940024523794438183e-02
2.747789775105282217e+00 9.684517183298068099e-01 3.268621914500412728e+00 1.212145536861367230e-02 1.915457958048493170e-01 5.056096677928739042e-02
2.828607121431950588e+00 9.688690634304644167e-01 3.298188765070498629e+00 1.242388756885989994e-02 1.863596697127752611e-01 4.993974958680610921e-02
2.909424467758607857e+00 9.694555820206750552e-01 3.328210642595180957e+00 1.300715205914663823e-02 1.867237647306195791e-01 4.865406942600786905e-02
2.990241814085266903e+00 9.707662345287652039e-01 3.357217695758212717e+00 1.242565155210243258e-02 1.863018743322569781e-01 4.773958533940413779e-02
3.071059160411929945e+00 9.727057311073188384e-01 3.385135060790266159e+00 1.442272175529314172e-02 1.909812027768765241e-01 5.198392807108590669e-02
3.151876506738588990e+00 9.736171531877851892e-01 3.411507362599631499e+00 1.328079251325646297e-02 1.914809611607850570e-01 5.034662931008487136e-02
3.232693853065258693e+00 9.742986851383936830e-01 3.426138333136531600e+00 1.500898296615139210e-02 1.915299435675607564e-01 4.922432386697038476e-02
3.313511199391919071e+00 9.762882891976488731e-01 3.452039147780944450e+00 1.497888969082974801e-02 1.918754403039263368e-01 4.786599015371159616e-02
3.394328545718567458e+00 9.778189262043207597e-01 3.470567034842264587e+00 1.527293866588486614e-02 1.939591175763920594e-01 4.965409101264399439e-02
3.475145892045239826e+00 9.784513888732566667e-01 3.486046609348598224e+00 1.520637024946336520e-02 1.970528366947423837e-01 5.006767036148430938e-02
3.555963238371901536e+00 9.796926349833411374e-01 3.504013168195081906e+00 1.409482728903442561e-02 2.002696691784124627e-01 5.262779205625953832e-02
3.636780584698555696e+00 9.813384508634327430e-01 3.520352105438804280e+00 1.304822243848050185e-02 2.018883797648955980e-01 5.424817968737137563e-02
3.717597931025217850e+00 9.823554555688097656e-01 3.537621563518211776e+00 1.411336911348175585e-02 2.022657170896089984e-01 5.917516406499655907e-02
3.798415277351890662e+00 9.842134693015404112e-01 3.551334720184821325e+00 1.567835333795046873e-02 1.974710553229417354e-01 5.644533622160585046e-02
3.879232623678535941e+00 9.860642164944788401e-01 3.563983074986795785e+00 1.592279057075774579e-02 2.009488470094835944e-01 5.373609687584923050e-02
3.960049970005198539e+00 9.865295780263666492e-01 3.567296546086306197e+00 1.567459449283466547e-02 2.052561960634169125e-01 5.335044606583821264e-02
4.040867316331869574e+00 9.867647766945569776e-01 3.566964922145615002e+00 1.421250330219207478e-02 2.012410049379493859e-01 5.243284401568042152e-02
4.121684662658533504e+00 9.868681053013224069e-01 3.575449299281606041e+00 1.510370284782381299e-02 2.026801564730861815e-01 5.301821770962887592e-02
4.202502008985098847e+00 9.886044561357310023e-01 3.590470802478855639e+00 1.429872509011150157e-02 2.024270012948402586e-01 5.062081060363613633e-02
4.283319355311632215e+00 9.889302098954958486e-01 3.593700861686697223e+00 1.251869692435118517e-02 2.053608226484013866e-01 4.925200657008985128e-02
4.364136701638179794e+00 9.889043489556155198e-01 3.596186775536499791e+00 1.356557465774239392e-02 2.051002821584442803e-01 4.905344923146921082e-02
4.444954047964736255e+00 9.906831805956579640e-01 3.607128853418540171e+00 1.202047868977871095e-02 2.075545039885155485e-01 5.019813180179506090e-02
4.525771394291284722e+00 9.902298689579069890e-01 3.602331162843696255e+00 1.403770117068104707e-02 2.053992884147012865e-01 5.108093691141028792e-02
4.606588740617816313e+00 9.908208919331086273e-01 3.606728965884460347e+00 1.554709855893163933e-02 2.054575642827955184e-01 4.889051545868560583e-02
4.687406086944364780e+00 9.918440733555056177e-01 3.613239160170634623e+00 1.346082881601760699e-02 2.083572166213129850e-01 5.038071960176090242e-02
4.768223433270921241e+00 9.921353937682307889e-01 3.619147529446007372e+00 1.332808838661833292e-02 2.076975595512505213e-01 4.694214227873679673e-02
4.849040779597471484e+00 9.922672530353126019e-01 3.620615092907527810e+00 1.269500675300917758e-02 2.092089003691560700e-01 5.060125944310844837e-02
4.929858125924001300e+00 9.929310843410905640e-01 3.619299394840918893e+00 1.261284033936808761e-02 2.078467997394535804e-01 5.381555124609056079e-02
5.010675472250549767e+00 9.931092281527053034e-01 3.624020716712687218e+00 1.307282126352179476e-02 2.101508343182323657e-01 5.028834531375602629e-02
5.091492818577106227e+00 9.934871556703223083e-01 3.621674151096069050e+00 1.442476676895805554e-02 2.088886401817166005e-01 5.215036564189173135e-02
5.172633434288968601e+00 9.931958124627978668e-01 3.615488070737293835e+00 1.473461987446728592e-02 2.091017762295698523e-01 5.105567115998626421e-02
5.253450780615495752e+00 9.920816538499596104e-01 3.608731884699381887e+00 1.393367462506880407e-02 2.094021539038054824e-01 5.226014840978976395e-02
5.334268126942045996e+00 9.926645005509996400e-01 3.616426176609870868e+00 1.381400774011917916e-02 2.067725851533923631e-01 5.470276698534910081e-02
5.415085473268601568e+00 9.937127993292370620e-01 3.621341474603946065e+00 1.655781198755587602e-02 2.037085010617886716e-01 5.311608429347967203e-02
5.495902819595153588e+00 9.930873036728687930e-01 3.613375305335275289e+00 1.604433002590496468e-02 2.072690061642197545e-01 4.802605287002108952e-02
5.576720165921681627e+00 9.929239811055990961e-01 3.608966078900876173e+00 1.842310134343787958e-02 2.042938779692194118e-01 4.707377027501747496e-02
5.657537512248235423e+00 9.922815371214951385e-01 3.608117457281818208e+00 1.858207223308321054e-02 2.050766144584567074e-01 4.809522178310172980e-02
5.738354858574787443e+00 9.927282112821098625e-01 3.612891942011557500e+00 1.935110961458438861e-02 2.066915329561447578e-01 4.637171895610093381e-02
5.819172204901335022e+00 9.929958133011854704e-01 3.612275713740806804e+00 1.745781047135185407e-02 2.099178387604516971e-01 4.459922894274410965e-02
5.899989551227871054e+00 9.925961253442636689e-01 3.613257111759784923e+00 1.419450135876530739e-02 2.084702871750541420e-01 4.817119090507634982e-02
5.980806897554416857e+00 9.937400334648804900e-01 3.617561828208218255e+00 1.451865677312051510e-02 2.081438873291928116e-01 4.803372933659495747e-02
6.061624243880965324e+00 9.939546150584929185e-01 3.624803099824894570e+00 1.442197196995069312e-02 2.067698052697630184e-01 4.808794065110013477e-02
6.142441590207525337e+00 9.942306324376098958e-01 3.629317136791082810e+00 1.378473046389409179e-02 2.067099584139500124e-01 4.813146227070071170e-02
6.223258936534050711e+00 9.936936666096450876e-01 3.623020022583018473e+00 1.345922101393278933e-02 2.069214546905722707e-01 4.680270197381929814e-02
6.304076282860609837e+00 9.937382332991738787e-01 3.626885581459515784e+00 1.409855362547639268e-02 2.066280255092156071e-01 5.075694217397980906e-02
6.384893629187159192e+00 9.931750158353590541e-01 3.621483400397929042e+00 1.433085760072743547e-02 2.072274876635147589e-01 4.703755050979543245e-02
6.465710975513701442e+00 9.932606715177664247e-01 3.617164219538425929e+00 1.516391023665313725e-02 2.077891627068021996e-01 4.695450370362379972e-02
6.546528321840246356e+00 9.933416419999095970e-01 3.625059355283672513e+00 1.467599453570468324e-02 2.082242314821059759e-01 4.619185819618229494e-02
6.627345668166786830e+00 9.939588566005406189e-01 3.628663742549662619e+00 1.400477331399330866e-02 2.048837844397212171e-01 4.719891901081478547e-02
6.708163014493331744e+00 9.939544667147849344e-01 3.632057173636058955e+00 1.396348387851217149e-02 2.040694271314541508e-01 4.628446769844082181e-02
6.788980360819896198e+00 9.952987602126338595e-01 3.635813593861342508e+00 1.176148527570686220e-02 2.059023533125928784e-01 4.756411986257589458e-02
6.869797707146419796e+00 9.951206340050958721e-01 3.637060951224639460e+00 1.328395019626029717e-02 2.069601524389601266e-01 4.503988534041988845e-02
6.950615053472985139e+00 9.944032101684744385e-01 3.633742536468017814e+00 1.304600086103227703e-02 2.084479146177745656e-01 4.597534029245856774e-02
7.031432399799530053e+00 9.956749393289521244e-01 3.630369235110868065e+00 1.528803784985899826e-02 2.040580601348037926e-01 4.456039300619787230e-02
7.112249746126067862e+00 9.958074421113195518e-01 3.631440568196746987e+00 1.622096128270599999e-02 2.022311128391686141e-01 4.519297279638793963e-02
7.193067092452620770e+00 9.965522869259485494e-01 3.638168225256742883e+00 1.425943999342996552e-02 2.035047653945066537e-01 4.518785222254076417e-02
7.273884438779157691e+00 9.976955998504956069e-01 3.644359459444053595e+00 1.501829368955725878e-02 2.069208323789875625e-01 4.323376235086286157e-02
7.354701785105699052e+00 9.976524712027520225e-01 3.641192239438247658e+00 1.637989288898038243e-02 2.119987339899784828e-01 4.222918610537852030e-02
7.435519131432267947e+00 9.978466573901149106e-01 3.639810533465096754e+00 1.713698757980613649e-02 2.095854209561556214e-01 4.357816794750731665e-02
7.516336477758789769e+00 9.980033702288951813e-01 3.633945818353897295e+00 1.618903561095004148e-02 2.075007147491334802e-01 4.170622274083145981e-02
7.597153824085360441e+00 9.971133756385399671e-01 3.622571724671075799e+00 1.602675602924777051e-02 2.074150881548242620e-01 4.136954795247352323e-02
7.677971170411900026e+00 9.981633400609195572e-01 3.624840371352352708e+00 1.468010585453015382e-02 2.083360213698593477e-01 4.332555535664244645e-02
7.758788516738436059e+00 9.990176250940336899e-01 3.627406520544639523e+00 1.551600814237154985e-02 2.119436625228035276e-01 4.606196930217826974e-02
7.839605863064993407e+00 9.997082545276033683e-01 3.635607282548378727e+00 1.685583741826732901e-02 2.136981981047389179e-01 4.437913047941161038e-02
7.920423209391528552e+00 9.999579052220791686e-01 3.637102884340977393e+00 1.618674083405437572e-02 2.170988647965331475e-01 4.331221430581454201e-02
8.001240555718066361e+00 1.000731712504306703e+00 3.639673990960984540e+00 1.465710569200491531e-02 2.136209790944372522e-01 4.671632127365236975e-02
8.082057902044640585e+00 1.001812709671674240e+00 3.645217479890756618e+00 1.678122332591519203e-02 2.117088942070853297e-01 4.370387342077725057e-02
8.162875248371159742e+00 1.001919844511420354e+00 3.638779677254359246e+00 1.647467171738740965e-02 2.135145973837602462e-01 4.481000406037560085e-02
8.243692594697733966e+00 1.002383765624979883e+00 3.644759694827219398e+00 1.665562472254799101e-02 2.098720419727354292e-01 4.301278214269337041e-02
8.324509941024272663e+00 1.003523497254322994e+00 3.645657442868648790e+00 1.774570666428536281e-02 2.101391962326453478e-01 4.303894425769444476e-02
8.405327287350804255e+00 1.004314769194589285e+00 3.652523769829790989e+00 1.605541477086826208e-02 2.109623562543155861e-01 4.218562435589066212e-02
8.486144633677366045e+00 1.003311223456751611e+00 3.651801389066331005e+00 1.445263470217395853e-02 2.112140593692181101e-01 4.264883046009997070e-02
8.566961980003899413e+00 1.002984306980904572e+00 3.650984212205109714e+00 1.315305006232236201e-02 2.098562387838578125e-01 4.502799604572942094e-02
8.647779326330434557e+00 1.003568390676360389e+00 3.653912730133409337e+00 1.229251436711438841e-02 2.115795793652657242e-01 4.539434557241319584e-02
8.728596672657012334e+00 1.003144208842268181e+00 3.655404407305393732e+00 1.219944777538979619e-02 2.136628839080385311e-01 4.202006884586440699e-02
8.809414018983529715e+00 1.003285171377185536e+00 3.658721359279964336e+00 1.296162413294863272e-02 2.171132465156536684e-01 4.454382720167734955e-02
8.890231365310107492e+00 1.003403487926141091e+00 3.652760140796405430e+00 1.476215392121874373e-02 2.148670605055749694e-01 4.569568813400277929e-02
8.971048711636642636e+00 1.003805947433238588e+00 3.657088647573411233e+00 1.486747842292153454e-02 2.152475262399235201e-01 4.370267899840567238e-02
9.051866057963172452e+00 1.003358092079864150e+00 3.651941292597546962e+00 1.597168506885984773e-02 2.161685890827295675e-01 4.337255867792915581e-02
9.132683404289737794e+00 1.003450857908780636e+00 3.646994486091057919e+00 1.461038614616857675e-02 2.183589751054986206e-01 4.133942625187272957e-02
9.213500750616269386e+00 1.002416805801128685e+00 3.641801558826140539e+00 1.653448220087959386e-02 2.138210881209877401e-01 4.316317917780542607e-02
9.294318096942802754e+00 1.002478914067215676e+00 3.647306524385068194e+00 1.710678335367107200e-02 2.217939814181458802e-01 4.376892553232354655e-02
9.375135443269382307e+00 1.001924754085719904e+00 3.645355431292260473e+00 1.614977883082006210e-02 2.260151392968373640e-01 4.514515659001500786e-02
9.455952789595899688e+00 1.002134720417778846e+00 3.647647803194177030e+00 1.598849188637159469e-02 2.233589926144624316e-01 4.605615051614128652e-02
9.536770135922481018e+00 1.003209010763552289e+00 3.650578478614069144e+00 1.587043072149025777e-02 2.223908916675960967e-01 4.683031285049809450e-02
9.617587482249012609e+00 1.003252501057844581e+00 3.657040471951801042e+00 1.550150415957704010e-02 2.251382060333623480e-01 4.499758628498980867e-02
9.698404828575540648e+00 1.003944332837541920e+00 3.660320881756821798e+00 1.607748319114078728e-02 2.207705359478479568e-01 4.523382047486917273e-02
9.779222174902111320e+00 1.003903137495964382e+00 3.661970079951724966e+00 1.408264135969179882e-02 2.239969981346539574e-01 4.720566235001513733e-02
9.860039521228641135e+00 1.003106490987836663e+00 3.655498537090180911e+00 1.370674360593246606e-02 2.261107471339991459e-01 4.907328077574327901e-02
9.940856867555170950e+00 1.002709883027695481e+00 3.646467091536449878e+00 1.431585410042442164e-02 2.259632604516795540e-01 5.185856279170939637e-02
1.002167421388175406e+01 1.002238969933292312e+00 3.642537045815883889e+00 1.488906639282962414e-02 2.208672063346203696e-01 5.250451636839478103e-02
1.010249156020827144e+01 1.001073887276418661e+00 3.636985835276393075e+00 1.737120256358955922e-02 2.160340290675119013e-01 5.315207149640187312e-02
1.018330890653485099e+01 1.000130383655931210e+00 3.634063098131369962e+00 1.736146223671502717e-02 2.157028951117377635e-01 5.234182025837367386e-02
1.026412625286138258e+01 9.996960273375418149e-01 3.629678068800187507e+00 1.695482496664093772e-02 2.161725252418671139e-01 5.004555604877463509e-02
1.034494359918791062e+01 9.999469186963381162e-01 3.639600972205244034e+00 1.541399508315252805e-02 2.130750006601045410e-01 5.021812616401000184e-02
1.042576094551448307e+01 9.994900571750099383e-01 3.641552856282565642e+00 1.685972889625313512e-02 2.100309834134818365e-01 5.042654190742865833e-02
1.050657829184101111e+01 1.000486303590625070e+00 3.646707421712404251e+00 1.653577257167359454e-02 2.060885222257667349e-01 5.014106359264291352e-02
1.058739563816753915e+01 1.000598441145531758e+00 3.644004299896807186e+00 1.745468099645604287e-02 2.052551554746141482e-01 4.971672588258480713e-02
1.066821298449412403e+01 1.000386849538087208e+00 3.637876062036473179e+00 1.643287175314291082e-02 2.022591438383113394e-01 4.632815849656479051e-02
1.074903033082064141e+01 9.997659790182022999e-01 3.633286345066210732e+00 1.615784316666291423e-02 2.001898763694208716e-01 4.917948519388046918e-02
1.082984767714722629e+01 9.995060383164662277e-01 3.632038630974914639e+00 1.556015845910251570e-02 1.999767169442245862e-01 4.960228287204744568e-02
1.091066502347375078e+01 9.991205239872235078e-01 3.635342505984018313e+00 1.453577093022379724e-02 2.060561620237662261e-01 4.536182794041989513e-02
1.099148236980028237e+01 9.981473195202564819e-01 3.625349933152248738e+00 1.599746115608027819e-02 2.100913912701296848e-01 4.201803761794616066e-02
1.107229971612685482e+01 9.996449200104835509e-01 3.639877592835893960e+00 1.566358879066606646e-02 2.124284174243024348e-01 4.456434086041657222e-02
1.115311706245338819e+01 9.996204853121910539e-01 3.645802882194680627e+00 1.600540744319901842e-02 2.143055209895302904e-01 4.131375729801679830e-02
1.123393440877990734e+01 9.999940956767784384e-01 3.648968995375708957e+00 1.638248802771270426e-02 2.162822408594526624e-01 4.324270336290794020e-02
1.131475175510649400e+01 9.997332540497371189e-01 3.645479488375347188e+00 1.746221136111418895e-02 2.145350046399018829e-01 4.774332984983721551e-02
1.139556910143301849e+01 1.000564245748588821e+00 3.653339597607289324e+00 1.496247916826737301e-02 2.106587836341002884e-01 4.447140567265062822e-02
1.147638644775958916e+01 1.000739511020546590e+00 3.654293998185042636e+00 1.567612551790024261e-02 2.071278846956523256e-01 4.322992732092093698e-02
1.155720379408612430e+01 1.000882402569844398e+00 3.656386468256917599e+00 1.498523859570331448e-02 2.080548540724539153e-01 4.396971485140074853e-02
1.163802114041265945e+01 1.001290840121721537e+00 3.665302476050359637e+00 1.625644599750232164e-02 2.110482415206446083e-01 4.522207372006561976e-02
1.171883848673921591e+01 1.000775140733506152e+00 3.659527629800249926e+00 1.571263931075562656e-02 2.149146972922336141e-01 4.078790067278952047e-02
1.179965583306575283e+01 1.000622794241188718e+00 3.661731465001097696e+00 1.422182989501292322e-02 2.139831976795934787e-01 4.331715945037029752e-02
1.188047317939228975e+01 1.001239851329557284e+00 3.663626543045828132e+00 1.489547748883737407e-02 2.126322829210561538e-01 4.473853075898008569e-02
1.196129052571884976e+01 1.001145642860343354e+00 3.663201061778304624e+00 1.313638524231203371e-02 2.116183657356665582e-01 4.493361755324307844e-02
1.204210787204538136e+01 1.002561771486991216e+00 3.668046221820599584e+00 1.625889144280053683e-02 2.164179108259750017e-01 4.398920725585034330e-02
1.212292521837196979e+01 1.002876469386143832e+00 3.670853973781485813e+00 1.692940307003204178e-02 2.153491283911527221e-01 4.718079272223597853e-02
1.220374256469848007e+01 1.002794267219099700e+00 3.668604796137718616e+00 1.615972926013468230e-02 2.139449074206792034e-01 4.690984226960460274e-02
1.228455991102502054e+01 1.002409735417891135e+00 3.662591420839933942e+00 1.627403309135848353e-02 2.129167530950693832e-01 4.718973227743765431e-02
1.236537725735159654e+01 1.002321766635330125e+00 3.664797891128656282e+00 1.557183366891696542e-02 2.116242527327442113e-01 4.983005292680346698e-02
1.244619460367813879e+01 1.001729686599111879e+00 3.656876043064121617e+00 1.696926449335064632e-02 2.156736541238536697e-01 4.619233337283903257e-02
1.252701195000464729e+01 1.002894144460225956e+00 3.661506881987986795e+00 1.628272720895115183e-02 2.181063955711183278e-01 5.022129223501568818e-02
1.260782929633123572e+01 1.001351393666132905e+00 3.652022373895990714e+00 1.698085735081355033e-02 2.171925837462837516e-01 5.230245609891089054e-02
1.268864664265776909e+01 1.000772329228609703e+00 3.653450943758322023e+00 1.590746690272590649e-02 2.188068125179269685e-01 5.056217657398463794e-02
1.276946398898432022e+01 1.001541962441055311e+00 3.649626931377290440e+00 1.655584884744514679e-02 2.231796690436830544e-01 5.269509567657841564e-02
1.285028133531086603e+01 1.000964528821566724e+00 3.649617018092040421e+00 1.440782149742103613e-02 2.199324753549490863e-01 5.105553912926703852e-02
1.293109868163741005e+01 1.000698052665795368e+00 3.654110687164884297e+00 1.509756451621145634e-02 2.232636678429501531e-01 5.141167862338830857e-02
1.301191602796394875e+01 1.001012802422331038e+00 3.661020549357125287e+00 1.450500072718470708e-02 2.193689954814318221e-01 5.204375670312273716e-02
1.309273337429049278e+01 1.000488949604953159e+00 3.658239238476310717e+00 1.516586719248316263e-02 2.161165070568805413e-01 5.145521051755036490e-02
1.317355072061703858e+01 9.994027072519402477e-01 3.655102688605967209e+00 1.655987952077507541e-02 2.138789795219554202e-01 4.977241344648735549e-02
1.325436806694358260e+01 9.997677304650709473e-01 3.659482500406154859e+00 1.591226271324910901e-02 2.168196717855021549e-01 4.768991554745784234e-02
1.333518541327012130e+01 9.994646255413909275e-01 3.647201683656851490e+00 1.580672656762243874e-02 2.102294832256602630e-01 4.798496591225547697e-02
1.341600275959671151e+01 1.000833022609180611e+00 3.657494212847207216e+00 1.733372280354583336e-02 2.125930235552452863e-01 4.755318344340125902e-02
1.349682010592321291e+01 1.000416182486040251e+00 3.650020395176808652e+00 1.824828389418918853e-02 2.126609583574523288e-01 4.732974320637908794e-02
1.357763745224975871e+01 9.990713958763925984e-01 3.649183919422475331e+00 1.710830169100640424e-02 2.127288725282993620e-01 4.758424959775269664e-02
1.365845479857634182e+01 9.970542198612036833e-01 3.641067126665034515e+00 1.723520836712965493e-02 2.146082900441200481e-01 4.981242734075605472e-02
1.373927214490288939e+01 9.966172106889072957e-01 3.639984214997654899e+00 1.679594282521353413e-02 2.154696482609160246e-01 4.867734674465008099e-02
1.382008949122938724e+01 9.969469601043953189e-01 3.638840364526187532e+00 1.721163148817640362e-02 2.128727063907364658e-01 4.668606081388879114e-02
1.390090683755597745e+01 9.959770023674854311e-01 3.633194667977323711e+00 1.709013748853541181e-02 2.065376301457346464e-01 4.705526825779540734e-02
1.398172418388251970e+01 9.966003632993407635e-01 3.637927283067408091e+00 1.867968095490244937e-02 2.051683803873853296e-01 4.681393765328805551e-02
1.406254153020905662e+01 9.965904985398170712e-01 3.641167205620614133e+00 1.745379350414372546e-02 2.051458955517783955e-01 4.619788597665414054e-02
1.414335887653560597e+01 9.955268898147495715e-01 3.635252465836484426e+00 1.744711102168502309e-02 2.092808543271699184e-01 4.224753744736668704e-02
1.422417622286215888e+01 9.967458252728075285e-01 3.648440016908499395e+00 1.690410806304954924e-02 2.081386081955153011e-01 4.523132928246550305e-02
1.430499356918868337e+01 9.966515477354029873e-01 3.650255835086110068e+00 1.671250971519677719e-02 2.073386521268885951e-01 4.532807102433530910e-02
1.438581091551523450e+01 9.972472690980052068e-01 3.647642764998308085e+00 1.727219085547060037e-02 2.086839225789867414e-01 4.603123952706049404e-02
1.446662826184178563e+01 9.964825911804922054e-01 3.636721204319369960e+00 1.666969783628669335e-02 2.070114290675953983e-01 4.419900884278298719e-02
1.454744560816831722e+01 9.957721792257117066e-01 3.632676532474121256e+00 1.523484206403592778e-02 2.040153024738032284e-01 4.476641819077500223e-02
1.462826295449486302e+01 9.954670790303592476e-01 3.634096814284437649e+00 1.508021684818742873e-02 2.011839800928688637e-01 4.828469807853982831e-02
1.470908030082145501e+01 9.957765671552260001e-01 3.640584516439587137e+00 1.548690828632311861e-02 1.987564072684312733e-01 4.789327639845770285e-02
1.478989764714794397e+01 9.951409178551903212e-01 3.635142437359284440e+00 1.633903325170275866e-02 2.024334988252256551e-01 4.680304009987625719e-02
1.487071499347449688e+01 9.959915787498249129e-01 3.641875046835575613e+00 1.567658910736182548e-02 2.000767428917058777e-01 4.758156827013695911e-02
1.495153233980108531e+01 9.955723044100541763e-01 3.642391910252485321e+00 1.437275330377736984e-02 2.024045628311962053e-01 4.748281356434265466e-02
1.503234968612763822e+01 9.960597474134624818e-01 3.646641905699628428e+00 1.403511158594033040e-02 2.004836380578450816e-01 4.834015539042092052e-02
1.511316703245412718e+01 9.963183944957018090e-01 3.639480229105168885e+00 1.434508552912438541e-02 2.062664709729865875e-01 4.832115846519458024e-02
1.519398437878071917e+01 9.966032956839416812e-01 3.637110751746438719e+00 1.493848046057517920e-02 2.044799415669429354e-01 4.837641340203060331e-02
1.527480172510726852e+01 9.964316070551945126e-01 3.642331707559705034e+00 1.307225087633214801e-02 2.025139261322716489e-01 4.939411291213401806e-02
1.535561907143378946e+01 9.966243264814448333e-01 3.641849709832162496e+00 1.262863082762498423e-02 1.977424675110681651e-01 4.742578423180037611e-02
1.543643641776034769e+01 9.967082454273470393e-01 3.641841638851717189e+00 1.329072302608052224e-02 2.010942899508492976e-01 4.830889824025792756e-02
1.551725376408690238e+01 9.972737049421076527e-01 3.640813004320515134e+00 1.515639837642576357e-02 2.033494759625842641e-01 4.787328942294550443e-02
1.559807111041341798e+01 9.974417857376658425e-01 3.639263522675336038e+00 1.503188022244478228e-02 2.075536092456399251e-01 4.795757382565333377e-02
1.567888845673997622e+01 9.983676860458324809e-01 3.641468731523537894e+00 1.529185750435655376e-02 2.068831989603455435e-01 4.576874242443009638e-02
1.575970580306653268e+01 9.989342716895428520e-01 3.642567130190776936e+00 1.424964545023284235e-02 2.097181725869468882e-01 4.547758104826855885e-02
1.584052314939305184e+01 9.975729426696908764e-01 3.638757183389895289e+00 1.385612048780546918e-02 2.086232532275252849e-01 4.584918735381487281e-02
1.592134049571960297e+01 9.972249245388176142e-01 3.637842770852547147e+00 1.354391924399894059e-02 2.043905516260416666e-01 4.735986798217108051e-02
1.600215784204619851e+01 9.968479955372646639e-01 3.633753036919736168e+00 1.278004069208142288e-02 2.027474683526033494e-01 5.021797813934693322e-02
1.608297518837267859e+01 9.978688372616107971e-01 3.635700591402409199e+00 1.248658057278398056e-02 1.989489317502871057e-01 5.112101856511703374e-02
