0.000000000000000000e+00 6.733516490453883563e-01 1.000000000000000000e+00 -9.148990370217366386e-04 -1.489267980013141450e-03 1.252364534929795018e-04
4.456235686317673861e-01 6.026614906274703198e-01 1.610044538010612092e+00 4.965805250458399898e-03 4.147625751675022149e-02 1.958851925688746484e-02
8.912471372636365796e-01 5.581782469628872034e-01 2.394640041925236496e+00 5.319694279586731182e-03 5.938615241829982988e-02 2.395865946487178363e-02
1.336870705892822420e+00 5.285191387976224675e-01 3.308830016571008503e+00 4.369521680243394941e-03 6.292201601181311721e-02 2.561335850777252468e-02
1.782494274521478905e+00 5.079005655985190382e-01 4.296503547287048086e+00 3.188483625522073577e-03 6.341793924719635323e-02 2.555403309012026572e-02
2.228117843150145827e+00 4.927867716823260968e-01 5.289210457353669348e+00 2.364924492859728309e-03 6.522441253849520226e-02 2.703085165173567048e-02
2.673741411778800980e+00 4.828204132974450724e-01 6.211264040862622515e+00 1.633957542440234124e-03 6.398063926237139432e-02 2.894800842807864275e-02
3.119364980407449917e+00 4.750248393619801446e-01 7.030031361004461132e+00 2.874025722360032137e-03 6.411191534421180338e-02 2.970282637901756548e-02
3.564988549036131271e+00 4.692008998211752435e-01 7.742046171807982269e+00 2.321047163612756283e-03 6.334640342338021535e-02 3.020706168044107534e-02
4.010612117669292154e+00 4.647222920886745490e-01 8.333791625930723868e+00 3.599804758423350449e-03 6.702468437052189199e-02 3.247341465477240202e-02
4.456235686310802357e+00 4.613773151867868738e-01 8.819235938250114870e+00 2.310151000526346633e-03 6.709896041484157692e-02 3.311482688838831429e-02
4.901859254952262823e+00 4.582932237300351153e-01 9.218812575355892491e+00 3.536121871342234619e-03 6.852687297274975831e-02 3.344864515760665596e-02
5.347482823593772139e+00 4.566490619102993032e-01 9.541940171505048696e+00 2.841898842707168190e-03 6.897013355584029337e-02 3.567199287159786292e-02
5.793106392235277902e+00 4.548913078149982581e-01 9.795125238860991956e+00 3.041430046506323013e-03 7.042933303338318185e-02 3.603124454264309412e-02
6.238729960876793434e+00 4.538340666025408865e-01 1.000276375295432629e+01 3.874925064396339807e-03 7.180028597652930722e-02 3.769535659791730525e-02
6.684353529518260117e+00 4.525808054584876117e-01 1.016515691806359989e+01 3.874451034210573287e-03 7.325752974077555379e-02 3.913187590640738317e-02
7.129977098159764104e+00 4.517881371987368389e-01 1.029696455037392333e+01 3.686131809887698615e-03 7.353403391279099421e-02 3.971116279496399865e-02
7.575600666801260985e+00 4.513562264886433750e-01 1.041168986843438304e+01 4.085344812960686918e-03 7.394324492592380116e-02 3.671385839676200025e-02
8.021224235424764260e+00 4.510277764913972476e-01 1.050434132248036612e+01 2.743451560733058125e-03 7.812760123147251268e-02 3.800072144804957780e-02
8.466847804040622094e+00 4.506657676762594322e-01 1.057427748222910679e+01 3.248511593422807788e-03 7.705421611614528266e-02 3.840828156462899184e-02
8.912471372656453283e+00 4.501018879983360588e-01 1.065020459057515367e+01 3.313622566178068846e-03 7.820674379376602037e-02 3.929855325306991914e-02
9.358094941272218747e+00 4.498427075327575686e-01 1.068188716476301003e+01 2.255215677896986026e-03 7.952619215579447010e-02 3.933375858822497212e-02
9.803718509888051713e+00 4.500226548331810461e-01 1.070806352280062868e+01 3.272688769444796666e-03 8.023579155423468667e-02 4.023957755665798913e-02
1.024934207850391310e+01 4.497803833723797995e-01 1.074349396643234655e+01 3.909887231583642798e-03 7.961998598959517393e-02 4.010194330220848841e-02
1.069496564711975140e+01 4.497272040426532058e-01 1.077703482001175850e+01 3.192489380182958209e-03 7.900546031107158473e-02 3.888025612925106317e-02
1.114058921573551508e+01 4.498064421054212558e-01 1.081679608406655291e+01 2.929128954197692675e-03 8.005631177966993084e-02 3.877778896753569099e-02
1.158621278435136404e+01 4.496040710701821874e-01 1.083832488390817872e+01 3.225077661564048574e-03 8.185572180788887320e-02 3.890378551678527058e-02
1.203183635296717391e+01 4.495456375508007363e-01 1.085661805869041530e+01 3.905239988276337088e-03 8.101618022557181831e-02 3.979329700266352049e-02
1.247745992158301043e+01 4.492318542379898361e-01 1.086228024780767676e+01 4.128823684868217041e-03 8.054375000065931711e-02 4.052451052898169842e-02
1.292308349019878477e+01 4.494603157180962483e-01 1.087963299645338822e+01 4.406390001749057976e-03 8.280003897532565993e-02 3.826037719153396049e-02
1.336870705881463017e+01 4.493426342779018867e-01 1.089500218143425947e+01 4.296632714863494670e-03 8.450645006102937284e-02 3.969654221463072424e-02
1.381433062743049689e+01 4.493837317413844623e-01 1.089456952342889018e+01 3.972703914088900230e-03 8.368115941757657550e-02 4.101345407315622887e-02
1.425995419604634407e+01 4.493187584772154186e-01 1.089856357888750971e+01 3.755665933044772999e-03 8.277914762395505166e-02 4.150288020384022142e-02
1.470557776466213618e+01 4.491961089584882716e-01 1.091137716697671500e+01 2.393284017428908440e-03 8.324359533859675142e-02 4.017937365512525005e-02
1.515120133327798868e+01 4.492547873250182788e-01 1.090081040084714026e+01 4.523174054664400208e-03 8.102131934139363001e-02 3.860315452812910358e-02
1.559682490189370974e+01 4.494000170881903289e-01 1.089593921186413183e+01 3.887560831899812899e-03 8.309843453738775809e-02 4.007874744161685904e-02
1.604244847050956224e+01 4.493436641216373983e-01 1.090004153395545750e+01 3.010662815468749271e-03 8.372862445052457747e-02 3.908411420925044649e-02
1.648807203912535613e+01 4.490437976151360755e-01 1.090652302070989066e+01 2.652507133606377392e-03 8.438337852101607250e-02 3.852107896631915690e-02
1.693369560774121041e+01 4.488022484492641406e-01 1.091302634568504892e+01 2.369451016841060079e-03 8.412218064401409678e-02 4.067577484800163207e-02
1.737931917635707535e+01 4.488505535658782741e-01 1.090761493481714162e+01 3.074943346157002488e-03 8.485966893057807214e-02 4.216123181635249989e-02
1.782494274497293318e+01 4.489670145019336589e-01 1.092293535303428342e+01 3.081205625323234221e-03 8.603277722325686216e-02 4.076331995574230399e-02
1.827056631358874128e+01 4.487528278514664737e-01 1.092171714655974490e+01 3.218265555861591232e-03 8.332467006970206702e-02 4.248949977254359162e-02
1.871618988220459912e+01 4.490126622896694619e-01 1.092337644859540369e+01 3.013004880530400446e-03 8.453882622700253924e-02 4.129175283413536596e-02
1.916181345082026510e+01 4.489279159985676282e-01 1.093001476369889247e+01 2.988290654804862893e-03 8.370249741141988498e-02 4.098220641463946878e-02
1.960743701943612294e+01 4.491127930568331594e-01 1.092330777154406896e+01 3.154078619887819290e-03 8.243400806964815142e-02 4.114982836889866796e-02
2.005306058805193459e+01 4.492910811221790257e-01 1.092167095208454697e+01 3.930202884335507428e-03 8.416905913206873535e-02 4.009297784057225950e-02
2.049868415666779242e+01 4.491665378345551241e-01 1.090695977630800151e+01 3.800282679887757517e-03 8.448906776007814035e-02 3.941354246687438223e-02
2.094430772528365736e+01 4.489691856036467366e-01 1.092654387020000684e+01 3.110472419237727409e-03 8.536614550246440780e-02 4.016592547014830039e-02
2.138993129389951520e+01 4.489037496599342925e-01 1.092685668841730440e+01 2.916971905375276893e-03 8.382502067579489236e-02 3.995695304685050603e-02
2.183555486251533395e+01 4.488754692191727624e-01 1.091122448890367735e+01 2.994740879222342143e-03 8.471881488190292908e-02 3.860294571983899359e-02
2.228117843113119889e+01 4.488122800062319673e-01 1.091533443183538310e+01 3.174975063771055730e-03 8.626345892593885456e-02 3.907836282459956762e-02
2.272680199974687554e+01 4.491251601218294032e-01 1.091233376489260110e+01 3.029768421303748790e-03 8.556275417032625785e-02 4.153366396671692024e-02
2.317242556836273693e+01 4.487733475652012083e-01 1.091458978698422300e+01 3.937089470813452848e-03 8.549278786489240833e-02 4.110839224054864405e-02
2.361804913697856634e+01 4.487527655291896900e-01 1.091023983782943674e+01 3.284506856560322208e-03 8.601398356009330726e-02 4.296315446364868534e-02
2.406367270559443483e+01 4.488353127953162436e-01 1.090994003773547583e+01 2.851027993282226336e-03 8.767507874958228864e-02 4.122351779494069085e-02
2.450929627421017187e+01 4.487749836159959926e-01 1.091804183923537330e+01 2.878640312688088981e-03 8.781677121302489120e-02 4.144255927500271192e-02
2.495491984282602616e+01 4.487720647694070641e-01 1.091751786751199127e+01 2.557417763437315732e-03 8.638724713071789518e-02 4.001809630555699243e-02
2.540054341144184846e+01 4.489956578579624713e-01 1.090775294334042478e+01 3.407747235684779451e-03 8.584563669824417376e-02 4.047490290566747168e-02
2.584616698005770274e+01 4.488684875965427423e-01 1.091231267355327894e+01 3.674317814454533624e-03 8.385719951462473898e-02 4.158061516171334543e-02
2.629179054867340071e+01 4.490149484807670621e-01 1.091086388168600330e+01 2.186298503338274853e-03 8.324542366445032704e-02 4.007882197183456480e-02
2.673741411728926209e+01 4.491270908924743788e-01 1.091437497338372431e+01 3.260729037531470958e-03 8.316245320133906771e-02 3.992899283823967554e-02
2.718303768590509506e+01 4.490352035167362033e-01 1.092948806368270454e+01 2.868961225257865479e-03 8.453293844167664162e-02 4.109989366170524461e-02
2.762866125452095289e+01 4.489064414021304295e-01 1.093625814312719058e+01 4.749507514389652435e-03 8.300117400905475396e-02 4.030856565474632419e-02
2.807428482313682139e+01 4.490843385225595785e-01 1.093422146138175144e+01 3.421810569472990855e-03 8.377843620642845546e-02 4.178536337151287500e-02
2.851990839175268633e+01 4.493300460392908313e-01 1.092878186278121433e+01 3.898323351790381527e-03 8.400366458175133333e-02 4.269772396852489910e-02
2.896553196036852285e+01 4.496145710647764804e-01 1.093496276115889998e+01 2.928057666126841155e-03 8.272091372945369891e-02 4.241054433443066513e-02
2.941115552898438423e+01 4.492703118705925758e-01 1.092631282976167739e+01 2.441473265002924112e-03 8.360373778680972590e-02 4.083167356268693066e-02
2.985677909760010706e+01 4.493085607325046915e-01 1.091387283185600232e+01 4.057700530547047289e-03 8.320942517411014649e-02 4.255885469308941932e-02
3.030240266621597556e+01 4.494778402993903077e-01 1.091595187355519414e+01 4.073485906338607417e-03 8.320246320434065979e-02 4.165560759094378424e-02
3.074802623483181563e+01 4.494292416566433301e-01 1.091487953514256581e+01 2.944163796782523282e-03 8.112744846874135607e-02 4.163422689051433923e-02
3.119364980353007510e+01 4.490770618027649652e-01 1.092006097414981447e+01 2.756796260250275483e-03 8.251200467876433631e-02 3.934392089930196373e-02
3.163927337224854952e+01 4.496368386145811469e-01 1.092167866649818286e+01 4.171455319155812150e-03 8.128027876565024901e-02 4.066801577289948927e-02
3.208489694096712697e+01 4.496688797381597213e-01 1.093348266693361559e+01 3.262989333544477188e-03 8.174547451723622460e-02 3.851642578337984707e-02
3.253052050968559428e+01 4.497168579557103696e-01 1.092369211840180476e+01 3.536219867418862600e-03 8.539806173380493082e-02 3.881263562715308452e-02
3.297614407840403317e+01 4.496291325596650235e-01 1.091403797338119830e+01 2.549695769698565994e-03 8.429355053228825001e-02 3.920789388636057582e-02
3.342176764712250048e+01 4.496146823841414286e-01 1.090533022325536905e+01 3.225032273792136171e-03 8.349282460337632827e-02 3.885832683414470329e-02
3.386739121584106726e+01 4.488526618219758624e-01 1.092210254579459594e+01 2.977802360472880158e-03 8.410601088793771829e-02 4.072806599727019777e-02
3.431301478455953458e+01 4.486234163332979419e-01 1.091911819354291424e+01 2.626935711572735144e-03 8.551434376730693288e-02 3.894239287321413917e-02
3.475863835327832163e+01 4.488513197446690750e-01 1.091475458939975418e+01 3.837039903588645301e-03 8.425553425725906820e-02 4.102135080582473142e-02
3.520426192199678894e+01 4.493318196097917383e-01 1.091699838817443435e+01 4.420997463687301524e-03 8.429889671532730944e-02 4.086021983916767603e-02
3.564988549071535573e+01 4.492315819054609194e-01 1.091487678827068386e+01 3.298563121463756170e-03 8.563223941806101525e-02 3.920274778987331565e-02
3.609550905943381593e+01 4.494529890328077815e-01 1.091493437363124919e+01 3.237659096591967434e-03 8.571844269544513784e-02 4.254525874069634700e-02
3.654113262815225482e+01 4.496181698278302052e-01 1.091074909562147432e+01 4.017130908008258693e-03 8.665300298474597207e-02 3.969486917950932475e-02
3.698675619687072214e+01 4.494572501374132778e-01 1.092808518741599499e+01 4.163906887119931538e-03 8.457761324157229976e-02 4.038543910252068159e-02
3.743237976558926761e+01 4.496437487702784064e-01 1.091463907873125017e+01 5.029571668720317010e-03 8.538927495720984029e-02 4.131505165837118937e-02
3.787800333430772781e+01 4.490030184198752217e-01 1.089802436066208458e+01 3.536780388789529869e-03 8.750318398205041148e-02 4.090573557864390919e-02
3.832362690302656461e+01 4.491110764555976687e-01 1.090773736190734944e+01 3.283452970605057770e-03 8.493715726328350535e-02 4.111521251030523377e-02
3.876925047174503192e+01 4.491835059792573248e-01 1.091133826189740574e+01 3.996582465229075141e-03 8.534457699469878700e-02 4.028992450624100524e-02
3.921487404046357739e+01 4.495990751193672530e-01 1.091035290927779933e+01 2.461982645300761757e-03 8.650801529325298500e-02 4.089178949159747584e-02
3.966049760918203759e+01 4.492835612419649460e-01 1.089742221523722776e+01 3.624892171395319596e-03 8.581205773204168830e-02 4.117513211863647188e-02
4.010612117790047648e+01 4.492107584294305900e-01 1.091742780347667718e+01 4.066188115103991536e-03 8.584991698839598839e-02 4.015194799653399454e-02
4.055174474661893669e+01 4.491440332227784604e-01 1.093085140660966026e+01 3.263704013556929101e-03 8.598471894234589741e-02 4.015467000422414529e-02
4.099736831533746795e+01 4.492195188584897636e-01 1.093986716984651331e+01 3.667921847187522594e-03 8.570266303016482734e-02 3.787648881471768203e-02
4.144299188405593526e+01 4.489770113067220736e-01 1.093743462785747589e+01 3.127784142157715493e-03 8.686089307450169106e-02 3.816682187521681230e-02
4.188861545277479337e+01 4.488366658158756128e-01 1.093386901892853125e+01 3.420460668281924323e-03 8.672564992564373021e-02 4.089878155321121506e-02
4.233423902149323936e+01 4.489156073118413803e-01 1.093651222872598261e+01 3.434614723673365053e-03 8.750784340636751091e-02 3.941113053153802448e-02
4.277986259021176352e+01 4.490559833125820632e-01 1.093601205242790009e+01 3.735072680014071399e-03 8.581107810313719220e-02 4.082229313175044644e-02
4.322548615893021662e+01 4.488126744649088562e-01 1.093099725843054237e+01 2.559297247928943742e-03 8.563456137484415365e-02 4.208900951556928532e-02
4.367110972764874077e+01 4.490380822482078482e-01 1.093720088157560610e+01 3.904796119917547121e-03 8.421508808409550184e-02 4.079728366059557493e-02
4.411673329636720808e+01 4.492677969652503212e-01 1.093442445127223372e+01 2.871206851953411743e-03 8.492117891196142299e-02 4.064253606982960038e-02
4.456235686508574645e+01 4.494274496956952025e-01 1.092020358760349552e+01 4.107755962602641087e-03 8.594946329985379829e-02 4.157259992728712383e-02
4.500798043380421376e+01 4.494830790880772753e-01 1.091793518015700926e+01 3.988663712374543834e-03 8.324040004367024015e-02 4.095999076574078496e-02
4.545360400252303634e+01 4.493527158341416028e-01 1.091108310454272079e+01 3.483917334719377219e-03 8.267855888035120782e-02 4.224536007613528127e-02
4.589922757124148944e+01 4.490878742948826163e-01 1.090985623124389114e+01 3.129316371609880063e-03 8.363683807392223446e-02 4.077697675734590077e-02
4.634485113996002070e+01 4.491548493210518744e-01 1.091674912200718062e+01 1.433772034856137549e-03 8.302371603392752486e-02 3.975338826597199504e-02
4.679047470867848091e+01 4.491903598584877644e-01 1.091618280110995620e+01 4.213454721898554113e-03 8.309641726427197117e-02 4.033612190917113677e-02
4.723609827739691269e+01 4.491505323641536984e-01 1.092222406515441513e+01 2.741957551453583480e-03 8.362683930730192838e-02 4.052080802487790373e-02
4.768172184611536579e+01 4.488220059727338063e-01 1.092256995751506388e+01 3.808833371662624905e-03 8.210429003208197241e-02 4.083547837477534415e-02
4.812734541483389705e+01 4.491721179321148671e-01 1.091329367173644194e+01 3.102720233813509570e-03 8.164372187223677135e-02 3.989746148035525075e-02
4.857296898355234305e+01 4.492526156763572698e-01 1.091945562426128191e+01 4.426332378185749046e-03 8.201509151941432929e-02 4.061481103620209060e-02
4.901859255227114431e+01 4.491785349764366719e-01 1.092322963207215203e+01 4.653663125314466860e-03 8.076521513370703287e-02 3.893135084000567264e-02
4.946421612098959031e+01 4.491356193335518943e-01 1.092741105456943096e+01 3.090425204832480347e-03 8.151488178286397934e-02 4.041345490707488192e-02
4.990983968970809315e+01 4.491057544211068397e-01 1.093242806092544406e+01 2.783997449604594734e-03 8.284648810959291398e-02 4.195798460451712758e-02
5.035546325842653914e+01 4.490793741186576149e-01 1.091929406231719391e+01 3.611280425675723969e-03 8.144697610755809170e-02 4.025414445530461904e-02
5.080108682714529067e+01 4.493868614660012639e-01 1.093186274828717508e+01 2.855265877276303311e-03 8.310128496084050187e-02 3.804351053259496379e-02
5.124671039586375088e+01 4.489176282625206849e-01 1.093599072125655880e+01 3.967807751991824124e-03 8.265816617762029861e-02 3.998398683118609825e-02
5.169233396458228214e+01 4.487173958187840594e-01 1.091933396034080062e+01 4.814074593917224212e-03 8.369774977819460782e-02 3.949702302232424578e-02
5.213795753330073524e+01 4.485511509994785651e-01 1.091500893593465982e+01 3.385357596040701467e-03 8.335543631093401962e-02 4.094914209160248342e-02
5.258358110201950808e+01 4.488507610171078022e-01 1.090976730484024593e+01 3.470376240429907163e-03 8.435164351915043490e-02 4.055849233633137402e-02
5.302920467073796118e+01 4.491551195590962609e-01 1.090713997936107482e+01 2.817966804530836356e-03 8.315167644379529988e-02 4.115970530195927485e-02
5.347482823945647112e+01 4.492940923788547591e-01 1.090594418335658133e+01 2.694277883096651491e-03 8.249057810423167381e-02 4.208536298628814259e-02
5.392045180817491712e+01 4.488328406838194562e-01 1.090029095205461651e+01 3.341754953751253920e-03 8.388216406364372435e-02 4.104071049835570500e-02
5.436607537689334890e+01 4.490181277883208422e-01 1.090569302003304308e+01 3.508851610991116105e-03 8.459325168228704062e-02 4.278646716372565967e-02
5.481169894561180911e+01 4.488747737955285921e-01 1.090371080083719058e+01 3.487343511868173668e-03 8.236982302957687740e-02 4.168843062163871127e-02
5.525732251433031905e+01 4.488388365187939155e-01 1.089823905428627171e+01 4.407691578861791006e-03 8.517045092282320151e-02 3.944063570021048848e-02
5.570294608304875794e+01 4.489032426191185698e-01 1.089443687737478150e+01 3.238105436650014126e-03 8.429662768190950006e-02 4.146754651776629608e-02
5.614856965176750947e+01 4.490866286209606040e-01 1.089475739756606743e+01 2.296842558029237296e-03 8.420236335484616863e-02 4.263967191192683664e-02
5.659419322048594836e+01 4.490750211553506399e-01 1.089940917342345728e+01 2.803034831736098218e-03 8.453109920996554338e-02 4.188757023428455600e-02
5.703981678920445120e+01 4.495450689600323235e-01 1.090588259882565403e+01 4.174983358242558180e-03 8.510753714981385276e-02 4.024658192515482430e-02
5.748544035792289009e+01 4.494257873257267999e-01 1.091317352774878380e+01 3.338880648682204539e-03 8.579971447774976945e-02 3.826695200587515444e-02
5.793106392664182636e+01 4.493329133215503979e-01 1.091841826625350542e+01 3.868391948355796774e-03 8.510626046372293807e-02 4.023806263213252493e-02
5.837668749536027235e+01 4.493055872468542655e-01 1.092694394178694495e+01 3.155170073559324540e-03 8.527244477783169074e-02 3.920542638459020152e-02
5.882231106407878229e+01 4.493686682536079391e-01 1.093071232641707802e+01 2.647017383330632200e-03 8.713778119124793164e-02 3.973311628276392921e-02
5.926793463279723539e+01 4.492746564964844036e-01 1.093266460079291669e+01 4.065542379270421607e-03 8.658459205221506749e-02 3.917613212223039487e-02
5.971355820151596561e+01 4.493024237599728687e-01 1.094250068326607028e+01 3.251854350185157116e-03 8.513633524855240831e-02 3.904078176496893204e-02
6.015918177023441160e+01 4.490486372294836270e-01 1.093234129575665037e+01 3.401012268649048018e-03 8.459175173966382300e-02 3.904661905318551618e-02
6.060480533895291444e+01 4.490634467007608155e-01 1.093602849435704449e+01 2.435646982235563363e-03 8.283942453619035085e-02 4.025592242288329736e-02
6.105042890767136043e+01 4.495846771470691783e-01 1.094198572124385294e+01 3.038319725648074444e-03 8.390522754455258247e-02 4.017821734724295185e-02
6.149605247638979222e+01 4.493484355517624040e-01 1.093556331059307674e+01 3.315618534354732982e-03 8.342013943904698359e-02 4.122713051291964498e-02
6.194167604498390034e+01 4.493149598463346828e-01 1.093356032250003373e+01 3.663364851374086798e-03 8.331649131407885267e-02 3.935728280611149044e-02
6.238729961349712738e+01 4.496020569553582646e-01 1.093533611672618910e+01 2.941922549119996028e-03 8.240615954157014256e-02 3.866153984167027685e-02
6.283292318201041127e+01 4.495961026874393807e-01 1.093465755852271570e+01 3.286509867575275901e-03 8.259298240283391435e-02 3.893815410137107386e-02
6.327854675052365252e+01 4.495456313104060353e-01 1.094835182123118500e+01 2.800501402847203891e-03 8.263906745157514888e-02 3.876709019835786890e-02
6.372417031903667350e+01 4.492434198702910386e-01 1.093739317745573913e+01 4.056449078166043248e-03 8.196294554139570143e-02 3.948599618381858078e-02
6.416979388754990055e+01 4.491838947110962654e-01 1.093447515991961971e+01 3.635893616192389932e-03 8.139377756367349726e-02 3.936473231102647491e-02
6.461541745606258758e+01 4.491849462044594787e-01 1.094037058927074035e+01 4.102176595952816522e-03 8.106523173694650530e-02 3.986965952895997478e-02
6.506104102457581462e+01 4.492845356530151824e-01 1.095882422215456842e+01 3.258994794795938132e-03 8.107306364382806108e-02 3.819995825356192060e-02
6.550666459308882850e+01 4.489156950316180450e-01 1.094766329463198140e+01 2.413873027504353369e-03 8.218552173883963974e-02 3.926671338518023663e-02
6.595228816160206975e+01 4.487881908058765634e-01 1.094740225433011993e+01 2.739800335821986673e-03 8.107492278498901195e-02 4.023911787941591295e-02
6.639791173011535363e+01 4.491937622846691180e-01 1.094268540337127682e+01 3.247745420940425978e-03 8.331777376366016064e-02 4.043318999259545160e-02
6.684353529862859489e+01 4.493699704472708389e-01 1.095063967554549045e+01 3.522087882896725048e-03 8.288277736821499098e-02 4.221915871496661338e-02
