0.000000000000000000e+00 1.519554645174502117e+00 1.000000000000000000e+00 8.006171281601560941e-05 -4.197167371193892267e-04 1.747421988778421478e-04
2.702228859755474999e-01 8.920608717846204572e-01 1.682510032016082180e+00 4.926948827107704813e-03 5.747446242136259459e-02 2.291796822082372079e-02
5.404457719506443603e-01 6.624342571379506772e-01 2.650584568133422803e+00 3.855095886743778021e-03 7.722847346845823635e-02 2.587677935301523416e-02
8.106686579257363912e-01 5.654246487796504850e-01 3.990022974554920498e+00 3.733305414376202752e-03 8.000609436371337868e-02 2.903722409490951464e-02
1.080891543903055751e+00 5.255961664922824683e-01 5.768699134461074074e+00 3.260992262987690970e-03 7.982590775299736041e-02 3.285648534476060673e-02
1.351114429881064005e+00 5.140667712566907577e-01 8.011073741371708579e+00 2.407937525018333247e-03 7.367493400715584284e-02 3.528314509602003407e-02
1.621337315859068706e+00 5.190108749841672031e-01 1.073815703093215745e+01 2.171768265341882716e-03 7.012116388997359506e-02 4.037587628735186951e-02
1.891560201837074517e+00 5.335385433649668663e-01 1.393589442042176785e+01 3.072305724274861007e-03 6.612682961028354400e-02 4.544067229815332981e-02
2.161783087815084770e+00 5.537844337056969657e-01 1.751485125643059249e+01 6.165524674447180747e-03 6.195506130015637769e-02 5.076729156710044211e-02
2.432005973793090803e+00 5.777756471536990013e-01 2.144112822665789508e+01 8.391190466061558897e-03 6.026155170415001955e-02 5.773777913060823552e-02
2.702228859771112823e+00 6.033406786665581611e-01 2.556696210052426821e+01 1.379711292719714398e-02 5.736832486425854499e-02 6.472682520788408667e-02
2.972451745749125518e+00 6.306667853973082494e-01 2.983268220914471058e+01 2.076478438648855437e-02 5.661838968035783765e-02 7.282883373621494572e-02
3.242674631727120893e+00 6.582195186245106688e-01 3.406419246802918366e+01 2.825589279803148932e-02 5.610497982772941206e-02 7.952336520695769961e-02
3.512897517704567818e+00 6.858355698465649075e-01 3.819903195475347246e+01 3.818788805429165767e-02 5.623493767589016895e-02 8.577305881935330667e-02
3.783120403670933385e+00 7.129018805821294436e-01 4.215794164534906940e+01 4.774646047902277729e-02 5.565163179579368097e-02 9.122419184127976421e-02
4.053343289637274971e+00 7.391169337567332631e-01 4.579876956145804456e+01 5.890784518806343323e-02 5.433283586866288761e-02 9.865606963218324921e-02
4.323566175603615669e+00 7.646876364259458381e-01 4.911503527744290665e+01 7.025112540152358975e-02 5.345907961163180039e-02 1.039940098531249441e-01
4.593789061569998999e+00 7.887370581209335318e-01 5.205560788890786483e+01 8.230244224900178096e-02 5.249416699598785652e-02 1.093202868060943467e-01
4.864011947536326375e+00 8.113762568607243431e-01 5.459368079410432983e+01 9.129445342456042611e-02 5.240358243419146467e-02 1.148291404581395225e-01
5.134234833502705264e+00 8.330342736653471025e-01 5.683948685137090706e+01 1.021242989248523081e-01 5.311339878324469049e-02 1.180357131372874041e-01
5.404457719469037080e+00 8.524346353354390615e-01 5.858128874638026673e+01 1.124774190867458973e-01 5.483793063967368209e-02 1.215384322402232042e-01
5.674680605435401759e+00 8.705014329271778539e-01 6.000627505377428150e+01 1.221044434982575949e-01 5.798371898909312344e-02 1.260111062337230803e-01
5.944903491401767326e+00 8.867774030448885014e-01 6.114736774972282518e+01 1.276605027139400550e-01 5.749777120093330779e-02 1.268806044777139874e-01
6.215126377368100918e+00 9.017134469984645628e-01 6.207025861588317639e+01 1.340528047919330723e-01 5.793491776130153120e-02 1.275500787953414428e-01
6.485349263334433623e+00 9.159396863993652937e-01 6.275346524588717756e+01 1.416087334428693112e-01 5.871701232145865035e-02 1.276815394252003855e-01
6.755572149300795637e+00 9.287701737131985880e-01 6.327628633951452031e+01 1.450558347547417914e-01 5.872112209724703741e-02 1.293111936961282571e-01
7.025795035269435829e+00 9.395059281358303371e-01 6.357302243560368993e+01 1.465908499070376902e-01 5.831515289704723021e-02 1.332523897685775893e-01
7.296017921259085881e+00 9.493672089111235834e-01 6.376530074214765165e+01 1.500356621585738071e-01 6.008469930145213245e-02 1.320861524781387908e-01
7.566240807248801659e+00 9.589368365687787055e-01 6.391599273213349619e+01 1.541659403569897169e-01 6.095833975860232012e-02 1.342712327348689894e-01
7.836463693238418848e+00 9.662716451921951055e-01 6.388016223357656287e+01 1.526597613217843541e-01 5.936344105452395076e-02 1.335700894895777147e-01
8.106686579228140843e+00 9.736420445731807094e-01 6.384350632952467208e+01 1.536005374656720657e-01 6.046172153938441512e-02 1.343392853428557465e-01
8.376909465217785566e+00 9.791594262068775700e-01 6.368405443500190444e+01 1.522859531497429419e-01 6.201520208473256662e-02 1.356325244558906074e-01
8.647132351207421408e+00 9.833877207796062336e-01 6.340414824088608725e+01 1.535513457404484583e-01 6.196055410934236257e-02 1.331482015386555029e-01
8.917355237197126527e+00 9.875145878786346643e-01 6.323641971828535446e+01 1.544146612186757250e-01 6.267902363936649068e-02 1.340286326546987761e-01
9.187578123186762369e+00 9.909794903250636056e-01 6.309031302383195339e+01 1.521130414499380634e-01 6.439955570430694332e-02 1.336248443056416157e-01
9.457801009176399987e+00 9.937780264095646965e-01 6.295274508758598841e+01 1.499962882823428212e-01 6.415680522834830979e-02 1.333118009982688923e-01
9.728023895166128199e+00 9.959104972766645858e-01 6.272471597572204161e+01 1.532916459664418751e-01 6.410999837575560856e-02 1.357425648884010572e-01
9.998246781155755158e+00 9.980245094341156920e-01 6.253545575874145612e+01 1.535280112214426895e-01 6.332211342584530278e-02 1.362034532577591495e-01
1.026846966714546028e+01 1.000491586492125773e+00 6.244970565593195033e+01 1.507762627890391893e-01 6.524846529575561993e-02 1.345446348229719646e-01
1.053869255313510855e+01 1.001969915839438618e+00 6.231402776816474187e+01 1.511416534217833174e-01 6.573026389959650551e-02 1.340810454140744512e-01
1.080891543912476571e+01 1.002443555537015918e+00 6.212216268882743719e+01 1.510552972732119581e-01 6.727085271019003776e-02 1.348794159907070744e-01
1.107913832511442997e+01 1.003085046193390450e+00 6.189588796972847717e+01 1.502318316476574100e-01 6.885794992806304471e-02 1.340469178193810507e-01
1.134936121110408713e+01 1.004045189397982707e+00 6.185178747282866851e+01 1.496301283082600575e-01 7.016916502314661519e-02 1.369462375786788255e-01
1.161958409709375317e+01 1.004681873257300628e+00 6.172157439350713304e+01 1.473976101309065756e-01 6.870861753268446559e-02 1.355195730885202787e-01
1.188980698308341566e+01 1.004349701806622752e+00 6.159040376010093354e+01 1.481398627504652843e-01 7.088517007991666785e-02 1.337557740679026219e-01
1.216002986907306571e+01 1.004672794313537176e+00 6.139456070376810004e+01 1.498973935338246966e-01 7.054472995292554449e-02 1.364258284828387680e-01
1.243025275506280991e+01 1.004644934709479687e+00 6.130668465782682119e+01 1.480861003105242990e-01 7.127508672716011129e-02 1.363426353641945810e-01
1.270047564105238358e+01 1.004812896757027119e+00 6.128656418443978993e+01 1.469657001260118723e-01 7.114441618557516833e-02 1.365835821204004763e-01
1.297069852704206028e+01 1.003881168914195321e+00 6.111494184325795942e+01 1.469082042992972681e-01 6.895460806954219202e-02 1.370541162406712365e-01
1.324092141303179027e+01 1.004062964355652454e+00 6.102779154247503612e+01 1.475398053133837317e-01 6.767225018518531476e-02 1.362803879454335676e-01
1.351114429902147229e+01 1.004026179279497111e+00 6.094833162877932864e+01 1.470951622773153666e-01 6.858658933976927163e-02 1.351778131272818595e-01
1.378136718501103530e+01 1.004649701745158996e+00 6.096579255028608912e+01 1.469454852117546839e-01 6.862881278518211114e-02 1.334295818685676815e-01
1.405159007099163837e+01 1.004389470592068179e+00 6.095023263098374855e+01 1.450114010275773690e-01 6.896001044574223693e-02 1.352741900146976484e-01
1.432181295693461109e+01 1.003660030486847488e+00 6.086624810083736747e+01 1.478888327140537029e-01 7.076780180484164295e-02 1.373916564056693046e-01
1.459203584287771882e+01 1.003546109210886605e+00 6.084683082932783549e+01 1.464336369331490639e-01 7.055560665825312550e-02 1.364171206909833012e-01
1.486225872882068622e+01 1.002027311637206930e+00 6.069953888213550641e+01 1.477399104744623604e-01 7.127522093111592072e-02 1.354179776305834693e-01
1.513248161476380105e+01 1.002372716615518744e+00 6.073394349473436904e+01 1.454795546727856437e-01 7.263325168624494566e-02 1.368979175827956252e-01
1.540270450070676311e+01 1.001994602572799709e+00 6.071838531261629868e+01 1.437841548396594782e-01 7.151677168615273861e-02 1.365099925296594796e-01
1.567292738664988150e+01 1.002216103935810398e+00 6.065636945700661187e+01 1.454626628394834198e-01 7.293509135242171038e-02 1.355767133622042264e-01
1.594315027259284179e+01 1.001425140787034929e+00 6.061450438733032087e+01 1.450796536400959791e-01 7.160960111059540278e-02 1.352908274252336285e-01
1.621337315853596550e+01 1.001360122638775385e+00 6.057521672143389679e+01 1.434874691731642116e-01 7.208089885260210439e-02 1.354802197691388210e-01
1.648359604447891869e+01 1.001764207495355219e+00 6.066428006693936226e+01 1.419591812266073616e-01 7.051776140998526621e-02 1.352710405220513834e-01
1.675381893042204595e+01 1.001856833841659800e+00 6.067153070046453678e+01 1.440818841089801794e-01 7.094643293647506788e-02 1.347383795930622297e-01
1.702404181636499914e+01 1.001733412673360801e+00 6.071512014494371101e+01 1.422332135591420077e-01 6.906825511883367408e-02 1.330564059097991969e-01
1.729426470230812640e+01 1.001243287191011744e+00 6.063919881999737527e+01 1.443645029261640678e-01 6.819805624840440117e-02 1.344017265153042429e-01
1.756448758825107248e+01 1.001438159159568020e+00 6.062932203127860475e+01 1.458784181723910556e-01 6.859675764212479210e-02 1.338163664875020309e-01
1.783471047419420685e+01 1.000877609257866174e+00 6.059969458086320060e+01 1.448023351430153260e-01 6.758425630855163790e-02 1.333722738237603789e-01
1.810493336013715293e+01 1.001094627265586734e+00 6.061469221929602469e+01 1.429333713420196661e-01 6.768216737011407969e-02 1.323102507569083597e-01
1.837515624608029086e+01 1.000385771356809617e+00 6.057035932450011728e+01 1.440255652336903391e-01 6.778937219596951891e-02 1.341378515097302326e-01
1.864537913202322983e+01 9.999922033969584900e-01 6.057833420801512148e+01 1.445522968221414351e-01 6.665358475433527663e-02 1.339961291340095728e-01
1.891560201796636420e+01 9.993926810518369841e-01 6.057072704824289389e+01 1.441829532974633621e-01 6.679055534249833670e-02 1.344478612233785675e-01
1.918582490390932449e+01 9.993728224091167345e-01 6.056792045366012900e+01 1.434288858555593515e-01 6.710291274173386944e-02 1.347849585331380162e-01
1.945604778985245176e+01 9.993030510355094265e-01 6.061447395184038101e+01 1.427166699559807850e-01 6.734829698488985217e-02 1.313815165852811051e-01
1.972627067579538718e+01 9.995694999197245467e-01 6.060870761180174071e+01 1.430100459996211659e-01 6.581217359888670571e-02 1.327063315227369478e-01
1.999649356173850734e+01 9.998828406557884740e-01 6.067622550499376644e+01 1.422891397705310090e-01 6.736794228779990901e-02 1.306407443993548301e-01
2.026671644768149960e+01 9.996018236155028713e-01 6.066095355192020833e+01 1.407920812451031178e-01 6.767980020247274520e-02 1.324154102783200726e-01
2.053693933362461621e+01 9.997406109919894091e-01 6.064511227435831842e+01 1.417862649948402887e-01 6.641105410898689998e-02 1.351340386183021713e-01
2.080716221956754808e+01 9.994634891859011105e-01 6.061262242033586745e+01 1.441239947684036793e-01 6.703169351864131376e-02 1.348744923636032711e-01
2.107738510551065403e+01 9.987705793509136232e-01 6.055140492057043389e+01 1.420822542828827917e-01 6.807295473473487513e-02 1.357276511217858916e-01
2.134760799145367827e+01 9.986327210408046939e-01 6.055971861873704398e+01 1.432417147257386003e-01 6.891833756273092748e-02 1.335627342994928635e-01
2.161783087739677711e+01 9.989356322810932776e-01 6.061477315069384275e+01 1.438225586580165194e-01 6.887212158931498018e-02 1.328644324004751021e-01
2.188805376333970543e+01 9.986495602919349679e-01 6.057335992490566667e+01 1.446633501043649295e-01 6.983740318531660163e-02 1.330584615616970112e-01
2.215827664928279717e+01 9.982610523271878700e-01 6.061573594893921069e+01 1.459457616060841623e-01 7.220563974807674146e-02 1.345017235857416393e-01
2.242849953522585338e+01 9.986039425754719145e-01 6.067744833093630064e+01 1.433155098532996607e-01 7.175001395794332326e-02 1.329383182923908613e-01
2.269872242116894157e+01 9.991574411189794169e-01 6.074996108689767738e+01 1.420739978687547145e-01 6.994301573047519149e-02 1.379394852872772304e-01
2.296894530711186988e+01 9.983044224762105401e-01 6.066366047311937137e+01 1.432394159203035089e-01 6.762883523489283955e-02 1.349739990828872360e-01
2.323916819305494741e+01 9.991147099948787247e-01 6.073657683076921643e+01 1.445649040593012247e-01 6.853681030781287598e-02 1.357511888424720037e-01
2.350939107899802849e+01 9.997801722741912478e-01 6.079248386986471786e+01 1.458359450788665468e-01 6.793810021921710407e-02 1.332194126362361286e-01
2.377961396494110247e+01 1.000354173095634236e+00 6.079273470892878350e+01 1.448828774064797875e-01 6.867932440262719540e-02 1.331088252840766095e-01
2.404983685088402723e+01 1.000677056156497713e+00 6.077861906023250782e+01 1.453408383927370651e-01 7.013900453060696594e-02 1.344917051267058572e-01
2.432005973682709055e+01 1.000901613739282769e+00 6.075982368148726920e+01 1.430612331782720181e-01 7.047205583244121885e-02 1.336607470340616666e-01
2.459028262277020005e+01 1.000851321777807890e+00 6.073911082397580685e+01 1.449110622055150843e-01 6.928140509302056771e-02 1.357232549932112509e-01
2.486050550871326692e+01 1.001221783356091244e+00 6.078237319874433098e+01 1.444925661284614804e-01 6.925360850881279173e-02 1.341935073588130523e-01
2.513072839465618458e+01 1.000915738859393667e+00 6.077131297195952442e+01 1.448742068669707228e-01 6.869723511146910711e-02 1.348801130844566043e-01
2.540095128059924434e+01 1.001550600659359747e+00 6.080461111602298274e+01 1.424367749527624127e-01 6.967951916643110033e-02 1.359396853216332524e-01
2.567117416654237161e+01 1.001857297439044281e+00 6.081130321793745708e+01 1.453694766814164763e-01 6.778509316583575250e-02 1.348699970283638583e-01
2.594139705248543137e+01 1.002515982647967485e+00 6.089888664082300096e+01 1.445132678608996024e-01 6.744593403372549367e-02 1.351099004079785171e-01
2.621161993842834548e+01 1.002864961139792843e+00 6.093246893254821117e+01 1.438978249135915710e-01 6.841291334649768352e-02 1.330676148475197496e-01
2.648184282437139458e+01 1.001313632380665286e+00 6.078941594415014293e+01 1.434303749970088082e-01 6.889262268562669489e-02 1.326781945575085386e-01
2.675206571031454672e+01 1.001245143542641269e+00 6.081264280165084557e+01 1.420241311115604532e-01 7.095277301091883204e-02 1.338378245134379529e-01
2.702228859625759227e+01 1.001574411493631578e+00 6.080928783718906772e+01 1.422377049833684348e-01 6.992562117788014842e-02 1.383205349522677319e-01
2.729251148220050283e+01 1.001545283421573895e+00 6.076677751235525449e+01 1.445385666656028023e-01 6.952456831171735518e-02 1.382990334054506609e-01
2.756273436814354838e+01 1.002064855940956400e+00 6.077399403994055405e+01 1.434017636263782425e-01 6.860250089733745116e-02 1.361572879538848202e-01
2.783295725408671828e+01 1.001842977362135123e+00 6.079510959073068221e+01 1.436655069579207689e-01 6.773897384126709165e-02 1.343016519956589661e-01
2.810318014002975318e+01 1.002308201195286852e+00 6.081025603055329753e+01 1.454005146043009511e-01 6.709048633372265147e-02 1.362888029237801224e-01
2.837340302597266728e+01 1.002095978701353474e+00 6.080665379557117234e+01 1.447364997257510610e-01 6.660211307948282755e-02 1.337232585408666130e-01
2.864362591191569862e+01 1.001708151046933004e+00 6.078595652631097579e+01 1.435025388893099441e-01 6.820204107118915671e-02 1.332192357207294120e-01
2.891384879785888629e+01 1.001657775001333128e+00 6.075298811334116778e+01 1.428504953208220851e-01 6.770344765423617905e-02 1.351639347973273564e-01
2.918407168380191408e+01 1.001395245390139355e+00 6.070836035529372765e+01 1.444723606155732254e-01 6.552026475961801599e-02 1.393796034617389712e-01
2.945429456974482463e+01 1.001304034133519316e+00 6.072405826485680080e+01 1.450966878424108653e-01 6.659010494880893138e-02 1.383921633979313393e-01
2.972451745568785242e+01 1.000099675609197103e+00 6.065462657362897403e+01 1.431004664959079353e-01 6.615255492498976764e-02 1.374264414970444992e-01
2.999474034163105429e+01 9.989340430381752345e-01 6.060128484336022581e+01 1.424504859608276830e-01 6.629214131454735925e-02 1.354796170830437907e-01
3.026496322757407853e+01 9.990711209851240726e-01 6.065051067305098087e+01 1.418719513890968897e-01 6.744772070562138344e-02 1.337612930573722492e-01
3.053518611351698908e+01 1.000250328998722127e+00 6.074114097619457198e+01 1.441431537965356668e-01 6.678488445936951734e-02 1.334168793666558328e-01
3.080540899946000977e+01 9.999699954301612959e-01 6.077461328632125515e+01 1.438111215516209851e-01 6.691325095064047657e-02 1.329145189509210179e-01
3.107563188540322585e+01 9.999957930059547584e-01 6.070790198461509135e+01 1.448973516940450512e-01 6.674447241466983927e-02 1.353613966000985769e-01
3.134585477134623943e+01 9.995797827900062549e-01 6.071657089392189732e+01 1.433407431401218790e-01 6.847284127629327255e-02 1.331333952497786299e-01
3.161607765728914643e+01 9.987629445362234959e-01 6.060817454303164453e+01 1.438547091355855678e-01 6.736823069876556047e-02 1.325498448351089265e-01
3.188630054323216001e+01 9.990899434612526830e-01 6.064798597422016968e+01 1.425157541103099501e-01 6.760044143635558778e-02 1.336629000996000238e-01
3.215652342917539386e+01 9.997252366011051272e-01 6.069798375461265749e+01 1.419806928834803639e-01 6.876983435038575010e-02 1.352489466387508110e-01
3.242674631511840744e+01 9.989357381277551573e-01 6.064221475938660433e+01 1.431549345068875434e-01 6.877862904650444698e-02 1.351765156574480653e-01
3.269696920106130733e+01 9.992383639669111250e-01 6.071399033873719731e+01 1.426018584516260679e-01 7.087095544774006661e-02 1.358677056776411429e-01
3.296719208700432091e+01 9.991658311853394148e-01 6.068807027535174115e+01 1.447548209295101973e-01 7.179958206890024730e-02 1.376864845487168199e-01
3.323741497294756186e+01 9.990311439658822179e-01 6.068788534214817787e+01 1.443368359139459434e-01 7.049361656230340722e-02 1.366762067417096049e-01
3.350763785889056834e+01 9.984947900656241382e-01 6.057558345553954382e+01 1.454683988479879841e-01 6.954562602550994066e-02 1.396802382157224243e-01
3.377786074483346823e+01 9.992461693725508409e-01 6.064242018222024200e+01 1.443817937336552559e-01 7.021421618762893613e-02 1.367739030746338291e-01
3.404808363077647471e+01 9.982620956517238575e-01 6.057998336208486734e+01 1.443709228011186840e-01 7.067430153378671809e-02 1.356650963018726508e-01
3.431830651671972987e+01 9.979040071678367818e-01 6.056730979257685732e+01 1.434117535213500216e-01 7.203235938853976006e-02 1.369187388902937397e-01
3.458852940266272924e+01 9.979581092641148787e-01 6.062162187532788238e+01 1.426406851545874988e-01 7.106850613934952154e-02 1.343061940092279694e-01
3.485875228860563624e+01 9.991606124779138787e-01 6.066755200556710292e+01 1.424721865795525177e-01 6.976199139102615132e-02 1.339534471770523483e-01
3.512897517454862850e+01 9.985405571718102280e-01 6.062775543674451484e+01 1.430775207968391360e-01 6.938350114579538985e-02 1.345455066776621855e-01
3.539919806049190498e+01 9.986795811366421249e-01 6.062933322661589131e+01 1.434098543520085922e-01 7.004660687238345451e-02 1.362577467662483555e-01
3.566942094643489014e+01 9.990867211506310186e-01 6.068417016724126256e+01 1.427653837092573708e-01 7.011199762207274977e-02 1.362306934049794804e-01
3.593964383237779003e+01 9.987322983558273304e-01 6.060553634815292412e+01 1.441932724896756446e-01 6.766887379826680426e-02 1.361730443457238315e-01
3.620986671832078940e+01 9.986710750011349447e-01 6.062349192047719981e+01 1.438304799200790518e-01 6.876796480721018845e-02 1.327448285314435372e-01
3.648008960426406588e+01 9.997571416553480139e-01 6.069383173272321841e+01 1.446133484638930378e-01 6.718750867382658476e-02 1.352710173752476874e-01
3.675031249020705815e+01 1.000051785312380703e+00 6.074827870841092903e+01 1.415063522570364773e-01 6.695730469680995223e-02 1.323979227867932706e-01
3.702053537614995093e+01 1.000875194393517464e+00 6.079119435902125446e+01 1.443688401572171542e-01 6.673568750951014428e-02 1.351231724353813834e-01
3.729075826209294320e+01 1.000414734150828266e+00 6.075243131200985403e+01 1.456476195769737525e-01 6.764604844102783954e-02 1.342303410394042051e-01
3.756098114803622678e+01 1.000543825792138852e+00 6.075543690806042463e+01 1.450777533314577816e-01 6.668949567670080791e-02 1.332869091710880138e-01
3.783120403397921905e+01 1.000472834055091687e+00 6.082005135662984685e+01 1.432983600418495929e-01 6.568970868709562982e-02 1.339944350336244872e-01
3.810142691992213315e+01 1.000166607414759046e+00 6.082189159961998826e+01 1.431928688757698465e-01 6.664975905758470376e-02 1.345260798390170154e-01
3.837164980586510410e+01 1.000355038153337484e+00 6.084890219049640336e+01 1.443910910312741491e-01 6.626754141774332529e-02 1.358372590595794682e-01
3.864187269180839479e+01 1.000524462299303474e+00 6.086864877535612095e+01 1.435997262485719239e-01 6.736229059828154064e-02 1.324699363165232624e-01
3.891209557775135863e+01 1.000365455762732836e+00 6.079977499674742347e+01 1.453309647289143525e-01 6.426435120714213411e-02 1.336232941308135302e-01
3.918231846369427984e+01 1.000463744718837367e+00 6.080687715622195100e+01 1.433606701037617170e-01 6.365543507531377931e-02 1.305782931338639874e-01
3.945254134963730053e+01 1.000855030098934506e+00 6.080675576400537352e+01 1.435580127205940137e-01 6.364989999220822814e-02 1.321880533004564928e-01
3.972276423558051306e+01 1.000920100445893857e+00 6.078487871595405068e+01 1.443186408493976614e-01 6.574138342596240470e-02 1.322647528371090064e-01
3.999298712152354085e+01 1.000789134065172226e+00 6.077758959509375813e+01 1.434715769295413501e-01 6.556650017662744856e-02 1.307163647698645070e-01
4.026321000746649048e+01 9.999254835122682872e-01 6.066689751416146237e+01 1.442965108550795239e-01 6.577099815374505554e-02 1.334004391943945100e-01
4.053343289340941169e+01 9.994365559649670550e-01 6.068684118581094822e+01 1.440351447180279187e-01 6.686926551306214550e-02 1.333962581956042726e-01
