0.000000000000000000e+00 1.507485925609009181e+00 1.000000000000000000e+00 1.847107119459201442e-04 -1.502728860679202220e-03 -2.975425033929262036e-03
6.147040068929806589e-01 1.275326098893792226e+00 9.151898724942293395e-01 1.025622834198760408e-02 1.086990450061247615e-01 6.596681639011896248e-02
1.229408013784766940e+00 1.151823398128203335e+00 8.558112165188629383e-01 1.231852327422528100e-02 1.405121732290092462e-01 7.888462010198474261e-02
1.844112020676555330e+00 1.083661696297497867e+00 8.174788006849764699e-01 1.470197668156607296e-02 1.468251209065853102e-01 8.533845804629101861e-02
2.458816027568343276e+00 1.046254459391269043e+00 7.935438384224252628e-01 1.316253370171968987e-02 1.408997463034751818e-01 8.423910791990478486e-02
3.073520034460133665e+00 1.025625485361446820e+00 7.776974800503829721e-01 1.262642286770412382e-02 1.288194130959172401e-01 8.031237062393679904e-02
3.688224041351921834e+00 1.014991672917167076e+00 7.704195000253882819e-01 1.292615825231428761e-02 1.265493199205750541e-01 8.016424493126786399e-02
4.302928048246767112e+00 1.008421084370220155e+00 7.675565851291240582e-01 1.545373852703884644e-02 1.229952080983336832e-01 8.000716658201413589e-02
4.917632055152436621e+00 1.004785881658690094e+00 7.668622476817398281e-01 1.498360812147128164e-02 1.146819682487078412e-01 8.352844183597393779e-02
5.532336062058097248e+00 1.002599976299013651e+00 7.651227196863833457e-01 1.553884129564103017e-02 1.113813022468649189e-01 7.789928040591642677e-02
6.147040068963770310e+00 1.002616168401584629e+00 7.665758876228240259e-01 1.400737256655511936e-02 1.090336814128549797e-01 8.026935477458337076e-02
6.761744075869444259e+00 1.000312637961341178e+00 7.636250471752679125e-01 1.292120133096970325e-02 1.082596784218961272e-01 8.033616942966657903e-02
7.376448082775120874e+00 9.991942400170680250e-01 7.623953174810919053e-01 1.233837353670804056e-02 1.115228484939845416e-01 8.190514455138489525e-02
7.991152089680800152e+00 1.001178432458939671e+00 7.620383722415372540e-01 1.349180764672077044e-02 1.116657418583066469e-01 8.227302755457245598e-02
8.605856096574260761e+00 1.000711146245197858e+00 7.624641922898101054e-01 1.402801375891082197e-02 1.103967724298927783e-01 8.130678278595160346e-02
9.220560103452195122e+00 1.000565698971486173e+00 7.641904016857811177e-01 1.315138983776731503e-02 1.139842166984750965e-01 7.659664830156771853e-02
9.835264110330099285e+00 1.000686563493725423e+00 7.649033265599547438e-01 1.227481280745124255e-02 1.139625079260219026e-01 8.044795000978087474e-02
1.044996811720798569e+01 1.001251164182751729e+00 7.649109631731216830e-01 1.368733432831924918e-02 1.139909798132430346e-01 7.941392496392996048e-02
1.106467212408588452e+01 9.991614322493627132e-01 7.622152632183926135e-01 1.334057285559317636e-02 1.110317621285500794e-01 7.886823310695313671e-02
1.167937613096383309e+01 9.990611482520054265e-01 7.615352025957097259e-01 1.411725398904400096e-02 1.098042642941789160e-01 7.814938672540155951e-02
1.229408013784171416e+01 9.987222520769419853e-01 7.638862805373765053e-01 1.309208457128894880e-02 1.137047264726993856e-01 7.571422481014017380e-02
1.290878414471961477e+01 9.985739932710676614e-01 7.634689915874368626e-01 1.418615847455895716e-02 1.115240342046707189e-01 7.792026968092875816e-02
1.352348815159753315e+01 1.000224606581463505e+00 7.650288019594131406e-01 1.235031931063256677e-02 1.121307212743232612e-01 8.048138324124788634e-02
1.413819215847543731e+01 1.001220704255063598e+00 7.634271180344583962e-01 1.364679812651967659e-02 1.152158241382259113e-01 7.875956388026825183e-02
1.475289616535335746e+01 1.000092128213069254e+00 7.641050698710906142e-01 1.333817141882744084e-02 1.135502630123664536e-01 7.890531508216369616e-02
1.536760017223127939e+01 1.000556426244166630e+00 7.638509130385116030e-01 1.358522546561825167e-02 1.131726926106302877e-01 7.788038750268891364e-02
1.598230417910913737e+01 9.995693445280452449e-01 7.657730463268179744e-01 1.502839710814340979e-02 1.124813710641068831e-01 7.980249272886436041e-02
1.659700818598709660e+01 9.997758833504420961e-01 7.653747569209318202e-01 1.387707494135487912e-02 1.164501455186818663e-01 7.873970602014111753e-02
1.721171219291374044e+01 1.000632153599176233e+00 7.632876035997483433e-01 1.423722394244521412e-02 1.107019995664833140e-01 8.261628825286182476e-02
1.782641619984716996e+01 1.000293023252598168e+00 7.624615440803139688e-01 1.393298826081076219e-02 1.093950162226461631e-01 8.004625866908236798e-02
1.844112020678060659e+01 9.997045009143638028e-01 7.618792266362021115e-01 1.634905800632775741e-02 1.127883226717137088e-01 8.026847112004462104e-02
1.905582421371403612e+01 1.000317360145921652e+00 7.621375824490965734e-01 1.441422245014484932e-02 1.137442369140962140e-01 8.042236536470902253e-02
1.967052822064747275e+01 1.000535645400705942e+00 7.623275465288148478e-01 1.516188752032827068e-02 1.120876291660616170e-01 7.904454569182883805e-02
2.028523222758090228e+01 1.000378901830767386e+00 7.623652511717277092e-01 1.260084277609653525e-02 1.116247088222292183e-01 7.667952960634620563e-02
2.089993623451433891e+01 1.000177351682815630e+00 7.613710555365521548e-01 1.185886200060604599e-02 1.126674374562940673e-01 7.589904310484195393e-02
2.151464024144777198e+01 9.986167358210665812e-01 7.615977337757412480e-01 1.294564638146506949e-02 1.083893912123409797e-01 7.703271747804479874e-02
2.212934424838120862e+01 9.989939207171630864e-01 7.617930718903568321e-01 1.390450849482214105e-02 1.139452761583374663e-01 7.855488370065001613e-02
2.274404825531465590e+01 9.994497828302678633e-01 7.599438906867574950e-01 1.378097498059801390e-02 1.093232384497940940e-01 7.792245952414202093e-02
2.335875226224807122e+01 9.997294152867894912e-01 7.620963011569247270e-01 1.438297091621451931e-02 1.085009565714672719e-01 7.698278828506918692e-02
2.397345626918152917e+01 9.981152507954912378e-01 7.643281212818183734e-01 1.422054045086458031e-02 1.113221951824424627e-01 7.740093611678443286e-02
2.458816027611494093e+01 9.989507404367325982e-01 7.653258038979067202e-01 1.383980851807162932e-02 1.107359892848421429e-01 8.164478810306136092e-02
2.520286428304840598e+01 9.995477222538989848e-01 7.628138894523657232e-01 1.336748381221261259e-02 1.097577768156862144e-01 7.984479017870493855e-02
2.581756828998181064e+01 1.000741231514929330e+00 7.625511834785581033e-01 1.528948975631909749e-02 1.080208810946031162e-01 8.061655383132673713e-02
2.643227229691528635e+01 1.001815181527428322e+00 7.614893484380721445e-01 1.451069850020839797e-02 1.129365419976249424e-01 8.311109836802295370e-02
2.704697630384867324e+01 1.000674998478934041e+00 7.626695665754925635e-01 1.306872502019824911e-02 1.145793876464886729e-01 8.118468994878240419e-02
2.766168031078215961e+01 1.001149164165849204e+00 7.618751591548642565e-01 1.274173839895877819e-02 1.143558786268003974e-01 7.908788849340861460e-02
2.827638431771554295e+01 9.999751498718320031e-01 7.632974339538537434e-01 1.197854841417159838e-02 1.146702038412669156e-01 7.908749111892188211e-02
2.889108832464903998e+01 1.001310566285159132e+00 7.625352610955562493e-01 1.266589536513132788e-02 1.116352580805208550e-01 7.850406289817557504e-02
2.950579233158241266e+01 1.000900146752153219e+00 7.615682063278572667e-01 1.405113417240240643e-02 1.131164847004892393e-01 7.816664402466351469e-02
3.012049633851591324e+01 1.001273449194011844e+00 7.626061243305050086e-01 1.365119022359974343e-02 1.102486029413831947e-01 7.606729600833483929e-02
3.073520034544927881e+01 9.998998884911297624e-01 7.631605456392220876e-01 1.126056989055492299e-02 1.133607103211669714e-01 8.101505807042352902e-02
3.134990435238278650e+01 9.989502373036180938e-01 7.618409072063043741e-01 1.224360863910100954e-02 1.094885775482042356e-01 7.973622169043716179e-02
3.196460835931614852e+01 9.996827836767352427e-01 7.618491856551401487e-01 1.420416885665286982e-02 1.092364477429656200e-01 7.814764732385950929e-02
3.257931236624966687e+01 9.993276773547146163e-01 7.616845558732245891e-01 1.449592380609757321e-02 1.068926707367170575e-01 7.815280174307354111e-02
3.319401637318301823e+01 9.984525814202898086e-01 7.624364335232050038e-01 1.401696478909184203e-02 1.099293641885054906e-01 8.137189302330190277e-02
3.380872038011653302e+01 1.000026222142555321e+00 7.609727408491885337e-01 1.521262647302022708e-02 1.147759895403423630e-01 7.952032351855777004e-02
3.442342438704988439e+01 9.985163727556732871e-01 7.603943708616626163e-01 1.211806014759083880e-02 1.100805552506537860e-01 8.013542244511377699e-02
3.503812839398341339e+01 9.995716223362877129e-01 7.601084507511085553e-01 1.380978279340169465e-02 1.108320519924123476e-01 7.909358674162572655e-02
3.565283240091675054e+01 1.000484720123937299e+00 7.623920464297933020e-01 1.688751490810556921e-02 1.135982967124779114e-01 8.280746395750458733e-02
3.626753640785028665e+01 9.995509418578022443e-01 7.612515119692705445e-01 1.355005157130867444e-02 1.141669970573121196e-01 8.133032526048075694e-02
3.688224041478362381e+01 9.995239129279965828e-01 7.618629970069116242e-01 1.225319474231542118e-02 1.163748480815355868e-01 7.894903949510960472e-02
3.749694442171715281e+01 9.991590778019733277e-01 7.625270200432673340e-01 1.283755970629695334e-02 1.142810187068537126e-01 7.756228395433502343e-02
3.811164842865048996e+01 9.996649000983286459e-01 7.627418182205438768e-01 1.301536233461387214e-02 1.184891649919474210e-01 8.153256507624441485e-02
3.872635243558403317e+01 9.983728080304703489e-01 7.633814979279121005e-01 1.296961098599631011e-02 1.098046077694598555e-01 8.093468267559320029e-02
3.934105644251736322e+01 9.983379843973321233e-01 7.633163039666216454e-01 1.256658138595881553e-02 1.118647805361332459e-01 8.014402363653835848e-02
3.995576044945089933e+01 1.000295406609744919e+00 7.648087390294157073e-01 1.465067774259929886e-02 1.098224078649506774e-01 8.100970196575041360e-02
4.057046445638422227e+01 1.000188751603777959e+00 7.643885118257699451e-01 1.560774981858882582e-02 1.125117900149227718e-01 7.862229013826127488e-02
4.118516846331777970e+01 1.001073414749197088e+00 7.658150232717675365e-01 1.238480382264937722e-02 1.088821603351087103e-01 7.904688090186383354e-02
4.179987247025109554e+01 1.001216434669472743e+00 7.648095901114717599e-01 1.271901142987255998e-02 1.080738527929126780e-01 7.938692618527086464e-02
4.241457647718464585e+01 1.001832294397488887e+00 7.605268030769574139e-01 1.354240967657903937e-02 1.136748032841795042e-01 7.922424535848193727e-02
4.302928048411796880e+01 1.000596502847135749e+00 7.619708118479138204e-01 1.349310239142452808e-02 1.154018579406391187e-01 7.891311121686571395e-02
4.364398449105151201e+01 1.000536900265354578e+00 7.618882951917049784e-01 1.478563221793294941e-02 1.118916368509891013e-01 7.732121944300165972e-02
4.425868849798484206e+01 1.000366974198020564e+00 7.614700968235860179e-01 1.487161535170251209e-02 1.130729745164153893e-01 7.472126868294017010e-02
4.487339250491838527e+01 1.000706150539237393e+00 7.605673174023624972e-01 1.529322473376709679e-02 1.097902345732322260e-01 7.855463453591304823e-02
4.548809651185173664e+01 1.000835451804306775e+00 7.609978870692135633e-01 1.435601779482507077e-02 1.096017663178955465e-01 7.925546136551700482e-02
4.610280051878522301e+01 1.000266261259172174e+00 7.611349356653798193e-01 1.375981950751218805e-02 1.098329438925814833e-01 8.086640215922741293e-02
4.671750452571858148e+01 9.999803987612490008e-01 7.624533662934901423e-01 1.229191498557622060e-02 1.126084978194494823e-01 8.164481699137143833e-02
4.733220853265213179e+01 1.000694913838517053e+00 7.620115335928668854e-01 1.257100667214406525e-02 1.094024125971199690e-01 7.773798253436943473e-02
4.794691253958549026e+01 1.000954528128406240e+00 7.638082555280134578e-01 1.344796943062463376e-02 1.133224418558667762e-01 8.127259059968075516e-02
4.856161654651894821e+01 9.999343508380765799e-01 7.632056872036417916e-01 1.400293337528913523e-02 1.117195431482791573e-01 8.015201888718356815e-02
4.917632055345231379e+01 1.000316141606128140e+00 7.638451488457295158e-01 1.170925917488821119e-02 1.070774105353394789e-01 8.003092566945209374e-02
4.979102456038587121e+01 1.000014207095422325e+00 7.637391281757592854e-01 1.333493075409854234e-02 1.118997880159559172e-01 7.993708981182576223e-02
5.040572856731925100e+01 9.995216169018726893e-01 7.626445874058140895e-01 1.466445203199690135e-02 1.072856320640669797e-01 8.154568154967888061e-02
5.102043257425266631e+01 9.999660246235752004e-01 7.604671051941778170e-01 1.289811996388896993e-02 1.090246025430193083e-01 7.853447954042871992e-02
5.163513658118604610e+01 9.998203243124850204e-01 7.593549938561504620e-01 1.395343860214079586e-02 1.116165865298190951e-01 7.920752444672282677e-02
5.224984058811962484e+01 9.991229595439927724e-01 7.614465682035844729e-01 1.396008032032053370e-02 1.125477513346349323e-01 7.905561987650731870e-02
5.286454459505300463e+01 1.000155675115074638e+00 7.630075214635019254e-01 1.353600456901838354e-02 1.098535732186122493e-01 7.812262398782653106e-02
5.347924860198639863e+01 9.994465151362229571e-01 7.607231188335474847e-01 1.215614979103717651e-02 1.081700616318463370e-01 8.018152331765471263e-02
5.409395260891978552e+01 9.989358573089592852e-01 7.624657611714387162e-01 1.281527879913900436e-02 1.087766600991265376e-01 7.718043844591010449e-02
5.470865661585336426e+01 1.000264729778792772e+00 7.621130030778029418e-01 1.553438401922321681e-02 1.131242480260598871e-01 8.132044945792010759e-02
5.532336062278676536e+01 1.000814602474314308e+00 7.612494136847078874e-01 1.445758790122922757e-02 1.153499674605046738e-01 8.059910594096525438e-02
5.593806462972013094e+01 9.996930419146017321e-01 7.608681988179847311e-01 1.295266995699582112e-02 1.127459556198112389e-01 7.703777081924234604e-02
5.655276863665352494e+01 1.000499323990424072e+00 7.594013600716948975e-01 1.355961897020246075e-02 1.119926036968890704e-01 7.892239103145703982e-02
5.716747264358710368e+01 9.998468506321077642e-01 7.605522194326500562e-01 1.187405571724689177e-02 1.087110087064056541e-01 8.087092211254384710e-02
5.778217665052051899e+01 9.998977667601720576e-01 7.601811252008431330e-01 1.327514735926580217e-02 1.103494267917978500e-01 7.576026627806072000e-02
5.839688065745384904e+01 9.978976348055496048e-01 7.611854482735043170e-01 1.231025748712050345e-02 1.094115904436642472e-01 8.052473915347706235e-02
5.901158466438726435e+01 9.991337510634957786e-01 7.624255602162669510e-01 1.353759454006454345e-02 1.081170242605128118e-01 7.710485314540220514e-02
5.962628867132085020e+01 9.985436586552099980e-01 7.627826462553172204e-01 1.600669415740259977e-02 1.128698993788013333e-01 7.822220236993211728e-02
6.024099267825427972e+01 9.998427585440392562e-01 7.622200004047005040e-01 1.504419237957057773e-02 1.149355962639831974e-01 7.896335751432001504e-02
6.085569668518758135e+01 9.984358116749976197e-01 7.622713490450397922e-01 1.479793575426520402e-02 1.112739509213625522e-01 7.845666159988025357e-02
6.147040069212100377e+01 9.984524635005025406e-01 7.623340098821551614e-01 1.399596361202299841e-02 1.118862506869913731e-01 8.219920536225668040e-02
6.208510469905458962e+01 9.996221313907200923e-01 7.611828125745914164e-01 1.478811931307437953e-02 1.152847815466260251e-01 7.903792765843477286e-02
6.269980870598802625e+01 9.983363174935160345e-01 7.641382761586456018e-01 1.411248265887514106e-02 1.145278187180919921e-01 7.917281718330841656e-02
6.331451271292130656e+01 9.985004877175753801e-01 7.630074810542269992e-01 1.358674543524930785e-02 1.101383357228373910e-01 7.939086788895677316e-02
6.392921671985474319e+01 9.993010529507685424e-01 7.635455402478577014e-01 1.368540953874195290e-02 1.120810070135672409e-01 7.934450639118628690e-02
6.454392072678832903e+01 1.000857522732653937e+00 7.649578366567009180e-01 1.460937114030733640e-02 1.111632996967664155e-01 8.043287808802507266e-02
6.515862473372176566e+01 9.991161860859796295e-01 7.656521675300763663e-01 1.332740432651985385e-02 1.146123383923501188e-01 8.177188271180600709e-02
6.577332874065503177e+01 1.001032936231561532e+00 7.639472802802826923e-01 1.345946182759174062e-02 1.121783394415598462e-01 8.005435807251654046e-02
6.638803274758848261e+01 1.000903285775214702e+00 7.622949985780038684e-01 1.311505778958857969e-02 1.138361827835350643e-01 7.854967425846350049e-02
6.700273675452207556e+01 1.001352888314806178e+00 7.629051263184877252e-01 1.355093686766072406e-02 1.152473085808957964e-01 8.356602297237415711e-02
6.761744076145552640e+01 1.000043513947179274e+00 7.648375377880447523e-01 1.347911124264802342e-02 1.146895086882974008e-01 7.699379124293243004e-02
6.823214476838876408e+01 1.000400922892318967e+00 7.642792251779032542e-01 1.433545280717429121e-02 1.137002989233851513e-01 8.266551769853436316e-02
6.884684877532221492e+01 1.000990499796319488e+00 7.611986040644326268e-01 1.228122609706576961e-02 1.153746800379068516e-01 7.803672316210943927e-02
6.946155278225580787e+01 1.000808964281094893e+00 7.618852574470211803e-01 1.422643858027071440e-02 1.129612022018860323e-01 8.148489523247499922e-02
7.007625678918925871e+01 1.001357188203294113e+00 7.621890014158456683e-01 1.476873830260698288e-02 1.105372185575745070e-01 7.854341456183835946e-02
7.069096079612249639e+01 1.000222509411109684e+00 7.642971902731275913e-01 1.259032649213307625e-02 1.133902954971455351e-01 7.904834414615745375e-02
7.130566480305596144e+01 1.000528094719369987e+00 7.621795639728803362e-01 1.552258192044064962e-02 1.145272930458912652e-01 7.642716850162493969e-02
7.192036880998955439e+01 1.000909052604564753e+00 7.636175364803919896e-01 1.477625016180908642e-02 1.128979635849265001e-01 7.666881706810103891e-02
7.253507281692301945e+01 1.000147174098871439e+00 7.647752713522963930e-01 1.329582997718902274e-02 1.110310040560807676e-01 7.863609625981470008e-02
7.314977682385622870e+01 9.993793322355553066e-01 7.634391226916362738e-01 1.415223938641794327e-02 1.086179852765925546e-01 8.034300932425673947e-02
7.376448083078969375e+01 9.990185724956605062e-01 7.645266660367707745e-01 1.497954299272672568e-02 1.102433936150153254e-01 8.004513624703404884e-02
7.437918483772328671e+01 9.985718788273562074e-01 7.639500951636432058e-01 1.354923425771062222e-02 1.077970248331548697e-01 8.138984053929972096e-02
7.499388884465676597e+01 1.000819479205359075e+00 7.631785850627815782e-01 1.511822732958549922e-02 1.141959431564083943e-01 8.250503009420775968e-02
7.560859285158997523e+01 1.000340548265407747e+00 7.632722220994004880e-01 1.360772241054537118e-02 1.170228761138817075e-01 8.072787086435340154e-02
7.622329685852342607e+01 1.000719559154964022e+00 7.625747098920537814e-01 1.503115872734662149e-02 1.088510559217497897e-01 8.010102851849032479e-02
7.683800086545703323e+01 1.000012761384073023e+00 7.617854042484049071e-01 1.440531597374993845e-02 1.115179839427325875e-01 8.124366124759818675e-02
7.745270487239051249e+01 1.000037045456132923e+00 7.624151987791037977e-01 1.378604973085059172e-02 1.106191662124444280e-01 7.893436626861151384e-02
7.806740887932369333e+01 1.000350987641640765e+00 7.621102158142002425e-01 1.405505382644240547e-02 1.116994471719493925e-01 8.054849968392113757e-02
7.868211288625717259e+01 9.997375916398811846e-01 7.641835492246907835e-01 1.508523615175896317e-02 1.134403554560391159e-01 8.076794175940424370e-02
7.929681689319076554e+01 9.980598014775583504e-01 7.650536331496702314e-01 1.446903614255252470e-02 1.119853045091103450e-01 7.750974782839055444e-02
7.991152090012425901e+01 9.995162889694916286e-01 7.655525921882195828e-01 1.366567079002859939e-02 1.130319880700039886e-01 8.005780263304546063e-02
8.052622490705741143e+01 1.000236515719324926e+00 7.627128423337858898e-01 1.397146199077836139e-02 1.109352173590898577e-01 8.239604726723546990e-02
8.114092891399090490e+01 1.000576490512796290e+00 7.627111493714303636e-01 1.299415830989279763e-02 1.108585469895880804e-01 7.710326017721710889e-02
8.175563292092451206e+01 1.001176238251079820e+00 7.616436034362296104e-01 1.448860095560711159e-02 1.138000141056540182e-01 8.058494232512615485e-02
8.237033692785801975e+01 1.001084602786387778e+00 7.635969136127752632e-01 1.521624296552608925e-02 1.123061157658024611e-01 7.989316747036034894e-02
8.298504093479115795e+01 1.000480074594540358e+00 7.637260515074123512e-01 1.306051844372919241e-02 1.106307017213840338e-01 8.211494195960550302e-02
8.359974494172465143e+01 1.000168478145461171e+00 7.641683247825349357e-01 1.542133742643827903e-02 1.033197428620633018e-01 8.026149926279112223e-02
8.421444894865825859e+01 1.000196815885831203e+00 7.625997722776469701e-01 1.235293414385736643e-02 1.083255120171088270e-01 8.126090413457469352e-02
8.482915295559175206e+01 9.991846848077802212e-01 7.631478118810393063e-01 1.448089408058757591e-02 1.091787640494937123e-01 8.252210729514901366e-02
8.544385696252489026e+01 9.998424906256165867e-01 7.635457191929176934e-01 1.339598150473536586e-02 1.120648617846231460e-01 7.878417792317748969e-02
8.605856096945838374e+01 9.990898930465761385e-01 7.635593442500011596e-01 1.434947874519273449e-02 1.146376020985461902e-01 8.023039283207164529e-02
8.667326497639199090e+01 9.992849884426860951e-01 7.606322208380393857e-01 1.434624544987052330e-02 1.115862880326824735e-01 7.769405390371147968e-02
8.728796898332547016e+01 9.981206217107101430e-01 7.637472615283698030e-01 1.342189193655537668e-02 1.112467409682294517e-01 8.019984951296377229e-02
8.790267299025863679e+01 9.991055372220950526e-01 7.617628807674629021e-01 1.304633470852928183e-02 1.097731093823084564e-01 7.867820403003000784e-02
8.851737699719213026e+01 9.996842302925205148e-01 7.629861250784882865e-01 1.442023646709397061e-02 1.099804286463431369e-01 8.079532357002167098e-02
8.913208100412572321e+01 1.000105267064278713e+00 7.634664477657844284e-01 1.529346400514363519e-02 1.130856102607367686e-01 7.784298226751946992e-02
8.974678501105924511e+01 1.000457805112317633e+00 7.644537064740107857e-01 1.489705942747320856e-02 1.157515887603609711e-01 7.726129556846923763e-02
9.036148901799239752e+01 1.000858857801533608e+00 7.640946103830391634e-01 1.450128066496596951e-02 1.113364381159178546e-01 7.975169813930102491e-02
9.097619302492591942e+01 1.001858316139706551e+00 7.647309204029640872e-01 1.392759951779647988e-02 1.101227358187399086e-01 7.860751998272577645e-02
9.159089703185939868e+01 9.996877143395002108e-01 7.603055703258893017e-01 1.320361133043024791e-02 1.098729163237949918e-01 8.019406185700389544e-02
9.220560103879292058e+01 9.993533385987635187e-01 7.624119987425322931e-01 1.307858075262361384e-02 1.130714472459944248e-01 7.817993465756786775e-02
