0.000000000000000000e+00 1.494484187370110684e+00 9.999999999999998890e-01 -6.366834442766561297e-03 -5.333284283631847811e-03 -2.807737601603771393e-04
9.122414716417047709e-01 1.363811726158107529e+00 7.316883415708651528e-01 -1.812396978211534837e-02 5.408070400433467873e-02 -1.531293149770389384e-02
1.824482943281774183e+00 1.265662729630841810e+00 5.426014129903633521e-01 -1.958135534490194896e-02 9.799037909859334428e-02 5.211128860680133701e-03
2.736724414923359383e+00 1.190865671636867518e+00 4.078452030843978671e-01 -1.855282792626808397e-02 1.377679813414319776e-01 5.021560756254456193e-03
3.648965886570172401e+00 1.137591963560961927e+00 3.098308374902831730e-01 -2.557780370666717928e-02 1.645154698538031091e-01 1.459595622283263450e-02
4.561207358216984531e+00 1.100563282446506808e+00 2.386710166011541401e-01 -2.251880680854860539e-02 1.737376465481287324e-01 2.261173691580156686e-02
5.473448829852507025e+00 1.072430500294586420e+00 1.872325726671000834e-01 -2.749406669233532552e-02 1.774246070464518266e-01 6.916209671886608401e-03
6.385690301483220033e+00 1.050911719270903433e+00 1.507758566375004827e-01 -2.182595584957079671e-02 1.742752436881171707e-01 1.614485784636469912e-02
7.297931773113933041e+00 1.041982283244121454e+00 1.237754650631804482e-01 -2.271000094760065868e-02 1.551217046812803368e-01 3.087101119870286348e-02
8.210173244744646937e+00 1.029559564841466823e+00 1.043503595634329983e-01 -2.326082488940753312e-02 1.234438513671618498e-01 3.407704555128779345e-02
9.122414716375359944e+00 1.023166263531939180e+00 9.016438308853363948e-02 -2.496979627803133650e-02 1.036192294063378039e-01 4.501617344015737543e-02
1.003465618800607295e+01 1.012814460893517232e+00 8.028181003915221825e-02 -2.434304777235635209e-02 8.249500344230437099e-02 4.132332638825067517e-02
1.094689765963678596e+01 1.012681695270339022e+00 7.291851775897972843e-02 -1.772947770906420362e-02 5.654935694248824918e-02 5.037704278794341572e-02
1.185913913126749897e+01 1.011825495403519959e+00 6.719322504008320984e-02 -1.996251701230164488e-02 5.352308300760308390e-02 6.898850268034070754e-02
1.277138060289821198e+01 1.012408635560982484e+00 6.338700209021472243e-02 -2.278192737432740977e-02 4.790790262728392146e-02 6.490451763458837675e-02
1.368362207452892498e+01 1.007970431125474908e+00 6.106444970361203650e-02 -2.094920932271089609e-02 3.788250961006467410e-02 6.998318631120334365e-02
1.459586354615963799e+01 1.002652989269828598e+00 5.956746071120379987e-02 -2.275141393341151286e-02 2.736937492115923409e-02 7.273159191641762056e-02
1.550810501779035100e+01 1.002705512551772982e+00 5.846320182117466929e-02 -2.689205141919724651e-02 2.783863768802410932e-02 6.995048949191479126e-02
1.642034648942106401e+01 1.000719558016915922e+00 5.750932160776815738e-02 -2.878989043028691575e-02 1.995927690751470029e-02 7.216857524077965880e-02
1.733258796105177879e+01 9.986244172912156492e-01 5.673624421082359287e-02 -2.733993325734106195e-02 2.718019164315484126e-02 7.259461728888327858e-02
1.824482943268249002e+01 9.978586391138638545e-01 5.601068143922987436e-02 -2.986326020572503681e-02 2.233890956345438439e-02 6.475270378307632080e-02
1.915707090431320481e+01 1.000125918842715622e+00 5.562119010330211777e-02 -3.074815380733120218e-02 3.383793542237636953e-02 6.436581941527266815e-02
2.006931237599574658e+01 9.986211596414935610e-01 5.506458524808306026e-02 -2.257631075595140091e-02 3.576816789897591109e-02 7.305728652895845943e-02
2.098155384769085785e+01 1.001346969384288244e+00 5.515908391472319067e-02 -2.433084833632032096e-02 2.764235150911681371e-02 7.390134508891560428e-02
2.189379531938596912e+01 9.983394148686033365e-01 5.526134364174919988e-02 -2.344321213586808561e-02 3.803874630630471598e-02 6.410773432115149384e-02
2.280603679108108039e+01 9.987117267590748249e-01 5.505124017859900493e-02 -2.178260960947435432e-02 2.631521275505355195e-02 6.244939927469278507e-02
2.371827826277619522e+01 1.001041932296647285e+00 5.447582251742335430e-02 -1.871001342814841706e-02 2.680705755724838157e-02 7.147353579109266830e-02
2.463051973447130649e+01 9.998728078612446613e-01 5.430499534186397637e-02 -2.212062539655559879e-02 3.450603457661119422e-02 6.850882069269489949e-02
2.554276120616641776e+01 1.001068840123945369e+00 5.421302516037677932e-02 -2.719124277053529271e-02 3.758674641122346227e-02 8.013581131126157331e-02
2.645500267786153259e+01 1.002952018132933665e+00 5.398450041478655703e-02 -2.450892049106691284e-02 3.687231553698160080e-02 6.951402497022715621e-02
2.736724414955664386e+01 1.002466590246002820e+00 5.446986791820008361e-02 -2.772606195578741772e-02 3.387877418821963471e-02 6.892749921720545125e-02
2.827948562125175513e+01 1.004671727492714384e+00 5.433735782998423691e-02 -2.345757950548216231e-02 3.011031461405269671e-02 7.129632214790021516e-02
2.919172709294686996e+01 1.002340872219750212e+00 5.447839128608203407e-02 -2.036858256858081750e-02 3.087444280732322410e-02 7.103563384377181711e-02
3.010396856464198123e+01 9.995171520055249337e-01 5.470521213409225425e-02 -1.690900587825300283e-02 3.879438647773242321e-02 6.920468371326080059e-02
3.101621003633709250e+01 1.003375042760029201e+00 5.451549882010506970e-02 -2.089021941572112573e-02 2.798276280413622419e-02 7.436737811817450972e-02
3.192845150803220378e+01 1.005671048478341323e+00 5.476757453229348649e-02 -2.482550656623207230e-02 2.986266381007006421e-02 7.284995491041029725e-02
3.284069297972731505e+01 1.008132402716849674e+00 5.483903855747102735e-02 -2.543072058669672286e-02 3.516841020729946643e-02 7.531783030625194275e-02
3.375293445142242632e+01 1.008219278014738762e+00 5.469818838624861124e-02 -2.861778653159291474e-02 2.832554570427307794e-02 6.852160922588540481e-02
3.466517592311753759e+01 1.004656253424694778e+00 5.491835558966667863e-02 -2.412847861279530937e-02 2.907273609097466016e-02 6.281491527233570848e-02
3.557741739481264887e+01 1.002168297934615149e+00 5.496207508532510722e-02 -2.154332226031588360e-02 2.839645525293596484e-02 6.481668569352533327e-02
3.648965886650776014e+01 1.000906021264786672e+00 5.511712823662075905e-02 -2.266622658206206287e-02 2.913059360620626204e-02 7.176489784092091040e-02
3.740190033820287141e+01 1.003629550021572614e+00 5.436300486099334556e-02 -2.476936975624245696e-02 2.189481530820794331e-02 6.454780385849820390e-02
3.831414180989798979e+01 1.005867148816810497e+00 5.458891048333937290e-02 -2.240337978556028453e-02 2.467702901202342702e-02 6.885722925659790161e-02
3.922638328151456477e+01 1.001811715296359262e+00 5.471931771768784314e-02 -1.989937724163552690e-02 2.882112315499552047e-02 7.456000069406962250e-02
4.013862475308088307e+01 1.001361220013171405e+00 5.456432039680645524e-02 -1.417939954186518692e-02 1.742782736576205249e-02 7.002125315544308060e-02
4.105086622464719426e+01 9.995310080574313361e-01 5.447364810145162439e-02 -2.673383883566975150e-02 2.259234230331214066e-02 6.297945237154090048e-02
4.196310769621350545e+01 1.001703633215847766e+00 5.442712867848648745e-02 -2.616789227009669316e-02 2.420957555836197872e-02 6.840570654205277434e-02
4.287534916777982374e+01 9.984668281923482214e-01 5.458630225617463333e-02 -2.097151642405144234e-02 2.775568627445901271e-02 7.976287967688983072e-02
4.378759063934613494e+01 9.962923373860275156e-01 5.435026356414003612e-02 -2.693437387827875285e-02 2.624988508072116644e-02 7.651582230694856102e-02
4.469983211091245323e+01 1.000944460088564636e+00 5.409800892334198918e-02 -2.505285589381295308e-02 2.520394725579012951e-02 6.248894761781034757e-02
4.561207358247876442e+01 1.001614941964059646e+00 5.413717825211139534e-02 -1.927201627183713906e-02 2.475644554662140284e-02 7.087805658548071430e-02
4.652431505404508272e+01 1.001967520916195120e+00 5.431619251413685734e-02 -1.769127925372968035e-02 3.281639184541704224e-02 6.558090565324975474e-02
4.743655652561139391e+01 1.004373488633481859e+00 5.433348575538409636e-02 -1.874732287463674874e-02 2.402907145276066136e-02 7.418466188911315706e-02
4.834879799717770510e+01 1.002041196421432856e+00 5.455156811496754410e-02 -2.298242502101340012e-02 2.917116892628332514e-02 7.140743924539508236e-02
4.926103946874402340e+01 1.000907909465908574e+00 5.441277478574145510e-02 -2.725412749984680583e-02 4.011574338069895385e-02 7.123422512325008893e-02
5.017328094031033459e+01 9.991022121332178152e-01 5.455154158794915664e-02 -2.581084952646413300e-02 3.372651316834965329e-02 7.374879253903804388e-02
5.108552241187665288e+01 9.993528638535011943e-01 5.449888362884718757e-02 -2.294617599548054443e-02 3.670161346061688590e-02 7.153572508374839156e-02
5.199776388344297118e+01 9.966488480992168331e-01 5.452153648871384956e-02 -2.207575477768497496e-02 2.645641228929636324e-02 7.049282188472444366e-02
5.291000535500928947e+01 9.966506491324600425e-01 5.415988361597064149e-02 -2.065208591135718474e-02 2.702164368695882113e-02 6.403087779012847647e-02
5.382224682657560066e+01 9.992231828185854647e-01 5.418759515948310540e-02 -2.078537847580762266e-02 3.090021258624718603e-02 6.993273245535494564e-02
5.473448829814191896e+01 1.001402412796047026e+00 5.414838837289204232e-02 -2.424682182012455334e-02 3.530755075177050006e-02 7.145187694998919592e-02
5.564672976970823015e+01 1.007658121136820517e+00 5.402708946301737480e-02 -2.626012671199794146e-02 3.317899654843847745e-02 7.023454129998724094e-02
5.655897124127454134e+01 1.009720625366030022e+00 5.389215313369206950e-02 -2.166399034745887520e-02 2.637255340098910994e-02 7.371647231435396463e-02
5.747121271284085964e+01 1.005185500874490101e+00 5.448518792606473621e-02 -2.234181071055794943e-02 3.414674942696449556e-02 6.791186643003260803e-02
5.838345418440717083e+01 1.001056549067259827e+00 5.484618876615319355e-02 -1.950995553568563023e-02 3.028473768011938350e-02 8.026870992728771248e-02
5.929569565597348912e+01 9.992501212767284091e-01 5.455667434485904355e-02 -1.925870225357459442e-02 2.848175263505411947e-02 6.322265135582669227e-02
6.020793712753980031e+01 1.000056038078987575e+00 5.432104106030952173e-02 -2.087263170081496422e-02 2.986765552265022161e-02 5.686178589157248053e-02
6.112017859910611861e+01 1.001180586435590714e+00 5.439869564599697505e-02 -2.247746857176340096e-02 2.705394108463959890e-02 7.654707359864093563e-02
6.203242007067242980e+01 1.003660439720859276e+00 5.454295814126982472e-02 -2.394317336821133457e-02 3.234837634342932478e-02 7.738910730460066278e-02
6.294466154223874099e+01 9.999873673032462218e-01 5.465447469578402911e-02 -2.059286981303215525e-02 2.400884370044584215e-02 6.507138385749278164e-02
6.385690301380505929e+01 9.967307065984070125e-01 5.493381262858268443e-02 -2.233006443470766933e-02 1.810768866825240853e-02 7.121496612234959334e-02
6.476914448537137048e+01 9.991099916045520501e-01 5.427871082442496664e-02 -2.318295792435902392e-02 2.858844304623379962e-02 6.640682520565924229e-02
6.568138595693768877e+01 9.997371870648754655e-01 5.431192215985881228e-02 -2.287183006333158575e-02 3.656237515902413526e-02 6.895271510199865728e-02
6.659362742850400707e+01 9.995774834742416903e-01 5.425389627966895056e-02 -2.356691336684922644e-02 2.523778939619929218e-02 8.176590547983164647e-02
6.750586890007031116e+01 1.001209642862632476e+00 5.398285283077627894e-02 -2.260223232689832773e-02 3.795572423748649893e-02 7.084995129015414506e-02
6.841811037163662945e+01 1.002728577218858996e+00 5.387309671190867316e-02 -2.219046930433321574e-02 3.748539874679787665e-02 7.431646552933771077e-02
6.933035184320294775e+01 9.994166358817969664e-01 5.403797817435164463e-02 -2.441871156916844421e-02 3.727755254046741240e-02 7.386921170263605063e-02
7.024259331476925183e+01 9.986966460816218971e-01 5.466466618265820171e-02 -2.523685510669838872e-02 2.818971083201561589e-02 7.803682160192809691e-02
7.115483478633557013e+01 1.001672906414784459e+00 5.451600233224596082e-02 -2.545893505247628918e-02 2.164702385019011410e-02 6.376401245324953004e-02
7.206707625790188843e+01 1.002462016366142628e+00 5.430014267972971265e-02 -2.470766475182514799e-02 3.024788376707431004e-02 7.190514118541332933e-02
7.297931772946820672e+01 1.002149066884683970e+00 5.415838481594394821e-02 -2.100273348394572637e-02 3.154796287107035357e-02 7.132744844988958555e-02
7.389155920103451081e+01 9.998303594820097118e-01 5.412624230083264154e-02 -1.685389403853161661e-02 3.368563408135546999e-02 6.600741757828271217e-02
7.480380067260082910e+01 9.976991330958939752e-01 5.453005051172182122e-02 -2.396422818617992279e-02 2.109900143088525026e-02 6.986608241450267820e-02
7.571604214416714740e+01 1.000397361281000430e+00 5.408739491508963992e-02 -2.641387430405864323e-02 2.315142281238780075e-02 5.687208077819896901e-02
7.662828361573345148e+01 1.002183974059104310e+00 5.425282714242537357e-02 -2.628084487514772971e-02 2.656949097975863650e-02 7.077703942231319822e-02
7.754052508729976978e+01 1.000299680593571550e+00 5.403187732132891385e-02 -1.936172282695756974e-02 2.346965209551693521e-02 6.520425806989890716e-02
7.845276655886608808e+01 1.001646057756659491e+00 5.418698911083812825e-02 -2.444116490467469760e-02 1.647945317562937717e-02 7.260361781791052627e-02
7.936500803043239216e+01 9.970108131565442733e-01 5.445820799322051431e-02 -2.395737351385889002e-02 2.044691671170986713e-02 7.059553968571674609e-02
8.027724950199871046e+01 9.975134468228792350e-01 5.433110458920084596e-02 -1.998140780528988303e-02 1.829948554149249396e-02 7.644796103478321281e-02
8.118949097356502875e+01 1.001405955992826557e+00 5.421918050854746679e-02 -2.041754548740153108e-02 1.732935003602448232e-02 6.825921156474834550e-02
8.210173244513134705e+01 1.003116339806471746e+00 5.417942876193843071e-02 -2.127402267590372542e-02 1.988320100368076715e-02 6.531322156409127833e-02
8.301397391669765113e+01 1.002255539856806488e+00 5.431826314762233654e-02 -2.303246520087313953e-02 1.929631672404606701e-02 6.719554772504393592e-02
8.392621538826396943e+01 1.000811202442223102e+00 5.450878520540169969e-02 -3.030975867758643749e-02 2.584412445861566932e-02 7.152443520776774477e-02
8.483845685983028773e+01 1.006335145804868825e+00 5.396021695463852630e-02 -2.334254852798824109e-02 2.223828738632609159e-02 7.269968021785247481e-02
8.575069833139659181e+01 1.006365905246784820e+00 5.381694550273551092e-02 -2.277113010788722747e-02 1.904868501471404518e-02 6.856060069927386036e-02
8.666293980296291011e+01 1.004383248833620179e+00 5.443055188295996272e-02 -1.932147754735430434e-02 1.449677787230416182e-02 7.557890537195405267e-02
8.757518127452922840e+01 1.004286270215160481e+00 5.424794016895764792e-02 -2.392812472241000188e-02 1.573263906251058664e-02 7.077902885914974518e-02
8.848742274609554670e+01 1.006273335607100750e+00 5.450333373206064230e-02 -2.291246369284995199e-02 2.689798722558892075e-02 7.756621916266062677e-02
8.939966421766185078e+01 1.001369869851191030e+00 5.481432202325368236e-02 -2.071578090583196807e-02 2.727229431472694143e-02 7.097439049702961023e-02
9.031190568922816908e+01 1.006591792435316046e+00 5.445622258204074750e-02 -2.291978800492633361e-02 2.607800400404877705e-02 7.103832475088886489e-02
9.122414716079448738e+01 1.004698007567703444e+00 5.457864325330957778e-02 -2.407999798381407763e-02 1.256612702841461426e-02 7.495186976630363596e-02
9.213638863236079146e+01 1.003639257173597477e+00 5.491024406368639338e-02 -2.737590397911161821e-02 1.301304038002289165e-02 7.011206108750017707e-02
9.304863010392710976e+01 1.005760948854389047e+00 5.449731730251626549e-02 -2.695708943905762711e-02 2.013022374059553199e-02 6.615563491396467266e-02
9.396087157549342805e+01 1.003886345691235027e+00 5.425528944746434157e-02 -2.681750571483179635e-02 2.847666136206476739e-02 6.355286328628889647e-02
9.487311304705974635e+01 1.001114042632361478e+00 5.411266587521086635e-02 -1.803459412541251472e-02 3.043605840564944653e-02 7.430380799413066617e-02
9.578535451862605044e+01 1.001157397663264392e+00 5.435064384712005869e-02 -2.263149243244620690e-02 3.382565937195351757e-02 7.544129486701539600e-02
9.669759599019236873e+01 9.996326273270565999e-01 5.467848456296096893e-02 -2.496385072908624547e-02 3.376708815175355483e-02 7.652686176500872461e-02
9.760983746175868703e+01 9.995507094240614343e-01 5.463064774249977440e-02 -2.498208760427668429e-02 3.404702998902878197e-02 6.340798699588356957e-02
9.852207893332499111e+01 9.990623156310404207e-01 5.476791108102793681e-02 -2.494301742181927184e-02 3.073442120829811275e-02 6.936150478382357987e-02
9.943432040489130941e+01 9.969669762654398415e-01 5.463069835403052549e-02 -2.438717338782853128e-02 2.377546002977443118e-02 7.482940694450715413e-02
1.003465618764576277e+02 9.988038027445917955e-01 5.447990786836979377e-02 -2.850765885965764190e-02 2.244866121248698110e-02 7.573909810347742577e-02
1.012588033480239460e+02 1.001113570061645586e+00 5.427821123273077197e-02 -2.195536202299122608e-02 2.498354417913775660e-02 7.920693429425273990e-02
1.021710448195902501e+02 9.947287115649168232e-01 5.449503464962966726e-02 -2.451947373330486124e-02 2.870638092374816486e-02 6.790765882241950324e-02
1.030832862911565684e+02 9.967710686720604452e-01 5.451997638485527042e-02 -2.539893332995493691e-02 2.734926573996579457e-02 6.497426006211545757e-02
1.039955277627228583e+02 9.981528088480943195e-01 5.441818782760839135e-02 -2.156601757655796092e-02 2.825678240658859031e-02 6.187713015148113560e-02
1.049077692342891766e+02 9.988661864657937262e-01 5.443683030942417928e-02 -2.207366562298750112e-02 2.974205909703253603e-02 7.155358383261403721e-02
1.058200107058554948e+02 9.985590089930160840e-01 5.409064079985105578e-02 -2.323660462852815412e-02 2.349546343468131293e-02 7.203308849450393292e-02
1.067322521774218131e+02 9.966270798419802901e-01 5.436548534136620425e-02 -2.922861314754671147e-02 1.120942555329897117e-02 6.728796710602114040e-02
1.076444936489881172e+02 1.002533998544470784e+00 5.399757505040247291e-02 -2.150425317396052749e-02 4.139487634664512639e-03 6.319457151387219973e-02
1.085567351205544355e+02 1.000576571747243237e+00 5.415151888528922652e-02 -1.822772356625990131e-02 1.425777984441939372e-02 7.907810695185943373e-02
1.094689765921207538e+02 9.999059336121541852e-01 5.414813044702420503e-02 -2.665729700421470838e-02 3.062783190878859418e-02 7.683171058115520480e-02
1.103812180636870579e+02 1.004486141902817709e+00 5.398639328654701586e-02 -2.401449049408822811e-02 3.369463619583160097e-02 6.857459018053074784e-02
1.112934595352533762e+02 1.004332368995363822e+00 5.406987618265925860e-02 -2.011094761283781229e-02 2.899903424265895535e-02 7.213763894431279855e-02
1.122057010068196945e+02 1.000801363075485062e+00 5.427548347741233126e-02 -2.305523456330828280e-02 2.850865295421547985e-02 6.658316339920189453e-02
1.131179424783860128e+02 1.003187321152856137e+00 5.420305468240241981e-02 -2.419209942145088277e-02 2.178728721310918548e-02 6.817999017378981175e-02
1.140301839499523169e+02 1.002580677855991365e+00 5.438684181677794216e-02 -2.560238435708876714e-02 3.338084501316296304e-02 7.134497752522242497e-02
1.149424254215186352e+02 9.998532420783674546e-01 5.437328565189564894e-02 -2.203417879752182784e-02 3.503899980996724728e-02 7.050971702077468706e-02
1.158546668930849535e+02 9.985315953319905402e-01 5.437202274617165126e-02 -2.038812870006996569e-02 2.733768186164717284e-02 7.113094584056756098e-02
1.167669083646512576e+02 9.994031301201002915e-01 5.467078690009567060e-02 -2.066634761202958137e-02 2.539234594035424952e-02 7.319153676828932253e-02
1.176791498362175759e+02 1.000635358646306594e+00 5.450956245629170333e-02 -1.721268411843036861e-02 2.313687401813394051e-02 8.069276567903177488e-02
1.185913913077838941e+02 9.973227371192494584e-01 5.444647057847414734e-02 -2.645257415191785977e-02 2.723461675977936758e-02 7.062920412299203421e-02
1.195036327793502124e+02 9.936201769303004694e-01 5.439492805999216613e-02 -2.619582835923857378e-02 2.529134276273606319e-02 6.198081835068722234e-02
1.204158742509165165e+02 9.962817295865000755e-01 5.411864151996326200e-02 -2.324374912685521488e-02 2.979918708129257465e-02 6.603669896896549596e-02
1.213281157224828348e+02 9.952586571747034094e-01 5.435854236775736897e-02 -2.282553978699218555e-02 2.247014294286324432e-02 6.311493106507667927e-02
1.222403571940491531e+02 9.899397546620201105e-01 5.454978334151212166e-02 -1.963492321015425368e-02 2.146038382637660558e-02 7.054233370360804556e-02
1.231525986656154572e+02 9.934767632475062227e-01 5.437170593734050317e-02 -2.092090002337182453e-02 2.311157233218252838e-02 6.886619150012324164e-02
1.240648401371817755e+02 1.000286408324996934e+00 5.409944018541301691e-02 -2.100214660423695145e-02 2.330287052921632684e-02 7.023139725389526689e-02
1.249770816087480938e+02 9.987928251032629490e-01 5.453453362793728859e-02 -1.702072286835057402e-02 3.518645969841402432e-02 6.887168619997480201e-02
1.258893230803144121e+02 1.001251441189019209e+00 5.420506387462915160e-02 -1.426764891848608663e-02 2.805734208325211254e-02 6.941821278760684777e-02
1.268015645518807162e+02 1.000547850151818130e+00 5.416663191467227523e-02 -2.378343148359370052e-02 2.180145001666644600e-02 7.396110268706793112e-02
1.277138060234470345e+02 1.003172812011823289e+00 5.412145683789605644e-02 -1.906748936474021716e-02 2.589554629090337623e-02 7.055855028332186363e-02
1.286260474950133528e+02 1.001710405974917562e+00 5.405780684304210826e-02 -1.587068099869230753e-02 2.551983782494404718e-02 7.286667593166568091e-02
1.295382889665796711e+02 9.999958532814151591e-01 5.441898967634489770e-02 -2.474789967162763227e-02 2.920993863550758185e-02 7.361511315993204962e-02
1.304505304381459894e+02 1.002793132899097328e+00 5.381849241246119964e-02 -2.760344015205859480e-02 2.275128007149161691e-02 6.562345786704948392e-02
1.313627719097122792e+02 1.004533873980514747e+00 5.385868495532468436e-02 -2.240925127925169624e-02 1.785912967055412748e-02 6.633643518549656171e-02
1.322750133812785975e+02 1.002130473039761105e+00 5.400868514983945406e-02 -1.461895823908507253e-02 2.305854821937465549e-02 6.919582778287469704e-02
1.331872548528449158e+02 1.001818985918245142e+00 5.396785974126959429e-02 -1.655469444535093149e-02 2.794519311390156191e-02 6.722090566758573416e-02
1.340994963244112341e+02 1.001521103612873054e+00 5.425810321320796020e-02 -2.084644564249225895e-02 3.544754055762922018e-02 7.737452282293599826e-02
1.350117377959775524e+02 9.985826312158591067e-01 5.452345397385691128e-02 -2.379446552452398056e-02 3.585876370220818232e-02 6.767008518411818385e-02
1.359239792675438707e+02 1.003021949574526950e+00 5.433969041738218736e-02 -2.141305189720846269e-02 2.968459705982265384e-02 6.487768572591531835e-02
1.368362207391101890e+02 9.980218665161929570e-01 5.434039797957655737e-02 -2.174540325727571111e-02 2.329235966847899297e-02 6.084516609810131094e-02
