0.000000000000000000e+00 1.510245962241367756e+00 1.000000000000000222e+00 1.344092250225987790e-03 -2.216496929880934497e-03 -2.829517078470571330e-03
1.721438761666427286e-01 1.411629825653656578e+00 1.061450618538314128e+00 5.954846485981073710e-03 3.848816156201331079e-02 2.723311772238409811e-02
3.436019201573196069e-01 1.326059926178899007e+00 1.114399536059672791e+00 6.901162602702213406e-03 6.944813199815563776e-02 5.136956173704225470e-02
5.150599641479963742e-01 1.259046399874768962e+00 1.163649475488563123e+00 8.185825362683619988e-03 9.850776199258921839e-02 6.618193226052369871e-02
6.865180081386751398e-01 1.208787957012653180e+00 1.210997080887541877e+00 7.063232165483478500e-03 1.190466034578514104e-01 6.969152497256565770e-02
8.579760521293500197e-01 1.165288995417089080e+00 1.253070168025330222e+00 8.735807116838214398e-03 1.329024584132033338e-01 7.590911239352828022e-02
1.029434096120029452e+00 1.129953419696454242e+00 1.291367343787192867e+00 8.360705309263779042e-03 1.407850271288834110e-01 7.663447933778963495e-02
1.200892140110725759e+00 1.103071546898014343e+00 1.325627141646196661e+00 1.087971257754974212e-02 1.446856833036858636e-01 7.894532861681742564e-02
1.371664351925464986e+00 1.081275610722616243e+00 1.355445556928893014e+00 1.072063427864038999e-02 1.465961317353772220e-01 7.483063034223853827e-02
1.543122395916175060e+00 1.063048809920745796e+00 1.386723399700399817e+00 8.123904653076581897e-03 1.500352610021613020e-01 7.527193091661599222e-02
1.714580439906881582e+00 1.048753342320807747e+00 1.411766085426555462e+00 8.585645903520738517e-03 1.537577732356527060e-01 7.046889433047706652e-02
1.886038483897589657e+00 1.037976973262389579e+00 1.433641022386242136e+00 1.067434659690148432e-02 1.534268421941683835e-01 7.303705251675518539e-02
2.057496527888294846e+00 1.030636894999571229e+00 1.455837553895984682e+00 9.415071028570505887e-03 1.623410382679857100e-01 7.208308985978692518e-02
2.228954571878995594e+00 1.024417063519595272e+00 1.473671902958393565e+00 8.627737825932754387e-03 1.594327689637941303e-01 7.078655671237377156e-02
2.400412615869644828e+00 1.016924867933806098e+00 1.487456527815824048e+00 5.958504405638264181e-03 1.614265500862182012e-01 6.819669834462482871e-02
2.571870659860280739e+00 1.011699957790183735e+00 1.499017041931742344e+00 6.862099958879161812e-03 1.582214771186426783e-01 6.804587800434525047e-02
2.743328703850928196e+00 1.008706463053489655e+00 1.516331968264350571e+00 6.478805146056884276e-03 1.570820302965511839e-01 6.293661661170574240e-02
2.914786747841573433e+00 1.006195857160487206e+00 1.530057617602147202e+00 6.779832020521638601e-03 1.598327445145909520e-01 6.382623010079840897e-02
3.086930624008190183e+00 1.005955335786574700e+00 1.535940216533843827e+00 7.511243880929278222e-03 1.587362941421572859e-01 6.415953284725771366e-02
3.258388667998841193e+00 1.003504221096023885e+00 1.543300121580469586e+00 6.313392505239398197e-03 1.606586562922528438e-01 6.767011381240137236e-02
3.429846711989472663e+00 1.001605537523231115e+00 1.551419747083679912e+00 7.178737589171663852e-03 1.664065246425144862e-01 6.695614267115232443e-02
3.601304755980128558e+00 1.000443705445507314e+00 1.556778465735370265e+00 7.466255548085365054e-03 1.674948692637086012e-01 6.545716233211748558e-02
3.772762799970769798e+00 9.993296002898568453e-01 1.566015224370985504e+00 7.682123725615242274e-03 1.678412779313085690e-01 6.445549637913698671e-02
3.944220843961424805e+00 9.994031493404568200e-01 1.573752913881350191e+00 5.717107700783543960e-03 1.605973348605793383e-01 6.935424882032815985e-02
4.115678887952064713e+00 9.991902577109099681e-01 1.575566897241303499e+00 4.803724740274212257e-03 1.570985361410922598e-01 6.781734706668800239e-02
4.287136931942725049e+00 9.997230861269397195e-01 1.585711236604082641e+00 5.241312521593862427e-03 1.658148017114293993e-01 6.837749820613377161e-02
4.458594975933420912e+00 9.991020600867213108e-01 1.590587242703737525e+00 6.579092295041618667e-03 1.650143447185538903e-01 6.508831456081792810e-02
4.630053019924172730e+00 9.978319318283257466e-01 1.590041136514710018e+00 5.613315559157621912e-03 1.643825254823210735e-01 6.515143724075085629e-02
4.801511063914955635e+00 9.973836882889233202e-01 1.590408924271354607e+00 7.173562344116956799e-03 1.686540398038736954e-01 6.588438253822681556e-02
4.972283275729743046e+00 9.986394605936648183e-01 1.593457710854323306e+00 7.956129032964647657e-03 1.705512418764673077e-01 6.523494577749447410e-02
5.143741319720528615e+00 9.974451849501432266e-01 1.593622175658956808e+00 9.118558400496025798e-03 1.746204367282621905e-01 6.517701731533458165e-02
5.315199363711289315e+00 9.982045770969919518e-01 1.592712224881107641e+00 7.217261611698401122e-03 1.802849703633943312e-01 6.319370445188275676e-02
5.486657407702045575e+00 9.985149538851979534e-01 1.588953471130931439e+00 8.374891252177005599e-03 1.758972004460988003e-01 6.423599704228760698e-02
5.658115451692832920e+00 9.988108126362487127e-01 1.591039140162695764e+00 9.588886791830338735e-03 1.716915695112462004e-01 6.678713171272131210e-02
5.829573495683585627e+00 9.975031917616609123e-01 1.597459349625478975e+00 7.438539783708949388e-03 1.718687356391062626e-01 6.533259471152053077e-02
6.001031539674368531e+00 9.982797082502230523e-01 1.601771933588763241e+00 6.210715175200189758e-03 1.695051961300697019e-01 6.569575600568278162e-02
6.172489583665129231e+00 9.996120672563474363e-01 1.600129835660566879e+00 5.545172577358438958e-03 1.740758591395024923e-01 6.712788840206208862e-02
6.343947627655892596e+00 1.000427605381951413e+00 1.600691843156076377e+00 7.775685325453520966e-03 1.740527346578927825e-01 6.364522350431624231e-02
6.515405671646664842e+00 1.001699016721236291e+00 1.597167888794626345e+00 8.425035778728265021e-03 1.675936226839687404e-01 6.682488859006735504e-02
6.686863715637429095e+00 1.001405824836302250e+00 1.597759678030360675e+00 8.785282151391619887e-03 1.713129949681319042e-01 6.841951134233595355e-02
6.858321759628215553e+00 1.000526437965787219e+00 1.594815958790171795e+00 9.804697542802809015e-03 1.729819545069960773e-01 7.004380101763230115e-02
7.029779803618981582e+00 1.000642218495576108e+00 1.596949533419503409e+00 1.009693316304403551e-02 1.717981602576484079e-01 6.959211836107410953e-02
7.201237847609723630e+00 9.999522352442850037e-01 1.591385735767422149e+00 9.160437520814029497e-03 1.650948096692960165e-01 6.951080471176350473e-02
7.372695891600515417e+00 9.994408025993869460e-01 1.590723080494973463e+00 8.753100719161245949e-03 1.642151505901074116e-01 7.035614420994905360e-02
7.544153935591284998e+00 9.991421020658918239e-01 1.589714494724611793e+00 1.006184770210944053e-02 1.673583752133812885e-01 7.279412778770331938e-02
7.715611979582038593e+00 9.993750915890426967e-01 1.589558643873246524e+00 9.164264267125530120e-03 1.583538208808272785e-01 7.110468437515318763e-02
7.887070023572809063e+00 1.000876890869986768e+00 1.592356455719774688e+00 8.438540883172326521e-03 1.583585476277982462e-01 6.953098929240927872e-02
8.058528067563601738e+00 9.997962499479735587e-01 1.593710627887611198e+00 7.459379201589217030e-03 1.626317865628447434e-01 6.621299251656884155e-02
8.229986111554337569e+00 9.994028011376639986e-01 1.595103494556169066e+00 6.932971305644699232e-03 1.619668167698717631e-01 6.327141615046585899e-02
8.401444155545108927e+00 9.996383409397919806e-01 1.596122866606082491e+00 6.933490696471420085e-03 1.653774256202078241e-01 6.691806706869239674e-02
8.572902199535898049e+00 9.998059702481142397e-01 1.593970774870827611e+00 7.097503270848855295e-03 1.673869540834991565e-01 6.675097970112615908e-02
8.744360243526671184e+00 9.999884570025913133e-01 1.594195661501182082e+00 7.114409244460348156e-03 1.670111104905679933e-01 6.836524950089467589e-02
8.915818287517236485e+00 9.998710441390521453e-01 1.588654565472146007e+00 5.411483008777080543e-03 1.659876081672981007e-01 6.556516247303513512e-02
9.087276331507734284e+00 1.000550183233113399e+00 1.586984552935146064e+00 4.791151178879575652e-03 1.633797023145511784e-01 6.234745194602182849e-02
9.258734375498260505e+00 9.993277291427484776e-01 1.588438148272465211e+00 3.996342250169791950e-03 1.666154141150946455e-01 6.194422353633288053e-02
9.430192419488808042e+00 9.997762355181056826e-01 1.593376053018975780e+00 2.487509482990816340e-03 1.669212626476461736e-01 6.036049046394578732e-02
9.601650463479337816e+00 9.993090102913674277e-01 1.594010981349575307e+00 3.984347623774872962e-03 1.710558079434103262e-01 6.053545920750249415e-02
9.773108507469832062e+00 9.993909999506634945e-01 1.596291436543804565e+00 5.099980629674704356e-03 1.720298523416115555e-01 6.396171341938876320e-02
9.944566551460360060e+00 9.994022058077950410e-01 1.591584654823067435e+00 4.536697981577167763e-03 1.728614716940204687e-01 6.165000992934097090e-02
1.011602459545090582e+01 1.000338935517115280e+00 1.590052639347039110e+00 4.868611121070110653e-03 1.715290486315009522e-01 6.928795367595298738e-02
1.028748263944143915e+01 1.000879458161624047e+00 1.592057783820928663e+00 7.263780476134942300e-03 1.758858187207877344e-01 6.945364476099581685e-02
1.045894068343192806e+01 1.000838184003363995e+00 1.593003943586539517e+00 7.770907625737920321e-03 1.819420654406890547e-01 6.819371804886097121e-02
1.063039872742245961e+01 1.000733917763795944e+00 1.589859106575031156e+00 6.612882013418952196e-03 1.844639955328908065e-01 7.175335638883047207e-02
1.080185677141300538e+01 1.000347462088852168e+00 1.591029747824688201e+00 5.162975576193887944e-03 1.827168084028744921e-01 6.991921873676230914e-02
1.097400064757951199e+01 9.992099095135569264e-01 1.589457582011815306e+00 4.424308189051900063e-03 1.792239852653959298e-01 6.767079518460934751e-02
1.114545869156999736e+01 9.996601044664851221e-01 1.589608219398353395e+00 5.328271993027191601e-03 1.716232860005197369e-01 6.843671556069652606e-02
1.131691673556053068e+01 1.000452851091743423e+00 1.588573965888112838e+00 6.977843607397123116e-03 1.740371388069293923e-01 6.674780148547890257e-02
1.148837477955107467e+01 1.000317826775833918e+00 1.591101309570557509e+00 8.328936992678148341e-03 1.742707952938964133e-01 6.665581426679249855e-02
1.165983282354160977e+01 1.000599588748223079e+00 1.592302323165603273e+00 1.004911886507005477e-02 1.769891741765892701e-01 7.134285042234839169e-02
1.183129086753209691e+01 1.000900749022175740e+00 1.592818481091929694e+00 1.081448343959170826e-02 1.683428947168945644e-01 6.831610338497240420e-02
1.200274891152263734e+01 9.983787063930162908e-01 1.591917160751024074e+00 9.650860517189004117e-03 1.723194269093482334e-01 6.848133110692466996e-02
1.217420695551317422e+01 9.993122414785086116e-01 1.594787380264421239e+00 7.674821147489858941e-03 1.724762571694515856e-01 6.621648386982893764e-02
1.234566499950370222e+01 9.983666830822920391e-01 1.595924882426698277e+00 7.379892547191641700e-03 1.754814407375913654e-01 6.712311735780683575e-02
1.251712304349420535e+01 9.972508232270598239e-01 1.591362245047244439e+00 1.024283173714654084e-02 1.685922465833527284e-01 6.322309671131030873e-02
1.268858108748472802e+01 9.968689388175349109e-01 1.593932719437474610e+00 9.196048149253515866e-03 1.726640445728273299e-01 6.556437733776970811e-02
1.286003913147525779e+01 9.948590077543326693e-01 1.590604325095046345e+00 8.050014021335524794e-03 1.695045841580937185e-01 6.857489186452317420e-02
1.303149717546581066e+01 9.950075744618055440e-01 1.589376848189581803e+00 7.341256500042361681e-03 1.697374087647305907e-01 7.033652079701173399e-02
1.320295521945629247e+01 9.966084282238436565e-01 1.592118959423373559e+00 7.804090319748460854e-03 1.604394599457066306e-01 7.112328563070997867e-02
1.337441326344684356e+01 9.966777182399088053e-01 1.590223760769158279e+00 7.063913998281112945e-03 1.677931430280816816e-01 6.982023711756316087e-02
1.354587130743737511e+01 9.977329786248335664e-01 1.588599126730957600e+00 7.023838198058809067e-03 1.651350500097644447e-01 6.987900327684179458e-02
1.371732935142788889e+01 9.995814737406035766e-01 1.591564768388836315e+00 5.908682478698456045e-03 1.701833982247880350e-01 6.767074147173239573e-02
1.388878739541841334e+01 1.000202928847821138e+00 1.593063950353369673e+00 7.683686911500291379e-03 1.755835349266892942e-01 6.895825888183340635e-02
1.406024543940892535e+01 1.001110864223217600e+00 1.595805933885895422e+00 8.248256945962133962e-03 1.750886884645772579e-01 6.720926897997785143e-02
1.423170348339944624e+01 1.000854049917075272e+00 1.594183530538973104e+00 5.813583943772242420e-03 1.729316292706810920e-01 6.867900586834393972e-02
1.440316152739000977e+01 9.998936136366479710e-01 1.594428390688278574e+00 5.951424509963451973e-03 1.738302501671359912e-01 7.141690426657625046e-02
1.457461957138048625e+01 9.993665324063027988e-01 1.590827498377723970e+00 5.967821346256152112e-03 1.774500628800835256e-01 6.922824494780527305e-02
1.474607761537105155e+01 9.993384428518485851e-01 1.592208749036198467e+00 7.245669735487602833e-03 1.729646697508392950e-01 6.943141086981163834e-02
1.491753565936157244e+01 1.000823779432573168e+00 1.593262451378193889e+00 9.051550567123973004e-03 1.689841165073323603e-01 6.858902110461596868e-02
1.508899370335207912e+01 1.000821899139763493e+00 1.593118629770618577e+00 5.684592581286417035e-03 1.658385451211793482e-01 6.557378790512750910e-02
1.526045174734261778e+01 9.997010976532485493e-01 1.589938483147413040e+00 6.828357363736037126e-03 1.661540423478136130e-01 7.021537770301922166e-02
1.543190979133312268e+01 9.993594669158347710e-01 1.590643891985382696e+00 5.684586157379113366e-03 1.619055908356675511e-01 6.893188580464740256e-02
1.560336783532363825e+01 1.000527675069226241e+00 1.592143379530232217e+00 5.366492302720026614e-03 1.667548813020887644e-01 6.802063226722405986e-02
1.577482587931421065e+01 9.998369361054797455e-01 1.591838367966897261e+00 6.101331342052818130e-03 1.726030860840908343e-01 6.719449157186029031e-02
1.594628392330468181e+01 9.991467022905363704e-01 1.589902344620032215e+00 5.104126116380694640e-03 1.687799595733913693e-01 6.994324238624512191e-02
1.611774196729525954e+01 9.992939016406590103e-01 1.590945627100993631e+00 4.934407826035609734e-03 1.732582410829530684e-01 6.976459379294550067e-02
1.628920001128577155e+01 9.999692743689874153e-01 1.593006112861647505e+00 6.383707959270426731e-03 1.792482544853525872e-01 6.887460131683947884e-02
1.646065805527627290e+01 1.001157912956920581e+00 1.590787903198406017e+00 6.366076036930972196e-03 1.749161035350923765e-01 6.851205747263952595e-02
1.663211609926682044e+01 1.000187868500038713e+00 1.586879350921229559e+00 3.769637549308393204e-03 1.726116122768051320e-01 6.660769989216930309e-02
1.680357414325732179e+01 1.000114265709565409e+00 1.585540010665910771e+00 3.516655746267760736e-03 1.694401398527270453e-01 6.632652492364994601e-02
1.697503218724783025e+01 9.988739376031621209e-01 1.582767858805765426e+00 3.638915231012812557e-03 1.633209153922777213e-01 6.500687852667992594e-02
1.714649023123841332e+01 9.998479410850561466e-01 1.583240388981737023e+00 4.721462609176412493e-03 1.640556380245815071e-01 6.681629793712819121e-02
1.731794827522887914e+01 1.000843683463681577e+00 1.581881267202945196e+00 7.740202325632815697e-03 1.614458025807541108e-01 6.429061639548785956e-02
1.748940631921946220e+01 1.000117954588089830e+00 1.584374606180351197e+00 9.674904571383926080e-03 1.631486325429998552e-01 6.358887292496805121e-02
1.766086436320997066e+01 9.988572710568121016e-01 1.582677599754912290e+00 7.821333573370314526e-03 1.680727648251860717e-01 6.143938203348357080e-02
1.783232240720046491e+01 9.973205681166713577e-01 1.582378425942223332e+00 8.107087623386553116e-03 1.700337418293882685e-01 6.482975517239865371e-02
1.800378045119102310e+01 9.982827697438136916e-01 1.585199648089635538e+00 6.677758831544481494e-03 1.692713947588048440e-01 6.547730036859537861e-02
1.817523849518152090e+01 9.990652652415490387e-01 1.590343499449450970e+00 5.423740136694111570e-03 1.692715253709487222e-01 6.518784274006074464e-02
1.834669653917202226e+01 9.986698315346633770e-01 1.588915797437808308e+00 5.305669593588857591e-03 1.703995747574011399e-01 6.592443562318636707e-02
1.851815458316261243e+01 9.970873512629353508e-01 1.585439758835206048e+00 6.730993577381209902e-03 1.676604720557361428e-01 6.441471558648687035e-02
1.868961262715307470e+01 9.978876247033922064e-01 1.587206730306149227e+00 6.790055480693110886e-03 1.743392037209406387e-01 6.571771312998705983e-02
1.886107067114366842e+01 9.987983525224469750e-01 1.592657263288819181e+00 8.498902561864014535e-03 1.744649644206482664e-01 6.229382326734466541e-02
1.903252871513416977e+01 9.997479421027484214e-01 1.590241342977581906e+00 8.636579257464719814e-03 1.732844496053948247e-01 6.983411788112579843e-02
1.920398675912465691e+01 9.996993778918593643e-01 1.587893610001335443e+00 8.035477209984164676e-03 1.701862966576159764e-01 6.802186111276112279e-02
1.937544480311522577e+01 9.999623414942382382e-01 1.588669971739189446e+00 8.139122112762570485e-03 1.729147771569562175e-01 6.652294342461022303e-02
1.954690284710572001e+01 1.001970954114060008e+00 1.592008328782587245e+00 7.074511361877562111e-03 1.728532190750862452e-01 6.551795672233783063e-02
1.971836089109621426e+01 1.001153066848996964e+00 1.593841577389229824e+00 6.805222398778751867e-03 1.653735203280604915e-01 6.507038196610148706e-02
1.988981893508681154e+01 1.001724061187906134e+00 1.596085444420487498e+00 5.455595928881526099e-03 1.630470752291011405e-01 6.360969520705644920e-02
2.006127697907727381e+01 1.001195084467316310e+00 1.590717319538592855e+00 6.967900961856886635e-03 1.589458432490025996e-01 6.597805071572963864e-02
2.023273502306787108e+01 1.000291516914087575e+00 1.590198111883425414e+00 4.978199384855938776e-03 1.639653586256142603e-01 6.734015738914228555e-02
2.040419306705836533e+01 9.993190792328899841e-01 1.590120255621209733e+00 5.689664411906273506e-03 1.685410766327269383e-01 6.842231587634808876e-02
2.057565111104885247e+01 9.983041824292834265e-01 1.589999430098876898e+00 7.485551940893961712e-03 1.697589292930756499e-01 6.623785822840648485e-02
2.074710915503942843e+01 9.986463611111700001e-01 1.590683337126194807e+00 6.436134872016690232e-03 1.741456475061058107e-01 6.279830997732832598e-02
2.091856719902991557e+01 9.984368935259629874e-01 1.589489902546133981e+00 8.872170772403223382e-03 1.764158019192306470e-01 6.427303315042336151e-02
2.109002524302040626e+01 1.000012001997360400e+00 1.590933533977463732e+00 1.022522736593662641e-02 1.708803645416138717e-01 6.285514458485857991e-02
2.126148328701101065e+01 1.000298190474393945e+00 1.594162560462325962e+00 1.003221472791325161e-02 1.727445700750664670e-01 6.659944186413285783e-02
2.143294133100147292e+01 9.991826995344607054e-01 1.597005301118780807e+00 9.647771537054514873e-03 1.684245099681795088e-01 6.651451907798940077e-02
2.160439937499207019e+01 9.973612197062258211e-01 1.596395342782807480e+00 1.018705286303164120e-02 1.649166987063359069e-01 6.530930038888399514e-02
2.177585741898256444e+01 9.992814157324043656e-01 1.594936693325591293e+00 1.070917388417771433e-02 1.579514535448530155e-01 6.731254487548370136e-02
2.194731546297304803e+01 9.990099691404992210e-01 1.590279610750831463e+00 8.119918096946884822e-03 1.586267854561765334e-01 6.437721622054434767e-02
2.211877350696362754e+01 9.990553645312747477e-01 1.593165274412305932e+00 6.900094620561765014e-03 1.557122492014708648e-01 6.645788161018396922e-02
2.229023155095411468e+01 9.991552784124986264e-01 1.591456113125472527e+00 8.588502033492130538e-03 1.588409704374115494e-01 6.620246807137003531e-02
2.246168959494460182e+01 1.000041247477102546e+00 1.591018167761305113e+00 7.306497922245860747e-03 1.591138622455611773e-01 6.583576779124443445e-02
2.263314763893520620e+01 9.997647624687634460e-01 1.590547976822140219e+00 9.401508650010359167e-03 1.603869836538664440e-01 6.654383570209201904e-02
2.280460568292566848e+01 1.000155593357008765e+00 1.591800223624971311e+00 8.198607973102933419e-03 1.639987222175928183e-01 6.990951782080846721e-02
2.297606372691627641e+01 1.000266306138440253e+00 1.591074501807020480e+00 9.716843221230444735e-03 1.646210950879662960e-01 6.603592815535468119e-02
2.314752177090675289e+01 1.000647778861137871e+00 1.592067897630097262e+00 8.454683995169633495e-03 1.643043621488285977e-01 6.691311423166620975e-02
2.331897981489724714e+01 1.000138866408904814e+00 1.591958330710491865e+00 7.092186874206543416e-03 1.688510872837823140e-01 6.531939736325625967e-02
2.349043785888782665e+01 1.000334909680511197e+00 1.594554558636477548e+00 5.434076832762726322e-03 1.730204026765907455e-01 6.680550245715244362e-02
2.366189590287832445e+01 1.000485324403832976e+00 1.598579285112013082e+00 5.672985152542148364e-03 1.681170327778035989e-01 6.756437594869627028e-02
2.383335394686879383e+01 1.000833035911250946e+00 1.595892891087090870e+00 6.681497322053240630e-03 1.696028392517725525e-01 6.405047248437004126e-02
2.400481199085940531e+01 1.001401702306111030e+00 1.592899003460425567e+00 4.825218577070347278e-03 1.677733670993440951e-01 6.451858065094487338e-02
2.417627003484988180e+01 1.000609840949656215e+00 1.589966361325634292e+00 4.560314333635458010e-03 1.719419195457615179e-01 6.281181841992278247e-02
2.434772807884045775e+01 1.000557595491416318e+00 1.589517443997533697e+00 7.497033449146364367e-03 1.683068458904274645e-01 6.282891864489092981e-02
2.451918612283095911e+01 9.995340971427952859e-01 1.590342583942517374e+00 9.623562410635423670e-03 1.626368561243632382e-01 6.678109827171570256e-02
2.469064416682146046e+01 9.998570071751777810e-01 1.592979863708349653e+00 8.369039750848971532e-03 1.631166164223818438e-01 7.019569246421114572e-02
2.486210221081200444e+01 9.993015791398266456e-01 1.592632616784719346e+00 5.519029929893858044e-03 1.641368800889226598e-01 6.678056539278758030e-02
2.503356025480250935e+01 9.983768680869624657e-01 1.586978690692035343e+00 1.083666708837708985e-02 1.590086788206280244e-01 6.709622024680443608e-02
2.520501829879301425e+01 9.974719121969101154e-01 1.589448857366372758e+00 1.221022053207885920e-02 1.616460541959116037e-01 6.816990481118823109e-02
2.537647634278357245e+01 9.988166673854587119e-01 1.590548177607904456e+00 8.954937901549241130e-03 1.626137721241966982e-01 6.700517387788205992e-02
2.554793438677406670e+01 9.991834680555224946e-01 1.593334786139181336e+00 7.234486648862570486e-03 1.658860059653221308e-01 6.517244771592164976e-02
2.571939243076467463e+01 1.001360891158925792e+00 1.598650095061730170e+00 8.258517202969894305e-03 1.611552615781786935e-01 6.467224126813103657e-02
2.589085047475512624e+01 1.001624899585909612e+00 1.598694831215405454e+00 1.024012469948150025e-02 1.592368896845925974e-01 6.660974082066842272e-02
2.606230851874563825e+01 1.002782035696403451e+00 1.596775647919909336e+00 1.094631282044035078e-02 1.583204700771107531e-01 6.907677562281515360e-02
2.623376656273622487e+01 1.002239456484492086e+00 1.593225969724091806e+00 9.774647433168942579e-03 1.610379031297904384e-01 6.860120798088181759e-02
2.640522460672674399e+01 1.000514276793162516e+00 1.585735065276123068e+00 9.746503975562570074e-03 1.606674625866841288e-01 6.700635665568709098e-02
2.657668265071718494e+01 1.001473865946083119e+00 1.591125057354553007e+00 7.363689052359124500e-03 1.664836217918672367e-01 6.612169317141287916e-02
2.674814069470779998e+01 1.002718893050786209e+00 1.600290457829188551e+00 4.793140081094082391e-03 1.650860082118658922e-01 6.486316486549009719e-02
2.691959873869829778e+01 1.001286206672695966e+00 1.598332538714964279e+00 7.156796408126536897e-03 1.692239173600417479e-01 6.819963780256474428e-02
2.709105678268883466e+01 1.000570539819974902e+00 1.594034078091422169e+00 1.162680180231588298e-02 1.704775412286186898e-01 6.867198149005381003e-02
2.726251482667935377e+01 9.990160014865884230e-01 1.592903717699712285e+00 7.902790863174235028e-03 1.756754692178766342e-01 6.859380237501430666e-02
2.743397287066987644e+01 9.990754343483753130e-01 1.598866601284953504e+00 7.077983662838888308e-03 1.717948086220149329e-01 6.683204249226806781e-02
2.760543091466038490e+01 9.990064725312002292e-01 1.594708134795418841e+00 9.149747876818145609e-03 1.677490634716581885e-01 6.915854175861275988e-02
2.777688895865090757e+01 9.993843713857701871e-01 1.596102377304805975e+00 8.471978289333159662e-03 1.665632475295334425e-01 6.989094787406834042e-02
2.794834700264142668e+01 9.992307681029747313e-01 1.594092743691794212e+00 8.643020457053002606e-03 1.651086287013927290e-01 6.563255484686150720e-02
2.811980504663194935e+01 9.989576220258320483e-01 1.590192218855782214e+00 8.375182249404177978e-03 1.715431233621271256e-01 6.670657965413520629e-02
2.829126309062245781e+01 9.993312199898168879e-01 1.590622808211999750e+00 5.792333372965914433e-03 1.725799976566084470e-01 6.845744057173169805e-02
2.846272113461307640e+01 9.978131380589255750e-01 1.591477019050354880e+00 5.866129627745342127e-03 1.694314929784700718e-01 6.600527679279885596e-02
2.863417917860350315e+01 9.988551574931331389e-01 1.591022378715928109e+00 6.350001219149406170e-03 1.669666497362444768e-01 6.413756388133623476e-02
2.880563722259402581e+01 9.981348668612083364e-01 1.591488432655527197e+00 6.946051510076902552e-03 1.686066621062959903e-01 6.696083901065262578e-02
2.897709526658463020e+01 9.992492287802612339e-01 1.594010472097148412e+00 6.742662735426781934e-03 1.669304243626915651e-01 6.886749741266237623e-02
2.914855331057515997e+01 9.998010615916435029e-01 1.592998403028939025e+00 7.712063883057447382e-03 1.672659556122065294e-01 6.870678926052542490e-02
2.932001135456557961e+01 9.983910950064364132e-01 1.592365037627905267e+00 6.700558336092462576e-03 1.697258676630832852e-01 6.967601603348572148e-02
2.949146939855619820e+01 9.981214065189837337e-01 1.595564427510054450e+00 8.416174226907631797e-03 1.676637009681060664e-01 7.333038772873995415e-02
2.966292744254671376e+01 9.984074743408911656e-01 1.597161732582705662e+00 1.049023055182740118e-02 1.714275518430739276e-01 7.252444421821294118e-02
2.983438548653721867e+01 9.989248271505052346e-01 1.596062723382438264e+00 8.335647219796717133e-03 1.677761603850279892e-01 7.287936515004103666e-02
3.000584353052775199e+01 9.985477438343179912e-01 1.600182768112916154e+00 8.084881246337403959e-03 1.714742218591589207e-01 6.981120141545103797e-02
3.017730157451828887e+01 9.978886514889421244e-01 1.599165834595105196e+00 6.748154045618339966e-03 1.668675677450564554e-01 6.878659577979362449e-02
3.034875961850876536e+01 9.966307669932366053e-01 1.603977194631985403e+00 6.365085371165726119e-03 1.649927767026590497e-01 6.659961965772782932e-02
3.052021766249930224e+01 9.965069412058451537e-01 1.601668021184391000e+00 8.574120133395176160e-03 1.684651066479035952e-01 6.636486107653478961e-02
3.069167570648983911e+01 9.979587399845156748e-01 1.603460655660668754e+00 7.661952054420360231e-03 1.666796435728909453e-01 6.663635155312723490e-02
3.086313375048033336e+01 9.993327494708610370e-01 1.605627796913133842e+00 6.702609611310294049e-03 1.684948826854641979e-01 6.563218758323541291e-02
3.103459179447085248e+01 1.000665072401414113e+00 1.607809207617850733e+00 4.792076412820704852e-03 1.697848486261408218e-01 6.705770957731230220e-02
3.120604983846147462e+01 1.002143772262608978e+00 1.605400397059661755e+00 3.303577768694745259e-03 1.691171278477819617e-01 6.711911140172896473e-02
3.137750788245188005e+01 1.000816945640403022e+00 1.602143028597153407e+00 6.449968076022677237e-03 1.741113865343353606e-01 6.770112682994670894e-02
3.154896592644242048e+01 1.000559068334993862e+00 1.600868803650257410e+00 4.949739141186022817e-03 1.723417997948146485e-01 6.719481829953549701e-02
3.172042397043302842e+01 9.995859124968633491e-01 1.599223145156412063e+00 6.690140918121261979e-03 1.756472523740141567e-01 6.035320107510015741e-02
3.189188201442356885e+01 9.987098527588058605e-01 1.597339534493327440e+00 5.870087649382178634e-03 1.768670603998249713e-01 6.174076000956286309e-02
3.206334005841397072e+01 9.991894517566666245e-01 1.598517801574390607e+00 5.194001128957697125e-03 1.797663201347669826e-01 6.955699826325856261e-02
3.223479810240459642e+01 1.000170056458728585e+00 1.599279234859591892e+00 5.495075660098170875e-03 1.709702453771359265e-01 6.959665276139928580e-02
3.240625614639512264e+01 1.002261554148769163e+00 1.600223136608265095e+00 8.292560946171964598e-03 1.783591552949154724e-01 6.844750954654349462e-02
3.257771419038559912e+01 1.003270446880835998e+00 1.602460734912905638e+00 7.028575656725501684e-03 1.768086529586487543e-01 6.625926665637464630e-02
3.274917223437614666e+01 1.003427288211681256e+00 1.600512028259521768e+00 8.025690504473924694e-03 1.813341254987677065e-01 6.831438162395368774e-02
3.292063027836669420e+01 1.004594560561002270e+00 1.598374704761780896e+00 6.977549386444847901e-03 1.919485738487677340e-01 7.014129120665338335e-02
3.309208832235714937e+01 1.004324606591414648e+00 1.598478244768268608e+00 6.842475651405779784e-03 1.849021868948764746e-01 7.091056235031886756e-02
3.326354636634769690e+01 1.004442405150240747e+00 1.595763822364383744e+00 7.512026832610324209e-03 1.719924465133570446e-01 7.118301353659123309e-02
3.343500441033824444e+01 1.003815518179215216e+00 1.594945578450876811e+00 7.937335645814369220e-03 1.736436030806003950e-01 7.043701972161722780e-02
3.360646245432871382e+01 1.003876832569411404e+00 1.599081560822473547e+00 8.005216299621059628e-03 1.763456145301734168e-01 6.964002621253023717e-02
3.377792049831924714e+01 1.002945288951579306e+00 1.602055146276965880e+00 5.500121129164696476e-03 1.778868257462347946e-01 7.169034267811938421e-02
3.394937854230987995e+01 1.002396795585298594e+00 1.602620228567997351e+00 7.703362920713835091e-03 1.758523148991080753e-01 7.127026431888955349e-02
3.412083658630025695e+01 1.001303590395811405e+00 1.605494130297088651e+00 1.044738686991592176e-02 1.807322306920731980e-01 6.783611132978732694e-02
