0.000000000000000000e+00 3.007184594000330780e+00 2.441449130081550234e-01 2.063959894300063103e-02 3.373196474446123194e-02 1.145940987266873684e-01
3.142152357014501574e-01 2.291070723059174696e+00 3.303627485522799834e-01 2.782701404315227056e-02 3.169870966340305324e-02 1.323549819858905463e-01
6.284304714033049910e-01 1.864278024477548756e+00 3.887927594806976916e-01 2.795974801514441652e-02 4.117609193508704746e-02 1.359505142129611155e-01
9.426457071051569381e-01 1.593909604961428750e+00 4.260411093103910196e-01 2.693302498996366992e-02 5.029877052439198776e-02 1.336550835355509725e-01
1.256860942807010328e+00 1.415191274610227312e+00 4.480712358547528362e-01 2.374225539180220557e-02 5.986064544670648829e-02 1.242887791376251633e-01
1.571076178508869159e+00 1.293935413988968719e+00 4.599129058705003215e-01 2.341905262436318885e-02 6.760413029267260676e-02 1.165405194243354647e-01
1.885291414210722216e+00 1.211910309548362319e+00 4.638669397069861144e-01 2.290382220212699646e-02 6.599943561504204026e-02 1.138463467609975716e-01
2.199506649912573497e+00 1.152649654253877776e+00 4.643911651552868891e-01 2.091973155670728141e-02 6.727050414493147834e-02 1.090033875337649283e-01
2.513721885614424778e+00 1.111043169413887144e+00 4.608681910978190133e-01 1.925045678491546855e-02 6.725671293391433103e-02 1.006996486366257687e-01
2.827937121316279168e+00 1.081977637028278982e+00 4.564646859171310744e-01 1.831475319176492644e-02 6.751412502873006816e-02 1.017937825346164477e-01
3.142152357018130449e+00 1.060457123947941005e+00 4.519948930793587505e-01 1.867956094739928186e-02 6.752170676600495469e-02 9.820785705122581088e-02
3.456367592719999049e+00 1.044916150354455064e+00 4.471688928821093145e-01 1.798531872504812584e-02 6.763772389205159608e-02 9.793212842741055857e-02
3.770582828421843669e+00 1.033475681250536127e+00 4.428230097495341466e-01 1.823489628145966157e-02 6.581412240303642636e-02 9.803839828525681699e-02
4.084798064123704719e+00 1.025841809322490805e+00 4.400115432805064564e-01 1.736584353253919216e-02 6.213862184857370935e-02 9.478202669342263020e-02
4.399013299825544898e+00 1.019248783430453331e+00 4.376557017192302945e-01 1.615741815621778502e-02 6.236829425732918347e-02 9.150494866310161790e-02
4.713228535521148288e+00 1.013682206438608846e+00 4.356662168663861801e-01 1.621900782016839210e-02 6.112578882505942390e-02 9.303750055638619620e-02
5.027443771215588164e+00 1.010613754861523494e+00 4.345544012960738112e-01 1.614454238376683906e-02 6.081110408734002187e-02 9.434358065130515891e-02
5.341659006910046692e+00 1.008088906635205229e+00 4.330933936339411705e-01 1.584099394523658458e-02 5.885159434730372063e-02 9.675647218324633092e-02
5.655874242604484792e+00 1.005328393708472712e+00 4.318167970054073157e-01 1.717500631267840361e-02 5.673588476197249236e-02 9.547781042191466616e-02
5.970089478298922003e+00 1.003928307385647756e+00 4.309564802026720765e-01 1.670492275251474895e-02 5.625301211135152329e-02 9.468183877405524085e-02
6.284304713993390301e+00 1.002727213411845231e+00 4.306433672057627393e-01 1.905446335975161457e-02 5.531470438134299811e-02 9.533924101202119472e-02
6.598519949687830177e+00 1.002280317236399432e+00 4.300541414925803108e-01 2.041666451974991775e-02 5.154777523776894743e-02 9.390401411875977378e-02
6.912735185382282488e+00 1.002134538636004990e+00 4.298786306490178233e-01 1.848586176142764936e-02 5.479802153005725041e-02 8.961734401350390788e-02
7.226950421076727693e+00 1.002445148511736717e+00 4.295842513234963689e-01 1.827941597062426871e-02 5.343503085413219694e-02 9.150295960915548477e-02
7.541165656771178227e+00 1.001453420566863262e+00 4.292664773855350280e-01 1.885875351458164706e-02 5.175876271075993684e-02 9.422837419095697609e-02
7.855380892465612774e+00 9.999733787748635860e-01 4.281915842845296361e-01 1.844534380352119349e-02 5.405644016378701594e-02 9.566802160813718536e-02
8.169596128160064197e+00 9.993784558995899570e-01 4.272474256718724051e-01 1.864471048455073818e-02 4.995266838421526245e-02 9.464964791159717616e-02
8.483811363854517396e+00 9.993918819881756344e-01 4.273065674033617034e-01 1.838221470152337500e-02 4.870624099463067430e-02 9.383959929490552632e-02
8.798026599548951054e+00 9.993826041367402935e-01 4.267993966165167241e-01 1.974062179651975973e-02 4.794997196490375507e-02 9.541066916204579695e-02
9.112241835253639621e+00 9.990286890814984444e-01 4.267829981733201605e-01 1.903895381533462702e-02 5.004562132468265423e-02 9.667585298263949023e-02
9.426457070962911189e+00 9.997567699679116293e-01 4.267379895676214896e-01 1.740162169757071553e-02 4.895141382426367732e-02 9.398224797027687760e-02
9.740672306672182756e+00 9.988209664951642752e-01 4.264465220253655375e-01 1.757779099662111488e-02 5.126774777291255580e-02 9.287999728193019333e-02
1.005488754238143834e+01 1.000065293324443605e+00 4.256093635047095147e-01 1.665792799631190049e-02 5.038972743637074037e-02 9.267483417433076964e-02
1.036910277809070990e+01 1.000725647807079621e+00 4.256685831045133872e-01 1.742303102807316734e-02 5.116881996645205460e-02 9.462172584247031948e-02
1.068331801379992640e+01 1.000260940324658288e+00 4.266091194853895430e-01 1.666265918230444912e-02 5.358980200822222040e-02 9.334871729037655386e-02
1.099753324950919620e+01 1.000331575379509674e+00 4.263575007809394246e-01 1.682743207058139470e-02 5.475545402693843960e-02 9.151373016715208530e-02
1.131174848521845355e+01 1.000077051899198377e+00 4.265403200678319906e-01 1.669022864365828432e-02 5.062393224797388791e-02 9.290449176909251761e-02
1.162596372092772690e+01 9.999290348841222142e-01 4.269254870201881769e-01 1.734818059391424541e-02 5.079007207033905263e-02 9.345898328308631375e-02
1.194017895663700024e+01 1.000416657230075002e+00 4.261797614253286515e-01 1.694404120424650509e-02 5.185330758354402686e-02 9.562321507084661776e-02
1.225439419234627003e+01 1.000235968729358937e+00 4.258993725680088049e-01 1.596408623439025606e-02 5.146400018040209190e-02 9.278470455048307142e-02
1.256860942805553094e+01 1.000988593830738349e+00 4.268278608248830541e-01 1.601812606526315311e-02 5.531128729776958741e-02 9.191565219234522355e-02
1.288282466376480428e+01 1.000589442233835280e+00 4.265773327446922836e-01 1.602270764709269602e-02 5.151656218418868699e-02 9.121268732946012647e-02
1.319703989947402611e+01 1.001331917571379071e+00 4.263242202427437455e-01 1.662157350420064711e-02 5.370872461146481563e-02 9.291440877880285942e-02
1.351125513518329946e+01 1.001268430002278720e+00 4.266508485869842660e-01 1.670209546461411121e-02 5.053381494343407027e-02 9.079276557974573503e-02
1.382547037089256392e+01 1.000900989321540813e+00 4.269240026205200489e-01 1.733286133390045045e-02 5.297505736442612717e-02 9.226132815669575715e-02
1.413968560660183904e+01 1.000547848528909878e+00 4.264326029958466213e-01 1.671928829447000969e-02 5.402435757124261773e-02 9.354693421221188521e-02
1.445390084231106265e+01 1.000540337859214812e+00 4.259908256033855256e-01 1.749294269914905900e-02 5.288826576404453278e-02 9.304427334510620429e-02
1.476811607802033066e+01 1.000802889342599755e+00 4.260026219736371966e-01 1.710314863605536667e-02 5.240195362193981327e-02 9.253293353478098116e-02
1.508233131372959157e+01 1.000529691080514816e+00 4.265073438645917703e-01 1.795216975044284721e-02 5.617796457196425758e-02 9.190115004440393975e-02
1.539654654943886491e+01 1.000161434340911759e+00 4.266175517988015087e-01 1.964781060076442251e-02 5.357515071118045674e-02 9.247269311285140347e-02
1.571076178514809385e+01 9.996652404202038822e-01 4.272146960496016055e-01 1.675020661551081605e-02 5.359308757183393890e-02 9.397621812505850547e-02
1.602497702085736364e+01 1.000028347459303024e+00 4.265244744687614054e-01 1.787516118060768905e-02 5.663724648800812222e-02 9.290900643676126835e-02
1.633919225656662988e+01 9.996669499471813047e-01 4.261553928314673056e-01 1.735702407532604269e-02 5.730331612604719349e-02 9.569237407442469923e-02
1.665340749227590322e+01 1.000858629643828213e+00 4.251213227757183466e-01 1.688383564359387939e-02 5.363156514457997903e-02 9.336421274537416715e-02
1.696762272798517657e+01 1.000441023724095935e+00 4.257027463714334048e-01 1.932698063894548041e-02 5.135790263750655837e-02 9.423650405413031006e-02
1.728183796369444991e+01 9.993323701746507082e-01 4.259045940146294340e-01 1.785370720971152930e-02 4.971040809136421934e-02 9.214590253145224508e-02
1.759605319940371260e+01 9.991644985910519416e-01 4.262099937915055925e-01 1.797811723891324862e-02 5.007635449173664099e-02 9.252609630849267797e-02
1.791026843510163502e+01 9.998225573594086146e-01 4.267684134418236463e-01 1.811331993983509095e-02 4.904991352019079376e-02 9.196291525200449291e-02
1.822448367078131426e+01 9.987762164295795886e-01 4.279721876086183818e-01 1.586030191753814989e-02 5.258383484061634333e-02 9.584733326591549085e-02
1.853869890646095087e+01 9.988213710095630304e-01 4.271163322083092462e-01 1.718713692250729494e-02 5.400205667232035878e-02 9.629264318598065864e-02
1.885291414214053063e+01 9.985909728527337936e-01 4.263983307614124252e-01 1.697935169529735111e-02 5.538751966876365868e-02 9.621679649869394058e-02
1.916712937782017079e+01 9.995289089839293206e-01 4.265976113207151088e-01 1.679620562887691737e-02 5.371945853113999775e-02 9.355554648424330155e-02
1.948134461349984647e+01 1.000853676957663030e+00 4.261080347119748368e-01 1.646897440663930290e-02 5.565439667773795784e-02 9.345447840665307981e-02
1.979555984917949374e+01 1.000310518566488005e+00 4.262953208600352428e-01 1.864358291555375663e-02 5.388369534058812943e-02 9.450821818771951155e-02
2.010977508485906284e+01 1.000918682957646633e+00 4.257692319308704065e-01 1.714242486848046795e-02 5.388970868819843024e-02 9.419372090432311107e-02
2.042399032053870656e+01 1.001084582025606018e+00 4.259262574365528242e-01 1.629493904023343598e-02 5.737081332319478311e-02 9.506275984536813328e-02
2.073820555621838224e+01 1.000894559755534985e+00 4.257738129632263613e-01 1.886800674395604574e-02 5.477016187578502560e-02 9.549709036100903492e-02
2.105242079189802951e+01 1.000794024690749184e+00 4.260386278241171110e-01 1.854948472258930239e-02 5.108567773128471629e-02 9.407337220941083822e-02
2.136663602757759506e+01 1.001466792562996755e+00 4.257198672041620502e-01 1.814977771052207062e-02 5.260155086871823316e-02 9.169792130978994538e-02
2.168085126325724232e+01 1.000730378272032484e+00 4.264538211310323623e-01 1.851797482289415167e-02 5.421306320490664604e-02 9.479085152147749549e-02
2.199506649893692156e+01 1.001374732289096903e+00 4.252360734529416764e-01 1.959459648283143340e-02 5.374540736514728245e-02 9.421413838970403576e-02
2.230928173461657238e+01 9.998428825939813525e-01 4.253853432566670478e-01 1.973911868939219952e-02 5.037806293045872519e-02 9.287304473220936440e-02
2.262349697029612727e+01 9.992309529536809176e-01 4.260595976455509026e-01 1.858842232867925423e-02 4.734969349292792590e-02 9.327523582357320764e-02
2.293771220597577809e+01 9.987377647209952913e-01 4.266797806947536520e-01 1.688807021112613202e-02 4.803149820748307819e-02 9.276141157718725827e-02
2.325192744165545022e+01 9.981818253609325842e-01 4.268444471067621149e-01 1.735171775856565735e-02 5.242953721314578402e-02 9.491530764886610405e-02
2.356614267733510815e+01 1.000320972945430986e+00 4.265912828465366902e-01 1.754108347306797266e-02 5.156230463178448908e-02 9.321717386181478660e-02
2.388035791301466304e+01 9.994383601767437009e-01 4.271005270753220895e-01 2.082798760574290295e-02 5.057493549906975916e-02 9.291103866946989753e-02
2.419457314869432807e+01 9.998268543869451852e-01 4.268377758515102260e-01 1.832911700277739878e-02 4.863655325243122773e-02 9.283427879409403283e-02
2.450878838437398954e+01 9.995793675388373600e-01 4.261632134560045526e-01 1.780199405596309681e-02 5.037726024317319001e-02 9.263444864160856607e-02
2.482300362005362970e+01 9.990633491866044436e-01 4.260979023634341445e-01 1.814296993719279744e-02 4.914998007234101796e-02 9.489492181408804017e-02
2.513721885573322012e+01 9.996672737722783753e-01 4.259608390069782868e-01 1.809472697934746965e-02 5.133593159546100820e-02 9.183111624088100000e-02
2.545143409141284963e+01 1.000060652844723785e+00 4.264671350627888824e-01 1.714819543024763415e-02 5.223421049582947784e-02 9.061212027450840645e-02
2.576564932709250400e+01 9.989189497820675223e-01 4.276670863326803573e-01 1.892173369985205092e-02 4.914458911171888655e-02 8.909573250038985148e-02
2.607986456277218679e+01 9.987320933437160431e-01 4.271744499781529036e-01 1.813986681473059304e-02 5.277341936716729159e-02 9.240923202610018539e-02
2.639407979845173102e+01 9.990738979294443434e-01 4.269269404341143326e-01 1.869718904026563058e-02 5.126168195769938152e-02 9.144223290469298548e-02
2.670829503413142092e+01 9.987859824938786213e-01 4.262784497316869370e-01 1.952298777685388884e-02 5.036744605597686525e-02 9.202539875725719576e-02
2.702251026981106463e+01 9.998053653858173240e-01 4.268240694228135346e-01 1.736042811520954396e-02 5.257524049957379431e-02 9.133039365911088669e-02
2.733672550549068347e+01 1.000441222859602020e+00 4.266393182801445638e-01 1.890240002354198409e-02 5.528521942173246495e-02 9.258482125414629893e-02
2.765094074117030587e+01 9.988911988612774184e-01 4.270862741887443415e-01 1.818787646648525533e-02 5.587279077870802718e-02 9.531941148038977629e-02
2.796515597684992116e+01 9.993467177196674323e-01 4.276871169800542383e-01 1.743094064306197066e-02 5.211133587142139506e-02 9.523533043405153775e-02
2.827937121252955421e+01 9.994727166277959096e-01 4.265355113720248892e-01 1.874540097426114285e-02 5.088810112642647848e-02 9.504228944935698420e-02
2.859358644820925832e+01 9.999324955007996563e-01 4.267932390912955176e-01 1.774933707938194244e-02 4.877351696138052667e-02 9.571161215838680514e-02
2.890780168388879545e+01 9.989815341667906967e-01 4.268494845538758353e-01 1.725976999863303510e-02 4.806363972330201378e-02 9.454596978981057165e-02
2.922201691956851022e+01 9.994215646278928888e-01 4.271124663831400992e-01 1.769329903850989927e-02 5.144252974407340084e-02 9.399640213163155955e-02
2.953623215524813617e+01 9.998005201225255156e-01 4.266728373269670360e-01 1.853386718001207717e-02 5.184121133848958174e-02 9.350185135714240980e-02
2.985044739092773725e+01 9.984840513689727803e-01 4.276348818899321502e-01 1.683823670849369028e-02 5.357023103112742296e-02 9.328755749918261897e-02
3.016466262660739162e+01 9.979390804792462877e-01 4.269925749782037538e-01 1.657038956304020608e-02 5.045907048296758429e-02 9.139080615809175301e-02
3.047887786228699269e+01 9.983966129568024872e-01 4.265193201448373994e-01 1.817516334957344076e-02 4.946230076385860208e-02 9.410496916062147110e-02
3.079309309796660798e+01 1.000490489431635321e+00 4.258779837527362222e-01 1.753608838942508769e-02 5.006285941426588670e-02 9.400946215525227134e-02
3.110730833364633341e+01 1.000258025915886861e+00 4.264427703137819714e-01 1.693339270721274520e-02 5.204190769581049092e-02 9.778577918361441856e-02
3.142152356932586343e+01 1.000160267960537919e+00 4.260801364561271343e-01 1.682690349844797456e-02 4.934399430086958138e-02 9.457563301424959379e-02
3.173573880500559596e+01 1.000736574097164322e+00 4.251614822840219521e-01 1.583415393680607727e-02 4.905969210911418493e-02 9.242480480339321236e-02
3.204995404068520770e+01 9.996196379745958538e-01 4.253923982889841748e-01 1.942521744760341423e-02 4.782208381859235496e-02 9.486606449111441297e-02
3.236416927636480523e+01 9.996819169664384885e-01 4.256268697770786424e-01 1.931911704821661496e-02 4.989189656385611960e-02 9.496127751859613497e-02
3.267838451204447381e+01 9.999132989036625396e-01 4.267017108334772990e-01 1.718220268050718938e-02 5.101313807358368729e-02 9.323032457344936075e-02
3.299259974772406423e+01 1.000339827791219438e+00 4.264290064861113727e-01 1.735503346012707074e-02 5.332509620631514791e-02 9.234518781697237388e-02
3.330681498340366176e+01 9.993388417349357011e-01 4.279052023545737993e-01 1.671581777459909754e-02 5.070501070353769513e-02 9.249844045944274895e-02
3.362103021908341560e+01 9.993477352381716639e-01 4.278130620917471316e-01 1.558489537625688121e-02 4.901613586146322254e-02 9.179560669480470170e-02
3.393524545476293497e+01 1.000054689898815186e+00 4.273520288261382083e-01 1.690468117124770131e-02 5.230921416570922383e-02 9.391974697837035535e-02
3.424946069044268171e+01 9.994481930932117564e-01 4.273928571987953839e-01 1.652459893066810653e-02 5.133247268256379420e-02 9.189682902564184908e-02
3.456367592612227924e+01 9.994763380142919207e-01 4.268178769470889478e-01 1.609806159004387172e-02 5.060306756072014550e-02 9.020629494598875198e-02
3.487789116180186255e+01 9.998496272125666495e-01 4.270409246915427004e-01 1.699402388044640375e-02 5.076357345318267822e-02 9.194753767629887387e-02
3.519210639748155245e+01 9.992838838260399426e-01 4.265607393216231946e-01 1.643697642232716874e-02 5.028311355985239789e-02 9.294204192317398472e-02
3.550632163316113576e+01 1.000535953341436635e+00 4.261717500236731349e-01 1.688516587196332505e-02 4.856725629234540792e-02 9.299701361514112197e-02
3.582053686884072619e+01 9.997423205498964238e-01 4.261947451802026721e-01 1.747653874951429764e-02 5.024217728206794437e-02 9.338929981027296878e-02
3.613475210452048714e+01 9.991896333824122900e-01 4.262651798643053436e-01 1.766177718546491776e-02 5.074013997883538435e-02 9.324845301269744924e-02
3.644896734019999940e+01 9.985426328377776661e-01 4.263404206516864248e-01 1.641176916371656080e-02 5.598941036220611567e-02 9.207126024395410890e-02
3.676318257587976746e+01 9.991748270079435779e-01 4.262723026929622905e-01 1.736326927027358538e-02 5.593125113237096963e-02 9.358754810571329186e-02
3.707739781155935077e+01 1.000370445158024202e+00 4.255288121335450424e-01 1.852639262340988538e-02 5.353992143012252514e-02 9.545799760763826192e-02
3.739161304723892698e+01 9.996270878554565087e-01 4.264846355336587291e-01 1.575104200473614532e-02 5.237583859734840780e-02 9.697302776420128889e-02
3.770582828291863819e+01 9.989676542980139295e-01 4.271682716067640162e-01 1.804384874901980573e-02 5.147609242336190910e-02 9.555879010004840468e-02
3.802004351859820730e+01 9.993816383968980865e-01 4.272774116277037182e-01 1.881856051192985768e-02 5.033841948687226009e-02 9.477562089303123716e-02
3.833425875427778351e+01 9.996824014956658955e-01 4.271229144756324425e-01 1.936443533100748460e-02 5.165754536623159282e-02 9.505508626043290832e-02
3.864847398995756578e+01 9.980192165202066423e-01 4.277734354217826995e-01 1.765736075842076064e-02 5.378287064516710375e-02 9.497611146797085846e-02
3.896268922563707093e+01 9.992355539560741073e-01 4.268080096872977069e-01 1.934766890650914048e-02 5.295428999580588381e-02 9.373732753360883296e-02
3.927690446131684610e+01 9.995460548798419387e-01 4.267417350996548508e-01 1.842944074878604191e-02 5.445414317803091986e-02 9.353103898436296304e-02
3.959111969699642231e+01 1.000104404698514582e+00 4.267825073773006683e-01 1.630441703728869110e-02 5.634120147909252307e-02 9.543696903883602811e-02
3.990533493267599141e+01 1.000620302772317727e+00 4.262745267801198445e-01 1.805322075152279715e-02 5.523376312576758901e-02 9.532657232484374743e-02
4.021955016835570973e+01 1.000142531768137166e+00 4.267162371575722313e-01 1.749160298533707081e-02 5.617150585542241698e-02 9.318127821260197008e-02
4.053376540403527883e+01 9.998548553742073741e-01 4.273838990019174222e-01 1.673923482168278645e-02 5.677272948742870945e-02 9.222658824852005000e-02
4.084798063971484794e+01 9.999057276883872580e-01 4.279780402868476608e-01 1.713547183615252156e-02 5.284873607235116011e-02 9.311349548256987740e-02
4.116219587539463731e+01 1.000028367896738990e+00 4.277791525846930121e-01 1.697165441245419501e-02 5.446035899312522133e-02 9.305254539848910322e-02
4.147641111107414247e+01 1.000602926001116000e+00 4.274467159805916405e-01 1.736147089050608938e-02 5.632484853264586866e-02 9.517758189391231638e-02
4.179062634675392474e+01 9.994159862062185207e-01 4.278466618492589579e-01 1.927220307427601753e-02 5.683227485431201209e-02 9.676130081487295531e-02
4.210484158243349384e+01 1.000256130786512099e+00 4.270672434871161660e-01 1.791759380616853373e-02 5.594071500639213185e-02 9.571852774456876545e-02
4.241905681811304873e+01 1.000876145389236305e+00 4.273888182562032290e-01 1.607962847594763753e-02 5.324458438890886797e-02 9.446479174162555892e-02
4.273327205379279548e+01 1.000314313115721276e+00 4.274208980192353846e-01 1.814050361974895234e-02 5.654344250523617166e-02 9.489958399749184870e-02
4.304748728947235037e+01 1.000267397878650932e+00 4.265808958222249703e-01 1.707095724223697819e-02 5.317593817300787784e-02 9.395651459965811969e-02
4.336170252515191237e+01 9.998609581057962270e-01 4.262776405020758941e-01 1.940237566297511873e-02 5.392156171916424184e-02 9.450516532592771746e-02
4.367591776083170885e+01 1.001045348895207798e+00 4.259823950069197562e-01 1.854711814643896645e-02 5.559226209967338406e-02 9.564182613366449537e-02
4.399013299651120690e+01 1.001457770002249559e+00 4.261888162559292481e-01 1.986052108352000592e-02 5.460895834025242257e-02 9.419275934159668240e-02
4.430434823219100338e+01 1.001103776141271107e+00 4.260234795706998590e-01 1.926033592742462316e-02 5.035794751365156585e-02 9.365056096129062424e-02
4.461856346787056538e+01 1.000898020467120508e+00 4.258377631225034876e-01 1.733893203903718108e-02 5.160328289946462116e-02 8.964509910182048846e-02
4.493277870355011316e+01 9.994486940627299587e-01 4.254407401663764521e-01 1.818121348791738867e-02 4.933146451395712534e-02 8.978318856162789685e-02
4.524699393922986701e+01 9.998378366185033395e-01 4.251510047208816312e-01 1.914673049227731683e-02 5.090555134165084677e-02 9.332625562569704658e-02
4.556120917490942190e+01 9.992970268562728631e-01 4.250098661233339126e-01 1.897412672090948924e-02 5.191373491820724245e-02 9.187703718686407450e-02
4.587542441058897680e+01 9.996311769740549025e-01 4.254632209711132762e-01 1.829610205350990990e-02 4.914137305155075880e-02 9.269880763869346729e-02
4.618963964626877328e+01 9.990991593104056046e-01 4.256143998093697700e-01 2.000678714085751125e-02 5.315068140602091651e-02 9.200721430176106441e-02
4.650385488194828554e+01 1.000467874867701390e+00 4.259682445887977287e-01 1.856553029612545078e-02 5.143737262241231817e-02 9.324368086871231975e-02
4.681807011762806781e+01 1.000378937058312712e+00 4.255442759347169424e-01 1.759328226437279277e-02 4.984910745254904352e-02 9.191294072401631765e-02
4.713228535330761559e+01 1.000251811517921974e+00 4.254000730614599379e-01 1.711127129682097486e-02 5.506012570405521833e-02 9.375362589244230771e-02
