-1.009042018648500090e+02 3.996190284168149809e+00 1.000000000000000000e+00 6.248676965318111570e-04 1.063521174714912023e-03 -1.725296031932860297e-03
-1.002315071857537561e+02 4.320921604786492232e+00 6.626802130414616299e-01 3.880456666108097509e-03 3.471256172566485748e-02 1.480435538411589008e-02
-9.955881250665821369e+01 4.418631445935596425e+00 4.833041373555441722e-01 3.533765606572570727e-03 6.791243248395066601e-02 2.255715567435627802e-02
-9.888611782756268553e+01 4.414322743447404385e+00 3.697939740337439773e-01 3.928121498470157208e-03 9.616216154173130859e-02 2.680772519544981011e-02
-9.821342314846715738e+01 4.365103627701045319e+00 2.913997108468465158e-01 4.966621664427009128e-03 1.206391857508004872e-01 2.940704401228730336e-02
-9.754072846937162922e+01 4.306132360040537677e+00 2.341792939844998256e-01 3.288202732922014364e-03 1.368881597403968642e-01 2.532646280819562945e-02
-9.686803379027611527e+01 4.249626275431324984e+00 1.915157219821259915e-01 2.812707940281474871e-03 1.473513834414126034e-01 3.294392742598230978e-02
-9.619533911118057290e+01 4.195393318558813256e+00 1.595696220327387227e-01 3.579791762592600315e-03 1.489618543246504778e-01 3.944189421887944053e-02
-9.552264443208505895e+01 4.155677027876818030e+00 1.349771324079006574e-01 3.246608114853535322e-03 1.435625711758214962e-01 3.957320556287547558e-02
-9.484994975298951658e+01 4.122140233158858358e+00 1.161422005097692001e-01 2.600981712515671070e-03 1.319170473415351708e-01 4.038645674675885727e-02
-9.417725507389400263e+01 4.097129026350178727e+00 1.017303894480201670e-01 5.153661440201517951e-03 1.150998594127149860e-01 4.481396025724940224e-02
-9.350456039479844605e+01 4.074271604177844175e+00 9.087563253481605041e-02 5.121311139089989445e-03 9.929104988609367688e-02 4.858879600898661361e-02
-9.283186571570291790e+01 4.060747309381534720e+00 8.239033046331599441e-02 3.152325971619863651e-03 8.464521793222370971e-02 5.047491399891373270e-02
-9.215917103660740395e+01 4.045304547664549943e+00 7.589446299285693143e-02 4.222206174857855675e-03 7.026008742944087060e-02 5.733475316632954261e-02
-9.148647635751187579e+01 4.035660350803516927e+00 7.099976602782756552e-02 5.837663229990944572e-03 5.907354662213206570e-02 5.885685285734697930e-02
-9.081378167841633342e+01 4.028216473675186649e+00 6.711195398702463066e-02 3.469491858183196709e-03 4.559068169985820013e-02 5.863352409085893086e-02
-9.014108699932080526e+01 4.021806493607406274e+00 6.418893864316652098e-02 3.706577397559117533e-03 3.890876949939763019e-02 6.551816107668725908e-02
-8.946839232022530553e+01 4.020197312024002656e+00 6.200866481373810274e-02 1.798230063224530700e-03 3.515883695419672050e-02 6.857195778451206924e-02
-8.879569764112976316e+01 4.016475967361328614e+00 6.038453912463999373e-02 3.297588753386387732e-03 3.299111154374800153e-02 6.739458902064168755e-02
-8.812300296203422079e+01 4.013889299558415225e+00 5.904342112329653836e-02 5.647453010682976400e-03 2.949304866487056920e-02 6.752324907231939399e-02
-8.745030828293870684e+01 4.014719734410394203e+00 5.799343320941074964e-02 3.484952277447941286e-03 2.739395624904221796e-02 6.757217839608410659e-02
-8.677761360384316447e+01 4.011054132381512538e+00 5.718499127603414445e-02 6.161835695416531707e-03 2.869211515119522021e-02 7.033070592491426354e-02
-8.610491892474763631e+01 4.001100750011695517e+00 5.664649150910500836e-02 4.108416004706643213e-03 2.572180754849253542e-02 6.979195271279675650e-02
-8.543222424565212236e+01 4.004489227687628272e+00 5.617063159091790353e-02 3.084117191170096181e-03 2.459259810029647969e-02 6.696535946191456423e-02
-8.475952956655655157e+01 4.007171023819008582e+00 5.586901299835169560e-02 4.014249724473376371e-03 2.655523238777990347e-02 6.919028007296221250e-02
-8.408683488746108026e+01 4.011889254736502153e+00 5.557518161596496087e-02 4.238176685187872335e-03 2.922897653428492559e-02 7.277331994697761042e-02
-8.341414020836549525e+01 4.007024360969917431e+00 5.544608874431877082e-02 3.352659697294006844e-03 3.073742580914582551e-02 7.315864069014567372e-02
-8.274144552926998131e+01 4.005666710860735336e+00 5.525164771726746860e-02 4.473978601864457560e-03 2.874550455645046368e-02 7.016831852206437126e-02
-8.206875085017448157e+01 4.005367127136369554e+00 5.512308560051939338e-02 4.881691143830236418e-03 2.576884478749313576e-02 7.261023668098076644e-02
-8.139605617107889657e+01 4.000234192715520720e+00 5.500655167676907209e-02 6.340677204717821980e-03 2.687961686568819328e-02 7.075641259244332126e-02
-8.072336149198342525e+01 4.000109845064448777e+00 5.490364351424659867e-02 5.166218435943253917e-03 2.726830257386057832e-02 7.415168922968627674e-02
-8.005066681288792552e+01 4.006661713726163754e+00 5.477202293445442016e-02 4.686718043726727408e-03 2.865502666180605104e-02 7.375154319842457118e-02
-7.937797213379231209e+01 4.005717289158204686e+00 5.467388470811033324e-02 4.540004572939643039e-03 2.717587428348019335e-02 7.119125552894388365e-02
-7.870527745469684078e+01 4.001762562160445569e+00 5.468023501248807372e-02 3.985777015796422573e-03 2.938341586569788444e-02 7.188126326609767247e-02
-7.803258277560124156e+01 4.001780528199176956e+00 5.470397004057195312e-02 4.616684336363154582e-03 2.875096675692920267e-02 7.028320574212040817e-02
-7.735988809650575604e+01 3.997918850323541218e+00 5.467784837359743189e-02 3.485166534491579513e-03 2.828811051574621829e-02 7.204735423805874728e-02
-7.668719341741025630e+01 3.998652492819207538e+00 5.467304322207342665e-02 5.599460705193065949e-03 2.675869122710860734e-02 7.138716401001557466e-02
-7.601449873831465709e+01 3.996282872860926538e+00 5.468181668460322248e-02 4.442881347949785391e-03 2.505852381782673957e-02 6.995087053802234722e-02
-7.534180405921914314e+01 4.002062734896291829e+00 5.461310019947464289e-02 2.595314998004172400e-03 2.737426979420638090e-02 7.355440073287980440e-02
-7.466910938012370025e+01 4.005969899941371537e+00 5.452795523530264837e-02 3.196653552817003800e-03 2.683766513313446192e-02 7.237200890751760429e-02
-7.399641470102807261e+01 4.009707886581789005e+00 5.443496844995896616e-02 4.172350066256052745e-03 2.557906841066310763e-02 7.372414422259948585e-02
-7.332372002193257288e+01 4.007729352770157405e+00 5.452257800739751525e-02 3.173943151255482781e-03 2.643224265874462992e-02 7.352564731306805712e-02
-7.265102534283703051e+01 4.001569988102658293e+00 5.466328244756788607e-02 3.107001080511280228e-03 2.531251189527037801e-02 7.207400152917331493e-02
-7.197833066374150235e+01 4.000365977659154026e+00 5.473019616633487128e-02 3.718466677176270919e-03 2.709427942130134687e-02 6.976124846687463410e-02
-7.130563598464597419e+01 4.005933039278870567e+00 5.480565419382510406e-02 4.097982459861667856e-03 2.699109950890954401e-02 7.089875380686108675e-02
-7.063294130555047445e+01 4.004372805361875898e+00 5.477586863698705177e-02 4.193245612870155625e-03 2.730311305134731914e-02 7.289107100580975718e-02
-6.996024662645494629e+01 4.005518154883846549e+00 5.462927798704250715e-02 4.381524810195460556e-03 2.849809854756630428e-02 7.304830223544600543e-02
-6.928755194735938971e+01 3.999745079088300237e+00 5.465013504823069274e-02 2.962854181213279200e-03 2.789319696228249185e-02 7.286280481584662960e-02
-6.861485726826390419e+01 4.002251665967221150e+00 5.462929511606016281e-02 3.162102204910676069e-03 2.747967430809399036e-02 7.003733542238743670e-02
-6.794216258916836182e+01 4.006197602318255946e+00 5.459482907049305334e-02 3.790636085837796512e-03 2.580949934081284633e-02 7.161110363220853092e-02
-6.726946791007273418e+01 3.995195631933523117e+00 5.475242136252925218e-02 3.386180680967909584e-03 2.652107181783509154e-02 7.514662401025760941e-02
-6.659677323097734813e+01 3.997610634394472395e+00 5.465591346649216475e-02 2.754664055228605093e-03 3.062146017219830388e-02 7.225556855301944192e-02
-6.592407855188179155e+01 3.999940126283323405e+00 5.450888359567056252e-02 4.661280844196369344e-03 3.038177420769025069e-02 6.868097900310085602e-02
-6.525138387278158802e+01 4.001006925883071830e+00 5.455543320831220816e-02 4.643212752741884310e-03 2.842165759973379335e-02 7.295917692244499597e-02
-6.457868919362674376e+01 4.002670278718765573e+00 5.455258407891026146e-02 4.644161318576574791e-03 2.890622082976249466e-02 7.180126325645748431e-02
-6.390599451447194213e+01 4.002928473676225174e+00 5.463390169914477540e-02 2.965662343462646330e-03 2.841335585979454584e-02 7.049919277663102557e-02
-6.323329983531709786e+01 4.001625687422763811e+00 5.466548545089445349e-02 4.497770680528398284e-03 2.777288321061587018e-02 7.275814153281297270e-02
-6.256060515616241702e+01 4.000047579452751911e+00 5.465072896296990779e-02 4.393890010813484778e-03 2.641528286577340609e-02 7.434704053539872848e-02
-6.188791047700757986e+01 4.003203918761159663e+00 5.465240564575551269e-02 5.422454002314666850e-03 2.877173455280206474e-02 7.198579490411863291e-02
-6.121521579785277822e+01 4.004005716296228812e+00 5.463096831126070668e-02 6.158135872396962307e-03 2.845178368650706086e-02 7.179766604029662325e-02
-6.054252111869791975e+01 4.007389422766377329e+00 5.465732653246126865e-02 3.923317528798325390e-03 2.908354276830172822e-02 6.974028255944580978e-02
-5.986982643954305416e+01 4.010303764964627149e+00 5.452445767037016749e-02 3.484540779988068871e-03 2.981568771329640502e-02 7.457195762778814907e-02
-5.919713176038820279e+01 4.007523692467608534e+00 5.451278049141811827e-02 5.192885545177201509e-03 3.091985619610394462e-02 7.151568132599071814e-02
-5.852443708123339405e+01 4.008371462026644849e+00 5.453185692750418118e-02 4.724287714766784579e-03 2.879718226352733293e-02 7.309507252043999370e-02
-5.785174240207854268e+01 4.004217366522026644e+00 5.462442223619215498e-02 4.972751384856525202e-03 2.815296609436419850e-02 7.371714921978522739e-02
-5.717904772292389737e+01 4.004230220382592798e+00 5.462788931039391782e-02 4.655950903011362579e-03 2.716456058275657989e-02 7.210953301422652617e-02
-5.650635304376905310e+01 4.003143514104494649e+00 5.461132132067029327e-02 7.116411949135468575e-03 2.552581157134086939e-02 7.200926969891099927e-02
-5.583365836461424436e+01 4.003994100807354961e+00 5.458234851523090236e-02 6.246061867895790626e-03 2.628595719217758156e-02 7.322181086634108049e-02
-5.516096368545938589e+01 4.001259501411747799e+00 5.458431344480695752e-02 4.288667819917133667e-03 2.604212490202526681e-02 7.217568832232293397e-02
-5.448826900630452030e+01 3.999949474296888408e+00 5.463067669029861989e-02 3.368690207580251738e-03 2.811793985618192895e-02 7.272296133335305612e-02
-5.381557432714968314e+01 3.996057025206658064e+00 5.468788188824078716e-02 3.627506414657639781e-03 2.778779281326103009e-02 7.223676255213823394e-02
-5.314287964799486730e+01 3.996400070207268396e+00 5.465514194720346580e-02 4.330610363161236688e-03 2.680551611189291999e-02 7.360324284982101839e-02
-5.247018496884001593e+01 3.999920977463027327e+00 5.461484200216895624e-02 4.021877199589256671e-03 3.037559902172597831e-02 7.384211143099143893e-02
-5.179749028968537772e+01 4.003260202909388887e+00 5.462785784155095581e-02 4.277285176551081508e-03 3.117512805981981217e-02 6.950901009848592382e-02
-5.112479561053052635e+01 4.001642610748013418e+00 5.478165327364201836e-02 5.824903232209144473e-03 2.818946286994001085e-02 7.354122433846804752e-02
-5.045210093137570340e+01 4.001872889582278603e+00 5.471432518970718167e-02 2.696682971775543440e-03 2.665587684939256866e-02 6.965794623451390666e-02
-4.977940625222085202e+01 4.002370941212305411e+00 5.470664189808337186e-02 4.100604961089488257e-03 2.655461475144828970e-02 7.020510109001716625e-02
-4.910671157306598644e+01 4.003450512552804597e+00 5.464447166111528753e-02 3.201766697013881495e-03 2.374066919602546913e-02 7.032312081287422911e-02
-4.843401689391112797e+01 4.001621340210332001e+00 5.466517455365474398e-02 1.972244462203549473e-03 2.539067250193271022e-02 6.898636181509215648e-02
-4.776132221475629791e+01 3.998772800218541867e+00 5.475312489528075255e-02 2.927167443004920992e-03 2.121096218431463634e-02 6.845685151820531111e-02
-4.708862753560144654e+01 3.997402724313609657e+00 5.473257594326676884e-02 3.385330608354977268e-03 2.392033023533662525e-02 6.873579482121154605e-02
-4.641593285644677991e+01 3.998120618178801600e+00 5.473042527565765564e-02 2.850169276638324714e-03 2.604636489828845644e-02 7.190172573624704910e-02
-4.574323817729190722e+01 3.996655183626922181e+00 5.474654813790076624e-02 4.316805647473741236e-03 2.611588920674362893e-02 7.280717008829350190e-02
-4.507054349813708427e+01 3.995847344076539187e+00 5.469568895899562522e-02 5.140432858189887544e-03 2.606208081542078434e-02 7.105021666527515378e-02
-4.439784881898221869e+01 3.998412305447126336e+00 5.459498590466321105e-02 5.116787029986916840e-03 2.581539989810139810e-02 6.824045027099394367e-02
-4.372515413982755206e+01 4.003145454122132740e+00 5.456150883211909053e-02 4.854543391087572275e-03 2.748119534846750825e-02 6.894163731598737521e-02
-4.305245946067269358e+01 3.997968219988244698e+00 5.459512296063382536e-02 3.624358373020178815e-03 2.614225616174738892e-02 7.051514480943149588e-02
-4.237976478151787063e+01 4.001369708168012629e+00 5.455181209731436304e-02 4.322686163919686048e-03 2.837703772752260198e-02 6.887020367145141320e-02
-4.170707010236301215e+01 4.006181346735571580e+00 5.447309824157620106e-02 6.005952453273164827e-03 2.769974159660505697e-02 6.802813632671474153e-02
-4.103437542320832421e+01 4.000946384084978824e+00 5.462340493957860282e-02 3.288273807436457950e-03 2.407608909210404505e-02 7.059749061712583540e-02
-4.036168074405347284e+01 4.002608739042520014e+00 5.470898736548587826e-02 3.616491800143149110e-03 2.464380526190473528e-02 7.308385817991470967e-02
-3.968898606489863568e+01 3.999822124129948531e+00 5.483838477664931127e-02 3.501442312397006276e-03 2.928069871231676891e-02 7.029826612767962890e-02
-3.901629138574377720e+01 4.001079461433683093e+00 5.478833141190218164e-02 4.146715982984128593e-03 3.010150983200638591e-02 7.080036013618072610e-02
-3.834359670658891162e+01 4.001346728569405542e+00 5.468074260485109722e-02 4.922161242913949790e-03 3.101690400926090940e-02 7.227522977236187918e-02
-3.767090202743406024e+01 4.004537964356992497e+00 5.468758443400086738e-02 5.655018189965217539e-03 3.282806912853072911e-02 7.185066557582425739e-02
-3.699820734827921598e+01 4.007127761469881477e+00 5.473681028318372332e-02 3.908006001386657609e-03 2.987288467570766576e-02 7.284289836777857463e-02
-3.632551266912435750e+01 4.003708712240189094e+00 5.470550251046407686e-02 4.674339794475166655e-03 2.771568363901734389e-02 6.786201882469254654e-02
-3.565281798996964824e+01 4.003883984245372396e+00 5.462010208616638329e-02 4.988725928948540764e-03 2.497505582386381345e-02 7.002613216262515428e-02
-3.498012331081478976e+01 4.001754745563126825e+00 5.465429292264494671e-02 3.048563563257613521e-03 2.546372913551685560e-02 7.358900598688006278e-02
-3.430742863165994549e+01 3.996638546977971274e+00 5.475984667999284072e-02 3.253632011074155707e-03 2.641931576910227716e-02 7.292331040139828080e-02
-3.363473395250507281e+01 3.998530864874604962e+00 5.471922390528465713e-02 4.523578633648036272e-03 2.456022966751668021e-02 7.039017209200774949e-02
-3.296203927335054118e+01 4.003155407161979262e+00 5.466358909862129023e-02 4.812696667777490410e-03 2.636353509121444269e-02 7.007710593767119134e-02
-3.228934459419568270e+01 4.000364267791612249e+00 5.473614877932755918e-02 5.064776452439221505e-03 2.828917264655094951e-02 7.152084713785605841e-02
-3.161664991504083844e+01 4.003751872526756017e+00 5.470015466515262131e-02 5.233476806647624491e-03 2.866602617567864247e-02 7.195658023663317748e-02
-3.094395523588598351e+01 4.007131535033674474e+00 5.465428582950349751e-02 5.499079767531116388e-03 2.809075910796503261e-02 6.877512852830475198e-02
-3.027126055673127425e+01 4.006599831158635716e+00 5.473593806015683572e-02 4.812903421244767686e-03 2.913498549161236059e-02 7.518270626919593136e-02
-2.959856587759467317e+01 4.009229087022845306e+00 5.467129534911657068e-02 5.190433092227544551e-03 2.735214589818148884e-02 7.219523690495067980e-02
-2.892587119855827282e+01 4.000505093228969855e+00 5.477695184461681827e-02 4.341124232671311929e-03 2.673785913092715724e-02 7.495404672291837433e-02
-2.825317651952201459e+01 3.999668003768949820e+00 5.491857234331378596e-02 3.746633241171542020e-03 2.644881940205810050e-02 7.541646849351547888e-02
-2.758048184048597662e+01 3.997572188824996875e+00 5.489799774268493138e-02 2.171803828304681282e-03 2.790810461521004912e-02 7.096375869852102058e-02
-2.690778716144970062e+01 4.002115900232406709e+00 5.479970785858868237e-02 3.073332517865126016e-03 2.847268646272613918e-02 7.312524845244530725e-02
-2.623509248241330027e+01 4.002689978979478980e+00 5.474863283595844676e-02 5.172355773644857387e-03 2.742273295317025975e-02 7.133172065404873308e-02
-2.556239780337702783e+01 4.000339346800726226e+00 5.480408305312724215e-02 4.124241321260155475e-03 2.752393747770347579e-02 7.385199878328990719e-02
-2.488970312434100407e+01 4.002226481840872374e+00 5.475643982917575286e-02 6.324189915336854081e-03 2.743136842621473823e-02 7.362157564290591760e-02
-2.421700844530473162e+01 4.000613911846257587e+00 5.471464747170894788e-02 5.063985633466614247e-03 2.816580134158516366e-02 7.484896155131348650e-02
-2.354431376626831351e+01 3.999336277176555488e+00 5.466254035621308932e-02 3.129685105049695611e-03 2.808246779844261742e-02 7.181864324667039390e-02
-2.287161908723205528e+01 4.000763292566044349e+00 5.466292692161441036e-02 5.164139189546318627e-03 2.734956632245399630e-02 7.491115585074119287e-02
-2.219892440819605284e+01 4.004812837065736986e+00 5.453466778719977259e-02 5.383911385406251089e-03 2.875720786286227459e-02 6.899535182169175274e-02
-2.152622972915976263e+01 4.004180134736695429e+00 5.450230212998424806e-02 4.763236313608969208e-03 2.765026986500101688e-02 7.242358575000212850e-02
-2.085353505012334452e+01 4.004064738880012797e+00 5.459507097970549977e-02 4.303585139195020490e-03 2.682211447541983304e-02 6.968316791757669937e-02
-2.018084037108707207e+01 4.003337350536839701e+00 5.467937096569157329e-02 5.518469166955838716e-03 2.713411118639631400e-02 7.108977847877862022e-02
-1.950814569205109805e+01 4.003169481264310825e+00 5.461952689340929951e-02 4.287631639018031279e-03 2.853273802423859570e-02 7.083438476896332381e-02
-1.883545101301479008e+01 4.001348048401499824e+00 5.458955136491201038e-02 6.560124280785261004e-03 2.760078950448659890e-02 7.099525247142526863e-02
-1.816275633397837552e+01 3.997044341596240002e+00 5.474971664840366098e-02 6.295769341270698004e-03 2.767189361747092805e-02 7.677973051158028250e-02
-1.749006165494208531e+01 4.000662112658990743e+00 5.466656013573621686e-02 4.502266552047043922e-03 2.882382085350179007e-02 7.038434437329733895e-02
-1.681736697590612550e+01 3.995531851973323612e+00 5.475007871372714746e-02 3.274655372659881700e-03 2.719716412493892316e-02 7.037804265910173329e-02
-1.614467229686982108e+01 4.001585396724564703e+00 5.466544202715350326e-02 3.138115305257439466e-03 2.801733804929750285e-02 6.941038669687184248e-02
-1.547197761783340475e+01 3.994151158163603554e+00 5.473757716375540761e-02 4.022452073861826523e-03 2.669984114089179669e-02 7.158194537400550117e-02
-1.479928293879711454e+01 3.993267966331491170e+00 5.483457838689630853e-02 2.887758331651252286e-03 2.670490817723987151e-02 6.916418521693301624e-02
-1.412658825976115651e+01 3.997973978922022553e+00 5.470622567386674434e-02 5.326741455617853629e-03 2.768213645665097700e-02 7.529647578090045701e-02
-1.345389358072485031e+01 3.995194656279380307e+00 5.477143620038910782e-02 4.267646669026617899e-03 3.275480278771476794e-02 7.316234067326202184e-02
-1.278119890168843398e+01 3.998892668906044445e+00 5.470648135673084056e-02 4.718334538833014041e-03 3.421772195041369174e-02 7.011181143994071885e-02
-1.210850422265212956e+01 4.006046049130424613e+00 5.445944038087278255e-02 5.166329159972985266e-03 3.081704916266238270e-02 6.940625560124374926e-02
-1.143580954361620172e+01 4.003327143282906952e+00 5.454790681936968338e-02 3.033303373485897372e-03 3.000508007717295200e-02 6.971372054083878333e-02
-1.076311486457988131e+01 4.007094833823507507e+00 5.454990587985155542e-02 3.116310456397799501e-03 2.827678223911075928e-02 7.021225037918880918e-02
-1.009042018554346498e+01 3.999295689474509086e+00 5.459598680952412741e-02 4.132528663075354068e-03 3.059966862969508081e-02 7.250899123862485085e-02
-9.417725506507142796e+00 3.997733952865305529e+00 5.466309773162760649e-02 3.461116724899013838e-03 3.105286551062650530e-02 7.272255688457678058e-02
-8.745030827471216739e+00 3.994170519546630160e+00 5.461397301015390171e-02 4.179612685732149099e-03 2.929540379105581918e-02 7.126036561972137751e-02
-8.072336148434910541e+00 3.995805336953111020e+00 5.459319762576541474e-02 4.285650133089406906e-03 2.510702761366921665e-02 6.904716233322169550e-02
-7.399641469398494209e+00 3.997859068453541553e+00 5.464829729811518377e-02 4.154808701326966405e-03 2.765669585821690576e-02 7.159971260027590823e-02
-6.726946790362219986e+00 4.002089490926763027e+00 5.458179801651383972e-02 5.285660536660605896e-03 3.152430052488435636e-02 7.580221152961134912e-02
-6.054252111326229979e+00 4.000769738091965344e+00 5.458308138196622805e-02 4.123943810230231571e-03 3.140182938917094463e-02 6.919703318051756424e-02
-5.381557432289940657e+00 3.996776574538292159e+00 5.461741110777169894e-02 5.837377830896674745e-03 2.887249660040785287e-02 7.303921368529497915e-02
-4.708862753253587385e+00 4.003568170782444646e+00 5.456820517118424196e-02 2.491491878959686476e-03 2.919000836692675627e-02 7.209939871327035454e-02
-4.036168074217202140e+00 3.997262471370267800e+00 5.464880474261055859e-02 4.003860865206772257e-03 2.841405893678120714e-02 6.872938260248109832e-02
-3.363473395181291625e+00 4.002771290175198615e+00 5.455981235913211908e-02 3.339111890632983238e-03 2.680370196072043992e-02 6.983737923319693897e-02
-2.690778716144906824e+00 4.003391762137589183e+00 5.466047973404117299e-02 3.708797196702904187e-03 2.812671793513014246e-02 7.332094964670020365e-02
-2.018084037108553552e+00 4.002974333263557227e+00 5.472114731620610767e-02 4.564312440718733266e-03 2.797246410194022953e-02 7.164828496361547172e-02
-1.345389358072295316e+00 4.008985309024748034e+00 5.466039209338296317e-02 4.982020579607927824e-03 2.850027607242558783e-02 6.970934015423164987e-02
-6.726946790362425821e-01 4.004347793631596097e+00 5.476338649485889415e-02 4.098519086679486625e-03 2.604512548621564644e-02 7.107254001648445618e-02
0.000000000000000000e+00 4.001843011258870320e+00 5.474761143360126758e-02 3.710794942121652291e-03 2.847861047843091090e-02 6.927913448393337170e-02
