-1.050885809401000870e+01 2.011943308186089130e+00 1.000000000000000000e+00 -3.172860151981925746e-03 -3.251950941442220168e-03 1.357473131428384334e-03
-1.045583959424923570e+01 1.983744064690422304e+00 1.081146913984640801e+00 -2.011088350172139834e-03 1.226960007661234871e-02 9.529309800708211237e-03
-1.040303232357117835e+01 1.949528132742384789e+00 1.162996528706026655e+00 -1.136358184778349378e-03 2.618211969952943113e-02 1.742372276940596515e-02
-1.035022505289312100e+01 1.919105992224647173e+00 1.246928105891149219e+00 1.511786087346780405e-03 3.814036781179914321e-02 2.345190497734676166e-02
-1.029741778221506188e+01 1.890987172939801786e+00 1.329946678690420381e+00 2.299177927877651354e-03 4.782796539047154405e-02 3.016248466995842537e-02
-1.024461051153700453e+01 1.865630176918041006e+00 1.418638185042940592e+00 3.399098360097394314e-03 5.736664184282305734e-02 3.363627721701441947e-02
-1.019180324085894362e+01 1.842836389683150777e+00 1.504263952868201137e+00 3.373083497614989823e-03 6.568104584436254556e-02 3.776562664277119397e-02
-1.013899597018088095e+01 1.823751243145849132e+00 1.595020667612611076e+00 4.300068365426606282e-03 7.305764459662125732e-02 4.104745916809608708e-02
-1.008639992858552681e+01 1.805064629846570456e+00 1.686239556080481705e+00 4.651871665544092191e-03 7.890548865583982274e-02 4.206817318640379555e-02
-1.003359265790745880e+01 1.788118382460237799e+00 1.777719145322073757e+00 6.095905461097029035e-03 8.722434631961219209e-02 4.599878863604985046e-02
-9.980785387229390793e+00 1.773586613875391071e+00 1.871477683256234759e+00 6.618590313841178456e-03 9.420830393981279027e-02 4.907031655071820292e-02
-9.927978116551322785e+00 1.759810164964870305e+00 1.965060090269683535e+00 5.706646067648846708e-03 9.934848565827467115e-02 5.202599309142494355e-02
-9.875170845873256553e+00 1.746216025880022560e+00 2.056869862241630820e+00 6.937170673660211263e-03 1.052241611118282516e-01 5.569599088222540462e-02
-9.822363575195190322e+00 1.733790080845831749e+00 2.148972781159582013e+00 8.029142593038513659e-03 1.090718246177045103e-01 5.836526842310618690e-02
-9.769556304517140077e+00 1.723575962375110127e+00 2.246338974752350115e+00 8.313363363000831480e-03 1.144673978916430496e-01 5.803458250725637702e-02
-9.716749033839095162e+00 1.713411009894004300e+00 2.342807645915187198e+00 8.129408125542560148e-03 1.167040082710636972e-01 5.701874162477346686e-02
-9.663941763161046694e+00 1.707876883748895125e+00 2.443436450610177779e+00 8.974929705300806887e-03 1.202910407307699187e-01 5.667597336920671830e-02
-9.611134492482998226e+00 1.702164011740604277e+00 2.548262330693211730e+00 8.381684502559041614e-03 1.219321147102866709e-01 5.774642387834735130e-02
-9.558115992722234111e+00 1.696975091295201965e+00 2.652403383981586593e+00 8.076858635056270719e-03 1.215329476961354016e-01 5.705639810535387269e-02
-9.505308722044183867e+00 1.692668054762595631e+00 2.751583933983081653e+00 8.754616218004138833e-03 1.220957350168742211e-01 5.517101297764925166e-02
-9.452501451366140728e+00 1.688970908005000826e+00 2.852608247471214220e+00 7.899575893563727177e-03 1.265256522593497801e-01 5.372598290410472710e-02
-9.399694180688088707e+00 1.686815245855615153e+00 2.951477702591642327e+00 8.878406111714885751e-03 1.280616857047101043e-01 5.520332720086688211e-02
-9.346886910010042016e+00 1.685203392315283599e+00 3.053923078930333990e+00 1.026231341760508627e-02 1.306903571211871229e-01 5.391248906085881198e-02
-9.294079639331989995e+00 1.682761693631194877e+00 3.153950063840754048e+00 1.064765586695495814e-02 1.322049455032797971e-01 5.336775678035587944e-02
-9.241272368653943303e+00 1.681047832853510782e+00 3.256057201783248534e+00 1.040707425680451742e-02 1.362916486287828466e-01 5.165721354994622094e-02
-9.188465097975889506e+00 1.679043810773999335e+00 3.354548953627914276e+00 1.103975605327486495e-02 1.408724434888844745e-01 5.275947030805098331e-02
-9.135657827297825051e+00 1.679118544878655639e+00 3.457608811941631721e+00 1.071924900706337433e-02 1.449255078743477976e-01 4.863084926008439529e-02
-9.082850556619744609e+00 1.680411353118318685e+00 3.561967608385605999e+00 9.261113721576969687e-03 1.434569084651101667e-01 4.993768949170916682e-02
-9.030043285941653508e+00 1.680384839903324323e+00 3.657687807168650274e+00 9.161549907925718716e-03 1.445275370931694559e-01 4.723872665931399401e-02
-8.977447244346285160e+00 1.680273330258611253e+00 3.753621927781333856e+00 1.013604286003783744e-02 1.440140113896291318e-01 4.638334656282535468e-02
-8.924639973668194060e+00 1.681898888806340642e+00 3.853437422310642457e+00 9.402843727038489446e-03 1.466965247184332799e-01 4.412848713447411336e-02
-8.871832702990110064e+00 1.681827083020860147e+00 3.949283842288860313e+00 1.040149267275585453e-02 1.451893293475979840e-01 4.361886323905998092e-02
-8.819025432312026069e+00 1.685266253444080764e+00 4.050674040209577775e+00 1.097111855631969016e-02 1.491555849980976400e-01 4.568039799659029399e-02
-8.766218161633934969e+00 1.686778113738778728e+00 4.143330329428208003e+00 1.211805562503681308e-02 1.525737894096650393e-01 4.610831350216584856e-02
-8.713410890955852750e+00 1.689580532762454235e+00 4.241876097821787539e+00 1.329962651048828028e-02 1.530327139382149093e-01 4.449345829349315301e-02
-8.660603620277763426e+00 1.693954060643014570e+00 4.341395325743761191e+00 1.545684026532400009e-02 1.565337801832136500e-01 4.204102240142377350e-02
-8.607796349599677654e+00 1.697158721267632453e+00 4.436797353314954506e+00 1.644197480292428071e-02 1.598538272068692201e-01 4.117486532862331405e-02
-8.554989078921591883e+00 1.700548461006730516e+00 4.527566905541282161e+00 1.785323097729168973e-02 1.607260717688502316e-01 4.100286873454395131e-02
-8.502181808243506111e+00 1.705655874571449626e+00 4.621428735621682549e+00 1.971244552628077795e-02 1.620762572399027379e-01 3.922636268228200940e-02
-8.449374537565420340e+00 1.708739992973559829e+00 4.709822239421896484e+00 2.100639391801206041e-02 1.635413065118223874e-01 3.732570098206726417e-02
-8.396567266887329239e+00 1.711364496647009847e+00 4.791216501148650053e+00 2.239788605076753827e-02 1.644878092777712908e-01 3.605140540002200328e-02
-8.343759996209241692e+00 1.716415466328916839e+00 4.883322034564739234e+00 2.417521564718920143e-02 1.633573716024024902e-01 3.619053469680894725e-02
-8.290952725531164802e+00 1.720396339748337944e+00 4.966362555078355001e+00 2.535145445666635300e-02 1.637208294584856505e-01 3.378351017063713907e-02
-8.238145454853070149e+00 1.726052861362284085e+00 5.056068394158751644e+00 2.639213835418115911e-02 1.684689656213023135e-01 3.286376045615325286e-02
-8.185338184174984377e+00 1.728854692287151273e+00 5.128286082723606754e+00 2.750070493198899027e-02 1.725209631301951319e-01 3.017643708191429172e-02
-8.132530913496902158e+00 1.733365380264416000e+00 5.209235880937553631e+00 2.954797171706441059e-02 1.721181991960342439e-01 2.755068687471225186e-02
-8.079723642818816387e+00 1.738870696165015106e+00 5.290238898536474998e+00 3.068019496285965750e-02 1.715006477274834407e-01 2.495121504877220384e-02
-8.026916372140721734e+00 1.745394635240699488e+00 5.375182033511605617e+00 3.200653105541687027e-02 1.765125784764231542e-01 2.513332095157026422e-02
-7.974109101462645732e+00 1.751447637494188525e+00 5.457581197072717494e+00 3.381479478336121836e-02 1.775133135033897247e-01 2.444206876926524608e-02
-7.921301830784558184e+00 1.756945020247296929e+00 5.535382606424386509e+00 3.708921141476261701e-02 1.773057394081115623e-01 2.565835274685877507e-02
-7.868494560106465308e+00 1.762070246581175281e+00 5.613908261697504010e+00 3.906559033662639069e-02 1.798312931600523357e-01 2.449774470248113414e-02
-7.815687289428375983e+00 1.766685804048478969e+00 5.683365991718894783e+00 4.194149573474410808e-02 1.808638433463173600e-01 2.425589969970450011e-02
-7.762880018750352384e+00 1.771237314186733691e+00 5.748385606652590241e+00 4.399800148537991867e-02 1.806006288552585159e-01 2.166041080860623552e-02
-7.710072748072350990e+00 1.775502500235057513e+00 5.808979902020785069e+00 4.467450406266474522e-02 1.782109516509052805e-01 2.213918643928560262e-02
-7.657265477394338049e+00 1.779205543571777737e+00 5.873469932537841665e+00 4.645420257259479102e-02 1.788118849812602162e-01 2.070872456703046899e-02
-7.604458206716321556e+00 1.784702085982619923e+00 5.935273469344525488e+00 4.784635586122291950e-02 1.788394456991996284e-01 1.964243986789864643e-02
-7.551650936038307727e+00 1.791360502407909561e+00 6.012092527670053421e+00 4.858105278709922564e-02 1.807594984851514652e-01 1.880738189041333136e-02
-7.498843665360305444e+00 1.795851359278060277e+00 6.065943985326510912e+00 4.968364388309322310e-02 1.817352285686079927e-01 1.841643863386562344e-02
-7.446036394682293391e+00 1.802561012003694785e+00 6.136646597422983795e+00 5.256887842029860786e-02 1.808158327172709468e-01 1.866110383754466043e-02
-7.393229124004276009e+00 1.807535580543254916e+00 6.193819212900099735e+00 5.326722182816490125e-02 1.851624033148654980e-01 1.881324225272233003e-02
-7.340421853326262180e+00 1.811917895341479845e+00 6.246055708119185645e+00 5.872634460374023813e-02 1.876852345444230963e-01 1.996456639021682022e-02
-7.287614582648261674e+00 1.817348689286740759e+00 6.303732361107156734e+00 6.191610524695108364e-02 1.882668378439414925e-01 2.024497682940477189e-02
-7.234807311970247845e+00 1.821204445418607598e+00 6.353112785281846087e+00 6.305897607766523805e-02 1.900404347219056267e-01 2.128410042695731696e-02
-7.182000041292230463e+00 1.826634944109769121e+00 6.408935993522007379e+00 6.376362312254164888e-02 1.912193210754812578e-01 2.023582709484695458e-02
-7.128981541531500987e+00 1.831403628771673953e+00 6.451465809162725051e+00 6.714330723730967121e-02 1.910317115995159853e-01 1.800301076419309754e-02
-7.076174270853500481e+00 1.835336584712173646e+00 6.491453025285160550e+00 6.927443873826835685e-02 1.917549634481532095e-01 1.699049661831036201e-02
-7.023367000175486652e+00 1.840232214536623667e+00 6.542085183677585292e+00 7.093795074878152251e-02 1.934596336543698281e-01 1.641126193383459636e-02
-6.970559729497470158e+00 1.845918072618782269e+00 6.588737334550754277e+00 7.189932955883610033e-02 1.917753977781752606e-01 1.539755177698303064e-02
-6.917752458819454553e+00 1.852946396446902622e+00 6.648125265997820499e+00 7.222545587392256716e-02 1.913768892146003597e-01 1.464902451004250136e-02
-6.864945188141456711e+00 1.857847745688515628e+00 6.700554737485663992e+00 7.137825686521076518e-02 1.951163672952785644e-01 1.095375419944906621e-02
-6.812137917463439329e+00 1.863804432576348313e+00 6.741380171295308088e+00 7.345232413874273891e-02 1.991149658892443219e-01 9.522547419523748335e-03
-6.759330646785423724e+00 1.868176287615952891e+00 6.771562783021450649e+00 7.594284596136186005e-02 2.047164502701406541e-01 8.174545553852424068e-03
-6.706523376107414336e+00 1.872985644995127874e+00 6.815281559272707845e+00 7.728284474211839783e-02 2.086645619438556032e-01 6.774167954412469404e-03
-6.653716105429405836e+00 1.878869693678172803e+00 6.858995334043031633e+00 7.838001531734151150e-02 2.098080657624312728e-01 8.228392407901076802e-03
-6.600908834751396448e+00 1.883430507517831698e+00 6.889067400434274013e+00 7.898947116990183426e-02 2.079744876640738094e-01 1.098040398008960812e-02
-6.548101564073384395e+00 1.888367392032789249e+00 6.924464293033398832e+00 8.072589137630667433e-02 2.091812667217609056e-01 1.043525834068251452e-02
-6.495294293395363461e+00 1.892930831875184738e+00 6.947505991369553158e+00 8.185781013660942129e-02 2.087601575153756328e-01 1.036342038587623367e-02
-6.442487022717366507e+00 1.897124178469412392e+00 6.981147034791062467e+00 8.560501559796979132e-02 2.080493027366926984e-01 9.246194293468261091e-03
-6.389679752039344685e+00 1.900770851788381677e+00 7.005827250940311224e+00 8.927505579767516797e-02 2.058993812683250768e-01 8.005648992876732845e-03
-6.336872481361331744e+00 1.905465220345884170e+00 7.031183675241435616e+00 8.901915959344898488e-02 2.041209251803150770e-01 7.981267803298098401e-03
-6.284065210683325908e+00 1.909265943618470907e+00 7.055195875749527445e+00 9.105406515604287654e-02 2.044171052167253755e-01 7.511142227432618911e-03
-6.231257940005312079e+00 1.912986604094698118e+00 7.080980771672999552e+00 9.192693089060764711e-02 2.061436716220804155e-01 7.327856549472070921e-03
-6.178450669327305356e+00 1.916356109924524542e+00 7.100713832127305558e+00 9.301194787142036402e-02 2.078236517090817359e-01 6.792959188732058950e-03
-6.125643398649295968e+00 1.919095627602309229e+00 7.117614471707162771e+00 9.409637333208935306e-02 2.111247689347539869e-01 8.470255635617441811e-03
-6.072836127971271480e+00 1.922363777504747739e+00 7.142567365915963862e+00 9.382721343627038746e-02 2.148340982438758651e-01 6.437647803530726666e-03
-6.020028857293276303e+00 1.926676926370178844e+00 7.170425780931528159e+00 9.559722916610821630e-02 2.138457311577217079e-01 8.134505563825566304e-03
-5.967221586615250040e+00 1.929369808639583628e+00 7.184796791504761693e+00 9.721025560994646375e-02 2.155453057352970381e-01 5.527302096664598631e-03
-5.914414315937241540e+00 1.931393456418525334e+00 7.201667643366755911e+00 9.774464997691167945e-02 2.182468384028321828e-01 4.446705001033075984e-03
-5.861607045259237481e+00 1.934336968161319392e+00 7.211338193092755589e+00 9.975524562831653008e-02 2.148275182289858531e-01 6.372016482357430352e-03
-5.808799774581220099e+00 1.937500295757689672e+00 7.222913130820149519e+00 1.010656389042628445e-01 2.170703459246541012e-01 3.925980438942384097e-03
-5.755992503903214264e+00 1.940871959387628909e+00 7.237551748527894624e+00 1.019195941176617992e-01 2.154932977313362974e-01 3.515095173487471115e-03
-5.703185233225208428e+00 1.944608918109668405e+00 7.264066681216107213e+00 1.005577942436234468e-01 2.153110773092478114e-01 4.074999647031901304e-03
-5.650377962547179500e+00 1.946638299506021408e+00 7.270567236822628843e+00 1.016384187627195623e-01 2.150780411748939858e-01 3.577239805487215409e-03
-5.597570691869185211e+00 1.948627743513266619e+00 7.282159155952220075e+00 1.039583878140501738e-01 2.141172460780892406e-01 4.005754672408545769e-03
-5.544763421191157171e+00 1.950799271571437510e+00 7.283514646875921983e+00 1.071854021746010688e-01 2.115737391256752309e-01 2.348372439015076509e-03
-5.491956150513150448e+00 1.955239596521207712e+00 7.298038766002854949e+00 1.077414350740410753e-01 2.150600549425892849e-01 1.555060733052141594e-03
-5.439148879835147277e+00 1.959899796400533134e+00 7.317276135684770644e+00 1.091017477769253702e-01 2.191531093881228798e-01 -2.755548552951279733e-04
-5.386341609157127230e+00 1.962186492162654616e+00 7.326277063861685868e+00 1.089749764374790958e-01 2.197256036959709669e-01 2.496280775771802726e-03
-5.333534338479124060e+00 1.965074047961701709e+00 7.338368362492667885e+00 1.097531052614104524e-01 2.248639840906639376e-01 3.313770341853845315e-03
-5.280727067801120000e+00 1.966258615736275805e+00 7.334846003026195937e+00 1.105921548308700791e-01 2.268723612286403513e-01 4.903617489794100982e-03
-5.227919797123089296e+00 1.970891465630610240e+00 7.358212921396376061e+00 1.092583933513639471e-01 2.275401561750939328e-01 4.550851858001346908e-03
-5.175112526445095007e+00 1.972161949963086913e+00 7.351996623189684499e+00 1.091377425873636398e-01 2.292406002567391743e-01 2.174545352804927150e-03
-5.122305255767064303e+00 1.974739264876076872e+00 7.365137622970688192e+00 1.072651233390307379e-01 2.279782049286744328e-01 1.495484598714204132e-03
-5.069497985089060244e+00 1.978821302129477377e+00 7.379630801741992485e+00 1.075962425723489962e-01 2.260620700793234406e-01 2.235622190566529614e-03
-5.016690714411057961e+00 1.981366306113507392e+00 7.383399030120266993e+00 1.096544719289404834e-01 2.219158570783860140e-01 3.419322923648838216e-03
-4.963883443733035250e+00 1.983680230601678307e+00 7.386314307096347065e+00 1.120997840893912939e-01 2.265197410943221856e-01 4.599106127818477531e-03
-4.911076173055032967e+00 1.984326677651606641e+00 7.383556213984685535e+00 1.128364039799738677e-01 2.293147605743241779e-01 5.625277069471187191e-03
-4.858268902377029796e+00 1.987504408663367084e+00 7.393515415971736893e+00 1.139746281719940801e-01 2.298301082407837592e-01 2.847596018985071309e-03
-4.805461631698997316e+00 1.988183562052473041e+00 7.392547215193412846e+00 1.156259896693244416e-01 2.279788138717009638e-01 3.040491702489644347e-03
-4.752654361021004803e+00 1.990498986752896604e+00 7.400088780132757726e+00 1.151900331955698353e-01 2.254748472909639812e-01 3.212952879166071796e-03
-4.699847090342972322e+00 1.991454047173021324e+00 7.394309676445153912e+00 1.178009869718985581e-01 2.276128301530210840e-01 2.057256424511373465e-03
-4.647039819664969151e+00 1.992299192994519963e+00 7.391093904963532246e+00 1.182021131699394073e-01 2.306443206296339421e-01 1.269502583444190790e-03
-4.594232548986968645e+00 1.993593692346712576e+00 7.394447283625437350e+00 1.182812963274390561e-01 2.323556676103578633e-01 2.460148199201215961e-03
-4.541425278308943270e+00 1.996048722576705625e+00 7.396946139673906018e+00 1.183687677730866777e-01 2.346773813962887978e-01 2.804482334788208943e-03
-4.488618007630942763e+00 1.997305377599870368e+00 7.406597174488042334e+00 1.183645111297080416e-01 2.344702655068030550e-01 1.798381205110879824e-03
-4.435810736952940481e+00 1.998042605736346955e+00 7.407939088541412254e+00 1.188204911004063641e-01 2.334396041977737368e-01 1.075524657513576366e-03
-4.383003466274906224e+00 2.001001703998903203e+00 7.414492489540269737e+00 1.201623568445544799e-01 2.306912709935599326e-01 3.484200816228345994e-03
-4.330196195596914599e+00 2.000968261849946916e+00 7.400678146642267308e+00 1.219608317832331784e-01 2.303266675060715307e-01 4.160702325756415396e-03
-4.277388924918880342e+00 2.002017235604268919e+00 7.398134349234539719e+00 1.227143206698990685e-01 2.281882232025271295e-01 3.046990415726134362e-03
-4.224581654240878059e+00 2.004276715491171590e+00 7.412149679555707138e+00 1.231953814864701069e-01 2.273271518373711220e-01 2.166520311624687330e-03
-4.171774383562879329e+00 2.005599424853084400e+00 7.407274708197777890e+00 1.257225623746829890e-01 2.278890065634034401e-01 1.913240848191492382e-03
-4.118967112884852178e+00 2.006468243686918562e+00 7.405953785028886571e+00 1.220400120921307646e-01 2.249290952889595185e-01 4.605315394571070711e-03
-4.066159842206851671e+00 2.004668265662941984e+00 7.395303357784282383e+00 1.220664904331735801e-01 2.241690175560983600e-01 2.569290308882550729e-03
-4.013352571528852053e+00 2.005067576654708361e+00 7.388107932683880996e+00 1.238555170820294093e-01 2.271866302882274424e-01 3.129199364983118858e-03
-3.960545300850815575e+00 2.005789725726909722e+00 7.392345283586212901e+00 1.227854265563952940e-01 2.275720834860590069e-01 5.093801787385594457e-03
-3.907738030172823507e+00 2.004698119025352554e+00 7.382161299026940959e+00 1.219617612026985820e-01 2.274686468315142707e-01 5.632612170498511525e-03
-3.854930759494788362e+00 2.006602809493336359e+00 7.378459922900603374e+00 1.228902703111750677e-01 2.280408354065904253e-01 3.953486429323039772e-03
-3.802123488816787855e+00 2.008824700894526583e+00 7.394727626500924522e+00 1.222357139530915737e-01 2.309851236514546546e-01 3.737808518989030587e-03
-3.749316218138787349e+00 2.010275058562042361e+00 7.402040314304658253e+00 1.220336139485041216e-01 2.362238653377466413e-01 2.995036997624001603e-03
-3.696508947460761529e+00 2.012619046139717760e+00 7.407013533590437682e+00 1.219693649461712631e-01 2.333301873780324331e-01 1.991486239924475030e-03
-3.643701676782761023e+00 2.012298169301806716e+00 7.396654176288880223e+00 1.223564805834063823e-01 2.339582818776705375e-01 1.138976044725194562e-03
-3.590894406104759184e+00 2.012589063668703826e+00 7.386430101683233218e+00 1.229931059871449683e-01 2.334467433343873355e-01 6.479204747541115290e-04
-3.538087135426727592e+00 2.014099811860886380e+00 7.395783335808513215e+00 1.241367415783369843e-01 2.324298584528497746e-01 -1.464263373736137026e-03
-3.485279864748732859e+00 2.015206538891598065e+00 7.389376882720369188e+00 1.242167171522259861e-01 2.327840298914297112e-01 -3.660885861861282436e-03
-3.432472594070696381e+00 2.016760513584113124e+00 7.389658702798620027e+00 1.242509501955102597e-01 2.382266298421158723e-01 -3.497910450934680997e-03
-3.379665323392701648e+00 2.017439975852350909e+00 7.380115033350381104e+00 1.251247452983851316e-01 2.362174483531716551e-01 -4.391399490717984300e-03
-3.326858052714698921e+00 2.018272266146559080e+00 7.379540266398458392e+00 1.252552278943025454e-01 2.371618761260048391e-01 -4.249947837863273133e-03
-3.274050782036668217e+00 2.019142557890280187e+00 7.377432089681305705e+00 1.262884577071972381e-01 2.347132678386944782e-01 -5.954128257972934185e-03
-3.221243511358664158e+00 2.020604943306470336e+00 7.385211704186798620e+00 1.242255325070056038e-01 2.362330959437907718e-01 -6.405148913302747930e-03
-3.168436240680672089e+00 2.020793763991545422e+00 7.380192786156742457e+00 1.231843017053861067e-01 2.322783526280441380e-01 -3.206953451636570824e-03
-3.115628970002634279e+00 2.020996852604345584e+00 7.377471283610794295e+00 1.211405940405462095e-01 2.336505445534508840e-01 -3.918545095116920257e-03
-3.062821699324635105e+00 2.021718238044449834e+00 7.374663603655454480e+00 1.229137194569870778e-01 2.361787623125950197e-01 -3.283239928889521587e-03
-3.010014428646612838e+00 2.020476824357028356e+00 7.367995713639783339e+00 1.224902902535906779e-01 2.392193170881631303e-01 -3.409728622636736765e-03
-2.957207157968606115e+00 2.022611229080811146e+00 7.382375107614476129e+00 1.194832903553801340e-01 2.385351952399268616e-01 -3.344301982053451625e-03
-2.904399887290600724e+00 2.023321406052965177e+00 7.389607429763549007e+00 1.196199883297719563e-01 2.381416729381324593e-01 -3.010413285829217477e-03
-2.851592616612587339e+00 2.023528359600986537e+00 7.391107003252830765e+00 1.196521748722358808e-01 2.361203056834775826e-01 -1.075237719747772387e-03
-2.798785345934579283e+00 2.023801187751470554e+00 7.388043753594252472e+00 1.187706664739587997e-01 2.376131473787436166e-01 -1.544175201254831438e-03
-2.745978075256571671e+00 2.024484986800330510e+00 7.390795054773889206e+00 1.186760813943582848e-01 2.358162313667406251e-01 -6.093252967791005061e-04
-2.693170804578555622e+00 2.024839280543072384e+00 7.394850685478682628e+00 1.193594975429732585e-01 2.337489237775010331e-01 -2.948628100033394233e-04
-2.640363533900551563e+00 2.026947634890321481e+00 7.404532503493691742e+00 1.185903791113955830e-01 2.337588044007329890e-01 7.000411445208574003e-04
-2.587556263222513753e+00 2.027938036454360216e+00 7.406864296372308587e+00 1.194657231156574101e-01 2.404769458520040759e-01 6.578999769282265582e-04
-2.534748992544527457e+00 2.029704134029381990e+00 7.416745045162922878e+00 1.181611239358169585e-01 2.404187986886885675e-01 -1.253603793308612647e-03
-2.481941721866518513e+00 2.030261594619147125e+00 7.412820225042707989e+00 1.184199510680579714e-01 2.408517701606716910e-01 -1.719576903769615139e-03
-2.429134451188485588e+00 2.029382523896200219e+00 7.404262979101114084e+00 1.187721929226265710e-01 2.389212938584858170e-01 -3.754754834314682783e-03
-2.376327180510475312e+00 2.030671857074117348e+00 7.412637404215759673e+00 1.196725048388997820e-01 2.406515298103271971e-01 -3.756140047184967131e-03
-2.323519909832493013e+00 2.029712496839993108e+00 7.403946643104198699e+00 1.207038656409006455e-01 2.395219148170060763e-01 -2.200870066576098537e-03
-2.270712639154452983e+00 2.030536934708162988e+00 7.406160349749692173e+00 1.205919787782590846e-01 2.412115238000533401e-01 -1.543171992554714933e-03
-2.217905368476447592e+00 2.032202334442737346e+00 7.403425445679905792e+00 1.220310507906698788e-01 2.389810085584315180e-01 -5.276985473175882253e-04
-2.165098097798437315e+00 2.031555860766826704e+00 7.400390199364104582e+00 1.204644912934422080e-01 2.385161691457498567e-01 -2.140883602330965595e-03
-2.112290827120424819e+00 2.033836831327410888e+00 7.407565788414758323e+00 1.213501404732423711e-01 2.393520286620866022e-01 -3.509986639204591263e-03
-2.059483556442413654e+00 2.035755678728929485e+00 7.416324161659228587e+00 1.192132620874261639e-01 2.411397933241548330e-01 -3.548340123841775898e-03
-2.006676285764409151e+00 2.034708466190307874e+00 7.413002431681008808e+00 1.184690098257982632e-01 2.416966584876376056e-01 -4.843957220167716821e-03
-1.953869015086397987e+00 2.033676111873190528e+00 7.400912593358855318e+00 1.185941246084268041e-01 2.401221482914867589e-01 -4.741607180822470825e-03
-1.901061744408385490e+00 2.031915287207597398e+00 7.384003793286748163e+00 1.195765453475267637e-01 2.442804952630766580e-01 -3.623789365567056317e-03
-1.848254473730378988e+00 2.033314950162866452e+00 7.390990976613584174e+00 1.198644061849618303e-01 2.439564328967642193e-01 -3.430217725120982952e-03
-1.795447203052372487e+00 2.035951723777992051e+00 7.400486015369787118e+00 1.199963958900960442e-01 2.454881562983026733e-01 -4.171891975275576064e-03
-1.742639932374329792e+00 2.034996181824861861e+00 7.395318214972749438e+00 1.191605559784197771e-01 2.495352759918377794e-01 -3.019366258605189236e-03
-1.689832661696352156e+00 2.035034533559433090e+00 7.393368659038057622e+00 1.181910442177394049e-01 2.506035779989352341e-01 -2.988014958566963426e-03
-1.637025391018338327e+00 2.035954999140150434e+00 7.399659073044421831e+00 1.172789357799284837e-01 2.534525285117391058e-01 -3.760277778871381690e-03
-1.584218120340302960e+00 2.034322366452453679e+00 7.382398679054857915e+00 1.201556554782360758e-01 2.532041647825488129e-01 -4.585717392704677375e-03
-1.531410849662288021e+00 2.035325548153103181e+00 7.385891981849769472e+00 1.188703948676803762e-01 2.489505594158440693e-01 -3.162050285020271724e-03
-1.478603578984312827e+00 2.036381641250889274e+00 7.391224469615056414e+00 1.191307182698610745e-01 2.477016682335372588e-01 -2.136848327837292689e-03
-1.425796308306271465e+00 2.034619378860858863e+00 7.378409563066882448e+00 1.190775857745943883e-01 2.493811917492381458e-01 -3.143088223445362518e-03
-1.372989037628260078e+00 2.034424210476613037e+00 7.375822325518356593e+00 1.194730171194016283e-01 2.492375074353605779e-01 -2.925112075785069304e-03
-1.320181766950258240e+00 2.035202622125895644e+00 7.373312942189359731e+00 1.197255199131990744e-01 2.524762262028206194e-01 -2.270280107034171845e-03
-1.267374496272243301e+00 2.034012610324632320e+00 7.369722723328114178e+00 1.156613702343308181e-01 2.511433519591033114e-01 -1.439261342304278294e-03
-1.214567225594227251e+00 2.033909786760219163e+00 7.369044526433945030e+00 1.152205648747878508e-01 2.520238944692185235e-01 -2.570958242760825688e-03
-1.161759954916232740e+00 2.034470596375470119e+00 7.372278257708010152e+00 1.170833590747565461e-01 2.534338434431318565e-01 -2.061342682034407979e-03
-1.108952684238216468e+00 2.035075735345493353e+00 7.374841699826748531e+00 1.162429386273456655e-01 2.543196106449806537e-01 -3.969771154340120088e-03
-1.056145413560199309e+00 2.036347264728286088e+00 7.378538421189417384e+00 1.174420961496359800e-01 2.540038776802523990e-01 -4.963405645455633113e-03
-1.003338142882202355e+00 2.037166460622848785e+00 7.386198507006662695e+00 1.172231673342852554e-01 2.514043785532026898e-01 -5.837686689136599265e-03
-9.505308722041909686e-01 2.036935690814059452e+00 7.387794613767580287e+00 1.178793338431657900e-01 2.543167499529772613e-01 -7.345364960928132264e-03
-8.977236015261471636e-01 2.035826524048812036e+00 7.380719120609841255e+00 1.206486594870375406e-01 2.538593771584170544e-01 -5.977751609734753904e-03
-8.449163308481766332e-01 2.035834283369891473e+00 7.382951802775425065e+00 1.191296230172877724e-01 2.546901063280532229e-01 -7.021309202851434318e-03
-7.921090601701581413e-01 2.036040249173105554e+00 7.377930888183342972e+00 1.202572535267158876e-01 2.534355958425038025e-01 -3.959618951236616204e-03
-7.393017894921203315e-01 2.036123799646913923e+00 7.371120024055185738e+00 1.236565083965793510e-01 2.535636978724450374e-01 -2.344785968442935655e-04
-6.864945188141018395e-01 2.036576021253018620e+00 7.370540660809909106e+00 1.240453180966129970e-01 2.509166280639792967e-01 -1.665233321730397707e-04
-6.336872481361313092e-01 2.037361393664029130e+00 7.370823043689983756e+00 1.250043711983648831e-01 2.531808142861117772e-01 -4.813472812324791155e-04
-5.808799774580875042e-01 2.037336165661629561e+00 7.365734188322689668e+00 1.248288111410946200e-01 2.509682575568314977e-01 1.026243200887858031e-03
-5.280727067800750074e-01 2.038038908255043857e+00 7.369760946902166765e+00 1.257284596861807380e-01 2.511083778209834971e-01 -5.870395960893110780e-04
-4.752654361020816620e-01 2.039215690136003900e+00 7.375705481360788518e+00 1.270407270577026959e-01 2.546051266578439609e-01 -3.352598681480199565e-03
-4.224581654240618933e-01 2.038467737874308128e+00 7.370787763581543750e+00 1.248323003746193982e-01 2.527165422110577153e-01 -2.270586368097171886e-03
-3.696508947460421801e-01 2.040552869122135071e+00 7.383082726095137716e+00 1.228550697998628816e-01 2.537244464401556820e-01 -4.355225770999883624e-03
-3.168436240680560512e-01 2.040488844868936447e+00 7.376458060604266009e+00 1.236571052677878646e-01 2.517126313415873340e-01 -3.087639462939076925e-03
-2.640363533900351167e-01 2.038641808796092025e+00 7.368695479326656361e+00 1.223519064379899463e-01 2.505814268694859237e-01 -1.921695978480102455e-03
-2.112290827120153480e-01 2.037587717827081146e+00 7.359834710332417984e+00 1.233487087254347275e-01 2.498360292541139394e-01 -1.166028708149169238e-03
-1.584218120340256108e-01 2.037217650631087729e+00 7.358013289405205271e+00 1.238195841865682711e-01 2.484397792796124993e-01 2.525738136080046565e-03
-1.056145413560094781e-01 2.037203382203562896e+00 7.364888587747133286e+00 1.214197854558788786e-01 2.452920755651993023e-01 2.304753547039930812e-03
-5.280727067796451429e-02 2.037100434381788006e+00 7.362652011489391413e+00 1.204596936742560326e-01 2.436677305592720721e-01 3.956026500938483043e-03
0.000000000000000000e+00 2.037648427250102312e+00 7.371128542957749552e+00 1.200232916582358311e-01 2.469749653566126191e-01 3.338826621560402573e-03
