0.000000000000000000e+00 3.969196851785741220e+00 5.407720067261143071e-02 -2.364874174531792980e-02 2.380840176568289890e-02 7.418159165344176409e-02
7.362782174580885519e-02 3.826928679822106272e+00 5.711584880562761007e-02 -2.450907308046081437e-02 2.269936540284552690e-02 7.469481834529798081e-02
1.469623055563741010e-01 3.692276146707697215e+00 6.003627075154826381e-02 -2.543450360355151499e-02 2.009112907478684956e-02 7.036434730149855599e-02
2.202967893669393051e-01 3.566544529920694373e+00 6.307087309342543358e-02 -2.785481286551793126e-02 1.962604781590358491e-02 6.982252356594791098e-02
2.936312731775053697e-01 3.448944192058145841e+00 6.609632906900199389e-02 -2.870930364760366713e-02 1.855297841753184712e-02 6.819244023636870933e-02
3.669657569880697690e-01 3.337999047447484990e+00 6.890890794750782755e-02 -3.055572349229370571e-02 1.748986243505365468e-02 6.721264092241123478e-02
4.403002407986361111e-01 3.233381621728564248e+00 7.167431563637928493e-02 -3.033683852718055754e-02 1.415734184690600923e-02 6.072011345553986889e-02
5.136347246092096697e-01 3.134513676547191707e+00 7.443878922595525971e-02 -3.187836406497732145e-02 1.257757023136191372e-02 5.921892252131818329e-02
5.866758704845432826e-01 3.041583631169267665e+00 7.718771521552138248e-02 -3.197515919499384351e-02 1.299468013781343231e-02 5.466678656821669091e-02
6.600103542951227809e-01 2.954078727495812906e+00 7.973205487840015482e-02 -3.254887034516659033e-02 1.232196988637488874e-02 5.082296081875003341e-02
7.333448381057007248e-01 2.870741292853595361e+00 8.232049423988131720e-02 -3.339738380531039053e-02 1.321026245315239968e-02 4.800061842296554637e-02
8.066793219162793349e-01 2.790739795323958994e+00 8.499358899059242245e-02 -3.338774918034801559e-02 1.321454729979224321e-02 4.991902030544615593e-02
8.800138057268567238e-01 2.714591057431246846e+00 8.759092743203525377e-02 -3.453984198422326707e-02 1.363110391551494195e-02 4.748598549614348185e-02
9.533482895374321142e-01 2.643490169198649209e+00 9.011037515411954302e-02 -3.328794794643935573e-02 1.079073460145891714e-02 4.624994885649132137e-02
1.026682773347985522e+00 2.576036512177639626e+00 9.267334068886834419e-02 -3.325517412394343036e-02 1.101420680896506195e-02 4.799332362238578620e-02
1.100017257158533379e+00 2.511509948289196714e+00 9.507027395224870725e-02 -3.377756376980460551e-02 9.546033974945484363e-03 4.429006003863299179e-02
1.173351740969086121e+00 2.449372088140719939e+00 9.747001043470537862e-02 -3.303559298442069331e-02 9.323611344452548827e-03 4.401243937689210128e-02
1.246686224779637753e+00 2.390099383459492355e+00 9.990540992714719293e-02 -3.269651612905191684e-02 1.086028892855959646e-02 4.273646727972226639e-02
1.320314046525435492e+00 2.335093461079998711e+00 1.021152870025228421e-01 -3.174673179282003210e-02 1.016586675617060266e-02 4.364766571993228955e-02
1.393648530335989566e+00 2.282124217163552515e+00 1.043825296918274304e-01 -3.144022807336660508e-02 1.066081890093763425e-02 4.252132408768510147e-02
1.466983014146535425e+00 2.230923063983377030e+00 1.067815959009001253e-01 -3.303179357000234767e-02 1.163530962415698818e-02 4.038598046526341995e-02
1.540317497957091719e+00 2.183496862162287222e+00 1.091060641131538222e-01 -3.250881624552180021e-02 1.297235939194064068e-02 3.980002364230424139e-02
1.613651981767641796e+00 2.137263397806131060e+00 1.112783802442745135e-01 -3.219458453328309655e-02 1.280340741948803387e-02 3.781398646113726114e-02
1.686986465578197647e+00 2.093006362353909910e+00 1.134816750740475777e-01 -3.313524582013637615e-02 1.397106882869859380e-02 3.654536235971143215e-02
1.760320949388747058e+00 2.050489366649244083e+00 1.155482697020963068e-01 -3.329209828131506066e-02 1.547962141962497609e-02 3.666646597905691418e-02
1.833655433199305129e+00 2.010986428830861872e+00 1.175932246317027280e-01 -3.321946336815258249e-02 1.380064647813583796e-02 3.370214600372918590e-02
1.906989917009878521e+00 1.973010353626597935e+00 1.196390989690041956e-01 -3.441546869457175195e-02 1.524689549320927887e-02 3.600116421575595693e-02
1.980324400820475894e+00 1.935998552344992962e+00 1.217169617386737596e-01 -3.331843913493225812e-02 1.718308915534396547e-02 3.281609209392662846e-02
2.053658884631086590e+00 1.899917907400624051e+00 1.236849245872315012e-01 -3.209423729094520311e-02 1.966757141787811927e-02 3.069065803668527548e-02
2.126700030506440964e+00 1.865684231783532487e+00 1.258656263673694486e-01 -3.328071877375962662e-02 2.122574233225573218e-02 2.667704401183167498e-02
2.200034514317052547e+00 1.833454339740770767e+00 1.279822252494151047e-01 -3.234563059428940263e-02 2.294591220670333040e-02 2.492469875477349925e-02
2.273368998127653473e+00 1.802250710827339120e+00 1.299636540932921080e-01 -3.299192815491874820e-02 2.254377167846667931e-02 2.296174681850988997e-02
2.346703481938253066e+00 1.773314263031171789e+00 1.319410732528103480e-01 -3.222793129947158774e-02 2.289326023513575670e-02 2.209227520288582422e-02
2.420037965748865094e+00 1.744327348718490267e+00 1.338468226687511697e-01 -3.292282450419503625e-02 2.411086647612584871e-02 2.153811381889961588e-02
2.493372449559462911e+00 1.717856461140428337e+00 1.357584556358597538e-01 -3.224745879805099996e-02 2.434646190709112423e-02 2.255714502126700965e-02
2.566706933370073607e+00 1.692535987077194104e+00 1.373759062928122665e-01 -3.227611174011906642e-02 2.504179952374356935e-02 2.498506393517538338e-02
2.640041417180674532e+00 1.667143254180305290e+00 1.392876995249254235e-01 -3.294365322014056185e-02 2.676706352529136662e-02 2.574501258470777987e-02
2.713375900991276790e+00 1.643458578030703832e+00 1.409908659143169207e-01 -3.363293452674607359e-02 2.660660778880402991e-02 2.487117994273827307e-02
2.786710384801883045e+00 1.621217732033074066e+00 1.428237086288930147e-01 -3.332757287030917170e-02 2.732245335750612888e-02 2.558284543477474041e-02
2.860044868612485747e+00 1.599616918094163065e+00 1.446960309288181645e-01 -3.230823530339772820e-02 3.003456829425362948e-02 2.410159048141726282e-02
2.933379352423097775e+00 1.578581681759775091e+00 1.463843494143196589e-01 -3.167042351453917826e-02 3.013151154998039774e-02 2.363269342687139909e-02
3.006713836233701365e+00 1.558489530985316396e+00 1.481182251418886042e-01 -3.135248499395024840e-02 3.156097129566794862e-02 2.488611368030736737e-02
3.080048320044294297e+00 1.538774185166231545e+00 1.498081165551863603e-01 -3.065811251181364133e-02 3.115417886675226483e-02 2.521148277663493378e-02
3.153382803854908545e+00 1.519829931135338708e+00 1.514537269637840911e-01 -3.050045242019458480e-02 3.085427148695991592e-02 2.355116661949038445e-02
3.226717287665513467e+00 1.501095338270441948e+00 1.532143537663040178e-01 -3.102029646833898494e-02 2.887309442008307442e-02 2.092468343349091278e-02
3.300051771476111728e+00 1.483540869781292404e+00 1.547095442974376900e-01 -3.025508077582551858e-02 2.979940641599126624e-02 1.999030674225052429e-02
3.373386255286716651e+00 1.466403077750430217e+00 1.562075586619004752e-01 -3.022613999124211526e-02 3.001286131962449880e-02 1.751898653502179104e-02
3.446720739097331787e+00 1.449939546169333182e+00 1.577364597605951102e-01 -3.139337843360393704e-02 3.055296053922306951e-02 1.866111875931458428e-02
3.520055222907922055e+00 1.434485723247830302e+00 1.591890462802273420e-01 -3.284120741408795563e-02 3.141794033513470308e-02 1.900389152262464340e-02
3.593389706718527421e+00 1.419994062144251057e+00 1.605157324628478377e-01 -3.234157481656041444e-02 3.287256511430502320e-02 1.824618578258924498e-02
3.666724190529140781e+00 1.405272101557653475e+00 1.619842305418426331e-01 -3.155110250609735600e-02 3.387418923432517631e-02 1.862845312074897647e-02
3.740058674339747480e+00 1.390857121562670606e+00 1.633635682093146080e-01 -3.099935563946891806e-02 3.403470971090728076e-02 2.041683145469269309e-02
3.813393158150265361e+00 1.376758422108111946e+00 1.647444924476056671e-01 -3.022327087918044025e-02 3.471538020038972272e-02 1.911045830984824806e-02
3.886727641960753932e+00 1.364205326358343129e+00 1.658184591921248174e-01 -2.936311617048039529e-02 3.407061983515449061e-02 1.401126138744844540e-02
3.960062125771254937e+00 1.351336892231617126e+00 1.673226657951922269e-01 -2.942295593585858918e-02 3.451214265671711384e-02 1.341326577084961218e-02
4.033396609581764380e+00 1.339496860232143760e+00 1.686216171993718538e-01 -2.982708705200247737e-02 3.328493609351958205e-02 1.359574107993520228e-02
4.106731093392267162e+00 1.327989884331736592e+00 1.698194616334607887e-01 -2.982803135137567299e-02 3.361201250293200521e-02 1.280823883202527637e-02
4.180065577202753957e+00 1.317255960762865552e+00 1.712750836107933550e-01 -3.097238699585712352e-02 3.472630009235969095e-02 1.224990851223537597e-02
4.253400061013255851e+00 1.306404209719708387e+00 1.725565121514799349e-01 -2.972641494209960975e-02 3.684662227879818841e-02 1.167487752533124222e-02
4.326734544823764850e+00 1.295886298804797887e+00 1.736975184403906636e-01 -2.913201613482642449e-02 3.772231544193759001e-02 1.130654524461840831e-02
4.400069028634268520e+00 1.286489645318457109e+00 1.749288138394667069e-01 -2.873495270479542799e-02 3.835929145819027414e-02 1.274331892900517835e-02
4.473403512444753538e+00 1.276886057806117414e+00 1.760968971081842138e-01 -2.862310488587730545e-02 3.936643578536250243e-02 1.158210775566771017e-02
4.546737996255256320e+00 1.267084913718014905e+00 1.771685593130501724e-01 -2.782769950482567520e-02 3.849781063761553712e-02 1.346533511090450969e-02
4.620072480065765319e+00 1.257788857701839902e+00 1.782929634692081988e-01 -2.743980024863651099e-02 3.888764789234396002e-02 1.374846589164613157e-02
4.693700301811515985e+00 1.248690418802096413e+00 1.794904553376333034e-01 -2.752638094087069345e-02 3.831566177807441131e-02 1.405486588557294976e-02
4.767034785621999227e+00 1.240588440020686578e+00 1.804317353447459915e-01 -2.822200708798189642e-02 3.837302386771725832e-02 1.617270012204241256e-02
4.840369269432502897e+00 1.232858748101150370e+00 1.813667860106050467e-01 -2.765562289924651529e-02 3.937751562862832483e-02 1.540123197756583517e-02
4.913703753243011896e+00 1.224982081087275132e+00 1.824163884122339263e-01 -2.819389388743816921e-02 3.974689694125117106e-02 1.497025089456018726e-02
4.987038237053516454e+00 1.218075216711985265e+00 1.834063353106850647e-01 -2.818813619381125429e-02 3.880681324842534530e-02 1.532907639970858792e-02
5.060372720864000584e+00 1.210473251689710539e+00 1.844040406956085898e-01 -2.796811578147912272e-02 4.002427222988562405e-02 1.405025119188153988e-02
5.133707204674506919e+00 1.203488156912735585e+00 1.854709148589584744e-01 -2.820071004988859709e-02 3.940098474427504438e-02 1.393932546839111129e-02
5.207041688485013253e+00 1.196713386729049367e+00 1.865127669814008460e-01 -2.756825008670392083e-02 3.972524355762321879e-02 1.164462910212652261e-02
5.280376172295514259e+00 1.190216408720514707e+00 1.873029012841579688e-01 -2.703733158252333291e-02 3.971267654448659701e-02 1.331965662193160087e-02
5.353710656106005494e+00 1.183368345446601966e+00 1.882727569488018282e-01 -2.895159035127459549e-02 4.037384917417254776e-02 1.645185103880959440e-02
5.427045139916504723e+00 1.176802156588145243e+00 1.892545812079148571e-01 -2.829945542838365607e-02 4.273510219628307710e-02 1.728479925280300769e-02
5.500379623727007505e+00 1.170140487447977717e+00 1.901465725840884025e-01 -2.720230591605016929e-02 4.304201377729286598e-02 1.615196638628439013e-02
5.573714107537519169e+00 1.164273213171988397e+00 1.909928600227315532e-01 -2.752598930080720624e-02 4.349965992414655397e-02 1.834374401405714297e-02
5.647048591348000635e+00 1.158536868040592527e+00 1.918576217060626865e-01 -2.685653198734315461e-02 4.262380096712582028e-02 1.970629682685718156e-02
5.720383075158512298e+00 1.153227789287273763e+00 1.929331446255414251e-01 -2.640237541933739690e-02 4.412601348605889318e-02 1.838082790400831154e-02
5.793717558969015080e+00 1.147600027300434533e+00 1.937527264862558274e-01 -2.648548100510680556e-02 4.586682473846247915e-02 1.519575360689109748e-02
5.867052042779511645e+00 1.141897996958163519e+00 1.945639206257042675e-01 -2.719579879250665078e-02 4.582178314190452767e-02 1.410112134264973442e-02
5.940386526590010874e+00 1.136956534601757385e+00 1.953104396637602436e-01 -2.577456801637433362e-02 4.588172551725133025e-02 1.446864096988133459e-02
6.013721010400505662e+00 1.131581897438641127e+00 1.959235916259037813e-01 -2.629913310763354675e-02 4.633056760046191935e-02 1.524571145083052602e-02
6.087055494211004003e+00 1.127049370470809109e+00 1.966418844877405314e-01 -2.784580047505053405e-02 4.603583447040318632e-02 1.413308489804760738e-02
6.160389978021520996e+00 1.122686887239000120e+00 1.974669984418275515e-01 -2.761056941305206971e-02 4.573832255010383541e-02 1.349817745302054825e-02
6.233724461832000685e+00 1.118346665341729773e+00 1.980606110973684719e-01 -2.682185795216647170e-02 4.582681182921819613e-02 1.422296727404705197e-02
6.307058945642518566e+00 1.114334353992734172e+00 1.986374531999524351e-01 -2.693375973718399596e-02 4.554014672377072054e-02 1.529482407926669937e-02
6.380393429453016907e+00 1.110889717167458546e+00 1.993169993328783307e-01 -2.609465962289347907e-02 4.582076529232837619e-02 1.571373836305634333e-02
6.453727913263509031e+00 1.107789203686844637e+00 2.000062920741984274e-01 -2.801751642271808548e-02 4.500151265296827019e-02 1.662709219292998405e-02
6.527062397074015365e+00 1.104000397764209440e+00 2.007886445413966103e-01 -2.929896322215548576e-02 4.466182370338164787e-02 1.462098469481838692e-02
6.600396880884507489e+00 1.100194954062960084e+00 2.016161746736459537e-01 -2.922109106074363694e-02 4.584430108926408620e-02 1.218945587458010633e-02
6.673731364695003165e+00 1.096566519400356876e+00 2.023852570499386772e-01 -2.990069864487145124e-02 4.524416949541834598e-02 1.197593306987700806e-02
6.747065848505523711e+00 1.093359571901484806e+00 2.030390523278227666e-01 -2.928884725571507738e-02 4.539831164170127914e-02 1.028364613982958760e-02
6.820400332316000735e+00 1.090599521090229951e+00 2.034842377983610007e-01 -2.837941738211229026e-02 4.527272328618263397e-02 9.699268785793285080e-03
6.893734816126523945e+00 1.087415288019296655e+00 2.042276971608270320e-01 -2.718711391351318757e-02 4.725124720647021215e-02 1.008477007302865935e-02
6.967069299937017846e+00 1.084272445156247100e+00 2.047541228984185169e-01 -2.777773218566197827e-02 4.428355358888635268e-02 1.112829827508341959e-02
7.040403783747508193e+00 1.081184126064411055e+00 2.054566755987360105e-01 -2.793544659242773107e-02 4.570142804307883444e-02 1.118512207797303995e-02
7.113738267558018080e+00 1.078311976743765443e+00 2.060494371218268006e-01 -2.770120682699917306e-02 4.551634613206680113e-02 1.296527003443704792e-02
7.187072751368508428e+00 1.075498370857433938e+00 2.065944871667133864e-01 -2.762393526296947135e-02 4.530623338648810672e-02 1.253907840248873196e-02
7.260407235179001439e+00 1.073000863752943790e+00 2.070272567628174964e-01 -2.646065004277635413e-02 4.537652185683170580e-02 1.208408452700750202e-02
7.333741718989526426e+00 1.070437407936744245e+00 2.078203399934775431e-01 -2.662419779343351903e-02 4.469139945561677318e-02 1.306571182862196687e-02
7.407076202800002562e+00 1.068048435402125129e+00 2.082152262242642771e-01 -2.688234428913274798e-02 4.520935490761347764e-02 1.195291377442957680e-02
7.480410686610527549e+00 1.065023663090875594e+00 2.089473937701488426e-01 -2.703624485172594072e-02 4.511248623097308119e-02 1.093194481986334635e-02
7.553745170421020561e+00 1.063044278726159142e+00 2.094594624615835898e-01 -2.687673145952421822e-02 4.481974421838585271e-02 9.551491523322911542e-03
7.627079654231507355e+00 1.060422648567267423e+00 2.099011164377246330e-01 -2.537355393413835702e-02 4.407422196823890248e-02 7.904923511804820210e-03
7.700414138042022572e+00 1.057900188796501828e+00 2.101755553901884788e-01 -2.657389880138719129e-02 4.439669477604006598e-02 9.866114660681652229e-03
7.773748621852511143e+00 1.055858418379115093e+00 2.107017372786478826e-01 -2.609706475790428415e-02 4.484783743365990116e-02 9.603698787404316151e-03
7.847083105663001490e+00 1.054174514583655409e+00 2.110556211677903915e-01 -2.455425477566707329e-02 4.568483477262175879e-02 8.799532024666531504e-03
7.920417589473530029e+00 1.052149736530020974e+00 2.117283034788746965e-01 -2.537423422031496317e-02 4.646936161099726043e-02 1.175446671407672991e-02
7.993752073284003501e+00 1.050063091148513372e+00 2.122184538469226722e-01 -2.427766047649530107e-02 4.665920233022287367e-02 1.240542983487776321e-02
8.067086557094532040e+00 1.047904995049008914e+00 2.126520428231309379e-01 -2.536013184984391503e-02 4.865300423476657393e-02 1.146149091747953978e-02
8.140421040905021499e+00 1.046596021047319525e+00 2.128302056101541440e-01 -2.493116865567177737e-02 4.861412274206926287e-02 1.180230200939260711e-02
8.213755524715507406e+00 1.045036943945684138e+00 2.129447107673247686e-01 -2.558820594674980631e-02 4.911131102252599967e-02 1.198699064615135063e-02
8.287090008526025287e+00 1.043297288728607386e+00 2.133880501735977986e-01 -2.547730044856354181e-02 4.957777121216841443e-02 1.262341227887723433e-02
8.360424492336512969e+00 1.041723977546951785e+00 2.138638335224233300e-01 -2.394240683094324418e-02 4.777232036542437138e-02 9.472559019606759112e-03
8.433758976146998876e+00 1.039877448958111072e+00 2.144757163158001190e-01 -2.527249369083457362e-02 4.807882124255735690e-02 1.053387577338339189e-02
8.507093459957530968e+00 1.038704363222241689e+00 2.146802445876210275e-01 -2.549108709143433141e-02 4.777386952689685606e-02 1.014427872855886217e-02
8.580427943768004440e+00 1.037849300644310357e+00 2.147607271973996090e-01 -2.447089440204118158e-02 4.745854709449563724e-02 8.068162966532777675e-03
8.653762427578536531e+00 1.036362611358537134e+00 2.150347393819172781e-01 -2.502269010876780400e-02 4.756387739881692139e-02 1.002483764771750809e-02
8.727096911389022438e+00 1.035321878527689421e+00 2.152424500788780448e-01 -2.488557345889140515e-02 4.818755959463303512e-02 1.092957138498038688e-02
8.800431395199506568e+00 1.033934134258897020e+00 2.154821742019311648e-01 -2.524129974689380551e-02 4.775086098635442089e-02 1.052982372667297245e-02
8.873765879010028002e+00 1.033126793679994160e+00 2.158734610985778291e-01 -2.411437207021638329e-02 4.771558887609313182e-02 7.722220650979851747e-03
8.947100362820513908e+00 1.031667767129811564e+00 2.163757385217715545e-01 -2.484162557747076477e-02 4.793833535579402477e-02 1.081742556738990967e-02
9.020434846630998038e+00 1.029370616056710874e+00 2.168963353867917887e-01 -2.540253967509774335e-02 4.873265326942131243e-02 1.011264377309319465e-02
9.093769330441531906e+00 1.028790788466259265e+00 2.172276184041531111e-01 -2.565362506824163391e-02 4.982765948807688777e-02 1.015682090500308332e-02
9.167103814252005378e+00 1.026863791002642579e+00 2.176816432808086621e-01 -2.589664343141381136e-02 4.892994077886744786e-02 1.008798477370441080e-02
9.240438298062537470e+00 1.024946097970083736e+00 2.180330639208898080e-01 -2.601655773112764372e-02 4.848323525366440845e-02 9.133555134338644174e-03
9.313772781873025153e+00 1.023871896284501926e+00 2.183496912745425123e-01 -2.481578274955457269e-02 4.762958962907670041e-02 1.023463407151425919e-02
9.387107265683507507e+00 1.023202271144801889e+00 2.186546159570271486e-01 -2.528077777759704312e-02 4.899138836525025742e-02 1.167884605084430066e-02
9.460441749494032493e+00 1.022414575635769207e+00 2.190045361349264585e-01 -2.523672361966736166e-02 4.917854616247811089e-02 1.062794571599212125e-02
9.533776233304514847e+00 1.021120933652556184e+00 2.193000015524009250e-01 -2.545139597972076104e-02 4.780766371357649674e-02 1.236223098941740053e-02
9.607110717114998977e+00 1.020436464624570050e+00 2.194468439636979573e-01 -2.467879969170553092e-02 4.697353836817952377e-02 8.056225295216393190e-03
9.680445200925534621e+00 1.019363996172641063e+00 2.198959353241979331e-01 -2.499039463414121434e-02 4.776243317263799415e-02 8.253782396254762815e-03
9.753779684736008093e+00 1.018366556844545467e+00 2.201461383255011173e-01 -2.528122159470174574e-02 4.598628367610567425e-02 8.186571217678626985e-03
9.827114168546541961e+00 1.017958563436526020e+00 2.201387925556719805e-01 -2.479444687373090483e-02 4.649324675732709189e-02 1.198039685146805658e-02
9.900448652357022539e+00 1.016719731066168420e+00 2.205035103332765589e-01 -2.477949036830611254e-02 4.510640294014718610e-02 9.378432526707905503e-03
9.973783136167510222e+00 1.015885595795517737e+00 2.204888137436903373e-01 -2.550669304242051197e-02 4.560879802614017237e-02 8.333417181436949747e-03
1.004711761997803343e+01 1.015439411473247677e+00 2.208089770754643744e-01 -2.686954357540802252e-02 4.589034536648185086e-02 1.189746807894106334e-02
1.012045210378852111e+01 1.014756105745774573e+00 2.211323980241975407e-01 -2.629157199533536243e-02 4.686085899571122704e-02 9.952850783077317465e-03
1.019378658759899814e+01 1.014280545037114623e+00 2.214491819425206676e-01 -2.570047186282002974e-02 4.636548474514402135e-02 9.202619933679987915e-03
1.026712107140953556e+01 1.013227470396760532e+00 2.217691302122946906e-01 -2.530185416050857380e-02 4.648069201872719047e-02 8.525833085663351435e-03
1.034045555522001614e+01 1.012019812934121132e+00 2.219760001981781194e-01 -2.449174207611825790e-02 4.643660001230410367e-02 7.780311930868970272e-03
1.041379003903053757e+01 1.011161087919087986e+00 2.222756268604302032e-01 -2.481847371445501660e-02 4.849738668482214687e-02 7.399338400367726915e-03
1.048712452284102703e+01 1.010568359603179145e+00 2.223566781248716984e-01 -2.447985312603003991e-02 4.871915226948443645e-02 4.605339308074652555e-03
1.056045900665151827e+01 1.010154704906003564e+00 2.225518268461023352e-01 -2.530722750267996174e-02 5.012553662763375578e-02 3.559037621917619104e-03
1.063379349046202549e+01 1.009105649244834257e+00 2.226283748420874453e-01 -2.448662822045510543e-02 5.090399887150621333e-02 5.500453996678439199e-03
1.070712797427251850e+01 1.008923165234756336e+00 2.226512516238697281e-01 -2.505593551950151265e-02 5.149688420481815521e-02 6.153913050066098407e-03
1.078046245808300974e+01 1.008253441429907360e+00 2.229284449770409793e-01 -2.440060143638338522e-02 5.098846803540363348e-02 3.469215250895605392e-03
1.085379694189352406e+01 1.007396480444779252e+00 2.229781056772518477e-01 -2.381864188648473088e-02 5.111652735527386776e-02 3.739212260939336549e-03
1.092713142570400997e+01 1.007212472466783915e+00 2.231924346952624538e-01 -2.362587162819156789e-02 5.153817081814845991e-02 3.091465011945559831e-03
1.100046590951454739e+01 1.007167050083311421e+00 2.232093916862881167e-01 -2.312553341876566124e-02 5.104299855665935665e-02 5.764110652053015989e-03
1.107380039332501553e+01 1.006774589068447412e+00 2.233983191712329841e-01 -2.396798067945330596e-02 4.935947584361783519e-02 6.816435872613946408e-03
1.114713487713551032e+01 1.006130639231113344e+00 2.238133021037185810e-01 -2.388187554999681925e-02 4.933504541704930579e-02 7.378246621101142502e-03
1.122046936094603709e+01 1.005392424181567934e+00 2.238817316134173174e-01 -2.285754446826604447e-02 5.051098386753100078e-02 7.092487056366982880e-03
1.129380384475653365e+01 1.004898014388277305e+00 2.240464856864675669e-01 -2.336236592712200022e-02 5.046580472894488661e-02 6.271288149135400940e-03
1.136713832856700002e+01 1.004812466888811873e+00 2.242456655741877913e-01 -2.280643414140920075e-02 5.208128482268602200e-02 6.195023082203479289e-03
1.144047281237753744e+01 1.004201759639044234e+00 2.240958495490559532e-01 -2.379338470262891414e-02 5.232740026182933213e-02 7.110270159522990435e-03
1.151380729618802690e+01 1.003547471581971662e+00 2.242133532516367989e-01 -2.362258342591512170e-02 5.130772033850568986e-02 7.771564391802483589e-03
1.158714177999853234e+01 1.003630789848334093e+00 2.242077357412520511e-01 -2.436005641323244625e-02 5.159545412680456578e-02 6.970241934478609361e-03
1.166047626380903068e+01 1.003213749662340115e+00 2.243609990715574043e-01 -2.516969239806370398e-02 5.118618535381758150e-02 6.783913678678968849e-03
1.173381074761952902e+01 1.002749188597985341e+00 2.244808795759027087e-01 -2.570571726112991576e-02 5.154746828309961920e-02 8.311116849507211440e-03
1.180714523143002204e+01 1.002248774915542207e+00 2.244034719354501273e-01 -2.517718347068702983e-02 5.210415799389094688e-02 8.677709195390020600e-03
1.188047971524052038e+01 1.001860609180973194e+00 2.245546224412940661e-01 -2.425508137262873121e-02 5.276070856007335219e-02 8.571857710541934752e-03
1.195381419905101872e+01 1.001965806712432405e+00 2.246398496000994172e-01 -2.375354286812227794e-02 5.403493447603950617e-02 7.005277852200500997e-03
1.202714868286151706e+01 1.001624386769785824e+00 2.247514569316496347e-01 -2.527569715161456440e-02 5.482946781023059074e-02 6.305417899489981423e-03
1.210048316667201185e+01 1.001643033403221361e+00 2.248339918370024504e-01 -2.678070712255238225e-02 5.553339805962353298e-02 9.080601522812368695e-03
1.217381765048255104e+01 1.001376217349745135e+00 2.249123923203383280e-01 -2.577921601825959586e-02 5.576317043729050321e-02 9.331067114665783993e-03
1.224715213429301031e+01 1.001481831526480404e+00 2.249561007550920089e-01 -2.591804096492703047e-02 5.570792736763929137e-02 7.952774777647848153e-03
1.232048661810351042e+01 1.000991615043201444e+00 2.248786968911392348e-01 -2.691913629870616720e-02 5.532260424645873281e-02 6.338410883188205780e-03
1.239382110191404429e+01 1.001842073048600845e+00 2.247559032933288958e-01 -2.676337038008461469e-02 5.626398164885954706e-02 7.850917672510213108e-03
1.246715558572454619e+01 1.001617819765630690e+00 2.248659540385123667e-01 -2.703397532978011816e-02 5.617824949244570876e-02 8.610423155386426677e-03
1.254049006953500012e+01 1.000736007556548790e+00 2.251039209939392216e-01 -2.736240841189181705e-02 5.707335694070379134e-02 9.715771618627763381e-03
1.261382455334554109e+01 1.000640309804259331e+00 2.250337263377064356e-01 -2.755769344129527926e-02 5.664361394935758104e-02 1.186849286330886669e-02
1.268715903715603766e+01 1.000521122092008497e+00 2.249875750245947104e-01 -2.710874465864680782e-02 5.534704609697516792e-02 1.198486323061931889e-02
1.276049352096652889e+01 1.000521448693916904e+00 2.248271264058545327e-01 -2.648442816582121176e-02 5.593741850358594642e-02 1.222897872332203220e-02
1.283382800477703256e+01 1.000366355659557227e+00 2.249941610409763315e-01 -2.673896274750368895e-02 5.656343511681967418e-02 1.081440541542149150e-02
1.290716248858753801e+01 1.000174993615823071e+00 2.250812505656220597e-01 -2.729811381810374332e-02 5.511552500011803607e-02 9.158061151661366084e-03
1.298049697239801858e+01 9.997649301177579106e-01 2.254923507627809298e-01 -2.757692279778356514e-02 5.439291449446719690e-02 1.015659744840015540e-02
1.305383145620852403e+01 1.000139057101720352e+00 2.252859938411150842e-01 -2.784048779272332158e-02 5.529390578117200639e-02 1.031625050350323120e-02
1.312716594001902948e+01 1.000712674220499476e+00 2.250803196838739306e-01 -2.756754854867282667e-02 5.612670855705163137e-02 9.735827376775476119e-03
1.320050042382951538e+01 1.000895718359369857e+00 2.249744769636152775e-01 -2.730521671346742077e-02 5.699356007145860853e-02 6.539570001828765196e-03
1.327383490764001372e+01 1.001050996363346712e+00 2.251511281691021271e-01 -2.759856972277906564e-02 5.596427690217795070e-02 6.002094868139134717e-03
1.334716939145055647e+01 1.000934509689376029e+00 2.251276389436861203e-01 -2.749357611012615346e-02 5.600569146410181581e-02 3.997790148326018332e-03
1.342050387526100508e+01 1.000909354015786734e+00 2.251462974486296287e-01 -2.756958104285159306e-02 5.475720816311846484e-02 5.565716836890336611e-03
1.349383835907151052e+01 1.000661391496972863e+00 2.251912199423346250e-01 -2.746381464638722458e-02 5.642832805489669812e-02 5.852833119705631686e-03
1.356717284288204795e+01 1.000677698269532678e+00 2.254110159180180706e-01 -2.709099672507118625e-02 5.740112528251774954e-02 5.516809959577540813e-03
1.364050732669255517e+01 1.000170772041714784e+00 2.255825389266464531e-01 -2.540104221861082257e-02 5.785104566009578037e-02 4.676376276387389855e-03
1.371384181050300377e+01 1.000412180481721203e+00 2.255660618542131013e-01 -2.592784483969156131e-02 5.677106631166743689e-02 6.554897128404617301e-03
1.378717629431354474e+01 9.998653001051612810e-01 2.257354028789499145e-01 -2.573984191686201281e-02 5.667678107448357455e-02 6.033366265656255750e-03
1.386051077812404664e+01 9.998836571381320981e-01 2.257009629861916333e-01 -2.478332320838851771e-02 5.585665642647996698e-02 8.199229650622632745e-03
1.393384526193452544e+01 9.995796753414094571e-01 2.255399747808861932e-01 -2.526907724494961704e-02 5.613588145122956619e-02 8.600269211624472082e-03
1.400717974574503621e+01 9.992428263297231661e-01 2.258087896941374795e-01 -2.552000525752998530e-02 5.602164418053860728e-02 9.121286510909905679e-03
1.408051422955554521e+01 9.991239489752605785e-01 2.258641871482753583e-01 -2.571586737855417748e-02 5.510378775102316162e-02 7.265205917741854140e-03
1.415384871336601691e+01 9.994391434595065737e-01 2.259166466890445701e-01 -2.572941501423149299e-02 5.544950762791550636e-02 5.250939655562778148e-03
1.422718319717652591e+01 9.989729167906638008e-01 2.257583907727671035e-01 -2.523382841698873849e-02 5.600987286652654717e-02 2.819472352234409125e-03
1.430051768098703668e+01 9.985266967899193435e-01 2.257432417336257546e-01 -2.493139779988094024e-02 5.546342721094425776e-02 1.948643510485709163e-03
1.437385216479751193e+01 9.987374532776673863e-01 2.259544618438813768e-01 -2.564806604377903310e-02 5.477915605175484592e-02 3.581346105155234355e-03
1.444718664860801738e+01 9.988323938760759191e-01 2.258258997984155525e-01 -2.578042572700847690e-02 5.397035716495247187e-02 3.253766578087620258e-03
1.452052113241856190e+01 9.983530717430934009e-01 2.258373994215046587e-01 -2.610367114228605637e-02 5.491769957766573507e-02 6.672122788230579714e-03
1.459385561622899985e+01 9.985355768278409982e-01 2.258883427790212284e-01 -2.537369548778239253e-02 5.431957801526328400e-02 3.471651969710098755e-03
