-2.355205485950493127e+01 2.007753034405685533e+00 1.000000000000000000e+00 1.914555337202883314e-04 2.428786690819883989e-03 2.727550351451912955e-04
-2.315952061184592736e+01 1.834982955562452611e+00 1.492604036600359896e+00 6.831587167573576619e-03 6.535321181046424566e-02 4.089460795136854593e-02
-2.276698636418733201e+01 1.737975585084470254e+00 2.033259847713782875e+00 9.062495288805923893e-03 9.830140116938902717e-02 5.321893976083425654e-02
-2.237445211652893917e+01 1.690517018425754081e+00 2.613685722834663938e+00 9.309970861026846053e-03 1.223731720160332742e-01 5.625408792928848073e-02
-2.198191786887055343e+01 1.673964551065132422e+00 3.210130536778136090e+00 1.193779356135833171e-02 1.355071083659158959e-01 5.424173660133226049e-02
-2.158938362121215704e+01 1.678911847058847995e+00 3.807700518957661373e+00 1.642871857499268728e-02 1.456712559761060843e-01 4.994017763255001463e-02
-2.119684937355376420e+01 1.694378027606673554e+00 4.380548779232685597e+00 2.145742708041964084e-02 1.539165213742531291e-01 4.269272823038131048e-02
-2.080431512589538201e+01 1.718631855611439052e+00 4.913982693688476289e+00 2.821940244355446506e-02 1.596002526672006261e-01 3.658613757004701428e-02
-2.041178087823698561e+01 1.743906501536855558e+00 5.381549776833511878e+00 3.645846598350699352e-02 1.671315872073243780e-01 2.882311355295172350e-02
-2.001924663057859277e+01 1.776797684389431309e+00 5.820833614454553384e+00 4.763216257780168716e-02 1.778413635621452216e-01 2.519099972750105110e-02
-1.962671238292020703e+01 1.805850274280667245e+00 6.181178695469472295e+00 5.771483348128212537e-02 1.848316708286265320e-01 2.060224169383913922e-02
-1.923417813526179998e+01 1.836841024888211660e+00 6.491472418499527386e+00 6.672821715814140908e-02 1.885368633024430418e-01 1.932944775277068913e-02
-1.884164388760342845e+01 1.864080766767048924e+00 6.746039534844744168e+00 7.765370827143477928e-02 2.000594599951998065e-01 1.205241807443048485e-02
-1.844910963994501785e+01 1.887750864235741455e+00 6.926291531729779294e+00 8.862405594489324023e-02 2.030169520675695338e-01 9.018222799491323188e-03
-1.805657539228663211e+01 1.912185948390259460e+00 7.092594762179996515e+00 9.326773909754181024e-02 2.091186067925918379e-01 8.656114355450703068e-03
-1.766404114462825703e+01 1.933772463169602496e+00 7.221825050945579250e+00 1.007318685496673694e-01 2.130905869545834386e-01 3.102703268916686720e-03
-1.727150689696985708e+01 1.951644036398293647e+00 7.310093756872768189e+00 1.064304926661712725e-01 2.195420387562817821e-01 2.729289089889403840e-03
-1.687897264931147845e+01 1.968061540416342181e+00 7.381987829412936186e+00 1.080455699161466110e-01 2.251957584114535338e-01 1.920418830002835683e-03
-1.648643840165307140e+01 1.982307864980292544e+00 7.424606294580220478e+00 1.128763217984059541e-01 2.284826081589398095e-01 -1.551592423935966919e-03
-1.609390415399467500e+01 1.990338552040436415e+00 7.435471977692362344e+00 1.146829796731132362e-01 2.294659448772292665e-01 1.092392296729993712e-04
-1.570136990633629992e+01 1.997525468399324877e+00 7.417556416028555866e+00 1.173335095387476046e-01 2.351394007253988228e-01 -1.704350014487736624e-03
-1.530883565866506046e+01 2.003227410399600839e+00 7.420811922487412282e+00 1.181001301304564211e-01 2.366577357357678713e-01 -8.229447975317016363e-04
-1.491630141099356699e+01 2.012703007888189344e+00 7.449814074442198120e+00 1.184292640776914013e-01 2.393885108250039806e-01 -3.269189990267027269e-03
-1.452376716332210549e+01 2.016111120501773435e+00 7.420516772123384008e+00 1.231729404071798262e-01 2.390033510795933624e-01 -1.551295897049832480e-03
-1.413123291565064221e+01 2.019782509573706530e+00 7.407159740851763097e+00 1.225432256337534859e-01 2.401311121011938943e-01 -1.563500611983070776e-03
-1.373869866797913097e+01 2.020565556370966576e+00 7.392503013823071178e+00 1.228566788007822846e-01 2.454660059352545554e-01 -5.346612079862123144e-04
-1.334616442030768191e+01 2.022761605681104857e+00 7.378024864056967225e+00 1.239521244469603406e-01 2.453559366332859204e-01 -1.988121012583763270e-03
-1.295363017263617600e+01 2.022141703944404956e+00 7.362393429428281344e+00 1.221277081316718832e-01 2.463335607243860581e-01 -1.690606898766470198e-03
-1.256109592496471272e+01 2.021804232303395121e+00 7.345529364588591292e+00 1.233521295630750775e-01 2.479531833718742473e-01 -5.646180944692746548e-04
-1.216856167729324234e+01 2.023471977157282886e+00 7.343664223409580138e+00 1.241976505802867142e-01 2.452569686556141382e-01 -1.023492768029594761e-03
-1.177602742962176130e+01 2.029107337743671025e+00 7.368636889843076965e+00 1.239382099132021187e-01 2.471655589309145751e-01 7.595821369528965800e-04
-1.138349318195029269e+01 2.027981065302485231e+00 7.349642470302273800e+00 1.241845588855948063e-01 2.445981804975959351e-01 -3.628946331727667118e-04
-1.099095893427881343e+01 2.027260118218098484e+00 7.337497652024036476e+00 1.231306181235247293e-01 2.426911209596707419e-01 2.291686702235280586e-03
-1.059842468660734305e+01 2.026971623608487150e+00 7.325938898249180653e+00 1.234373263862272169e-01 2.434975711916632091e-01 7.151852789524604324e-04
-1.020589043893587089e+01 2.027566223250041766e+00 7.341218490539940689e+00 1.218168519933699873e-01 2.477291782623375072e-01 1.815992222758990937e-03
-9.813356191264352546e+00 2.027567238611030387e+00 7.336800816278039150e+00 1.203270873259996016e-01 2.518997506826732846e-01 -5.027121797981726550e-04
-9.420821943592930126e+00 2.031997160230491151e+00 7.347776447087356111e+00 1.215849018700145834e-01 2.581556087234287422e-01 5.147324788142926353e-04
-9.028287695921447309e+00 2.035434545431290765e+00 7.372224512815840569e+00 1.217062380967359608e-01 2.502523396168712111e-01 1.088241765996587115e-03
-8.635753448249930742e+00 2.034881892772304024e+00 7.349401249848837914e+00 1.243678146555078773e-01 2.446221474611346147e-01 4.773927134772895826e-03
-8.243219200578440820e+00 2.035995008702863984e+00 7.358263479668673668e+00 1.227035193746549707e-01 2.500887310070072922e-01 5.207758669731371755e-03
-7.850684952907029057e+00 2.034784107195759972e+00 7.341651216910618949e+00 1.238600830660358670e-01 2.461245904933097306e-01 4.240056582226204608e-03
-7.458150705260739421e+00 2.032567255097415426e+00 7.327089362588789179e+00 1.222439464128946135e-01 2.471363305780756303e-01 2.158796010074183393e-03
-7.065616457615475632e+00 2.031631942564427806e+00 7.318941695232354050e+00 1.209167680145689372e-01 2.456234929654887711e-01 6.262483678677162324e-03
-6.673082209970128353e+00 2.029285499382714963e+00 7.299969207907903268e+00 1.194114242612517029e-01 2.417125179867013751e-01 4.637194421643008567e-03
-6.280547962324872557e+00 2.027090065497282101e+00 7.292295334934432383e+00 1.190828225696100584e-01 2.405385039372911760e-01 4.285750151501091683e-03
-5.888013714679518174e+00 2.025954717469569566e+00 7.282073792206940510e+00 1.214824492386569893e-01 2.395539390928644319e-01 -6.694829700800763788e-04
-5.495479467034261489e+00 2.025861775980153379e+00 7.292810990319050113e+00 1.221914434819942330e-01 2.429351281916852234e-01 1.933516709129050543e-03
-5.102945219388907105e+00 2.027330503146002716e+00 7.297925382301706065e+00 1.218482975822555714e-01 2.430555546587516158e-01 1.127532758944644860e-03
-4.710410971743653974e+00 2.024768676380294785e+00 7.290651066139002268e+00 1.216839382075792370e-01 2.451769841758713320e-01 8.726160031712515593e-04
-4.317876724098296037e+00 2.024800802313778902e+00 7.289567961315839284e+00 1.210857910845119373e-01 2.473831757497591544e-01 -4.790718277901207054e-04
-3.925342476453046903e+00 2.022785365255174828e+00 7.289110579449477711e+00 1.210642219314583545e-01 2.439836702802124502e-01 3.424675642217971366e-03
-3.532808228807685857e+00 2.020642404975915518e+00 7.276306350805200829e+00 1.206823362808526479e-01 2.458439882633515761e-01 2.352361183278524163e-03
-3.140273981162436279e+00 2.021422089424189217e+00 7.285291337073267925e+00 1.184997662888235409e-01 2.464319012230878347e-01 1.104821588567104313e-03
-2.747739733517085448e+00 2.023565198081889616e+00 7.300342311231576176e+00 1.181799292058579587e-01 2.467106759405669758e-01 4.607120608739371549e-03
-2.355205485871814997e+00 2.024501536176268157e+00 7.310599846000208402e+00 1.171463156909455655e-01 2.495302306853768581e-01 1.473707214573893908e-03
-1.962671238226464165e+00 2.024045089555980503e+00 7.308754386498687694e+00 1.190875449101026357e-01 2.505704796151330682e-01 2.119976087642638893e-04
-1.570136990581218139e+00 2.023573638643874517e+00 7.311572225201197206e+00 1.193521038732339029e-01 2.473616912127311884e-01 -7.837723724477884746e-05
-1.177602742935877744e+00 2.022334181244964668e+00 7.303789942176304173e+00 1.194867638487556449e-01 2.459217864482495519e-01 1.738105906896489968e-03
-7.850684952905863101e-01 2.022353729232108321e+00 7.302575726677547507e+00 1.218225675939197256e-01 2.426011257259395870e-01 3.231030011135073085e-03
-3.925342476452425844e-01 2.022696228566462473e+00 7.293672008281911090e+00 1.201584333833280172e-01 2.432764650742597345e-01 4.848399013828796704e-04
0.000000000000000000e+00 2.024296309872546384e+00 7.309721049867330400e+00 1.195259824035736496e-01 2.421286326588470428e-01 8.123512865133386638e-04
