0.000000000000000000e+00 2.998869901977677443e+00 2.422306055333970087e-01 1.913433635882024961e-02 3.130264542327918648e-02 1.115858391336852912e-01
5.306036495335433867e-02 2.848010191522608370e+00 2.595965528285033019e-01 2.112605423812265876e-02 3.006635751155633043e-02 1.165249893919210467e-01
1.059093340303996905e-01 2.710962984084839267e+00 2.755141787759647909e-01 2.227966899068737489e-02 3.049319312630748013e-02 1.233888644536893092e-01
1.587583031074446538e-01 2.587045500404180132e+00 2.904686987710308199e-01 2.394884558541849132e-02 3.112462331867094437e-02 1.264409056605428350e-01
2.116072721844901861e-01 2.474355947645119347e+00 3.041666274981937867e-01 2.484633500247962826e-02 3.123936807705961910e-02 1.287700179846582305e-01
2.644562412615349967e-01 2.371102767273671752e+00 3.175567181317220378e-01 2.685388312953549544e-02 3.105519103688031066e-02 1.324589025481746618e-01
3.173052103385810563e-01 2.277058752611764714e+00 3.299654011165825129e-01 2.682942009190414367e-02 3.134701037229918608e-02 1.346653257390966196e-01
3.701541794156321119e-01 2.190162311864123801e+00 3.412572005685333698e-01 2.822089254689722285e-02 3.446612564262706291e-02 1.369568088628863312e-01
4.227917526163773032e-01 2.110337659179293723e+00 3.521056722678753692e-01 2.725905716166953513e-02 3.751345579831814880e-02 1.367971329756479393e-01
4.756407216934329663e-01 2.036957443444407101e+00 3.620047589527896625e-01 2.684343452714819944e-02 3.847182306100516841e-02 1.355483593886777360e-01
5.284896907704860203e-01 1.968743505841616948e+00 3.714284655493766407e-01 2.580426596763888206e-02 3.824368003288320522e-02 1.367528081913401694e-01
5.813386598475409617e-01 1.905338365894410524e+00 3.801558791725172526e-01 2.475169602090177001e-02 3.849077725248198356e-02 1.325435140506754650e-01
6.341876289245952369e-01 1.848472061479707440e+00 3.879951605074083987e-01 2.364432821202235718e-02 4.053706412635321027e-02 1.306456506459528766e-01
6.870365980016482910e-01 1.795423304592949520e+00 3.960352855774361136e-01 2.441440137952715847e-02 4.150502861829116763e-02 1.294446023371123300e-01
7.398855670786850247e-01 1.746110932068876576e+00 4.021967302108399589e-01 2.572582121350940748e-02 4.327346025828653076e-02 1.277626385856210078e-01
7.927345361557167625e-01 1.700911270767162309e+00 4.083920604432078605e-01 2.508367026763008711e-02 4.480249467272164748e-02 1.273078436811008463e-01
8.455835052327542734e-01 1.657597549409740800e+00 4.147150866005975267e-01 2.660725231690123579e-02 4.703442535857226686e-02 1.253207137874939592e-01
8.984324743097884536e-01 1.617925876941361585e+00 4.203047398891599506e-01 2.750301084766514775e-02 4.614410664601762552e-02 1.283249043595367789e-01
9.514928392631337717e-01 1.579971122911433712e+00 4.255892392518831335e-01 2.606353844172568796e-02 4.737199958691433455e-02 1.271721157961814008e-01
1.004341808340172504e+00 1.545826834297332697e+00 4.304188304812914811e-01 2.546847025660607319e-02 4.924200370893001139e-02 1.258002902264999945e-01
1.057190777417203131e+00 1.513711069463141046e+00 4.346693129027773272e-01 2.539142420504264530e-02 5.105835520648582815e-02 1.268005927736224614e-01
1.110039746494242863e+00 1.482677677039746733e+00 4.390387513476218251e-01 2.485091605849193766e-02 5.198200894595327720e-02 1.270728763092430214e-01
1.162888715571275933e+00 1.454495601112501868e+00 4.424513591788576949e-01 2.497221223820237854e-02 5.457750710740792016e-02 1.278305791609198050e-01
1.215737684648315886e+00 1.426881743088530108e+00 4.460935924844781630e-01 2.560650303017704757e-02 5.678484306779058716e-02 1.270863555004198009e-01
1.268586653725348512e+00 1.402895455506636857e+00 4.489740633776822532e-01 2.487237818172993026e-02 5.682885342527994876e-02 1.251006028364587963e-01
1.321435622802389576e+00 1.379409692796035980e+00 4.518144510042340078e-01 2.382542851933361003e-02 5.843173711005020254e-02 1.235045128449760582e-01
1.374284591879439965e+00 1.358454152452130748e+00 4.542875291040860963e-01 2.396346706768877691e-02 5.872929298454009767e-02 1.234121431594566859e-01
1.427133560956507452e+00 1.338605776277641102e+00 4.563162885148087100e-01 2.291624889022745443e-02 6.053438145127612580e-02 1.246429272752734574e-01
1.479982530033586263e+00 1.320107766695576945e+00 4.577589145703796492e-01 2.156033143556799342e-02 5.998281263392783030e-02 1.231495365175286627e-01
1.532620103234345388e+00 1.301821551348028683e+00 4.590129279583857191e-01 1.967310993885780165e-02 5.916942954946283195e-02 1.210532307451639700e-01
1.585469072311424865e+00 1.285112489634869792e+00 4.600256254434227365e-01 2.046364454202535474e-02 5.944354508976005397e-02 1.194341100490813601e-01
1.638318041388497237e+00 1.270094097739169481e+00 4.614907589389581899e-01 1.973069869009143676e-02 6.130617559430842634e-02 1.178272679602827416e-01
1.691167010465564058e+00 1.255809981139054843e+00 4.621342974367992351e-01 2.136618112750257939e-02 5.951978718381282368e-02 1.144685105851981355e-01
1.744015979542644201e+00 1.242110987024144464e+00 4.633647898238378859e-01 2.061216380671732074e-02 5.950261740385857923e-02 1.147828428724944200e-01
1.796864948619715463e+00 1.229635545421802645e+00 4.635079561136238313e-01 2.051946986374496990e-02 6.322059266074211981e-02 1.136321113602885430e-01
1.849713917696787835e+00 1.215940635846493922e+00 4.645803137525118531e-01 2.060572655575240025e-02 6.518348276642220440e-02 1.148318648382051360e-01
1.902562886773861317e+00 1.204299676850024037e+00 4.648816733471118900e-01 2.127717189515359111e-02 6.386810822603315729e-02 1.144669662848478153e-01
1.955411855850935243e+00 1.193120023086678305e+00 4.647542183546234384e-01 2.165584323782683562e-02 6.419967622025177234e-02 1.159250044307856692e-01
2.008260824928005395e+00 1.183169454356975514e+00 4.640958219791441186e-01 2.094972380680066443e-02 6.292362363170604656e-02 1.128454769724284851e-01
2.061109794005079543e+00 1.173436053366174736e+00 4.637357100693111911e-01 1.965343835064638223e-02 6.421085582127279701e-02 1.098949974116886913e-01
2.113958763082159020e+00 1.164766218487012450e+00 4.638292329796498414e-01 1.854465538777797656e-02 6.406020288429468967e-02 1.091156137419856814e-01
2.166807732159234057e+00 1.155553894758080125e+00 4.634728322215084240e-01 1.924033636305457623e-02 6.656455588332209350e-02 1.099079779066789025e-01
2.219656701236296215e+00 1.146743272811664660e+00 4.630677940016886263e-01 1.711418685894630295e-02 6.813544263527769596e-02 1.093790823831840980e-01
2.272505670313377468e+00 1.139602649567252435e+00 4.630423958782322047e-01 1.667996171861171537e-02 6.666791983094479124e-02 1.093659615994036355e-01
2.325354639390452949e+00 1.131670503106780856e+00 4.627564213143547378e-01 1.853290812416733338e-02 6.755077911518372891e-02 1.068555588422107350e-01
2.378203608467518215e+00 1.124756828447914137e+00 4.625335858162942793e-01 1.897605259895496221e-02 6.842648310754119445e-02 1.065312057690425279e-01
2.431052577544594140e+00 1.118647265362608501e+00 4.615037017401241726e-01 1.902751671020284918e-02 6.852762378812501942e-02 1.061223388634517650e-01
2.483901546621675394e+00 1.113138804288370309e+00 4.606015785111853833e-01 1.832584289446427539e-02 6.989821872847180873e-02 1.042568706711163168e-01
2.536750515698735775e+00 1.107781704777057508e+00 4.598278798911629717e-01 1.724345388695276010e-02 6.763724813278344794e-02 1.033139474793364349e-01
2.589599484775811700e+00 1.102862383650674794e+00 4.589854455331058847e-01 1.716148416251381953e-02 6.677873876200486614e-02 1.029474028286016113e-01
2.642448453852892509e+00 1.097946326901992897e+00 4.587158951415911123e-01 1.702352300205533381e-02 6.709346218470663148e-02 1.025556997455808611e-01
2.695297422929969322e+00 1.092302405023437561e+00 4.587110208284326252e-01 1.665499715647653436e-02 6.684856641416958567e-02 1.021621042853446404e-01
2.748146392006979521e+00 1.087025074859528928e+00 4.584589027708301789e-01 1.714693449547998946e-02 6.560859193355862706e-02 9.869685255521326583e-02
2.800995361083966184e+00 1.080936787654275255e+00 4.582107205255747662e-01 1.831884960867197557e-02 6.516516989315859765e-02 9.656538102607610530e-02
2.853844330160967058e+00 1.077557064839139267e+00 4.572496164915381689e-01 1.889749926468395000e-02 6.543899803859383468e-02 9.813111445395233945e-02
2.906693299237971928e+00 1.073610873720387104e+00 4.562205808751483294e-01 1.910959044981174956e-02 6.452996921896640703e-02 9.881887437557826392e-02
2.959542268314973246e+00 1.070220056600868608e+00 4.557678237255194387e-01 1.950986065150285553e-02 6.460130600901850539e-02 9.507956343470250204e-02
3.012391237391958576e+00 1.066454920335816681e+00 4.550631005477803193e-01 2.007793323598218785e-02 6.472050360837668104e-02 9.465612879238295696e-02
3.065240206468961670e+00 1.063702072011539546e+00 4.542045391675037513e-01 2.015121436510885697e-02 6.656338216519591677e-02 9.711722561584297531e-02
3.118089175545964764e+00 1.059995525240911451e+00 4.539404196430663618e-01 2.011155069735589412e-02 6.613679627932099458e-02 9.744754555584217437e-02
3.170938144622963417e+00 1.056981331867135054e+00 4.533040449969565344e-01 1.919839146743499911e-02 6.715022939259067403e-02 9.844388790580980986e-02
3.223787113699954965e+00 1.053586207099239447e+00 4.526636109089735571e-01 1.946740398920265153e-02 6.572528906882857402e-02 9.808865587195082780e-02
3.276636082776952730e+00 1.051061295171529908e+00 4.516758518111143039e-01 2.006882920287677424e-02 6.536228801374713293e-02 1.001118645673951119e-01
3.329485051853953159e+00 1.049024507109773907e+00 4.509429215278445979e-01 2.050270422087200825e-02 6.709336212543634548e-02 9.943668908668387707e-02
3.382545416807265948e+00 1.046966160854423844e+00 4.496276973065675420e-01 1.852643841330416097e-02 6.680130218562656264e-02 9.968189573850563812e-02
3.435394385884261492e+00 1.044796412941003005e+00 4.489267784552134488e-01 2.027331610965744935e-02 6.627117174236278607e-02 9.783571389370794569e-02
3.488243354961257481e+00 1.042986913787815384e+00 4.484746268672644698e-01 2.126908721843008901e-02 6.676184942721614946e-02 9.615562131682492408e-02
3.541092324038255690e+00 1.040066715097291317e+00 4.485816822394254055e-01 1.870776374338700351e-02 6.299804522084138936e-02 9.539041573251144657e-02
3.593941293115264557e+00 1.037399152977066974e+00 4.482422512306875606e-01 1.832293360830784812e-02 6.203231774101732043e-02 9.713210618815383557e-02
3.646790262192248555e+00 1.035465478697340957e+00 4.475648301268390639e-01 1.774289698468808560e-02 6.510041725645313027e-02 9.475595958287480469e-02
3.699639231269258755e+00 1.034240329215802667e+00 4.470709182765353340e-01 1.811761206200204061e-02 6.491863126564044462e-02 9.229960095397986286e-02
3.752488200346256075e+00 1.032711144918407209e+00 4.462800025989439590e-01 1.715097726494771088e-02 6.663981852265603301e-02 9.230046202564608226e-02
3.805337169423249399e+00 1.030915656585234874e+00 4.461566796033157867e-01 1.689921640817364235e-02 6.684223127768194883e-02 9.287820330588708595e-02
3.858186138500250717e+00 1.029538819870327249e+00 4.447662353633360932e-01 1.652656297243205660e-02 6.498810244674475822e-02 9.389866786818894251e-02
3.911035107577243597e+00 1.028007422131458570e+00 4.447570334308396101e-01 1.635838977779375744e-02 6.604598516372442440e-02 9.522050165095322094e-02
3.963884076654238697e+00 1.026128308461780270e+00 4.443711617719784401e-01 1.719504801522807325e-02 6.492975981350716796e-02 9.150641993617028569e-02
4.016733045731252005e+00 1.024689772242213470e+00 4.436462630040731714e-01 1.782021612105738964e-02 6.418147471179228014e-02 9.047889615538995400e-02
4.069582014808234227e+00 1.023457767222618164e+00 4.426806781343903818e-01 1.877541183639327288e-02 6.224291744569011853e-02 8.930674825006493234e-02
4.122430983885247535e+00 1.022711418762108027e+00 4.422219712065633135e-01 1.859178062191697497e-02 6.317470406650023407e-02 9.089393883916421779e-02
4.175279952962243080e+00 1.022522615276562963e+00 4.419176618019907132e-01 1.785448653846232608e-02 6.397076432500188592e-02 9.312656985419474898e-02
4.228128922039233295e+00 1.021287370155114838e+00 4.411177706667497866e-01 1.928098429848913720e-02 6.411640068519570967e-02 9.260677631355725137e-02
4.280977891116239498e+00 1.019964595216871661e+00 4.404507806636716594e-01 1.917312404813947824e-02 6.361392335413523780e-02 9.368314963719490129e-02
4.333826860193229713e+00 1.019893619997843004e+00 4.392412320978267282e-01 1.951628653643339498e-02 6.375123417160070971e-02 9.374269696835127452e-02
4.386675829270222593e+00 1.018648572762875348e+00 4.388020815498582250e-01 1.920519686526398623e-02 6.421157812981607982e-02 9.397415187167067196e-02
4.439524798347238566e+00 1.018152337460188406e+00 4.388221908351234712e-01 1.967133440220449753e-02 6.567676191043775313e-02 9.423059647723229515e-02
4.492373767424219899e+00 1.016831218654441926e+00 4.386559359595763041e-01 1.736888920369132963e-02 6.491292569894874243e-02 9.410059538193747686e-02
4.545222736501235872e+00 1.016125894417854170e+00 4.379036702863511876e-01 1.810085396243409431e-02 6.424976397559552244e-02 9.298908210591536050e-02
4.598071705578228752e+00 1.014868577793762938e+00 4.377102667675570324e-01 1.768752649989563039e-02 6.459429853177670044e-02 9.015927865207970515e-02
4.650920674655218079e+00 1.014063218027076774e+00 4.370243678039813506e-01 1.694443880720338663e-02 6.209532521964733487e-02 9.235615247980259734e-02
4.703769643732227834e+00 1.012600176383003037e+00 4.371373672161847912e-01 1.665511330291140346e-02 6.136473993216289696e-02 9.258443724401958785e-02
4.756618612809216273e+00 1.011430226529816068e+00 4.365234531964272691e-01 1.750771703277238106e-02 6.215468563733329149e-02 9.194962572330003803e-02
4.809467581886206489e+00 1.010748434915327287e+00 4.365563143402326207e-01 1.715379007197407810e-02 6.209566852209856547e-02 9.070822081939373949e-02
4.862316550963225126e+00 1.010022346250684544e+00 4.367953322916524606e-01 1.773369218592642585e-02 5.971438967972510919e-02 9.082917134619970800e-02
4.915165520040204683e+00 1.009700155060976767e+00 4.360216612922959700e-01 1.628700869405156834e-02 5.835070030239651595e-02 9.155548614847054678e-02
4.968014489117225985e+00 1.008844405798752453e+00 4.355984166633984356e-01 1.465976304126214054e-02 5.794868945605522598e-02 8.976266596180218493e-02
5.020863458194215312e+00 1.008275362437944134e+00 4.353144218434921719e-01 1.483484854123099522e-02 5.779938173201202428e-02 9.170149437431694694e-02
5.073712427271202863e+00 1.007865255013778327e+00 4.351738782913574521e-01 1.537620247344855667e-02 5.957542418773968673e-02 9.183398713554011272e-02
5.126561396348215283e+00 1.006404559092077378e+00 4.353159653259757178e-01 1.479148153620282388e-02 5.924039339798435611e-02 9.111328559361249468e-02
5.179410365425202833e+00 1.006919045715558791e+00 4.351026602859796033e-01 1.508798925182520435e-02 5.857801263919361345e-02 9.221010135855257916e-02
5.232259334502191273e+00 1.006974462228259926e+00 4.340268487651348650e-01 1.500069482574557973e-02 5.826027247604962517e-02 9.385600698678837894e-02
5.285108303579212574e+00 1.007411570163949222e+00 4.335050816003655494e-01 1.428443736673668842e-02 5.859747253360972352e-02 9.325126929577090551e-02
5.337957272656191243e+00 1.007530102015526063e+00 4.330844388135902112e-01 1.582077672113088584e-02 5.873920262240484719e-02 9.318948875498804518e-02
5.390806241733213433e+00 1.007012711076029410e+00 4.328641124110835792e-01 1.462260659909172048e-02 5.894226472479636991e-02 9.124022585232025029e-02
5.443655210810201872e+00 1.006728106724683824e+00 4.331235704680079235e-01 1.444274037666348591e-02 6.067623024777757390e-02 9.119369065151876341e-02
5.496504179887187647e+00 1.006105189840761138e+00 4.329699576994101573e-01 1.481918457573625121e-02 5.874994014790532043e-02 9.153258196610192243e-02
5.549353148964202731e+00 1.005655551817245419e+00 4.323795512960296739e-01 1.445086409271132376e-02 5.958034768300215361e-02 9.110955828194265693e-02
5.602202118041189394e+00 1.005315255569493305e+00 4.317577747197817173e-01 1.422554502803742398e-02 5.818760917707684055e-02 9.125092289762655462e-02
5.655051087118176056e+00 1.005328152546000053e+00 4.306833919722135584e-01 1.382419823907927656e-02 5.867699093324404980e-02 8.820149024682516492e-02
5.707900056195199134e+00 1.004549882541113215e+00 4.310292131615506284e-01 1.255044689298321844e-02 5.973255163571795229e-02 8.908036059409171759e-02
5.760749025272176915e+00 1.004660005260308298e+00 4.310773787932433154e-01 1.303624968310536716e-02 5.772234487476328446e-02 8.766569613687300033e-02
5.813597994349200881e+00 1.004450698986029566e+00 4.312100029025531245e-01 1.371745451052674980e-02 5.957893712073360909e-02 8.814860384707719210e-02
5.866446963426188432e+00 1.004589352954247339e+00 4.311456735796646011e-01 1.429633960611994929e-02 5.910352170518846926e-02 8.969206858225932388e-02
5.919295932503174207e+00 1.004849780164972728e+00 4.305102645812893258e-01 1.606814399320749195e-02 6.106128301772788952e-02 8.958854378947672670e-02
5.972144901580186627e+00 1.005266568001958127e+00 4.303094816617020202e-01 1.437672224106269561e-02 6.172976932420790042e-02 9.020764829133652574e-02
6.024993870657175954e+00 1.005819476406272450e+00 4.298193943316102605e-01 1.499987103108482364e-02 5.973433623429309780e-02 8.918583509233134199e-02
6.077842839734165281e+00 1.006013525567517997e+00 4.297368461499617154e-01 1.391432906066415558e-02 5.961027273481777494e-02 9.074820165871959332e-02
6.130691808811182142e+00 1.005595799572968740e+00 4.296549043366934550e-01 1.461935373335901747e-02 6.006967864140674157e-02 8.956885126552001364e-02
6.183540777888163475e+00 1.004450647341327496e+00 4.296654015589103093e-01 1.365083101546622421e-02 6.031196177110221407e-02 8.870955646906432401e-02
6.236389746965188330e+00 1.003841525754939124e+00 4.300917103140142750e-01 1.368144918907076429e-02 5.729928002983945834e-02 9.089136695012335621e-02
6.289238716042168775e+00 1.003369266943091143e+00 4.296877420750569443e-01 1.493445459570214712e-02 5.907638266208289218e-02 9.462808527631212663e-02
6.342087685119158991e+00 1.002868270799419204e+00 4.291368180128624088e-01 1.517304742684650459e-02 6.043580902895183404e-02 9.569653049777158971e-02
6.394936654196176740e+00 1.002839675080425152e+00 4.287658328838597765e-01 1.430982935910425288e-02 5.834443558654869161e-02 9.257566113128835872e-02
6.447785623273169620e+00 1.002800117601785335e+00 4.280440135996503304e-01 1.413239996470701774e-02 5.797795308971623318e-02 9.240486528378952236e-02
6.500634592350147400e+00 1.002522187908959639e+00 4.279754879812766033e-01 1.547378884875073510e-02 5.788549268311293100e-02 9.374917221217844709e-02
6.553483561427173143e+00 1.002901490213948366e+00 4.279481245594866645e-01 1.498637093493620717e-02 5.852404545077772441e-02 9.487912350797426952e-02
6.606332530504160694e+00 1.002567817888912582e+00 4.279392832854418405e-01 1.524410188002154817e-02 5.662414057355303482e-02 9.323816999487985480e-02
6.659181499581166008e+00 1.002400426840073466e+00 4.284583049788866504e-01 1.627300145355476887e-02 5.829325823918495714e-02 9.525117726487029868e-02
6.712030468658160665e+00 1.001981471567164661e+00 4.286054162735046247e-01 1.615083932119236454e-02 5.666490253310214192e-02 9.484501558313995773e-02
6.764879437735155321e+00 1.002239615346588453e+00 4.287594326409621126e-01 1.649615280321470659e-02 5.702725709702841789e-02 9.536838979956741014e-02
6.817728406812153530e+00 1.001360747967170450e+00 4.287226271111637121e-01 1.663293325360425817e-02 5.490409889240457919e-02 9.414462731856006183e-02
6.870577375889148186e+00 1.001723159062466895e+00 4.290627421007160991e-01 1.526562100796305908e-02 5.556391185551859402e-02 9.370200204911902087e-02
6.923426344966143731e+00 1.001856538141071784e+00 4.290050187754193001e-01 1.533360268713597659e-02 5.471671505575930600e-02 9.347310678174235166e-02
6.976275314043146381e+00 1.002573791651833579e+00 4.286886750996836692e-01 1.527396308670061868e-02 5.671671152354675061e-02 9.412814206235049774e-02
7.029124283120135708e+00 1.003088134052689373e+00 4.283385239642776843e-01 1.659405380378212863e-02 5.449517439655246487e-02 9.227114909588118863e-02
7.081973252197163227e+00 1.003386330314526509e+00 4.280260032817504445e-01 1.731264868826315820e-02 5.363886217917344240e-02 9.327897447060783109e-02
7.134822221274132126e+00 1.003276629744469295e+00 4.278976305729211838e-01 1.643924472810224038e-02 5.488161914860967272e-02 9.284380453424664892e-02
7.187671190351131223e+00 1.003295594424327364e+00 4.276544419011194531e-01 1.484818876419358863e-02 5.445894457269730149e-02 9.296673142861375250e-02
7.240520159428150748e+00 1.002430358262586418e+00 4.276537804847646007e-01 1.542390266076607529e-02 5.113366330149735767e-02 9.238852732563151982e-02
7.293369128505149845e+00 1.001880774217767556e+00 4.276310491600844865e-01 1.445618349610369030e-02 5.170453946799622585e-02 9.496418444742395215e-02
7.346218097582116968e+00 1.001059971034706564e+00 4.280476106046296469e-01 1.538664797112375068e-02 5.225524207406365140e-02 9.349914499928931033e-02
7.399067066659145375e+00 1.001769074242336188e+00 4.274729170666421996e-01 1.495758402217499568e-02 5.292330414715704784e-02 9.383550434719541145e-02
7.451916035736139143e+00 1.003162447218671316e+00 4.268720716436506524e-01 1.469329310180011658e-02 5.197233719905904048e-02 9.504621410942513948e-02
7.504765004813132911e+00 1.003250235989566086e+00 4.269457635873070145e-01 1.461463172171340898e-02 4.936899684738934452e-02 9.587062939993114263e-02
7.557613973890132897e+00 1.003643045361338970e+00 4.268245141955372413e-01 1.304870050642361300e-02 4.965387926301610688e-02 9.410515760536761198e-02
7.610462942967133770e+00 1.003982132274468420e+00 4.270798726618258989e-01 1.210743464852014409e-02 4.740946626571404532e-02 9.481317593347463046e-02
7.663311912044118657e+00 1.004272882364560582e+00 4.270928143922453346e-01 1.223718210178440825e-02 4.543172766547993319e-02 9.416106472765035929e-02
7.716160881121121307e+00 1.004301025290422977e+00 4.272200913717849047e-01 1.264575822825829247e-02 4.391881624045717442e-02 9.360179579027387564e-02
7.769009850198123068e+00 1.004026583613143453e+00 4.280070205319189691e-01 1.156682197515239950e-02 4.440093624002371120e-02 9.454822824043687679e-02
7.821858819275111507e+00 1.004129619468756118e+00 4.288222198797734808e-01 1.225140668130661643e-02 4.558718806076152152e-02 9.535894906930653114e-02
7.874707788352108828e+00 1.004596660521334783e+00 4.284957417309871452e-01 1.338283650743017465e-02 4.647243111178096103e-02 9.396629963421075649e-02
7.927556757429137235e+00 1.004133675873529752e+00 4.286144773865204205e-01 1.355816042830193871e-02 4.702467993941138180e-02 9.406320241505158886e-02
7.980405726506099029e+00 1.004457470463925528e+00 4.287637896967090856e-01 1.522873738098474809e-02 4.934922171003693070e-02 9.239492219321275568e-02
8.033254695583101679e+00 1.005265083878835508e+00 4.287708928862276614e-01 1.540815402179095649e-02 5.051726781789389609e-02 9.245140919768461696e-02
8.086103664660123869e+00 1.005167957413906077e+00 4.287199467620636528e-01 1.469520279337528830e-02 5.063249053203738165e-02 9.172507883371890103e-02
8.138952633737128295e+00 1.004570699223281238e+00 4.285542153924316588e-01 1.486100730837853004e-02 5.013014538254958324e-02 9.123596408110751232e-02
8.191801602814088312e+00 1.004229355238464905e+00 4.284613342123311241e-01 1.547925409021142298e-02 5.137495966059438951e-02 9.045709638765793426e-02
8.244650571891117607e+00 1.004174956460615720e+00 4.286316448317861183e-01 1.617053215333055100e-02 4.970345977410151744e-02 9.168619290452424686e-02
8.297499540968116705e+00 1.003744781016716825e+00 4.289909997708822864e-01 1.532126137819374810e-02 5.019557050690744843e-02 9.232969134570481740e-02
8.350348510045099815e+00 1.003445080401551781e+00 4.281632373151355586e-01 1.486541271263711397e-02 5.178884738978439123e-02 9.009844364002919659e-02
8.403197479122106017e+00 1.003672691804140760e+00 4.280206262896896208e-01 1.641088678219373986e-02 5.158788497530912565e-02 9.025140089417747757e-02
8.456046448199110444e+00 1.002887077527452542e+00 4.280019103113989476e-01 1.731281954095989853e-02 5.175988745263405272e-02 8.909244138219465925e-02
8.508895417276088224e+00 1.002862167015156958e+00 4.273428401150250466e-01 1.686499070493112720e-02 5.137757282589494601e-02 8.862030413263198569e-02
8.561744386353092651e+00 1.003017605013267755e+00 4.272450659364417924e-01 1.696696057870633947e-02 4.897722265718437717e-02 8.865524592548132410e-02
8.614593355430098853e+00 1.003491487927201442e+00 4.272197454442903664e-01 1.663748292519630703e-02 4.946197236783141105e-02 9.175936546759369539e-02
8.667442324507078411e+00 1.002939865870647873e+00 4.275942839487825720e-01 1.723338196577199957e-02 4.988223076285065033e-02 9.043421710028054505e-02
8.720291293584079284e+00 1.002353005848524381e+00 4.269213771353962406e-01 1.989830731708424824e-02 4.909385249832155101e-02 9.097844378647318431e-02
8.773140262661110356e+00 1.001781940487268319e+00 4.273206021174716929e-01 2.044316451128148915e-02 4.955935798236168338e-02 9.174247784684438911e-02
8.825989231738066820e+00 1.001599701337117621e+00 4.274800260773828908e-01 2.047803680881884678e-02 4.864821545956041215e-02 9.209370637508249025e-02
8.878838200815073023e+00 1.000784197407149190e+00 4.274189256979358253e-01 1.977881663810145824e-02 5.016206495260772807e-02 9.058952748097245933e-02
8.931687169892098765e+00 1.000708055142033981e+00 4.275076521041450972e-01 1.963117321535688686e-02 5.006935357849424950e-02 9.143662516102098181e-02
8.984536138969106744e+00 1.000600320423522760e+00 4.267709917253851848e-01 1.932864905173571624e-02 5.214740079689252072e-02 9.059693527038881200e-02
9.037385108046059656e+00 1.000699060935953399e+00 4.259836996025090916e-01 1.979728425170972431e-02 5.367235813223058399e-02 8.994182925927560190e-02
9.090234077123090728e+00 1.000662344750756327e+00 4.262129391030373138e-01 2.059084805960994385e-02 5.441376003297135333e-02 8.978544283159092809e-02
9.143083046200095154e+00 1.000728017280742010e+00 4.258226360834125312e-01 2.011349250971644978e-02 5.492202537709664489e-02 8.868986768922736130e-02
9.195932015277071159e+00 1.000222419226783677e+00 4.261041735593446567e-01 1.923732158193969255e-02 5.553326345776504053e-02 8.812216523564125881e-02
9.248780984354079138e+00 1.000449300191756485e+00 4.260609265042420990e-01 1.913382250968994822e-02 5.498667527767416713e-02 8.840011932265122441e-02
9.301629953431087117e+00 1.000126154203370588e+00 4.255858345060103409e-01 1.791326888087766203e-02 5.459218584756073134e-02 8.768521659826883363e-02
9.354478922508057792e+00 9.997164871654473650e-01 4.261475251051376478e-01 1.680217562544361609e-02 5.678285515722895915e-02 8.906049900750348525e-02
9.407327891585065771e+00 1.000207219962841787e+00 4.256215438954391028e-01 1.679611915129982855e-02 5.651835942698165555e-02 8.945372627157757717e-02
9.460176860662075526e+00 1.000119082944263882e+00 4.256463754692759172e-01 1.564603060194754564e-02 5.780789977565199689e-02 9.067718932059100345e-02
9.513025829739046202e+00 1.000015849912168076e+00 4.260880636885681638e-01 1.556820236958056207e-02 6.098738809556604468e-02 9.106712618955238592e-02
9.565874798816052405e+00 1.000523720156845542e+00 4.260286550117003967e-01 1.442565474375303268e-02 5.885468347134558548e-02 9.195937891843128376e-02
9.618723767893085252e+00 9.998811556426892011e-01 4.254029665978134589e-01 1.518892389167824861e-02 5.840788910832636627e-02 9.115544127889375903e-02
9.671572736970032835e+00 1.000047417343792988e+00 4.251498745113704847e-01 1.516604653103029686e-02 5.805624164585169306e-02 9.157746550282880316e-02
9.724421706047044367e+00 9.994507861198148602e-01 4.257396154220017270e-01 1.518191735273590089e-02 5.740438176637708417e-02 9.093527142452492718e-02
9.777270675124073662e+00 9.992824296640273607e-01 4.255467812384438053e-01 1.689029280263362395e-02 5.652435273091035300e-02 9.156110922426451137e-02
9.830119644201083418e+00 9.995122394774859087e-01 4.257477264273804574e-01 1.627746062429692026e-02 5.663486584193051093e-02 9.247441011959205148e-02
9.882968613278032777e+00 9.994424251557518790e-01 4.259255153716273723e-01 1.710023596727535886e-02 5.494478151956791456e-02 9.128053935563058829e-02
9.935817582355063848e+00 9.997483065948021830e-01 4.260280226113011270e-01 1.705609479331026898e-02 5.400692182879526793e-02 9.017798875266434810e-02
9.988666551432071827e+00 9.997685972476630933e-01 4.257984209145616594e-01 1.827834541734555535e-02 5.137517152571523943e-02 8.974730461470596665e-02
1.004151552050903895e+01 9.998606806696973548e-01 4.258815988459962454e-01 1.772060804394463146e-02 5.182363657999974893e-02 8.771527454339959895e-02
1.009436448958605048e+01 1.000073383216115053e+00 4.258115907875996142e-01 1.755823405389932840e-02 5.142069269876958088e-02 9.057648930781968255e-02
1.014721345866306201e+01 9.995113549916878615e-01 4.265544552847795323e-01 1.707880317737161049e-02 5.232539460359141720e-02 9.096982197618588839e-02
1.020006242774002558e+01 1.000028613296361835e+00 4.262137925172124753e-01 1.837964856692052285e-02 5.149475160539308816e-02 9.146265083674441632e-02
1.025291139681703889e+01 9.998675532179318592e-01 4.260443435606383056e-01 1.746522158654546450e-02 4.987007064334676026e-02 9.356799252659159238e-02
1.030576036589405042e+01 9.998556635895682332e-01 4.258338362248437203e-01 1.695854391965086194e-02 5.211355207644215864e-02 9.168728231452900890e-02
1.035860933497101577e+01 9.993566098579274026e-01 4.262351610369770616e-01 1.712966337747090159e-02 5.109779691993322076e-02 9.080318364452270863e-02
1.041145830404802552e+01 1.000234767947557168e+00 4.260990842968340742e-01 1.810699047248192153e-02 5.201240445628844272e-02 9.006810320385510993e-02
1.046430727312505837e+01 9.999396669866598142e-01 4.266492962614368833e-01 1.848773636325660649e-02 5.070001250105050233e-02 9.029053086412587581e-02
1.051715624220200240e+01 1.000068371826011937e+00 4.258714749740749039e-01 1.877029156803934618e-02 5.118543165666673139e-02 9.085686559622874192e-02
