-1.051715624220200240e+01 3.016240235989193330e+00 9.999999999999997780e-01 5.688080108521083485e-04 8.229254117361454622e-04 9.999384535800996069e-04
-1.046409587724864743e+01 3.054624666265516097e+00 9.159333795401911615e-01 2.062915670857118247e-04 1.570687872539099431e-02 1.260056189188283639e-02
-1.041124690817160214e+01 3.071599426215839923e+00 8.395944898478823193e-01 2.850500941991411259e-03 3.129388556809682004e-02 2.511241741563924670e-02
-1.035839793909455864e+01 3.088190206916747726e+00 7.736469990327319302e-01 4.637882788536637317e-03 4.789328287700687914e-02 3.689220530314716445e-02
-1.030554897001751335e+01 3.102915592218443042e+00 7.154568215085569394e-01 6.456855458328026633e-03 6.110865391006843617e-02 4.772099864374997752e-02
-1.025270000094046807e+01 3.108236302294899556e+00 6.646168982868009278e-01 5.939325671787582667e-03 7.326358800400546711e-02 5.299863296720418171e-02
-1.019985103186342101e+01 3.116110089377239767e+00 6.201333243278936980e-01 7.372789632597253479e-03 8.135175117415992252e-02 6.033680785616573478e-02
-1.014700206278637040e+01 3.119404679949243420e+00 5.811600029429175862e-01 8.258562014491953318e-03 8.867492564886819695e-02 6.714084235097335374e-02
-1.009436448958562593e+01 3.123571289407975904e+00 5.476620407789409839e-01 9.124017178341381484e-03 9.402993996044892167e-02 7.092040176606433100e-02
-1.004151552050856999e+01 3.126876484066115847e+00 5.168749833733016219e-01 9.991284581278308055e-03 9.840816577817117217e-02 7.355130974919103781e-02
-9.988666551431515828e+00 3.127796235544495929e+00 4.903193365399078352e-01 1.191245946036850745e-02 1.033579836971819377e-01 7.801477164588346835e-02
-9.935817582354461663e+00 3.124378008752903391e+00 4.666472864452466118e-01 1.162015763958206688e-02 1.060354337789755075e-01 8.439010768207856616e-02
-9.882968613277407499e+00 3.122949131809494183e+00 4.452155096014207003e-01 1.221045371851921767e-02 1.093276714183924053e-01 8.583236688019263427e-02
-9.830119644200353335e+00 3.121493256670389904e+00 4.264099782938469696e-01 1.311948818620376975e-02 1.072013494614312418e-01 9.209108884853117738e-02
-9.777270675123316934e+00 3.116212504649138459e+00 4.093911111254134871e-01 1.106517001988684482e-02 1.066891063524728345e-01 9.324726118456617974e-02
-9.724421706046285863e+00 3.112656808038469780e+00 3.940866900673566930e-01 1.261653334186050787e-02 1.038424220003424797e-01 9.613458776709708775e-02
-9.671572736969249462e+00 3.106766935005447650e+00 3.796779305516527758e-01 1.502438579222494137e-02 1.025786161753828724e-01 9.932362087789606275e-02
-9.618723767892214838e+00 3.104570771375946503e+00 3.672556325163817137e-01 1.667974198190468049e-02 9.959710049708674073e-02 1.005972121419872883e-01
-9.565663402938868742e+00 3.097310784110235193e+00 3.563556100525231973e-01 1.570052344205584774e-02 9.597243230051696883e-02 1.035259357311429235e-01
-9.512814433861830565e+00 3.092109055777889637e+00 3.460004161539286804e-01 1.742474308368084993e-02 9.131325788804198207e-02 1.040981422789064859e-01
-9.459965464784799494e+00 3.086287682268203714e+00 3.367512182646581476e-01 1.925834330683358006e-02 8.722708812646644272e-02 1.053255917470220931e-01
-9.407116495707759540e+00 3.083118916209699467e+00 3.281245512394095343e-01 1.824030574469288554e-02 8.525952032644873446e-02 1.059603378489194919e-01
-9.354267526630726692e+00 3.081605575365309768e+00 3.206943896703534636e-01 1.977537679895733161e-02 8.109784931999426683e-02 1.062698983949680182e-01
-9.301418557553686739e+00 3.078588456976236287e+00 3.135047530533818794e-01 2.023601362380400559e-02 7.656774478108722970e-02 1.065540642206585925e-01
-9.248569588476653891e+00 3.074753467526833539e+00 3.071648245935117427e-01 2.009735343894083689e-02 7.215109152196387543e-02 1.079898003452426231e-01
-9.195720619399612161e+00 3.071126305561692860e+00 3.015186506875188743e-01 1.844993739164672505e-02 6.873690899294358780e-02 1.043920149536956415e-01
-9.142871650322563326e+00 3.066903386410837484e+00 2.965240608018109292e-01 1.779835134744574623e-02 6.424079129131005095e-02 1.031515893284121466e-01
-9.090022681245494951e+00 3.057829682253397685e+00 2.925943382346802291e-01 1.757890086265983740e-02 6.143526722117949312e-02 1.030718290349046384e-01
-9.037173712168415918e+00 3.053773194599032070e+00 2.885186612252672034e-01 1.827336460445099647e-02 6.013789988616598248e-02 1.057118939114704836e-01
-8.984536138967657237e+00 3.048296363023712985e+00 2.844707663533742048e-01 1.821588501510630620e-02 5.649200703150117353e-02 1.074409426540439416e-01
-8.931687169890578204e+00 3.046415158453885663e+00 2.810613480402407993e-01 1.728075580697864544e-02 5.419914217371211290e-02 1.074053941971646886e-01
-8.878838200813506276e+00 3.045377900863788234e+00 2.779691012773584657e-01 1.631246411145872294e-02 5.237082967543322393e-02 1.079645966646097521e-01
-8.825989231736437901e+00 3.043827193716019508e+00 2.748043637957005014e-01 1.712612913328267691e-02 4.942761162025732791e-02 1.072521373920962140e-01
-8.773140262659358868e+00 3.042334598806006873e+00 2.720853230071991202e-01 1.676591758225872211e-02 4.780706272287661013e-02 1.077095546892641309e-01
-8.720291293582286940e+00 3.039698197930226442e+00 2.696715341065084037e-01 1.637532738511433134e-02 4.620059635226289596e-02 1.070934734631105723e-01
-8.667442324505215012e+00 3.039325412581884045e+00 2.672464152813054383e-01 1.557780428248469427e-02 4.211878467425551886e-02 1.094134973183413656e-01
-8.614593355428141308e+00 3.035880753578588997e+00 2.653954153439182506e-01 1.575594186610463840e-02 4.135317151376273481e-02 1.121390921846217026e-01
-8.561744386351067604e+00 3.036134617182677964e+00 2.632279658641041298e-01 1.572553388423023404e-02 3.962329110806420140e-02 1.129778353772465382e-01
-8.508895417273997452e+00 3.032472054431600839e+00 2.616715823687952858e-01 1.770976735205864044e-02 3.770479800746517896e-02 1.152564207243237937e-01
-8.456046448196923748e+00 3.027422171161399778e+00 2.606020408376654163e-01 1.762380372948819593e-02 3.582661366936073372e-02 1.138087951885680682e-01
-8.403197479119842939e+00 3.025404443798918930e+00 2.593929258432540186e-01 1.716194964006182225e-02 3.409948871333636639e-02 1.126876988172968996e-01
-8.350348510042767458e+00 3.023511314095443048e+00 2.578682476606031782e-01 1.742390686181571544e-02 3.508429381108850442e-02 1.096540891739278406e-01
-8.297499540965706188e+00 3.023383044538990205e+00 2.563254062455146420e-01 1.661141253228876069e-02 3.132484476385716948e-02 1.071276371359945745e-01
-8.244650571888625379e+00 3.022339764499724080e+00 2.554487430625476674e-01 1.740392659937189598e-02 3.281643804257175501e-02 1.090305531028469832e-01
-8.191801602811549898e+00 3.017654695992295633e+00 2.544736562033780847e-01 1.765406547485592892e-02 3.374966135785219951e-02 1.084667058547785501e-01
-8.138952633734483300e+00 3.016001381052533237e+00 2.538523650263038722e-01 1.566421899507838139e-02 3.457823699952333740e-02 1.101372357310974048e-01
-8.086103664657409595e+00 3.013189650904344319e+00 2.530258925008374571e-01 1.567767266347565649e-02 3.533431224514504282e-02 1.111277054447563500e-01
-8.033254695580327009e+00 3.011171460213548201e+00 2.523753982816636099e-01 1.639316625304589048e-02 3.574473386222467436e-02 1.097109855248966370e-01
-7.980405726503266628e+00 3.011863132300123258e+00 2.516789753848888700e-01 1.710668957035478208e-02 3.667678560065810306e-02 1.133378571944938240e-01
-7.927556757426190259e+00 3.011544046488142445e+00 2.511571998256005300e-01 1.769215800645413533e-02 3.661822595047828366e-02 1.134632951276605822e-01
-7.874707788349110338e+00 3.013123984283239576e+00 2.505864498157170384e-01 1.767527890135056623e-02 3.711554785209927876e-02 1.123627813548477711e-01
-7.821858819272033081e+00 3.011177460964231223e+00 2.501113286448769513e-01 1.923062313903028953e-02 3.698127282088150419e-02 1.145316173511686936e-01
-7.769009850195022437e+00 3.008579728795789165e+00 2.499709962233094274e-01 1.965937812125847020e-02 3.680919461319954317e-02 1.132236532404430202e-01
-7.716160881118036663e+00 3.006586161969491577e+00 2.491798924545996219e-01 1.825932482962537920e-02 3.594713334327833548e-02 1.127202314325898569e-01
-7.663311912041035789e+00 3.008250840187145503e+00 2.484114123371602145e-01 1.740988940408694230e-02 3.392297046740875427e-02 1.118869779504612499e-01
-7.610462942964030475e+00 3.010130892540440417e+00 2.478425014972777674e-01 1.737869066946527707e-02 3.333978004582652255e-02 1.123067545355275615e-01
-7.557613973887029601e+00 3.006799006280807873e+00 2.478638095868797020e-01 1.731521410505203196e-02 3.187213566127820863e-02 1.119516906759311647e-01
-7.504765004810042939e+00 3.005805546391972616e+00 2.478142555327700891e-01 1.755764954171044889e-02 3.296487795800510240e-02 1.112020216485547913e-01
-7.451916035733040289e+00 3.006683646400892584e+00 2.474293107333941921e-01 1.634872240813289163e-02 3.138556991521575246e-02 1.116780371828024337e-01
-7.399067066656036751e+00 3.007607805430207115e+00 2.469795411460271040e-01 1.719122945154941476e-02 3.311804305925262343e-02 1.123914080644073665e-01
-7.346218097579038542e+00 3.007700065659026922e+00 2.463774043927546842e-01 1.595124516690586344e-02 3.461176446294918913e-02 1.141151245272412212e-01
-7.293369128502047438e+00 3.010228787687792007e+00 2.459873721339439767e-01 1.499268041659337740e-02 3.563404362379270218e-02 1.140850841410063904e-01
-7.240520159425049229e+00 3.009950397776084863e+00 2.457658397698265218e-01 1.617992349379021935e-02 3.379104218052533110e-02 1.160500491262778378e-01
-7.187671190348048356e+00 3.008015093289130082e+00 2.457139627361134282e-01 1.558033059625268772e-02 3.136182598168049673e-02 1.151170676099668999e-01
-7.134610825394736011e+00 3.007567061404977871e+00 2.455169646192931210e-01 1.449024416857092566e-02 3.425804279049653872e-02 1.162904466726827069e-01
-7.081761856317741355e+00 3.006834075411074725e+00 2.455517346807440104e-01 1.610117009143325478e-02 3.599786021917052853e-02 1.143748943589534689e-01
-7.028912887240745810e+00 3.007126642409211126e+00 2.455305663204954136e-01 1.575657116614107706e-02 3.629159118901421899e-02 1.136939377775320476e-01
-6.976063918163747601e+00 3.007279280965470925e+00 2.453553009302537613e-01 1.626893449028383662e-02 3.337878924829221217e-02 1.161859653712970786e-01
-6.923214949086736958e+00 3.006287716169085744e+00 2.457380508683928433e-01 1.761206682134839469e-02 3.381148234489715632e-02 1.120505017440888013e-01
-6.870365980009752960e+00 3.005028941561437961e+00 2.455583485907940622e-01 1.783137275118645143e-02 3.313696641795749187e-02 1.121159489862126324e-01
-6.817517010932743204e+00 3.007687997823019099e+00 2.451956618920034248e-01 1.757323020433414554e-02 3.488090384598564742e-02 1.112846030850937751e-01
-6.764668041855746772e+00 3.007487487003444482e+00 2.447219877942295452e-01 1.844916598639958355e-02 3.702799681825890560e-02 1.077821988411820087e-01
-6.711819072778753892e+00 3.010611197860963983e+00 2.441004818783666097e-01 1.822350294750896965e-02 3.522850091393710248e-02 1.095791456167938271e-01
-6.658970103701752130e+00 3.009375154842026223e+00 2.439123888263658446e-01 1.885838752677763616e-02 3.785244222905501804e-02 1.078781116314883465e-01
-6.606121134624759250e+00 3.010101501165443949e+00 2.444401013917357202e-01 1.936394425146875306e-02 3.560392632908725152e-02 1.110828275918203517e-01
-6.553272165547763706e+00 3.008354468236391188e+00 2.443526533495391229e-01 1.952414969253240748e-02 3.361930061334249265e-02 1.086512789330823653e-01
-6.500423196470750398e+00 3.007035744587386539e+00 2.445009610851647530e-01 2.030511917230368862e-02 3.386760358025146800e-02 1.141820341891022217e-01
-6.447574227393768176e+00 3.011692079338291528e+00 2.440703495143174973e-01 2.103609351065251210e-02 3.265624663721167220e-02 1.144972771055895178e-01
-6.394725258316753980e+00 3.012086446376877724e+00 2.442846925286039639e-01 2.097052839993943443e-02 3.489028550160352959e-02 1.149473012113281373e-01
-6.341876289239759323e+00 3.009487227413099486e+00 2.444899309319068514e-01 1.991177149568851626e-02 3.715355819587339709e-02 1.185444885716998853e-01
-6.289027320162769996e+00 3.009190303342289319e+00 2.445901296452628049e-01 1.926190314407240367e-02 3.548214248931312598e-02 1.165612209277455263e-01
-6.236178351085762905e+00 3.007774455696539118e+00 2.442576982955219356e-01 1.946294937802463959e-02 3.546996640253746030e-02 1.151554095571744735e-01
-6.183329382008773578e+00 3.004645377299858477e+00 2.446429152598039169e-01 1.883307191294415067e-02 3.232024909747379521e-02 1.143998825247937862e-01
-6.130480412931779810e+00 3.007138111681308068e+00 2.446002183223698334e-01 1.892279280104178923e-02 3.423571477565894028e-02 1.153335701229417920e-01
-6.077631443854764726e+00 3.006066987087256059e+00 2.447212548822135236e-01 1.917963737102197294e-02 3.480364301813437117e-02 1.153482314810156673e-01
-6.024782474777783392e+00 3.004699200461349307e+00 2.452554816883638633e-01 1.904781733851604666e-02 3.510584241222794444e-02 1.153979720861924574e-01
-5.971933505700765643e+00 3.004330183227767126e+00 2.454785357700589865e-01 1.644368831093622613e-02 3.616825342503180579e-02 1.155366845627530253e-01
-5.919084536623773651e+00 3.003029612520095259e+00 2.451540122114866105e-01 1.540734356169685265e-02 3.691896912503281336e-02 1.170319963219886433e-01
-5.866235567546784324e+00 3.002842030673273044e+00 2.452840738917686225e-01 1.388737469512354994e-02 3.712482724973095727e-02 1.190071768854311096e-01
-5.813386598469775457e+00 3.000650605846678864e+00 2.454576546143151239e-01 1.323788350992652872e-02 3.667156766825022118e-02 1.193866253365940405e-01
-5.760537629392787018e+00 3.002180326766219487e+00 2.450776609009608642e-01 1.396181020986121332e-02 3.652800087708248100e-02 1.185429243336144911e-01
-5.707688660315795914e+00 2.999545763999165615e+00 2.444967108198640993e-01 1.468848768861614681e-02 3.592507110075505300e-02 1.155150820733546885e-01
-5.654839691238777277e+00 3.001123839499299617e+00 2.438841901561737413e-01 1.602203860509279765e-02 3.590392684119311090e-02 1.135893948341581000e-01
-5.601990722161796832e+00 2.997817718685407584e+00 2.440930641470848705e-01 1.790370306326059813e-02 3.515643819439671913e-02 1.159490734221817893e-01
-5.549141753084777307e+00 2.995014393277616538e+00 2.443895209025186421e-01 1.941828090754664157e-02 3.354108153597300940e-02 1.131161880571964623e-01
-5.496292784007787091e+00 2.996559154465221475e+00 2.443771806412853576e-01 1.940900552270634696e-02 3.150460892895490944e-02 1.126188046819597832e-01
-5.443443814930799540e+00 2.999659916831733053e+00 2.442048873604965864e-01 2.023534465043205430e-02 2.998926368559961045e-02 1.109636188209527780e-01
-5.390594845853787120e+00 3.002688831843715267e+00 2.445231308304380013e-01 2.197509078537746366e-02 3.093408004056959551e-02 1.142528168737393379e-01
-5.337745876776799570e+00 3.001962483146445759e+00 2.447835754071779890e-01 2.263674498868320159e-02 3.389409783435301526e-02 1.117910851341093054e-01
-5.284896907699811130e+00 3.004304442214926318e+00 2.441265774814106448e-01 2.064447996647857803e-02 3.299091775665138199e-02 1.123249362196338946e-01
-5.232047938622789829e+00 3.006351527259216283e+00 2.439071325894678621e-01 1.896762328665919581e-02 3.504309471192205983e-02 1.150768398517655194e-01
-5.179198969545811160e+00 3.006510897496750712e+00 2.436751703054721718e-01 1.672580945924552129e-02 3.483816074774741256e-02 1.143607268169756913e-01
-5.126350000468788970e+00 3.007165671424411268e+00 2.440124203992144192e-01 1.746496597900524736e-02 3.552678432929668589e-02 1.143927690482273163e-01
-5.073501031391800531e+00 3.008243819767832949e+00 2.437537785286208736e-01 1.889437256598049120e-02 3.444668053999352941e-02 1.141006327715570340e-01
-5.020652062314814756e+00 3.010417581038504320e+00 2.437003525559704731e-01 1.863267225014391196e-02 3.519638787733981450e-02 1.141304863039029616e-01
-4.967803093237799672e+00 3.010620765752288541e+00 2.434896999072569679e-01 1.910435515094380948e-02 3.501364707886374383e-02 1.130586516049723877e-01
-4.914954124160813009e+00 3.010968317854339382e+00 2.437608165946475169e-01 1.856823360441995849e-02 3.375806179882812064e-02 1.101099934620214521e-01
-4.862105155083826347e+00 3.010351865486774248e+00 2.438123632845286826e-01 1.937253217337841713e-02 3.284625195348853804e-02 1.108436451331265005e-01
-4.809256186006803269e+00 3.011450827242483363e+00 2.436335884302832377e-01 1.872272001885559936e-02 3.325320907523431763e-02 1.106383420234483411e-01
-4.756407216929825488e+00 3.012694109492874084e+00 2.435630384111908964e-01 1.828917092962368748e-02 3.435317486562907557e-02 1.135901760990157550e-01
-4.703558247852801522e+00 3.012669166454936764e+00 2.437207611069059088e-01 1.819969002382205991e-02 3.215473941248082196e-02 1.144089385186130986e-01
-4.650709278775813971e+00 3.008703184517885099e+00 2.444349796577160727e-01 1.761954915621594467e-02 3.068223153209070214e-02 1.121094618812917276e-01
-4.597860309698828196e+00 3.008315857645434299e+00 2.447063349755183859e-01 1.777385524982816670e-02 3.128597050415107134e-02 1.083950514256580150e-01
-4.545011340621815776e+00 3.010234967245189797e+00 2.443211342283463372e-01 1.877254632502730128e-02 3.214929090966844871e-02 1.112866123165617560e-01
-4.492162371544826449e+00 3.012702855965751159e+00 2.438516222239809073e-01 1.873179806344832041e-02 3.219739843123579914e-02 1.123441067060931553e-01
-4.439313402467837122e+00 3.013842126452862757e+00 2.437641843769758065e-01 1.739498506043313936e-02 3.355100967581785276e-02 1.136460537395463793e-01
-4.386464433390820261e+00 3.010153565349175331e+00 2.440204482233593319e-01 1.773362722847337050e-02 3.691591891705357786e-02 1.146485193558333809e-01
-4.333615464313838928e+00 3.009667761506939154e+00 2.438136862977609010e-01 1.736389412843083666e-02 3.495797459177691496e-02 1.154505025617816455e-01
-4.280766495236814073e+00 3.006449867731018522e+00 2.438071623794971776e-01 1.716706680636951102e-02 3.523015016231961088e-02 1.142722472086322300e-01
-4.227917526159834516e+00 3.005560918336959819e+00 2.442707835559487228e-01 1.654588806924964586e-02 3.565486852555872777e-02 1.176666720402441968e-01
-4.175068557082843412e+00 3.007249345408940400e+00 2.441088537411583437e-01 1.627378795408373352e-02 3.604272460116735716e-02 1.149517357523917455e-01
-4.122219588005825663e+00 3.007244321847329260e+00 2.442735029946845049e-01 1.428111897742920418e-02 3.605828316003844430e-02 1.131137077954753045e-01
-4.069370618928833672e+00 3.009492145356065684e+00 2.440312806863892403e-01 1.371234368024046649e-02 3.444143952650069451e-02 1.124113474927317946e-01
-4.016521649851855003e+00 3.010946726777781635e+00 2.438696892613148315e-01 1.536338665912097799e-02 3.589346128654299223e-02 1.138329991096478089e-01
-3.963672680774829260e+00 3.006760596519102435e+00 2.439421398924634665e-01 1.725859841142079673e-02 3.460460440843134144e-02 1.127597967571330462e-01
-3.910823711697842153e+00 3.006902761997659823e+00 2.440111089691929802e-01 1.782405323928095559e-02 3.238937613184748182e-02 1.163184486171096321e-01
-3.857974742620836395e+00 3.010170357446990241e+00 2.435814696647591593e-01 1.820422578981001002e-02 2.830655538389454176e-02 1.171386433892585288e-01
-3.805125773543841738e+00 3.011222892139276741e+00 2.437767584226141482e-01 1.737837423019782807e-02 2.821399335681430004e-02 1.184178657641573734e-01
-3.752276804466847082e+00 3.009943197141272897e+00 2.439490638024783553e-01 1.705317127311700709e-02 3.307162548025598808e-02 1.198656621814084555e-01
-3.699427835389848873e+00 3.006520769304776852e+00 2.443324985993448328e-01 1.766318095847335332e-02 3.525039300857907981e-02 1.183202780399174175e-01
-3.646578866312854217e+00 3.003349705056325814e+00 2.445609864277262235e-01 1.871619139606207211e-02 3.828003610160748971e-02 1.176654795134807335e-01
-3.593729897235858228e+00 3.004824105855447680e+00 2.441378075551394466e-01 1.776532339264797269e-02 3.651672926572646638e-02 1.132358614898076599e-01
-3.540880928158856467e+00 3.008063642884885702e+00 2.440820949279962349e-01 1.713334310466286398e-02 3.956094409094513403e-02 1.164062431947973514e-01
-3.488031959081866695e+00 3.008473224084310171e+00 2.440940422043851032e-01 1.684860074437675992e-02 3.994771582232974072e-02 1.187627375169339611e-01
-3.435182990004839176e+00 3.008832578491956955e+00 2.438232690820079651e-01 1.872023480898055148e-02 4.002041916380331271e-02 1.183459588773378979e-01
-3.382334020927869833e+00 3.003966362042586269e+00 2.441506778968372815e-01 1.683398239179498962e-02 3.866958080454842989e-02 1.189351586005518852e-01
-3.329485051850871624e+00 3.002370905207041307e+00 2.445133646117973181e-01 1.575243099922707737e-02 3.959134763603346790e-02 1.151637974855980878e-01
-3.276636082773851655e+00 2.999859355770923219e+00 2.446739091030041002e-01 1.651015651833973377e-02 3.802730804035783785e-02 1.120422337699198551e-01
-3.223787113696852114e+00 3.002517126664421276e+00 2.442852619115854773e-01 1.868320161495806014e-02 3.750999818244741407e-02 1.124383447114490064e-01
-3.170938144619884991e+00 3.000196535249555652e+00 2.441047778149196268e-01 2.138050799512656447e-02 3.705808865278893000e-02 1.143635746987090862e-01
-3.118089175542857028e+00 3.001215427856779971e+00 2.442103026994018600e-01 1.847477008805629983e-02 3.704620139730720879e-02 1.143828658393870740e-01
-3.065240206465863260e+00 3.001541377512253472e+00 2.439329032785075291e-01 1.943006281339666047e-02 3.816385781846780983e-02 1.124433016648169470e-01
-3.012391237388869936e+00 3.000812608564864981e+00 2.440326605814862049e-01 1.988751893792784983e-02 3.390546498213024146e-02 1.128448106340032703e-01
-2.959542268311869062e+00 3.001631046178680151e+00 2.441647530885634187e-01 1.928173276451519355e-02 3.365708483675545343e-02 1.104998920909626564e-01
-2.906693299234868633e+00 3.001592678255152080e+00 2.444958191283236881e-01 1.848287097527957779e-02 3.449645676613106310e-02 1.116884844116190906e-01
-2.853844330157883302e+00 3.002586149455836573e+00 2.444173821648774059e-01 1.793598840239338590e-02 3.337716083062405859e-02 1.133729996014892077e-01
-2.800995361080881541e+00 3.002408075900290907e+00 2.442615551542299257e-01 1.899437172880275720e-02 3.316724466099338353e-02 1.148459247900014274e-01
-2.748146392003879779e+00 3.001604271094560072e+00 2.446035706146088284e-01 1.766539644887555119e-02 3.448377609394239623e-02 1.141654600464958036e-01
-2.695297422926890896e+00 3.002876566527629354e+00 2.442908290304942609e-01 1.795295137247612111e-02 3.376333829960050104e-02 1.134506484737784066e-01
-2.642448453849894019e+00 3.006471799463031225e+00 2.440664560254465765e-01 1.806443559893368064e-02 3.411766757556460028e-02 1.118650034533603677e-01
-2.589599484772865612e+00 3.005134168649316706e+00 2.440455918840646332e-01 1.941161765216008542e-02 3.486737084207380127e-02 1.133607321393294981e-01
-2.536750515695903374e+00 3.001878422991325568e+00 2.444606935666829850e-01 1.934537939322518788e-02 3.708660474869540646e-02 1.152249675743286100e-01
-2.483901546618900280e+00 2.999091091502792406e+00 2.442704974552922237e-01 1.788924294773597962e-02 3.718659685555336658e-02 1.140323969738436666e-01
-2.431052577541878090e+00 3.000052096094524501e+00 2.441552692832647808e-01 1.888543800732408323e-02 3.767868555780246737e-02 1.153498777707430006e-01
-2.378203608464873664e+00 2.995622292252514640e+00 2.443928627208400151e-01 1.902471425401705205e-02 3.670711315877574904e-02 1.134100971727722978e-01
-2.325354639387913647e+00 2.995270787116000033e+00 2.447154280670239546e-01 1.627221519447464085e-02 3.495879207734756827e-02 1.116815309106240911e-01
-2.272505670310884351e+00 2.995583225859026033e+00 2.445471267950599381e-01 1.817353606981477604e-02 3.285075451839094413e-02 1.147116594713368520e-01
-2.219656701233886142e+00 2.997286328852224457e+00 2.444710082344618840e-01 1.673148984152843591e-02 3.220695435429032222e-02 1.144428266198624922e-01
-2.166807732156902144e+00 2.998396971052474491e+00 2.440747511931588010e-01 1.769580748239173856e-02 3.155751832696870873e-02 1.087388683805084327e-01
-2.113958763079896830e+00 3.000953548053968856e+00 2.436663878859251231e-01 1.783760062749040892e-02 3.323375638841902929e-02 1.101751268568088998e-01
-2.061109794002891071e+00 2.999184543813646187e+00 2.438520620284737039e-01 1.600281125693430243e-02 3.364943317150783514e-02 1.084746435380633672e-01
-2.008260824925914623e+00 2.996844445936597268e+00 2.441893418265179139e-01 1.636893901242894578e-02 3.470236622528011933e-02 1.068787940515005253e-01
-1.955411855848909086e+00 2.996849187243840085e+00 2.440090790981482571e-01 1.573261796095277998e-02 3.278412173295275345e-02 1.083478903719712477e-01
-1.902562886771903550e+00 3.001341622020887279e+00 2.435909338756329645e-01 1.689897551552999033e-02 3.345141111661191491e-02 1.100541271301269663e-01
-1.849713917694924437e+00 3.001449849123459135e+00 2.435639757437570441e-01 1.762321688836924680e-02 3.510748616103965408e-02 1.103440206331264689e-01
-1.796864948617922453e+00 3.000016609378647559e+00 2.437326934459194128e-01 1.637770490074064861e-02 3.287365310314007555e-02 1.102412355256898180e-01
-1.744015979540891825e+00 2.999822982998944010e+00 2.439281397749515079e-01 1.659891076458079248e-02 2.879532767914860097e-02 1.114911272191672770e-01
-1.691167010463935583e+00 2.999582361651384588e+00 2.437613250386028163e-01 1.663217830452108290e-02 2.780865789718225262e-02 1.105736263684087978e-01
-1.638318041386928936e+00 2.997323068567780524e+00 2.434613475010805328e-01 1.805432259340549253e-02 3.067174200656196809e-02 1.102811367284169675e-01
-1.585469072309904082e+00 3.002402440027338582e+00 2.434517788473388455e-01 1.613051799792281776e-02 2.817295808721732853e-02 1.144777637975038787e-01
-1.532620103232896325e+00 3.002968633108820118e+00 2.432106523023425115e-01 1.725644627075036477e-02 2.870484878392021849e-02 1.146338372624146340e-01
-1.479771134155942525e+00 2.999466137728641790e+00 2.436716642483805206e-01 1.685198426920812842e-02 3.279625860181182434e-02 1.137674478634517899e-01
-1.426922165078911675e+00 2.998988950577635482e+00 2.440431197708820554e-01 1.759755692434621446e-02 3.091432138176664762e-02 1.165374437042590583e-01
-1.374073196001907471e+00 2.997907388808076501e+00 2.441496334991224704e-01 1.668323286328538338e-02 3.248490819715342537e-02 1.146976699318702081e-01
-1.321224226924931910e+00 2.996439805701507808e+00 2.440530187284555563e-01 1.512429232832303641e-02 3.371038944745888971e-02 1.141506899415974802e-01
-1.268375257847923931e+00 2.999326089359546810e+00 2.435384597522207983e-01 1.678319562419161928e-02 3.517653508542607083e-02 1.126533908354634961e-01
-1.215526288770914842e+00 2.997485184998952779e+00 2.440575863490830888e-01 1.718752228491017553e-02 3.479272311107317606e-02 1.150300418527669261e-01
-1.162677319693945499e+00 3.001042447067816088e+00 2.439278594800393940e-01 1.816824881737296934e-02 3.777523983640355271e-02 1.145480265794965036e-01
-1.109828350616936410e+00 3.004894859497337922e+00 2.438201875391607654e-01 1.957948474052956592e-02 3.777334127841863037e-02 1.138860059341697817e-01
-1.056979381539927321e+00 3.006768242398913049e+00 2.439721749215349733e-01 1.873055720331881155e-02 3.564124929441250117e-02 1.151397877164854339e-01
-1.004130412462955535e+00 3.000681282079200596e+00 2.445752954599828000e-01 1.796278563900838635e-02 3.383832281923146446e-02 1.160384772741737958e-01
-9.512814433859498875e-01 3.000980598947256883e+00 2.446397111763868593e-01 1.907407834975122229e-02 3.673826918826234716e-02 1.164328123361544343e-01
-8.984324743089180387e-01 2.999455982119689779e+00 2.448459223650465977e-01 2.065578888589706882e-02 3.648694621926044934e-02 1.183190804092295462e-01
-8.455835052319690126e-01 2.997669089777490914e+00 2.449032822332658788e-01 2.059414853948928967e-02 3.459846135250718019e-02 1.205867405977738421e-01
-7.927345361549587022e-01 2.997998455866524026e+00 2.446103675566431435e-01 1.946340021112370061e-02 3.227522079354492451e-02 1.199419361808928552e-01
-7.398855670779291849e-01 2.996536959462861915e+00 2.447418802286348283e-01 1.777164907660678389e-02 3.332661941279201068e-02 1.185531175495797562e-01
-6.870365980009188744e-01 2.995000797946868687e+00 2.444929067605826345e-01 1.919826509540570672e-02 3.610445644184914760e-02 1.138878899074051987e-01
-6.341876289239698483e-01 2.997585835636928042e+00 2.444573750873082485e-01 1.832219572369627597e-02 3.700463566251685488e-02 1.142845784311985885e-01
-5.813386598469378885e-01 2.997132490875354272e+00 2.446812147087531475e-01 1.949302599400538211e-02 3.567499372049225820e-02 1.158241172177760514e-01
-5.284896907699312418e-01 2.994311046219626959e+00 2.447566119268357876e-01 2.006717124219191406e-02 3.742962324977201077e-02 1.147707840762241666e-01
-4.756407216929629533e-01 2.996682339813295126e+00 2.443936967808187644e-01 1.995910362541927427e-02 3.794154485814368177e-02 1.161973766748814613e-01
-4.227917526159514217e-01 2.998265177367231971e+00 2.438881668969731242e-01 1.997059993922823545e-02 3.692228723211666425e-02 1.146915395771667262e-01
-3.699427835389399455e-01 2.997114526768372311e+00 2.440174326711863906e-01 1.981904421517051082e-02 3.668408989860991870e-02 1.148988255039560535e-01
-3.170938144619764865e-01 2.996960854353623471e+00 2.438662884293736066e-01 2.104920858681513449e-02 3.791829715128633427e-02 1.189169159649457602e-01
-2.642448453849637890e-01 2.997459747297737120e+00 2.435683427319550454e-01 1.963778307210734680e-02 3.627052415776564620e-02 1.198977130535203578e-01
-2.113958763079522851e-01 2.994075908536113495e+00 2.435706128853205032e-01 2.008741735518169286e-02 3.674198691239686371e-02 1.192162494839641568e-01
-1.585469072309864391e-01 2.996005705458653967e+00 2.433244357666405622e-01 1.745138309350786551e-02 3.447766337787662450e-02 1.163984406655973053e-01
-1.056979381539773499e-01 2.995252510175046456e+00 2.432923443000818975e-01 1.853619542950292465e-02 3.403100997295743085e-02 1.146552340824533583e-01
-5.284896907694421053e-02 2.996172481914700647e+00 2.427089523057789078e-01 1.740203603099792565e-02 3.524920573934744311e-02 1.124784154550730469e-01
0.000000000000000000e+00 2.995607401209610110e+00 2.424495421445164167e-01 1.711719640428519332e-02 3.144633487573318675e-02 1.110082962430117420e-01
