0.000000000000000000e+00 2.915574554699771781e+00 4.247183679648483867e+00 1.982599675173315687e-02 2.258820940692221058e-01 -1.918928214459042492e-02
5.369088600833929470e-02 2.831180584477795303e+00 4.005567987436953636e+00 2.023773424216570790e-02 2.477525683457293681e-01 -1.812136478766475725e-02
1.071678641042937835e-01 2.753219962023277567e+00 3.795745282768891560e+00 1.938678261772241312e-02 2.719200728301711112e-01 -1.722948448581807998e-02
1.606448422002482446e-01 2.675324351539995593e+00 3.598706581953543093e+00 1.825898288070250050e-02 2.959269753924718693e-01 -1.736517649311319564e-02
2.141218202962033024e-01 2.604154843304851585e+00 3.422921245207831031e+00 1.709271225787229245e-02 3.141783516505307072e-01 -1.524177970915239523e-02
2.675987983921572222e-01 2.535993620266828952e+00 3.261368645681840484e+00 1.563319237652108229e-02 3.337212536687417797e-01 -1.596384620755334979e-02
3.210757764881124743e-01 2.469021521154834975e+00 3.111269214488112667e+00 1.390854217234237418e-02 3.534971188956386179e-01 -1.449564598252212066e-02
3.745527545840729999e-01 2.405957634783579824e+00 2.971993988235431594e+00 1.176863300920567672e-02 3.729214545654864210e-01 -1.068063340518743930e-02
4.278158247676515646e-01 2.346702497571564017e+00 2.843565529077490606e+00 9.504309469831728058e-03 3.916243756624881445e-01 -5.810118924525227609e-03
4.812928028636162536e-01 2.288918836096639264e+00 2.722440058646621974e+00 9.741253624172087344e-03 4.041331945986368912e-01 -4.346648876492629175e-03
5.347697809595802765e-01 2.233443428220808880e+00 2.615394802563122845e+00 7.406977332954784755e-03 4.194085595956702495e-01 8.006396164915326175e-05
5.882467590555444659e-01 2.181347282515096353e+00 2.516141162964427025e+00 6.258767907660336798e-03 4.372154956293483608e-01 2.200077712560170092e-03
6.417237371515077671e-01 2.128628188419786404e+00 2.417744972544235260e+00 4.519664240045216837e-03 4.472816183223688458e-01 4.897332400565504278e-03
6.952007152474694029e-01 2.080891368046826617e+00 2.332936547950428263e+00 2.804908854247978398e-03 4.597771719796092671e-01 6.092167314594976700e-03
7.486776933434154957e-01 2.033911572426750247e+00 2.250050515289811148e+00 1.119362161014906100e-03 4.666667432797209081e-01 8.544755942157677628e-03
8.021546714393573696e-01 1.990013416197718987e+00 2.177279938435872975e+00 -7.486274572671263719e-04 4.756645785378632030e-01 1.287203467972192726e-02
8.556316495353026852e-01 1.946252065369464601e+00 2.103877486051313639e+00 -3.275844208436632515e-03 4.858077475135724188e-01 1.568834050652042830e-02
9.091086276312471126e-01 1.905883014708837253e+00 2.041756515288414953e+00 -4.837498563287390661e-03 5.030411398221058539e-01 1.380779151376345347e-02
9.627995136395787190e-01 1.866217542251191075e+00 1.977070603117301095e+00 -6.568749273634690022e-03 5.017564573740640466e-01 1.732966408100632474e-02
1.016276491735524701e+00 1.828495762395381252e+00 1.920269225963072701e+00 -6.479747891639040490e-03 5.112573372483560918e-01 1.868579232002450657e-02
1.069753469831465242e+00 1.792317607667997637e+00 1.868009950185233636e+00 -7.909131757953147962e-03 5.119635424647102084e-01 2.160979989036335147e-02
1.123230447927412667e+00 1.758416497099649645e+00 1.821193813545245899e+00 -8.322679428040461944e-03 5.156942427891295644e-01 2.260211699568301369e-02
1.176707426023356540e+00 1.725891336185348068e+00 1.775982129344237270e+00 -1.036352561714022624e-02 5.196978285124451702e-01 2.538894303790099546e-02
1.230184404119303965e+00 1.695409476320906439e+00 1.732671872535926028e+00 -1.137256753107296348e-02 5.149831255356268622e-01 2.661869364686171580e-02
1.283661382215247171e+00 1.666695464077429856e+00 1.692863001965225322e+00 -1.147918444941688730e-02 5.090872759911321266e-01 2.950940615972549863e-02
1.337138360311196150e+00 1.637818022559272002e+00 1.654649520508349791e+00 -1.300223264115864773e-02 5.218928557820058378e-01 2.962890485483589756e-02
1.390615338407156898e+00 1.610822731262022689e+00 1.618400497933905058e+00 -1.316455140987562479e-02 5.157951309531487727e-01 2.990061238149282000e-02
1.444092316503134743e+00 1.585015308942966827e+00 1.585768522339635389e+00 -1.496503301173862654e-02 5.115815485579668920e-01 3.147189902351462537e-02
1.497569294599122358e+00 1.560415592061944023e+00 1.554672992932022435e+00 -1.492061858593021588e-02 5.119844052652009481e-01 3.401447839149887575e-02
1.550832364782716244e+00 1.536944281078281405e+00 1.528790282134562251e+00 -1.541590429828720681e-02 5.027587541615089473e-01 3.495381033431310680e-02
1.604309342878704081e+00 1.514569055441913781e+00 1.503250102182223769e+00 -1.466573967113594425e-02 4.950254460927696054e-01 3.442655057979455285e-02
1.657786320974684813e+00 1.493285007900017947e+00 1.475834090353404626e+00 -1.620999015749845923e-02 4.817903497891828368e-01 3.533233840717029534e-02
1.711263299070664434e+00 1.473392931433275210e+00 1.452500601207007414e+00 -1.599493439761181732e-02 4.821676186761428284e-01 3.819696886695322230e-02
1.764740277166653160e+00 1.454599919968580179e+00 1.432822373788229076e+00 -1.586810623379472998e-02 4.759072089085512047e-01 3.598075130272655048e-02
1.818217255262630561e+00 1.436495426619915250e+00 1.415590817489353226e+00 -1.574606873638663765e-02 4.613480759283810073e-01 3.893303200076409648e-02
1.871694233358619286e+00 1.417704863102838608e+00 1.394546476280567937e+00 -1.577912000833838965e-02 4.495932160588706483e-01 4.050812967958677263e-02
1.925171211454599351e+00 1.401659703671359614e+00 1.379552739981905640e+00 -1.581467361442726732e-02 4.439044553057228115e-01 4.251643320682906707e-02
1.978648189550580305e+00 1.384823876769781137e+00 1.363637692093112586e+00 -1.592708441653325688e-02 4.393414545086877787e-01 4.115942764052527014e-02
2.032125167646566144e+00 1.369203012014789556e+00 1.348418650426785437e+00 -1.581326645673848327e-02 4.291354059343295835e-01 3.923133751650955542e-02
2.085602145742547098e+00 1.353194093541215670e+00 1.335075600242552563e+00 -1.698309593460804734e-02 4.268850928952537260e-01 3.815434361197340279e-02
2.139079123838535157e+00 1.338952083373170510e+00 1.323425482394952946e+00 -1.699931666658970053e-02 4.185084345130518635e-01 4.140196239573008113e-02
2.192556101934516999e+00 1.324736828673772626e+00 1.311340276021321749e+00 -1.698622922550580699e-02 4.056979888493658648e-01 4.268594836093250744e-02
2.246033080030492624e+00 1.310941023583403586e+00 1.297550309895574516e+00 -1.619048663774664068e-02 3.908648927565491760e-01 4.341108960725298394e-02
2.299510058126482903e+00 1.298248351136690903e+00 1.288147872757882562e+00 -1.630567649585800555e-02 3.822951803597546827e-01 4.259372961495976745e-02
2.352987036222465633e+00 1.284481761454556947e+00 1.276753180841544433e+00 -1.654512822716669093e-02 3.677524067074746661e-01 4.148383318104575945e-02
2.406464014318445255e+00 1.273081502580655444e+00 1.269323745912820156e+00 -1.742541406085801325e-02 3.555541764970782115e-01 4.038942773915384782e-02
2.459940992414428429e+00 1.261737496680966242e+00 1.262282594171737049e+00 -1.782891815292780499e-02 3.517658006838847995e-01 4.097808985094225642e-02
2.513417970510419153e+00 1.250430511171103154e+00 1.254311183705814958e+00 -1.770997779626547544e-02 3.439087834426854395e-01 4.114588049005239029e-02
2.566894948606392113e+00 1.241603687413270762e+00 1.248120658395867055e+00 -1.759917290111968902e-02 3.385647360047360777e-01 3.927937864402423346e-02
2.620371926702375731e+00 1.231718752955725416e+00 1.242308045012390672e+00 -1.792933518470727836e-02 3.339714495292775975e-01 3.914719576616942226e-02
2.673848904798365123e+00 1.222426843155364651e+00 1.238634869187585030e+00 -1.966383380268345998e-02 3.249369610445532186e-01 3.881527875605360334e-02
2.727325882894349629e+00 1.212992397949478107e+00 1.230948783849175276e+00 -1.953452698306991017e-02 3.105633698622622396e-01 3.806879388355372679e-02
2.780802860990269298e+00 1.204244832778773366e+00 1.228274285683231604e+00 -2.052563013444631823e-02 3.079050425901519450e-01 3.779905623742754739e-02
2.834279839086168984e+00 1.196239687018147979e+00 1.226117255222146651e+00 -1.978358854553207216e-02 2.988059320354435333e-01 3.854578135034538583e-02
2.887756817182076663e+00 1.188743722885724496e+00 1.221382481612691473e+00 -2.021543376189752217e-02 2.961318766451205842e-01 3.641435713432673166e-02
2.941233795277989671e+00 1.181480177380495489e+00 1.217222905092699259e+00 -2.089801438573013828e-02 2.936648925591945347e-01 3.484747006203874758e-02
2.994710773373897794e+00 1.173544321469789153e+00 1.212897763646865856e+00 -1.986593228300542399e-02 2.856523470518780305e-01 3.548893571167544697e-02
3.048187751469796591e+00 1.166429675215282291e+00 1.210102947098115500e+00 -1.882696469899571012e-02 2.675062201957877916e-01 3.405767817894719135e-02
3.101664729565704715e+00 1.160305163978062604e+00 1.207532469833574984e+00 -1.900485886277201997e-02 2.590444665696258197e-01 3.583789720928553385e-02
3.155141707661617723e+00 1.153961606298449460e+00 1.206330446500873066e+00 -1.876684622582261777e-02 2.597303392590503690e-01 3.437434954357727890e-02
3.208618685757526734e+00 1.147602065860647835e+00 1.204496177142323488e+00 -1.991496755695973050e-02 2.581978151967879720e-01 3.428467001420417576e-02
3.262095663853423311e+00 1.141108390272654427e+00 1.204025002040896242e+00 -1.987837826257509224e-02 2.563554416253668866e-01 3.397077052311400780e-02
3.315572641949332322e+00 1.136068762558972711e+00 1.204057267486684513e+00 -1.945077604790059617e-02 2.556134403344540451e-01 3.300937698284886479e-02
3.369049620045246218e+00 1.130963467032938041e+00 1.203299963884114421e+00 -1.999238494073667105e-02 2.543917056887560757e-01 3.218020153881002293e-02
3.422740506053542298e+00 1.126303115876100325e+00 1.203747418985959605e+00 -1.904476802165370672e-02 2.532209400800631283e-01 3.058976924807174300e-02
3.476217484149437542e+00 1.122008890457763641e+00 1.204305837879968477e+00 -1.988207422297261218e-02 2.480207675004472145e-01 3.184970168861483986e-02
3.529694462245346998e+00 1.116842451038478901e+00 1.202830291880677249e+00 -1.911445218295412113e-02 2.486841063998142254e-01 3.007856309997850031e-02
3.583171440341261338e+00 1.112639875409446644e+00 1.203613773019445610e+00 -1.903670558908939284e-02 2.424951035462557802e-01 2.977021138986128343e-02
3.636648418437170793e+00 1.107602184613127649e+00 1.204234949678636868e+00 -1.925568310732849592e-02 2.402194297751403251e-01 2.997376556687876559e-02
3.690125396533066038e+00 1.103740763910912914e+00 1.206595568358106663e+00 -1.978324535702849843e-02 2.419957360678900438e-01 3.120691856765824349e-02
3.743602374628976381e+00 1.099160238279980328e+00 1.205896885769238036e+00 -1.948135110824088939e-02 2.410716939648402946e-01 3.177502356749543205e-02
3.797079352724888945e+00 1.096431769184954774e+00 1.208178492204950993e+00 -1.898530129047115364e-02 2.360291812954147528e-01 3.260166706400857706e-02
3.850556330820797957e+00 1.092353154235794266e+00 1.208139915214683224e+00 -1.969556488928733001e-02 2.227828459042015263e-01 3.193271915665634592e-02
3.904033308916695866e+00 1.088288414362160061e+00 1.209318619323393795e+00 -1.875002365029200188e-02 2.204393890298171899e-01 3.203041908917002994e-02
3.957510287012603545e+00 1.084151205100541526e+00 1.210438768864324111e+00 -1.694620408950928137e-02 2.156043439641673054e-01 3.223151144254006450e-02
4.010987265108513888e+00 1.081375707994818303e+00 1.212123141679432248e+00 -1.766506528933118117e-02 1.926151518256905559e-01 3.609522658675324430e-02
4.064464243204427341e+00 1.077321183642914848e+00 1.211828896277376666e+00 -1.771037576538425987e-02 1.870619172521501561e-01 3.783006384459747934e-02
4.117941221300321253e+00 1.074697125553010890e+00 1.214017834847914035e+00 -1.817163656162280524e-02 1.860627267552271424e-01 3.415561315889382304e-02
4.171418199396235593e+00 1.071858210791835520e+00 1.215320880533119929e+00 -1.871375114947453067e-02 1.880533588828014746e-01 3.594995290520928283e-02
4.224895177492146381e+00 1.069200160733337235e+00 1.217571974596037609e+00 -1.911068621612631649e-02 1.850075803454680479e-01 3.579166272560572321e-02
4.278372155588050951e+00 1.066224052001778499e+00 1.219073465956509894e+00 -1.991923430676952045e-02 1.867023905108763093e-01 3.527850653645228651e-02
4.331849133683955522e+00 1.062915878875523079e+00 1.218995097346157852e+00 -1.946283892609505448e-02 1.824963200726384682e-01 3.566495087251284057e-02
4.385326111779860092e+00 1.060259818691877465e+00 1.220547139495904432e+00 -1.948344638277743970e-02 1.797524646999465459e-01 3.562167082663229151e-02
4.438803089875767327e+00 1.058202240656562543e+00 1.222957935682799313e+00 -1.934982594996317862e-02 1.799154918132543635e-01 3.466651557706282305e-02
4.492280067971685220e+00 1.055910745942546303e+00 1.223255537262849524e+00 -1.950988651317912478e-02 1.752870824128577032e-01 3.498336168986804218e-02
4.545757046067577356e+00 1.053623104033896807e+00 1.224500397508833327e+00 -1.906392720978388952e-02 1.727804334300735711e-01 2.936312179783618845e-02
4.599234024163495249e+00 1.051344450640082862e+00 1.225278437018945787e+00 -1.881221890298819324e-02 1.736470302392701948e-01 2.817090561600413268e-02
4.652711002259402484e+00 1.049009372545254726e+00 1.228012207811125744e+00 -1.894388219278138330e-02 1.760068491680166769e-01 2.927997036259119557e-02
4.706187980355304390e+00 1.046999198212422488e+00 1.230148249386446846e+00 -2.008797245706874304e-02 1.733049744678612780e-01 2.975869490514932228e-02
4.759664958451214289e+00 1.044960601187301830e+00 1.229357171486011202e+00 -1.984267386664910135e-02 1.691971182405777319e-01 3.098781936085927280e-02
4.813141936547116195e+00 1.043123961382011355e+00 1.229681767942632398e+00 -1.979111112378523565e-02 1.672936682964805133e-01 3.289654296073859369e-02
4.866618914643020766e+00 1.041002763716924129e+00 1.230725940369869598e+00 -1.945131990813928416e-02 1.683512374428850766e-01 2.896236034369336840e-02
4.920095892738942212e+00 1.039330593552989512e+00 1.233636285560429258e+00 -1.961298775405873052e-02 1.690094725402627451e-01 2.810716623946329928e-02
4.973572870834832571e+00 1.038079536165398720e+00 1.236668702409336573e+00 -1.891628478482445391e-02 1.668553234065142110e-01 3.069148287272338571e-02
5.027049848930754905e+00 1.035986571824236702e+00 1.237992678123709833e+00 -1.882020020922897663e-02 1.663172908806085648e-01 3.086366010866531048e-02
5.080526827026658587e+00 1.034443868187786775e+00 1.238352158355118471e+00 -1.893065036352572714e-02 1.690419576091658216e-01 2.847041385796569499e-02
5.134003805122559605e+00 1.033305000348583080e+00 1.240439624200818436e+00 -2.027572283510181705e-02 1.643253995582876215e-01 2.870908746276941079e-02
5.187480783218472169e+00 1.032644652343299274e+00 1.243737079165674775e+00 -2.121266510745631675e-02 1.657477500384432478e-01 2.678766213518373254e-02
5.240957761314372299e+00 1.031929835591129052e+00 1.246724031103607411e+00 -2.082484840196732398e-02 1.675649696409339251e-01 2.625838122133429195e-02
5.294434739410275093e+00 1.030762995887468225e+00 1.248129365356098974e+00 -2.173333843356707595e-02 1.639296117398064412e-01 2.623905095912489396e-02
5.347911717506198315e+00 1.029802739719749560e+00 1.247716587161172841e+00 -2.104053012558721944e-02 1.613503124187669613e-01 2.768652718072455235e-02
5.401388695602088674e+00 1.028770253978187554e+00 1.248710188963892742e+00 -2.088292796327432740e-02 1.615427392369439552e-01 2.780899642421904086e-02
5.454865673698012785e+00 1.027720258413639343e+00 1.253008228185528816e+00 -2.077150168356229135e-02 1.597040071291442875e-01 2.916045800297692447e-02
5.508342651793915579e+00 1.026277612013462237e+00 1.253284976939013085e+00 -2.049140039929512810e-02 1.532007040586392810e-01 2.948988434062282948e-02
5.561819629889813932e+00 1.025358571938626229e+00 1.254839727804262006e+00 -2.114909858175397298e-02 1.562186753169380327e-01 2.870064409388093166e-02
5.615296607985730049e+00 1.024317228301228955e+00 1.256146215599583726e+00 -2.123547010932211668e-02 1.559755177600020692e-01 2.820459838674596598e-02
5.668773586081629290e+00 1.023493127745761955e+00 1.256830009481249899e+00 -1.971641413466762235e-02 1.537527996041069822e-01 2.775486912267637399e-02
5.722250564177529419e+00 1.022779198626469155e+00 1.259752072711783244e+00 -2.021241183005167627e-02 1.535424683332819173e-01 2.785117108625749863e-02
5.775727542273455306e+00 1.021726457744520422e+00 1.259846628027964321e+00 -2.073593368081565885e-02 1.524915569012493255e-01 2.411651317852439580e-02
5.829204520369344777e+00 1.020439865580267780e+00 1.260579314723398792e+00 -1.982561197611048751e-02 1.526408687998042912e-01 2.464318434037626737e-02
5.882681498465272441e+00 1.019312573215462869e+00 1.262432081627732128e+00 -2.015206354093044064e-02 1.525753344393213640e-01 2.237616560403188348e-02
5.936158476561171682e+00 1.018545667751976413e+00 1.264301898965720428e+00 -2.078330623349704254e-02 1.546088186489970318e-01 2.109949337526954502e-02
5.989635454657069147e+00 1.018462871197956865e+00 1.265984864952264477e+00 -2.093316935078486443e-02 1.567140872541848695e-01 2.036992766617567660e-02
6.043112432752988816e+00 1.017687294321675484e+00 1.266663693969322990e+00 -2.041605542264433512e-02 1.575888951993701659e-01 1.930771980142091324e-02
6.096589410848885393e+00 1.016405429699119622e+00 1.267787773965039388e+00 -2.098575913672321228e-02 1.542105032143755994e-01 1.980576903580840570e-02
6.150066388944784634e+00 1.016009785080088879e+00 1.268739920370998142e+00 -2.094273816715665204e-02 1.564053018493893055e-01 2.051073150364410985e-02
6.203543367040712297e+00 1.015426969474147789e+00 1.269083478396771270e+00 -2.030086203781903201e-02 1.582892631596247435e-01 2.152889604860345682e-02
6.257020345136600881e+00 1.015257169085611144e+00 1.271357274301074369e+00 -2.046770521664521489e-02 1.609178173047786931e-01 2.148915048895271365e-02
6.310497323232529432e+00 1.014559185348487658e+00 1.273139818315817129e+00 -2.011583530238372428e-02 1.633171879547673233e-01 2.161611540807565832e-02
6.363974301328428673e+00 1.013739145539943820e+00 1.272469005226659622e+00 -2.025023137045722788e-02 1.654170369538530971e-01 2.026696443618512464e-02
6.417451279424324362e+00 1.013457133857453174e+00 1.275792750914944040e+00 -2.057762492226118331e-02 1.648155780257136438e-01 2.314494608336832571e-02
6.470928257520244919e+00 1.012847422249377960e+00 1.277835347788518705e+00 -2.019820879281545092e-02 1.650928241731092205e-01 2.521158471312621649e-02
6.524405235616142384e+00 1.011944120837360295e+00 1.278465033533200623e+00 -2.035189728736078521e-02 1.625427629719010392e-01 2.535773745301618878e-02
6.577882213712039849e+00 1.011620806185405064e+00 1.280833520072912401e+00 -1.925981372118011278e-02 1.631866648249988005e-01 2.522284873768776414e-02
6.631359191807969289e+00 1.011350399984958015e+00 1.283272506035854743e+00 -1.858352023934878652e-02 1.592584389311105519e-01 2.710975507777835247e-02
6.684836169903856984e+00 1.010540804246502278e+00 1.282822715560664628e+00 -1.840334714456892326e-02 1.637566102025144188e-01 2.805874658017997250e-02
6.738313147999787311e+00 1.009839187314631737e+00 1.283794030037995526e+00 -1.814501031243835258e-02 1.612274242489242504e-01 2.984466860874650587e-02
6.791790126095684776e+00 1.009346779741503441e+00 1.284761768762076706e+00 -1.699835454006328253e-02 1.624084020040678367e-01 2.887560166789089958e-02
6.845267104191579577e+00 1.009225119550820837e+00 1.285022579109167395e+00 -1.786169389514982372e-02 1.594312886847708555e-01 2.745442175362004453e-02
6.898744082287503687e+00 1.008670394177624274e+00 1.285866046725488099e+00 -1.835415857894656319e-02 1.611071398492361362e-01 2.733949391265864948e-02
6.952221060383398488e+00 1.009110392488079544e+00 1.289042123544477336e+00 -1.843767924115678400e-02 1.586471369278797672e-01 2.823480398907766628e-02
7.005698038479294176e+00 1.008988046293923357e+00 1.289617293035635992e+00 -1.893283177583380411e-02 1.594770192092374306e-01 2.895559168365818836e-02
7.059175016575226280e+00 1.009441672094971709e+00 1.292537845382008888e+00 -1.804023837723485804e-02 1.584231605905802587e-01 2.755471258612267327e-02
7.112651994671112199e+00 1.008822497800112350e+00 1.293515809041654530e+00 -1.879071155133011858e-02 1.561048988550148564e-01 2.741548921299560501e-02
7.166128972767045191e+00 1.008520179999690347e+00 1.294381953401892993e+00 -1.933399666198884481e-02 1.566390760770417778e-01 2.825758928407327494e-02
7.219605950862940880e+00 1.007859622563622715e+00 1.294574555130480809e+00 -1.940509121408214369e-02 1.577467454743068653e-01 2.708807745095097308e-02
7.273082928958835680e+00 1.007169095062301567e+00 1.293684744186803126e+00 -1.794000384977441007e-02 1.589730719438182949e-01 2.613064643541482268e-02
7.326559907054759790e+00 1.006779773896879782e+00 1.294038056984808227e+00 -1.781013389618429921e-02 1.607686752470166847e-01 2.743041981519472872e-02
7.380036885150654591e+00 1.007088165736605090e+00 1.295214183143472031e+00 -1.828494919133333632e-02 1.613688891290830651e-01 2.762809305908702287e-02
7.433513863246549391e+00 1.006851860582930636e+00 1.296857149428634726e+00 -1.774347189363686614e-02 1.625560076893292905e-01 2.858232059438751624e-02
7.486990841342482383e+00 1.005274893334890285e+00 1.294531572968940836e+00 -1.720961072655325871e-02 1.631029490983990360e-01 2.988278709851537387e-02
7.540467819438370967e+00 1.005483212921251202e+00 1.294524068994107546e+00 -1.708459784375239432e-02 1.639136935793396865e-01 3.018931717344125465e-02
7.593944797534300406e+00 1.005016848383976980e+00 1.292827792587403657e+00 -1.650549478412786583e-02 1.646434736069554983e-01 2.771074055179030896e-02
7.647421775630196983e+00 1.004435331910194185e+00 1.293757301200018528e+00 -1.689559712225474630e-02 1.644310207191536921e-01 2.643362179415581145e-02
7.700898753726094448e+00 1.003647951457916410e+00 1.293148995796283840e+00 -1.695537534764194124e-02 1.669318264126478102e-01 2.526126135419186694e-02
7.754375731822012341e+00 1.003462416434174775e+00 1.291206676769713679e+00 -1.646684950167533537e-02 1.672936334522833468e-01 2.557052058273738548e-02
7.807852709917910694e+00 1.003150947815344196e+00 1.290050151936265266e+00 -1.613904009535511996e-02 1.624799803642503482e-01 2.718237816452488687e-02
7.861329688013810824e+00 1.003196478835058469e+00 1.291223037657754036e+00 -1.676121356647473568e-02 1.615676238714491009e-01 2.874897216795759339e-02
7.914806666109732269e+00 1.002765227550323823e+00 1.290900685035956785e+00 -1.732696693410564967e-02 1.610208175942569875e-01 2.802298688299655408e-02
7.968283644205626182e+00 1.002555723540581978e+00 1.291846270312897671e+00 -1.751382962115002537e-02 1.592936344756440414e-01 3.063471995290572084e-02
8.021760622301558286e+00 1.002935472456048416e+00 1.294359873364000046e+00 -1.799988691907514204e-02 1.591115552885290774e-01 2.962877960320867143e-02
8.075237600397446869e+00 1.003301960407258608e+00 1.296520910414620031e+00 -1.855779158307940824e-02 1.587223213950940126e-01 2.884430765840802213e-02
8.128714578493347886e+00 1.003125480154258398e+00 1.296027306147167213e+00 -1.840522726632221398e-02 1.580901158970203224e-01 2.670882345976951025e-02
8.182191556589273773e+00 1.002461760035744831e+00 1.297847067854716707e+00 -1.851726680624599108e-02 1.563458194502159448e-01 2.745781809807189625e-02
8.235668534685176567e+00 1.002483663669052838e+00 1.297685889291324557e+00 -1.912224653748043068e-02 1.560329588064731376e-01 2.736703901184634261e-02
8.289145512781059821e+00 1.001699114167777793e+00 1.297009621629946263e+00 -1.894510912558445767e-02 1.559941457046437885e-01 2.664726512975038042e-02
8.342622490876994590e+00 1.002017467535248230e+00 1.299172559204111455e+00 -1.852223560318398340e-02 1.537077584863807134e-01 2.546536066873498691e-02
8.396099468972890278e+00 1.001918065948341541e+00 1.299257523301692530e+00 -1.778298151393218826e-02 1.552997022814220085e-01 2.490273460585986157e-02
8.449576447068805507e+00 1.002629040627474932e+00 1.302269234032524370e+00 -1.827838991793664242e-02 1.561497524489146305e-01 2.328982127524964821e-02
8.503053425164710077e+00 1.002307259515609950e+00 1.301434698951457580e+00 -1.886851229674882738e-02 1.571138813546992252e-01 2.310941192087371046e-02
8.556530403260612871e+00 1.002191885142224681e+00 1.300197997750880408e+00 -1.902856433157765551e-02 1.556848234975928003e-01 2.376388168262272629e-02
8.610007381356520995e+00 1.002592566824891174e+00 1.299714917551642479e+00 -1.877878908507321989e-02 1.563488599911885268e-01 2.564432776366861247e-02
8.663484359452423789e+00 1.002214860477000702e+00 1.300103482893674167e+00 -1.933750578978464529e-02 1.569724865375298206e-01 2.790363968643865336e-02
8.716961337548328359e+00 1.001499098451652303e+00 1.299377878046065860e+00 -1.877916541453587829e-02 1.583051408699999441e-01 2.812432479670072538e-02
8.770438315644238259e+00 1.000994851058366608e+00 1.300436163048366733e+00 -1.790771301033262583e-02 1.582917350448819760e-01 2.694984301357890646e-02
8.823915293740137500e+00 1.000727324378802185e+00 1.301983178345616166e+00 -1.773050897953952140e-02 1.590473735040141001e-01 2.558170526928477129e-02
8.877392271836074045e+00 1.000384907511170374e+00 1.303756217206515133e+00 -1.688077784803944034e-02 1.552226925772517141e-01 2.413121231753217674e-02
8.930869249931953746e+00 9.999921338041756202e-01 1.302855908084094017e+00 -1.559735253098397390e-02 1.572564197852313050e-01 2.443431233300695851e-02
8.984346228027858317e+00 9.995898887458048998e-01 1.302895146875189702e+00 -1.623237472236815915e-02 1.595188992009058948e-01 2.461911382251668126e-02
9.037823206123787756e+00 9.991655373019961983e-01 1.304507084329375122e+00 -1.714360196470270450e-02 1.613646706223068883e-01 2.470165235706609994e-02
9.091300184219694103e+00 9.987289137305425113e-01 1.303728907942296011e+00 -1.798176046073873477e-02 1.611919157739081787e-01 2.238312065346968402e-02
9.144777162315572028e+00 9.988879956542594529e-01 1.302564968897751196e+00 -1.816213437127395594e-02 1.624243774856051203e-01 2.318637995886914036e-02
9.198254140411506796e+00 9.995127646017885059e-01 1.304564110657503218e+00 -1.782504459502817773e-02 1.624179279776111207e-01 2.278038956359862421e-02
9.251731118507409590e+00 9.995644461789946478e-01 1.304541824567908126e+00 -1.687337777486977788e-02 1.642165499049134114e-01 2.312073160091622157e-02
9.305208096603315937e+00 1.000081120877723162e+00 1.305872979177865378e+00 -1.799019056124955343e-02 1.662185798458466479e-01 2.190825744895780539e-02
9.358685074699222284e+00 1.000371961243484487e+00 1.308529923296867015e+00 -1.686097765214213118e-02 1.636174771353683388e-01 2.266922715220807613e-02
9.412162052795130407e+00 1.000056194678330179e+00 1.306781845852929225e+00 -1.722902065057900847e-02 1.631429611418877823e-01 2.411651952703985913e-02
9.465639030891027872e+00 9.997646151814686410e-01 1.307559951146129107e+00 -1.751854670690459678e-02 1.640393331513591568e-01 2.257411173391484990e-02
9.519116008986935995e+00 1.000165121285193415e+00 1.311089115805198491e+00 -1.783034508187895939e-02 1.651014589024688839e-01 2.523441613350948035e-02
9.572592987082845895e+00 1.000333716268986040e+00 1.312529371794993516e+00 -1.745545831804529505e-02 1.649442296451398005e-01 2.677930290324669407e-02
9.626069965178745136e+00 1.000012051553603509e+00 1.312187614663995472e+00 -1.905044855067291112e-02 1.684753946295567684e-01 2.505766592016521813e-02
9.679546943274649706e+00 1.000160422897016010e+00 1.313134994977433356e+00 -1.815035027026587824e-02 1.655275567837112549e-01 2.475527259544564249e-02
9.733023921370588027e+00 1.000106788850384287e+00 1.313996718210532100e+00 -1.785496603925468273e-02 1.649183983800145414e-01 2.559688361199698170e-02
9.786500899466458847e+00 1.000292537067536847e+00 1.313520762362105243e+00 -1.831729968008616663e-02 1.656484213683956097e-01 2.605735046990882361e-02
9.839977877562368747e+00 1.000841473760703426e+00 1.314690431598620535e+00 -1.961049285109203386e-02 1.671011745274483262e-01 2.700584452243739997e-02
9.893454855658303515e+00 1.000202784667443057e+00 1.314017648605540156e+00 -1.926651462452508984e-02 1.616832103735839077e-01 2.595663548209982407e-02
9.946931833754211638e+00 9.996878133750431994e-01 1.313962703353770411e+00 -1.880140099611378110e-02 1.637380147950935338e-01 2.588755007501314029e-02
1.000040881185008423e+01 9.995933651673789555e-01 1.314271078003147020e+00 -1.825125936363345205e-02 1.607120444606146836e-01 2.252106788499952383e-02
1.005388578994602078e+01 1.000756450198848846e+00 1.313922351068257610e+00 -1.794199847578177576e-02 1.572494480584713250e-01 2.247162991441040147e-02
1.010736276804192713e+01 1.000138165736864204e+00 1.313272968219662884e+00 -1.752268625778047317e-02 1.576035825629843179e-01 2.096775718998371632e-02
1.016083974613782281e+01 1.000620904664496935e+00 1.313440331907176573e+00 -1.766862043957822745e-02 1.594893758178251020e-01 2.133301264244268428e-02
1.021431672423373449e+01 9.998725585780059433e-01 1.312600568595552852e+00 -1.830151727841509285e-02 1.596194954446269187e-01 1.815415671758455196e-02
1.026779370232964794e+01 1.000197558875020265e+00 1.314864607747428860e+00 -1.831255515943294374e-02 1.624539953643880930e-01 1.968806380205547976e-02
1.032127068042553653e+01 9.998122568758840423e-01 1.317524161168843522e+00 -1.871611744852861095e-02 1.627010990682746794e-01 2.089745200693284358e-02
1.037474765852144998e+01 1.000578861896433525e+00 1.320054219463247858e+00 -1.905734607210872802e-02 1.658217394470214712e-01 2.053490885979870548e-02
1.042822463661736165e+01 1.000319140324383849e+00 1.319004898228726796e+00 -1.955006370965744686e-02 1.655627289915099221e-01 2.042488978599307434e-02
1.048170161471325379e+01 1.000172059780832789e+00 1.318813633096420412e+00 -1.887218870794496114e-02 1.641328080213642904e-01 2.143352631111467357e-02
1.053517859280916369e+01 1.000106904993251611e+00 1.317747904967262240e+00 -1.906258431496562003e-02 1.670120195974680588e-01 2.112901512681515312e-02
1.058865557090510201e+01 9.994786890490228171e-01 1.315971489912409087e+00 -1.813962685296381314e-02 1.695830613449713642e-01 2.290533284473705855e-02
1.064213254900096750e+01 9.995823619870781718e-01 1.314008037788268801e+00 -1.883290482342762570e-02 1.678615887198421641e-01 2.316369459088819457e-02
