-1.063855973362334240e+01 3.005057624964731833e+00 1.000000000000000000e+00 -2.399184364167517708e-03 1.449344289999730494e-05 -3.594071539772219440e-03
-1.058488687291418806e+01 3.013508191590611673e+00 9.154259184478146238e-01 -6.678629090044027952e-03 1.923282624983799552e-02 1.082831808265575591e-03
-1.053142784830347800e+01 3.008788999091056571e+00 8.359136362442162183e-01 -8.270844446744769068e-03 3.842769046484338646e-02 6.743546342961139958e-03
-1.047796882369276972e+01 3.005689189438840891e+00 7.666000453638214251e-01 -9.089785341911149966e-03 5.562820797872027045e-02 1.140552919188162623e-02
-1.042450979908205966e+01 3.001692062549219830e+00 7.070770263674908129e-01 -1.104100568723442519e-02 7.173611877433433426e-02 1.840535807905470736e-02
-1.037105077447134960e+01 2.998601462393712946e+00 6.542419794378554476e-01 -1.140370510396119738e-02 8.307947054391971731e-02 2.259487864210480909e-02
-1.031759174986063776e+01 2.995340641156952532e+00 6.086138638913938248e-01 -1.027068994799917520e-02 9.488773093488712951e-02 2.720217951429475256e-02
-1.026413272524992237e+01 2.993735366794643138e+00 5.671792310827015182e-01 -1.051919052368438696e-02 1.037563674928728280e-01 3.344227762155854017e-02
-1.021088753673764593e+01 2.991557115571154224e+00 5.315694143482224687e-01 -1.054294721495689473e-02 1.132209178324482535e-01 3.842745654426429902e-02
-1.015742851212692521e+01 2.991431394949275901e+00 4.996375938163695185e-01 -1.142814856338786843e-02 1.174475249434755869e-01 4.563031751809165648e-02
-1.010396948751620982e+01 2.989116919527194938e+00 4.715891551881890020e-01 -1.276375114654049701e-02 1.200988210904627984e-01 5.062037696737567427e-02
-1.005051046290548911e+01 2.986737170320413970e+00 4.470308760053186004e-01 -1.326189564897394847e-02 1.212944291506949102e-01 5.483563438045000599e-02
-9.997051438294770165e+00 2.984723323576958354e+00 4.243614917922832741e-01 -1.313033776925861401e-02 1.199836921485049474e-01 5.573213453797846301e-02
-9.943592413684053000e+00 2.984308250487766045e+00 4.044501443523282336e-01 -1.345111405940442421e-02 1.212125873188585473e-01 5.882340286724906803e-02
-9.890133389073350045e+00 2.983431835754161376e+00 3.875432496516364456e-01 -1.333277445038816636e-02 1.168397890895178648e-01 6.469163323306786895e-02
-9.836674364462654196e+00 2.983373954967392105e+00 3.725494266617224715e-01 -1.261969788883957576e-02 1.107976489947066490e-01 6.902677238165948193e-02
-9.783215339851949466e+00 2.981456337972419934e+00 3.584203071434257648e-01 -1.175614018483480197e-02 1.060971546783215785e-01 7.234722436131402201e-02
-9.729756315241253617e+00 2.979405246141592301e+00 3.461125290977906110e-01 -1.260279906224987326e-02 1.001378627690408946e-01 7.340313053795738396e-02
-9.676083454532109940e+00 2.978822154473744099e+00 3.350998297005416404e-01 -1.199103672520756766e-02 9.638646638651922338e-02 7.544584860235932500e-02
-9.622624429921405209e+00 2.979152575027562033e+00 3.251547198916001635e-01 -1.248458390042260502e-02 8.946902205274358255e-02 8.111061829389999700e-02
-9.569165405310709360e+00 2.979495304255457278e+00 3.164576137242261500e-01 -1.309786723328904695e-02 8.193668235573545178e-02 8.331300372902754325e-02
-9.515706380700004630e+00 2.979987232426046351e+00 3.081314327581248791e-01 -1.218424366189830264e-02 7.651487218605300400e-02 8.852519195332267388e-02
-9.462247356089307004e+00 2.980604095094999906e+00 3.010501275004282551e-01 -1.107934288155213408e-02 7.140377012774135057e-02 9.064581339020899575e-02
-9.408788331478604050e+00 2.982276609235942733e+00 2.946115009420482433e-01 -1.162242303840324391e-02 6.725407827317318732e-02 9.301902265002347236e-02
-9.355329306867906425e+00 2.982815105179650317e+00 2.889030580734762155e-01 -1.056715814129386907e-02 6.075707659452436044e-02 9.235238346587178182e-02
-9.301870282257198141e+00 2.984713394592081404e+00 2.835969940567666936e-01 -1.152103297646182509e-02 5.815012926983607888e-02 9.645802779342983746e-02
-9.248411257646484529e+00 2.983706346445023083e+00 2.791312663357514712e-01 -1.151328754507984810e-02 5.278372404859384137e-02 9.666683210391567582e-02
-9.194952233035747824e+00 2.980615914905905495e+00 2.754807321019439592e-01 -1.106579559564321684e-02 4.804276013434729403e-02 9.727833859842945075e-02
-9.141493208425011119e+00 2.981440801939706287e+00 2.718660365237461352e-01 -1.175903725192343173e-02 4.650172492720567458e-02 1.000356445299813712e-01
-9.088248019912718689e+00 2.982435101193408489e+00 2.682072019200267277e-01 -1.149122497476661939e-02 4.145564206839653931e-02 1.010082481057685555e-01
-9.034788995301973102e+00 2.982935602010443166e+00 2.655702126759903470e-01 -1.099471639335212157e-02 3.823538137663926029e-02 1.006326869127864565e-01
-8.981329970691232845e+00 2.982560320957009736e+00 2.632531441504517566e-01 -1.172355988855537830e-02 3.717634392179663266e-02 1.018472525970783443e-01
-8.927870946080505021e+00 2.983127119301261843e+00 2.609853957053547835e-01 -1.230520380238455704e-02 3.331651659355938655e-02 1.034917296045841789e-01
-8.874411921469759434e+00 2.985061076932391089e+00 2.586899448796157741e-01 -1.321310872696871558e-02 3.257111691899551575e-02 1.021705871085018119e-01
-8.820952896859019177e+00 2.986157936859927364e+00 2.567572089022774895e-01 -1.347409839180450930e-02 3.072498762552169915e-02 1.015666313303043439e-01
-8.767493872248287801e+00 2.988769319109605416e+00 2.545921532686361566e-01 -1.282859405066361959e-02 2.913885949351632809e-02 1.022758798008103209e-01
-8.714034847637547543e+00 2.988439795597044757e+00 2.530147987033162793e-01 -1.193563705001322341e-02 2.723836750163173559e-02 1.024640130575049518e-01
-8.660575823026805509e+00 2.987468230468170560e+00 2.518754452947787881e-01 -1.120350759691032122e-02 2.622630754295410260e-02 1.026217197189812080e-01
-8.607116798416075909e+00 2.987151310410295579e+00 2.508550670757300760e-01 -9.848021407415499112e-03 2.641058584350437430e-02 1.050214873106759678e-01
-8.553657773805333875e+00 2.988207706927427765e+00 2.500741223344987163e-01 -9.504907801726657224e-03 2.509802460707096644e-02 1.064414628319094308e-01
-8.500198749194588288e+00 2.988711617479721028e+00 2.492409646049356664e-01 -1.076717473310166012e-02 2.694749241056795808e-02 1.067042759837547872e-01
-8.446739724583846254e+00 2.989801317708213002e+00 2.477258060483084334e-01 -1.068739435470295561e-02 2.928736194485552502e-02 1.048316974163625986e-01
-8.393280699973121983e+00 2.991067648364626574e+00 2.468830510777509091e-01 -9.703376450042771814e-03 2.770271141304899570e-02 1.071276363892721684e-01
-8.339821675362374620e+00 2.988692916848660008e+00 2.467129618653107481e-01 -9.691585624571145627e-03 2.859098435344781600e-02 1.054462779863554189e-01
-8.286362650751634362e+00 2.990033643446486700e+00 2.462060028152063818e-01 -8.923302620560794735e-03 2.591279970445240638e-02 1.053728923238225201e-01
-8.232903626140904763e+00 2.992806849522902102e+00 2.458355359370262283e-01 -9.548960424870892374e-03 2.667019003452857431e-02 1.069852421050353497e-01
-8.179444601530162728e+00 2.993297870363447633e+00 2.452429239177269793e-01 -8.255262146254428030e-03 2.966756840487222782e-02 1.075064172335583462e-01
-8.125985576919420694e+00 2.994839159203678935e+00 2.451023481004567794e-01 -9.240436768534497636e-03 3.059806048457739541e-02 1.078555809211073357e-01
-8.072526552308689318e+00 2.994577897432189495e+00 2.450547597430557945e-01 -9.128024875942157557e-03 3.125733355760076243e-02 1.076003129887022347e-01
-8.019067527697950837e+00 2.995586866024682049e+00 2.448962659803343433e-01 -8.307690863271460779e-03 3.082862860585162609e-02 1.092156736911052972e-01
-7.965608503087208803e+00 2.996948885497368487e+00 2.445613717449874602e-01 -9.135840198316678290e-03 3.085086256800729371e-02 1.092828716121268667e-01
-7.912149478476461439e+00 2.998139705250528309e+00 2.441539811755676637e-01 -9.798587654209305747e-03 3.231993315272412015e-02 1.075985140613478080e-01
-7.858690453865794012e+00 2.996139572096697012e+00 2.443775836168984583e-01 -1.093427722516522940e-02 3.515553465427440072e-02 1.072049637043401143e-01
-7.805231429255132802e+00 2.996825631293165593e+00 2.440523928800997777e-01 -1.033355571072168584e-02 3.333499144214877724e-02 1.065036369623261897e-01
-7.751772404644474257e+00 2.995373251894960287e+00 2.441513768702086307e-01 -1.088756721551661227e-02 3.108782102308152440e-02 1.049503057937243578e-01
-7.698313380033811271e+00 2.995465263668592559e+00 2.440755567075020283e-01 -1.156740378833513196e-02 3.063696546669569809e-02 1.092650983515356250e-01
-7.644854355423136738e+00 2.995571769566346632e+00 2.439834235068368828e-01 -1.261479935059749841e-02 2.998880515940237010e-02 1.082681131443136296e-01
-7.591395330812489739e+00 2.996019372137009196e+00 2.435330504885487857e-01 -1.183287626107617542e-02 2.959297761452460776e-02 1.095464426854475953e-01
-7.537936306201814318e+00 2.996559892842079798e+00 2.434628523402962985e-01 -1.078921017694911208e-02 3.331073954484562588e-02 1.121784950529739339e-01
-7.484477281591153996e+00 2.997744932742092416e+00 2.433499469660809766e-01 -1.142712790513431172e-02 3.312884161583139198e-02 1.107978625719473892e-01
-7.431018256980496339e+00 2.997014001619465517e+00 2.437164699578487637e-01 -1.060004219084925009e-02 3.271465459475218079e-02 1.120307866133239960e-01
-7.377559232369828912e+00 2.995335771264664881e+00 2.435533148169203854e-01 -8.607663519711195727e-03 3.200032588080557738e-02 1.114371477421812334e-01
-7.324100207759173919e+00 2.993758195798343458e+00 2.436149033810962594e-01 -9.601321380309715478e-03 3.130036332161254681e-02 1.132180827753950098e-01
-7.270641183148515374e+00 2.992162864443153936e+00 2.435838073853817953e-01 -1.150244496643365415e-02 3.329909676466074470e-02 1.136268496630351149e-01
-7.216968322439401007e+00 2.990351095155825423e+00 2.436428291730634021e-01 -1.039100232226774709e-02 3.470569642651379072e-02 1.133598668235174939e-01
-7.163509297828731803e+00 2.992293604714816535e+00 2.433961098748094187e-01 -1.084804482727506902e-02 3.366156255114899354e-02 1.145673383531710665e-01
-7.110050273218075922e+00 2.993306268869318831e+00 2.434659440727336144e-01 -9.902187046199216122e-03 3.323418536194570894e-02 1.134002297212048371e-01
-7.056591248607420930e+00 2.992804126376311213e+00 2.437422706995156785e-01 -1.008286890766113032e-02 3.450823640076269849e-02 1.121197815920492308e-01
-7.003132223996739292e+00 2.990328359957643567e+00 2.439938725578654211e-01 -9.239534538693014443e-03 3.287741356844951779e-02 1.117430066194066846e-01
-6.949673199386094957e+00 2.989700373094644537e+00 2.438625255600548603e-01 -1.004312968812804373e-02 3.139428170771668691e-02 1.103816358961226818e-01
-6.896214174775411543e+00 2.991101385666675938e+00 2.432579767100014334e-01 -9.184554292311729665e-03 2.938831945780699673e-02 1.115696623461081699e-01
-6.842755150164756550e+00 2.991705092955988299e+00 2.433479784396034018e-01 -9.741370975346155467e-03 2.993628254649391765e-02 1.130429015426019923e-01
-6.789296125554103334e+00 2.991626761125957046e+00 2.432421903530833651e-01 -1.067446312690678925e-02 3.173313777808305092e-02 1.167856191020621576e-01
-6.735837100943428801e+00 2.992153817344478384e+00 2.430372438231682142e-01 -1.084000561316326820e-02 3.173085759201068473e-02 1.141539125915089492e-01
-6.682378076332776473e+00 2.993423626283840289e+00 2.429411804928488794e-01 -1.045508983704310918e-02 2.965562658329239099e-02 1.131406774366075785e-01
-6.628919051722123257e+00 2.992722685485616818e+00 2.428039663277438420e-01 -1.054666118099829332e-02 3.212086435657283967e-02 1.139182055808890953e-01
-6.575460027111438954e+00 2.993515857188661311e+00 2.427446199145783801e-01 -1.054114486189685999e-02 2.837448784307350369e-02 1.131314468700424930e-01
-6.522001002500794620e+00 2.995926917489289742e+00 2.422195119188071677e-01 -9.118555720123771788e-03 2.684601877736031775e-02 1.118434609065642737e-01
-6.468541977890109429e+00 2.996283807070103222e+00 2.423529835171847335e-01 -1.030013849132783120e-02 2.473727832135216159e-02 1.094722400293801912e-01
-6.415082953279456213e+00 2.996535256047748064e+00 2.419697873130176313e-01 -9.778178064449621204e-03 2.342982424907913766e-02 1.065484707575256318e-01
-6.361623928668806549e+00 2.995231530450338298e+00 2.425308786122526428e-01 -1.054969802813747470e-02 2.754950399222495794e-02 1.080037600916638613e-01
-6.308164904058126687e+00 2.995799789784369782e+00 2.426037830251989713e-01 -1.237202709286796404e-02 2.824876488577250655e-02 1.098429950467996186e-01
-6.254705879447476136e+00 2.994492117384514263e+00 2.422570373618645467e-01 -1.293454920522967531e-02 2.857801384577432144e-02 1.098388666580826928e-01
-6.201246854836825584e+00 2.997041166456952066e+00 2.425027238209961356e-01 -1.351797813944322947e-02 2.816042672296970723e-02 1.098686691710745178e-01
-6.147787830226137729e+00 2.997067570330590680e+00 2.425539159098022979e-01 -1.216855815166008152e-02 2.766359315986160680e-02 1.083060303611610986e-01
-6.094328805615496059e+00 2.996935494327593652e+00 2.424962113445328360e-01 -1.162511742936774874e-02 3.006568625554141214e-02 1.097815253917640843e-01
-6.040869781004808203e+00 2.997271535646057750e+00 2.422325576673686753e-01 -1.101911627983675514e-02 2.802974291050532377e-02 1.090570355652396989e-01
-5.987410756394156763e+00 2.997208851081341496e+00 2.422142554862493635e-01 -1.031039108125931560e-02 2.577073987717923634e-02 1.077980168602079014e-01
-5.933951731783507100e+00 2.997456429467293848e+00 2.422127126569251776e-01 -1.130126720896412751e-02 2.825846699174539706e-02 1.078644518921848539e-01
-5.880492707172826350e+00 2.998397595162662910e+00 2.419740821700380462e-01 -1.093677222461748692e-02 3.065125742685079202e-02 1.103371682150141725e-01
-5.827033682562174022e+00 2.996170629169354171e+00 2.422128193428423060e-01 -1.204988275429601415e-02 2.793066600070952255e-02 1.108292212680915129e-01
-5.773574657951526135e+00 2.994742575399637730e+00 2.425853043705412659e-01 -1.174484051701803200e-02 2.861473649737883776e-02 1.084447908920868481e-01
-5.720115633340838279e+00 2.995445585768929941e+00 2.427901984359694953e-01 -1.084104433111233133e-02 2.676524398208404362e-02 1.095978516202177344e-01
-5.666656608730191280e+00 2.996315214381398917e+00 2.425109155740691191e-01 -1.054753218916968348e-02 2.671753049024712390e-02 1.112352915557063698e-01
-5.613197584119511419e+00 2.996145557541983528e+00 2.424599476484358973e-01 -1.088707686322771227e-02 2.875630398861053760e-02 1.087244278342852782e-01
-5.559738559508856426e+00 2.995327300888330768e+00 2.422655011985390683e-01 -1.214530470073439672e-02 2.597060132791616932e-02 1.113022788157377041e-01
-5.506279534898201433e+00 2.994675971517673396e+00 2.425234731037453073e-01 -1.322081640952525033e-02 2.647969892150671758e-02 1.111508283702300204e-01
-5.452820510287533118e+00 2.993786551614794345e+00 2.422153993900826863e-01 -1.362172005867704448e-02 2.739199160906541711e-02 1.125483628320104179e-01
-5.399361485676876349e+00 2.996858107198438592e+00 2.418766799285332891e-01 -1.285481727059876317e-02 2.901724280193167596e-02 1.124599442254145126e-01
-5.345902461066218692e+00 2.996945497843675366e+00 2.414384480117451048e-01 -1.012763092000580969e-02 2.888952027127115324e-02 1.088912234124792405e-01
-5.292443436455547712e+00 2.997302886500819330e+00 2.417915201924321911e-01 -1.150321589669645907e-02 2.627433885545282788e-02 1.092435616828755229e-01
-5.238984411844895384e+00 2.995478029059897462e+00 2.422395729380343588e-01 -1.216830382024332649e-02 2.781629852675118406e-02 1.121543137482428482e-01
-5.185525387234204864e+00 2.996640351770996080e+00 2.421065556747687975e-01 -1.173764683346216128e-02 2.797090016862769507e-02 1.123196646825035810e-01
-5.132066362623568523e+00 2.999273964333615705e+00 2.418455656301096712e-01 -1.277678433466010628e-02 2.800816787087582332e-02 1.114572261448392582e-01
-5.078607338012909977e+00 2.998884424305073626e+00 2.420732656262218896e-01 -1.148777791183491770e-02 2.668651590001875143e-02 1.096474150420978788e-01
-5.025148313402223899e+00 2.997979587504526311e+00 2.420824453036346802e-01 -1.090023410933514333e-02 2.581546600058605076e-02 1.068280542627790264e-01
-4.971689288791561800e+00 2.999526858788538863e+00 2.415018473799550591e-01 -9.934220146853522948e-03 2.486804775967321052e-02 1.084401040870210248e-01
-4.918230264180928124e+00 2.996778254023690469e+00 2.423229174558788890e-01 -1.144733741002957814e-02 2.604667100699278870e-02 1.081047758958662425e-01
-4.864771239570236716e+00 2.998292223588828520e+00 2.421493852592617180e-01 -1.039604224353383490e-02 2.488158615406131993e-02 1.058929147559997813e-01
-4.811312214959579947e+00 2.998402722246903629e+00 2.421758148321780379e-01 -1.237146630732824902e-02 2.707642076576867105e-02 1.056130616826637253e-01
-4.757853190348920513e+00 3.000716672596461798e+00 2.421471739918479027e-01 -1.228570659052775384e-02 2.655747206086729595e-02 1.066990470233534216e-01
-4.704394165738256639e+00 2.998990827909414847e+00 2.422629667886149196e-01 -1.113533908999957654e-02 2.597084562109832490e-02 1.079622520297496280e-01
-4.650935141127592765e+00 2.996977332273971228e+00 2.423013124065570290e-01 -1.141234544626249479e-02 2.549799990426898991e-02 1.108690447235307353e-01
-4.597476116516941325e+00 2.996490391930304753e+00 2.423166767535712973e-01 -1.154618124623137121e-02 2.636154517484500664e-02 1.098942329537105633e-01
-4.544017091906276562e+00 2.994821529261238791e+00 2.426228789230110150e-01 -1.072362525647369350e-02 2.770315484213214247e-02 1.089484683210424215e-01
-4.490558067295610023e+00 2.995285280078633594e+00 2.427629440792745397e-01 -1.112798178286944148e-02 2.704903528658328393e-02 1.086082219668677851e-01
-4.437099042684955919e+00 2.996034816906489873e+00 2.426913586214036189e-01 -1.072378775142144094e-02 2.683547498138611972e-02 1.071179539451186102e-01
-4.383640018074295597e+00 2.998203257167058489e+00 2.425751377231466499e-01 -1.068463564676165253e-02 2.940148932223973777e-02 1.065451688365306182e-01
-4.330180993463603301e+00 2.999563199806510205e+00 2.425445364034541362e-01 -1.139430000766786417e-02 3.098574323810179831e-02 1.075088257115467405e-01
-4.276721968852978506e+00 3.000231692488634305e+00 2.425387628462384038e-01 -1.196701535951378952e-02 2.719140354637440346e-02 1.073158048475026244e-01
-4.223262944242311079e+00 2.999786439122613224e+00 2.427509265863885268e-01 -1.092069487664469769e-02 2.700563579974266104e-02 1.042929791102320675e-01
-4.169803919631621447e+00 3.000226293280206402e+00 2.426501538924545898e-01 -9.632583966082634147e-03 2.986600277550271673e-02 1.067382701810310475e-01
-4.116344895020954020e+00 3.000840237047329495e+00 2.419889606063844179e-01 -1.072543453799593323e-02 2.882377788289216744e-02 1.081515754395257906e-01
-4.062885870410331002e+00 3.000795293362588989e+00 2.420122003930683108e-01 -1.007837212530497857e-02 2.863427309127959328e-02 1.079987034984045691e-01
-4.009426845799636929e+00 2.998633274557485517e+00 2.421724616605800684e-01 -9.422348978334433092e-03 2.834368943568554844e-02 1.105177753933517110e-01
-3.955967821188971723e+00 3.001159351926570906e+00 2.418886257159139630e-01 -8.840046885031978968e-03 2.950825504116758383e-02 1.073150131360453008e-01
-3.902508796578326056e+00 3.001510779996349410e+00 2.424296694226553972e-01 -8.670005058338892470e-03 2.785277263600098585e-02 1.071158276333205595e-01
-3.849049771967656408e+00 3.003039159898775345e+00 2.426838104731912915e-01 -8.148597657755744447e-03 2.420035779581838908e-02 1.103026968163081378e-01
-3.795590747356986761e+00 3.005169603987200677e+00 2.420492344953872332e-01 -9.247849212585554021e-03 2.618557714790748989e-02 1.077890090664162803e-01
-3.742131722746345979e+00 3.004210769994353214e+00 2.423754016114730570e-01 -8.122420137023059553e-03 2.579378011643225152e-02 1.108933092892272626e-01
-3.688672698135676331e+00 3.000862634863951772e+00 2.429911377353670687e-01 -8.605890979638408309e-03 2.600201119854846782e-02 1.130394623620897543e-01
-3.635213673525005351e+00 3.000692493105110881e+00 2.426352025834538073e-01 -8.088969532676277760e-03 2.723879898325303958e-02 1.148740367026460651e-01
-3.581754648914362349e+00 2.998745849667282748e+00 2.429041335497419685e-01 -7.607993462513967624e-03 2.704469106722475272e-02 1.130742492512744751e-01
-3.528295624303695810e+00 2.999504616696553772e+00 2.427416262071384889e-01 -8.103486096816193973e-03 2.711735306754430030e-02 1.111148381506603111e-01
-3.474836599693000849e+00 2.998389146363547031e+00 2.429692880190995885e-01 -9.809138680448628231e-03 2.950154871922579941e-02 1.111792719991009648e-01
-3.421377575082384492e+00 2.999835001407534119e+00 2.430591506747089570e-01 -9.888420056113915793e-03 3.059999236585407914e-02 1.079057027918075146e-01
-3.367918550471712180e+00 3.000748219399158589e+00 2.430494187448786758e-01 -1.035026876992529987e-02 2.989572379703385810e-02 1.076729637833824943e-01
-3.314459525861020328e+00 3.001937139640640240e+00 2.429153949440815141e-01 -1.202625120170987272e-02 2.807398190494406198e-02 1.092007910194663645e-01
-3.261000501250348016e+00 3.002577767367721417e+00 2.430352461135212305e-01 -1.233108048573457183e-02 2.597792099769273208e-02 1.099172142535138896e-01
-3.207541476639732991e+00 3.002970314484214143e+00 2.428412187960679591e-01 -1.139420509340995091e-02 2.785456863046401055e-02 1.099139657731536407e-01
-3.154082452029036698e+00 3.001756584072809098e+00 2.426410534929274720e-01 -1.007872331045094050e-02 2.734134282103982752e-02 1.119263721616773483e-01
-3.100623427418366607e+00 3.000091716724957891e+00 2.429074905697454489e-01 -1.042574454629759811e-02 2.729350990519930492e-02 1.105941068006736361e-01
-3.047164402807731154e+00 2.998144506128677556e+00 2.431855715695393494e-01 -1.199447627609629211e-02 2.577663956375584112e-02 1.104309140421971119e-01
-2.993705378197056177e+00 2.998782501111843413e+00 2.428786022527852917e-01 -1.174874282252228591e-02 2.532661248590325348e-02 1.089109273167482989e-01
-2.940246353586381645e+00 2.999266115122944942e+00 2.430785657101386388e-01 -1.156074019957962357e-02 2.803442460226865732e-02 1.101007121936283667e-01
-2.886787328975751965e+00 2.999945956324098884e+00 2.432531548112103204e-01 -1.234375112864480664e-02 2.767964931794065706e-02 1.081247929296167698e-01
-2.833328304365076100e+00 2.999584829016886722e+00 2.435956795209094361e-01 -1.254246091261367914e-02 2.860129297453900890e-02 1.076848664516447812e-01
-2.779869279754401568e+00 3.000360937207655621e+00 2.433728502881986056e-01 -1.266509716857796598e-02 2.772270259143157917e-02 1.084601044741262815e-01
-2.726410255143768335e+00 2.999772868865104858e+00 2.432407818722321924e-01 -1.231990568171341047e-02 2.763465649935940849e-02 1.104792425457434002e-01
-2.672951230533096023e+00 3.000703394720374284e+00 2.428942107426922958e-01 -1.266976494009280571e-02 2.930660175610315735e-02 1.108624974481404318e-01
-2.619492205922399286e+00 3.000680598503029373e+00 2.427999056089529262e-01 -1.347476674478306075e-02 2.771285506216797714e-02 1.123752198217208703e-01
-2.566033181311789146e+00 2.999163588892226784e+00 2.428187972831606922e-01 -1.328257996432373987e-02 2.706281715022309034e-02 1.115019496635439450e-01
-2.512574156701111949e+00 2.999629847221042311e+00 2.425639298275269751e-01 -1.434884369415949899e-02 2.659261721431542547e-02 1.096386037182912609e-01
-2.459115132090420541e+00 2.999864566908680974e+00 2.427337495371115206e-01 -1.346201270394306419e-02 2.862002348816794495e-02 1.075426299913399691e-01
-2.405656107479742012e+00 2.999417412669021399e+00 2.424813560000228241e-01 -1.277716520354855480e-02 2.916317988040079481e-02 1.055822698960590805e-01
-2.352197082869134093e+00 2.999100040431786240e+00 2.424113775240259172e-01 -1.143563411334880091e-02 2.728264958826607037e-02 1.089559884164544024e-01
-2.298738058258436467e+00 3.000056016768031242e+00 2.427109527370154007e-01 -1.079150343738025965e-02 2.647397959835148806e-02 1.111057716244450572e-01
-2.245279033647763267e+00 2.999497149163137699e+00 2.429166890257112577e-01 -9.707111306506413170e-03 2.807326173048797086e-02 1.098530855472884954e-01
-2.191820009037134476e+00 3.001989397331744414e+00 2.427638438279199062e-01 -8.899263240594113347e-03 2.763008391702436589e-02 1.087730147141917347e-01
-2.138360984426456390e+00 3.001125236131479301e+00 2.425465482248721494e-01 -9.286707382114652368e-03 2.865703049438670172e-02 1.085602855503837172e-01
-2.084901959815777861e+00 3.001491424933419694e+00 2.425693481907636173e-01 -9.513084364945524965e-03 2.847498834136605664e-02 1.100631286137821602e-01
-2.031442935205154399e+00 3.001271637039117035e+00 2.426420290755543774e-01 -9.855532485318877281e-03 2.735802275995516397e-02 1.109782331884863055e-01
-1.977983910594476091e+00 3.001098070121322792e+00 2.425144409917830424e-01 -1.118523688472195313e-02 2.790802703047134958e-02 1.097511870510600313e-01
-1.924524885983797784e+00 3.001025881134748996e+00 2.423821939658515334e-01 -1.150455441570479194e-02 2.686338540249701493e-02 1.072590252298051411e-01
-1.871065861373172989e+00 3.001570967910173415e+00 2.423241667605965655e-01 -9.669581243766314435e-03 2.728513579922706156e-02 1.076937744796546137e-01
-1.817606836762497124e+00 2.999936640735230142e+00 2.424369181258693162e-01 -1.031892165909499559e-02 2.463165650848492955e-02 1.092346142813975379e-01
-1.764147812151798167e+00 2.998914862021601735e+00 2.425457787862133618e-01 -9.886577477507934794e-03 2.545140604690873318e-02 1.099222358453620790e-01
-1.710688787541192690e+00 2.998820421526530833e+00 2.424357003716362258e-01 -9.707907149934018320e-03 2.480218056774331076e-02 1.109509587315687107e-01
-1.657229762930513273e+00 2.999655716067918920e+00 2.427786922683801418e-01 -9.825641582095251750e-03 2.578536447424452024e-02 1.101652068920708077e-01
-1.603770738319819200e+00 3.000618263977481881e+00 2.429089229625171209e-01 -9.521149896076100058e-03 2.617001268623056140e-02 1.097522870947561235e-01
-1.550311713709138450e+00 3.000660905480992735e+00 2.429354604675332541e-01 -1.109719289260076985e-02 2.680430116720499203e-02 1.106372082069588814e-01
-1.496852689098534306e+00 2.998840587477068276e+00 2.433298184250748120e-01 -1.241363716634455959e-02 2.821449575333779408e-02 1.098814832226349403e-01
-1.443393664487836459e+00 2.998575552908512076e+00 2.426041930829588023e-01 -1.181388330720585002e-02 3.073634738874042593e-02 1.104625542038735614e-01
-1.389934639877158151e+00 2.997208209795652500e+00 2.427896823061428677e-01 -1.220786615775515914e-02 3.210331254545811808e-02 1.086183769325892862e-01
-1.336475615266535799e+00 2.998235892694763649e+00 2.425894581521450266e-01 -1.070472152607893426e-02 3.261054419053303205e-02 1.071438323957617234e-01
-1.283016590655857492e+00 2.998707713851260781e+00 2.426662743399815858e-01 -1.073333386595619852e-02 3.218796985712520792e-02 1.067419146409056968e-01
-1.229557566045174299e+00 2.998939968414581880e+00 2.427037629543646047e-01 -1.218126562298416614e-02 3.131851115838486105e-02 1.082081063723887987e-01
-1.176098541434553280e+00 2.997706330441575417e+00 2.425868162169284026e-01 -1.087688565463845215e-02 2.905658039949847796e-02 1.092975312718460629e-01
-1.122639516823871197e+00 2.997085245609699022e+00 2.426637298746439353e-01 -1.155482380124755667e-02 2.763281298568063052e-02 1.084063200666837146e-01
-1.069180492213201328e+00 2.998529882631213450e+00 2.423115808125614612e-01 -1.160183807378350161e-02 2.591353030946262972e-02 1.086184583802484865e-01
-1.015721467602575423e+00 2.997235953098559502e+00 2.428714344677478099e-01 -1.280113945641796723e-02 2.705594142286549958e-02 1.095076310326337371e-01
-9.622624429918971156e-01 2.997677297636807126e+00 2.429386505245229033e-01 -1.183009175981988154e-02 2.616726914263763082e-02 1.108391829664103767e-01
-9.088034183811981581e-01 2.998413930222115997e+00 2.425615218451098731e-01 -1.298757102922668341e-02 2.480136573436591760e-02 1.119018503032035705e-01
-8.553443937705879074e-01 2.997781569763084075e+00 2.428122289988307314e-01 -1.217849895236159698e-02 2.409094276304651547e-02 1.108157432415424609e-01
-8.018853691599059363e-01 2.995981440205891300e+00 2.430197589956868964e-01 -1.111962750721675990e-02 2.305751866814600981e-02 1.114142733909431193e-01
-7.484263445492288502e-01 2.998931495680528414e+00 2.429062351195225566e-01 -1.267703781924662924e-02 2.489874302942179235e-02 1.138341242056512825e-01
-6.949673199385468791e-01 2.999459342839291942e+00 2.424384388935163226e-01 -1.314539776106362322e-02 2.329804942623928121e-02 1.101458715076605172e-01
-6.415082953279341860e-01 2.998920573062289652e+00 2.424203061297019735e-01 -1.254743846036255640e-02 2.206821744379651104e-02 1.079520805698974267e-01
-5.880492707172352285e-01 2.999409402174902262e+00 2.421884337652764063e-01 -1.217414660195809302e-02 2.401984148158738466e-02 1.111065462794034175e-01
-5.345902461065569211e-01 3.001040432943780978e+00 2.423213514956288617e-01 -1.192019924772784976e-02 2.681024884658753452e-02 1.116982189583406865e-01
-4.811312214959248545e-01 3.000615586294190340e+00 2.428344681950571626e-01 -1.211397330469837427e-02 2.835055575571126044e-02 1.129461415152347020e-01
-4.276721968852708611e-01 3.002771293571393496e+00 2.423199457680306201e-01 -1.258973833706811783e-02 2.936683529798193165e-02 1.130858737747827414e-01
-3.742131722745888900e-01 3.003142343056623531e+00 2.421233605413887213e-01 -1.323265889287643382e-02 2.742111247657086359e-02 1.115239600361237898e-01
-3.207541476639592104e-01 3.002605585716310088e+00 2.417936585847595965e-01 -1.246821926576712966e-02 2.885080281127395604e-02 1.109802690454432389e-01
-2.672951230532748523e-01 3.002487001615524509e+00 2.418783378987537647e-01 -1.232965145552438607e-02 2.902599656591556276e-02 1.112971609039700577e-01
-2.138360984425928812e-01 3.004826326132119974e+00 2.414083393857530124e-01 -1.053967038440656832e-02 2.824643590579961269e-02 1.105037589427512873e-01
-1.603770738319595379e-01 3.005291779590559820e+00 2.415006308513523159e-01 -1.035299028798035946e-02 2.904311723734768341e-02 1.099970715291972989e-01
-1.069180492212788158e-01 3.008892531135246795e+00 2.413796689765612125e-01 -1.017242898831772005e-02 3.061027652451081896e-02 1.126002861042893904e-01
-5.345902461061752958e-02 3.007601202429164289e+00 2.419689085531114281e-01 -1.072449017686817260e-02 3.137705990131766515e-02 1.131323044941421607e-01
0.000000000000000000e+00 3.008435413434245920e+00 2.417150724174832732e-01 -1.063335671133361880e-02 2.872275621575108920e-02 1.133187607184573259e-01
