0.000000000000000000e+00 2.924226607306754211e+00 4.265322260670171950e+00 2.706512080287600680e-02 2.456741139622668491e-01 -1.840434279564394024e-02
3.171701716949160699e-01 2.483813010667004662e+00 3.128939818750349655e+00 1.711757075969933331e-02 3.660500492862565625e-01 -9.991189627952734228e-03
6.343403433899384991e-01 2.141089079548688989e+00 2.439079578378412716e+00 5.035926862884418029e-03 4.602946538041390867e-01 5.329218020919952552e-03
9.515105150849577642e-01 1.878443304403290881e+00 1.996810820260272124e+00 -2.498155124901947459e-03 5.140551264596896486e-01 2.238877653664510595e-02
1.268680686779393607e+00 1.678179949596951603e+00 1.701276051191759731e+00 -7.713274633362379902e-03 5.130855822908430008e-01 3.505605694962626862e-02
1.585850858472457769e+00 1.525370825859007518e+00 1.508669386111247457e+00 -1.182025392151113234e-02 4.815800661447882103e-01 4.026828375077073224e-02
1.903021030165526151e+00 1.407816765901320988e+00 1.381487506655948883e+00 -1.539944022512310801e-02 4.248223407481960257e-01 3.953499781969298243e-02
2.220191201858590979e+00 1.318623099043010782e+00 1.300385633364895988e+00 -1.728052304925760049e-02 3.739830162604858010e-01 3.879644417652902688e-02
2.537361373554022137e+00 1.249792141573191184e+00 1.250812768836569777e+00 -1.894898252145387971e-02 3.396006206981193043e-01 3.644077431457198868e-02
2.854531545250997837e+00 1.196148210648248389e+00 1.225069995588463412e+00 -2.001938756678168715e-02 2.885626827372780867e-01 3.654708479087812045e-02
3.171701716947971761e+00 1.154347722247198726e+00 1.209742634276272266e+00 -2.018902410005517581e-02 2.570421312064467556e-01 3.638578823755209829e-02
3.488871888644944796e+00 1.121831563861253933e+00 1.206422739862137883e+00 -1.908608003035888040e-02 2.292204442879150761e-01 3.543238254363369893e-02
3.806042060341917832e+00 1.095372941893167917e+00 1.207083644109802512e+00 -1.985976724674779273e-02 2.128399968687935961e-01 3.317296432072414786e-02
4.123212232038890868e+00 1.075814686398768316e+00 1.217004459820947515e+00 -1.885972603954990182e-02 1.924494985407926018e-01 3.140799118000627693e-02
4.440382403735864791e+00 1.059788446601613643e+00 1.226614856396870623e+00 -1.852872853411172138e-02 1.850378406082200944e-01 3.207149895800585904e-02
4.757552575432839603e+00 1.046900396441638348e+00 1.234662358482841338e+00 -1.827946541717443210e-02 1.752118919117613693e-01 3.046028609533111761e-02
5.074722747129811751e+00 1.036869104803140873e+00 1.241472717114303848e+00 -1.877720760775416359e-02 1.685019881215377713e-01 2.984300483082315963e-02
5.391892918826785674e+00 1.028731032317018235e+00 1.249637510352893832e+00 -1.930358156556945259e-02 1.678656423035725653e-01 2.902163652617668899e-02
5.709063090523759598e+00 1.022637799256229885e+00 1.258535505128076215e+00 -1.851781605072206835e-02 1.673300194378407602e-01 2.582065995511076406e-02
6.026233262220735298e+00 1.016519588721655376e+00 1.266002365237901550e+00 -1.908245682436135460e-02 1.643558079439846609e-01 2.673516282541713029e-02
6.343403433917711887e+00 1.013606680311912589e+00 1.273434097074984006e+00 -1.702312559352133631e-02 1.620318332253313509e-01 2.657433339495092472e-02
6.660573605614684034e+00 1.010587711460404048e+00 1.279778797816859548e+00 -1.727548124481420935e-02 1.649825428472505573e-01 2.232141484236037365e-02
6.977743777311667728e+00 1.008877195394549231e+00 1.287732489150386739e+00 -1.795224429307267638e-02 1.620897650770624920e-01 2.341814811276109187e-02
7.294913949008633658e+00 1.006589972739071470e+00 1.295858593598572472e+00 -1.706345455592320551e-02 1.672584593431854505e-01 2.345981848092883182e-02
7.612084120705621793e+00 1.005080847999786142e+00 1.298841392025906094e+00 -1.683602926483080547e-02 1.692954406486180952e-01 2.345737987832244992e-02
7.929254292402581505e+00 1.003299391463144508e+00 1.298987492679231748e+00 -1.744373981373125229e-02 1.737907393618849661e-01 2.335937505160038188e-02
8.246424464099574081e+00 1.002615661342458164e+00 1.302081238663881813e+00 -1.750391776076196115e-02 1.669250792757197011e-01 2.478211975932649233e-02
8.563594635796530241e+00 1.001608862880850381e+00 1.306791388273982779e+00 -1.883685746954398901e-02 1.664899474763367471e-01 2.619533578913222846e-02
8.880764807493527258e+00 1.001796246686144976e+00 1.308988673031466599e+00 -1.708546296548512852e-02 1.681006507456332677e-01 2.347443571842630292e-02
9.197934979190481641e+00 1.002067864048329593e+00 1.312374323340758986e+00 -1.658147131241251987e-02 1.642279917612795570e-01 2.516010270044721428e-02
9.515105150887480434e+00 1.001562371203611912e+00 1.312667136331195472e+00 -1.717225819372865739e-02 1.682389974948023947e-01 2.390470438969734962e-02
9.832275322584429489e+00 1.000911248734545067e+00 1.312780584825306907e+00 -1.678175734673008693e-02 1.689015203407960297e-01 2.537447547780781812e-02
1.014944549428143183e+01 1.001487451205365309e+00 1.314705936214353610e+00 -1.581371739738308274e-02 1.701041103864626702e-01 2.413688491151677953e-02
1.046661566597837911e+01 1.001066863668262474e+00 1.311860379469941718e+00 -1.673178507143704974e-02 1.702821106069421775e-01 2.709181550214419948e-02
1.078378583767538323e+01 1.000307627734239091e+00 1.310737362127701200e+00 -1.606402617343343289e-02 1.703140523228098280e-01 2.719954706449129872e-02
1.110095600937233051e+01 1.001154992128778565e+00 1.314189286079030738e+00 -1.613943108455849484e-02 1.717846689948460404e-01 2.502091422226162404e-02
1.141812618106933641e+01 1.001205473073269347e+00 1.314981553411362025e+00 -1.524539485829814328e-02 1.672460012227348358e-01 2.683063251465072491e-02
1.173529635276627836e+01 1.001854008787378625e+00 1.315469304221474012e+00 -1.706981492005501047e-02 1.625385055210400442e-01 2.122695174333105381e-02
1.205246652446328604e+01 1.001268885552427657e+00 1.314382254463574817e+00 -1.684363193597005273e-02 1.613124178764213656e-01 2.309124266062697814e-02
1.236963669616022976e+01 1.000888509444014307e+00 1.315550421360471400e+00 -1.859125224868078685e-02 1.652448938498396191e-01 2.262883848102431941e-02
1.268680686785723211e+01 1.000798197674044099e+00 1.315172430368610090e+00 -1.935596107397485888e-02 1.629737404392298805e-01 2.412439676868519123e-02
1.300397703955418827e+01 1.001016003647422714e+00 1.312937379528244408e+00 -1.737995421643834595e-02 1.626262707052378853e-01 2.321607238497845269e-02
1.332114721125118884e+01 1.001759298331405867e+00 1.313158052152252786e+00 -1.768603116261834376e-02 1.666069614925835274e-01 2.481144995763572003e-02
1.363831738294813078e+01 1.000938454784915166e+00 1.311773399186110911e+00 -1.863934222241193581e-02 1.659095883094191259e-01 2.597078406271624909e-02
1.395548755464512425e+01 1.001607191811146880e+00 1.314219402209906740e+00 -1.814533116796877149e-02 1.648263293976501564e-01 2.517106875460771095e-02
1.427265772634209817e+01 1.000682391486898526e+00 1.312427607848516420e+00 -1.907717589448153575e-02 1.667744549317878022e-01 2.607352287791823292e-02
1.458982789803908808e+01 1.000597874024912626e+00 1.313211863680812774e+00 -1.811969263587219839e-02 1.660962318620956002e-01 2.312725691328473832e-02
1.490699806973602826e+01 1.001669832618644840e+00 1.314006807213915273e+00 -1.708824371074282866e-02 1.673604489777637261e-01 2.551360686152497406e-02
1.522416824143301284e+01 1.000712763896813184e+00 1.314236836927340946e+00 -1.791461583459610235e-02 1.704451470684821834e-01 2.637443528376923196e-02
1.554133841313000630e+01 1.000709731339863628e+00 1.313490235432186903e+00 -1.814225893049149427e-02 1.642494084914108421e-01 2.424091740996175276e-02
1.585850858482699266e+01 1.001139007445275952e+00 1.313776361542318583e+00 -1.661799925255301805e-02 1.643197437297001795e-01 2.626812492334451576e-02
1.617567875652392928e+01 1.000261420771143994e+00 1.311523861184877182e+00 -1.872340402098987902e-02 1.666771953760512737e-01 2.354842529606679044e-02
1.649284892822090853e+01 9.996589848181200999e-01 1.311330902134050014e+00 -1.894449251544258472e-02 1.617404954647596316e-01 2.347145922848280566e-02
1.681001909991791265e+01 9.998043938222092031e-01 1.308275220210318279e+00 -1.722654516395800625e-02 1.623239652425614299e-01 2.243017281981768765e-02
1.712718927161489546e+01 9.997566438785187026e-01 1.309361794442952309e+00 -1.764606254410693020e-02 1.643687810546754502e-01 2.331001238522729946e-02
1.744435944331182853e+01 9.993353922851665461e-01 1.310207948944836387e+00 -1.750886760008100659e-02 1.689274410150695127e-01 2.290207955507446089e-02
1.776152961500880423e+01 9.992581660780576192e-01 1.311257366279042769e+00 -1.801623718297094834e-02 1.627845231366312484e-01 2.337058580552316828e-02
1.807869978670582256e+01 9.988749671155049414e-01 1.313595337344999114e+00 -1.784700600224822450e-02 1.656921551548283245e-01 2.362646391757637632e-02
1.839586995840279471e+01 9.990882289977267572e-01 1.313593622915312231e+00 -1.800853392144892429e-02 1.698206721969558741e-01 2.386261752647660800e-02
1.871304013009972778e+01 9.996388097357049585e-01 1.311039733942536145e+00 -1.828682051488577168e-02 1.674734746506878758e-01 2.395555225954674322e-02
1.903021030179669637e+01 9.994027238663547585e-01 1.310078462185489734e+00 -1.894931382902495520e-02 1.671597631265296369e-01 2.418562291731630662e-02
1.934738047349372536e+01 9.995773102738215732e-01 1.311038739905900252e+00 -1.906747391421398027e-02 1.651656988504383305e-01 2.656106464460529157e-02
1.966455064519069751e+01 1.000655440789812278e+00 1.313741200157420241e+00 -1.774145962293649861e-02 1.632767584948333350e-01 2.709438162954512508e-02
1.998172081688762702e+01 1.000145166586700718e+00 1.312870190349479715e+00 -1.723319143277032839e-02 1.589824799331238936e-01 2.579631059016930517e-02
2.029889098858459207e+01 1.000052169924887879e+00 1.313794419476906006e+00 -1.608551149776650882e-02 1.598282798506395208e-01 2.680259792614160877e-02
2.061606116028163171e+01 9.995686398560285069e-01 1.310939202515357893e+00 -1.688909772928117933e-02 1.593126405415596081e-01 2.278329142030272730e-02
2.093323133197859676e+01 9.999297904625327194e-01 1.314471548539493329e+00 -1.698500899255122459e-02 1.660610845773523858e-01 2.148064863512181080e-02
2.125040150367552627e+01 9.998424796029122819e-01 1.313744434491325386e+00 -1.693877960227293047e-02 1.657508578345670280e-01 2.415558590384724383e-02
2.156757167537248776e+01 9.995135206605108014e-01 1.312849033201263449e+00 -1.811561807531090335e-02 1.658084292551949834e-01 2.346829948545409855e-02
2.188474184706953451e+01 9.989137365124755030e-01 1.315155443281179171e+00 -1.820555558236090429e-02 1.665377702877209320e-01 2.002901198786784936e-02
2.220191201876649600e+01 9.990789039767902224e-01 1.314795101199774496e+00 -1.835304417632233412e-02 1.665342594433623369e-01 2.199821811843040084e-02
2.251908219046342552e+01 9.993269924978874785e-01 1.312528851546660658e+00 -1.878555513042496142e-02 1.700956457319570680e-01 2.427734173258795647e-02
2.283625236216038346e+01 9.999331998024124646e-01 1.313408974227270321e+00 -1.810175533365289413e-02 1.699227234649476059e-01 2.514278678508501813e-02
2.315342253385744442e+01 1.000071828967841636e+00 1.311997214579458948e+00 -1.727951645270415712e-02 1.662429877267965761e-01 2.428367729641085770e-02
2.347059270555440236e+01 9.994218403097281378e-01 1.312785570912914146e+00 -1.797055817618869664e-02 1.666095145415095458e-01 2.416167009354941442e-02
2.378776287725132477e+01 9.994153562684892078e-01 1.313308288404859248e+00 -1.732409296649058822e-02 1.623705899172047107e-01 2.341669028798162161e-02
2.410493304894828270e+01 9.995398505333978889e-01 1.315321613254015753e+00 -1.650500330871459281e-02 1.601597885158725920e-01 2.429532362907587534e-02
2.442210322064534367e+01 1.000273816193487209e+00 1.314778692641291657e+00 -1.626562689457250813e-02 1.654844956475970963e-01 2.387636567550490557e-02
2.473927339234229805e+01 1.000251236268499211e+00 1.311769129310390358e+00 -1.737369299257296787e-02 1.663459540992415220e-01 2.569420740186669633e-02
2.505644356403923823e+01 1.000848557666957017e+00 1.312776439071138501e+00 -1.737522979522002423e-02 1.689219128538829995e-01 2.477316020410154362e-02
2.537361373573618550e+01 9.999035097037219932e-01 1.312569650059355997e+00 -1.980546459923599248e-02 1.692246359237543907e-01 2.749783441566790165e-02
2.569078390743324647e+01 1.000573333237062545e+00 1.315132270886511856e+00 -1.900519225064461332e-02 1.699948560148766274e-01 2.784017071669814616e-02
2.600795407913017954e+01 1.001491911383806332e+00 1.315919160265547116e+00 -1.900984068189963058e-02 1.691846869569309242e-01 2.715638878328026015e-02
2.632512425082712682e+01 1.001278857392286392e+00 1.313739162697455054e+00 -1.882535879879061388e-02 1.669309836311394790e-01 2.584229749680810526e-02
2.664229442252410607e+01 1.001521110346156318e+00 1.315040992271647724e+00 -1.850906900747870815e-02 1.681574306978942113e-01 2.540285000586283218e-02
2.695946459422112085e+01 1.001356782810240542e+00 1.316411952186101075e+00 -1.843769920572262133e-02 1.712543127705197787e-01 2.650596848675956796e-02
2.727663476591809655e+01 1.001030376743020200e+00 1.314047574040578370e+00 -1.663217755868420800e-02 1.704708549563296038e-01 2.472190396109497437e-02
2.759380493761505804e+01 1.000380288349165259e+00 1.312056293686812314e+00 -1.670859505588614610e-02 1.686287544716238429e-01 2.616348426946034367e-02
2.791097510931198045e+01 9.995990315520394409e-01 1.310283311668001494e+00 -1.727688950494951289e-02 1.627204354805139308e-01 2.547157114355786539e-02
2.822814528100905207e+01 1.000189498909674235e+00 1.313581658009842723e+00 -1.686143976339994979e-02 1.654280799585785000e-01 2.635360394331537695e-02
2.854531545270596027e+01 1.000069010617200549e+00 1.313655992042903842e+00 -1.750472301549479970e-02 1.704312645872138043e-01 2.654012402493122202e-02
2.886248562440292531e+01 1.000211369516120774e+00 1.314011377124034263e+00 -1.904651912517548590e-02 1.720469198328796467e-01 2.704023497660816913e-02
2.917965579609992233e+01 1.000048830385204424e+00 1.314269640977109077e+00 -1.798142993860929462e-02 1.697976957324603964e-01 2.625095746671361752e-02
2.949682596779690513e+01 9.997408512569432304e-01 1.314591799683387130e+00 -1.791395372402111025e-02 1.680906376883999076e-01 2.662682943006347558e-02
2.981399613949390215e+01 9.998925069121273879e-01 1.316550085686273519e+00 -1.824618650800996153e-02 1.684692948167265947e-01 2.484986097634607136e-02
3.013116631119088140e+01 9.993334236218440747e-01 1.314437770032158337e+00 -1.700326222196191575e-02 1.665125201871297256e-01 2.281384376359523250e-02
3.044833648288777184e+01 9.987295470870608538e-01 1.313281219824657731e+00 -1.713307469403295424e-02 1.667528426273182929e-01 2.220327127338253895e-02
3.076550665458485057e+01 9.987241999370408685e-01 1.314539241616706766e+00 -1.887703797505348169e-02 1.655918420931001556e-01 2.435507779915542168e-02
3.108267682628174455e+01 9.993855872945986984e-01 1.316441054884157635e+00 -1.766860076556477435e-02 1.721729805921726753e-01 2.421186733237632935e-02
3.139984699797872736e+01 1.000007871107385427e+00 1.317916015756936732e+00 -1.796133827238748787e-02 1.701486337738554455e-01 2.448612486205909919e-02
3.171701716967573859e+01 1.000696829900184825e+00 1.318494879231771888e+00 -1.850351611685575534e-02 1.676681577629845765e-01 2.348166382728481341e-02
3.203418734137268586e+01 1.001243862277533259e+00 1.318417216534276015e+00 -1.720087469194289675e-02 1.705041300780918700e-01 2.635937880779675932e-02
3.235135751306970064e+01 1.000456860504106871e+00 1.314288531838459839e+00 -1.697540007723792599e-02 1.676881644896346391e-01 2.663334721822012766e-02
3.266852768476669411e+01 1.000722668217856937e+00 1.314723889646628230e+00 -1.688295420298636246e-02 1.703409284525345679e-01 2.475820988881080598e-02
3.298569785646357388e+01 1.000579929573069515e+00 1.317952751087233532e+00 -1.728217066830161491e-02 1.687949601196868377e-01 2.444163712208211048e-02
3.330286802816065261e+01 1.000474428147871242e+00 1.316561208290597751e+00 -1.704912210419408033e-02 1.633759512956928783e-01 2.416110151069212481e-02
3.362003819985753239e+01 1.000734705340795117e+00 1.318962163074862470e+00 -1.751034877427705069e-02 1.685226622594578061e-01 2.618520264080354334e-02
3.393720837155452585e+01 1.001127125370851800e+00 1.320137907067221228e+00 -1.772355755325827342e-02 1.661562759467449524e-01 2.704243082232970705e-02
3.425437854325154774e+01 1.000901564729405280e+00 1.316833443321753228e+00 -1.709512673564397497e-02 1.608727117618369562e-01 2.878497004684760566e-02
3.457154871494848436e+01 1.000355849956383381e+00 1.317738134513545045e+00 -1.763547580099468146e-02 1.639164044845969337e-01 2.520386592212529170e-02
3.488871888664549914e+01 1.000300477024422596e+00 1.317244077579495354e+00 -1.882216633660520333e-02 1.695481336373802494e-01 2.520868286650758405e-02
3.520588905834250681e+01 1.000067998576713357e+00 1.316834618956089553e+00 -1.911787984941813040e-02 1.719202772657533740e-01 2.456777895845261780e-02
3.552305923003936527e+01 9.995829331634757953e-01 1.313737170665376874e+00 -1.941946665180827383e-02 1.666990961528867499e-01 2.538582168160740185e-02
3.584022940173646532e+01 9.995943202024050178e-01 1.312892269757872210e+00 -1.837174871492751327e-02 1.636695370504053226e-01 2.406306832676674903e-02
3.615739957343331668e+01 1.000244601685526646e+00 1.316809549732280038e+00 -1.690461611554557389e-02 1.657553229604448453e-01 2.264506889950972449e-02
3.647456974513032435e+01 1.001065046014150361e+00 1.315306316629930361e+00 -1.719452257886487992e-02 1.681504101680401375e-01 2.343191782129789083e-02
3.679173991682736045e+01 1.000525598983820652e+00 1.313807321622973978e+00 -1.770886733450548201e-02 1.706556331643105662e-01 2.358898601563007291e-02
3.710891008852427575e+01 1.000320046956564290e+00 1.314633499690592400e+00 -1.702763810800207375e-02 1.718976446845172645e-01 2.328555447745089477e-02
3.742608026022130474e+01 1.000055542790219798e+00 1.312620061252291137e+00 -1.801510180857641627e-02 1.679498647237574749e-01 2.343226867764334337e-02
3.774325043191831952e+01 9.997234302267288264e-01 1.312322320115711927e+00 -1.803455653869447117e-02 1.693903303235572144e-01 2.451454968687477934e-02
3.806042060361516377e+01 9.986512433222730634e-01 1.312033649419949821e+00 -1.602641943416162340e-02 1.690608332598003416e-01 2.529553786925280504e-02
3.837759077531226382e+01 9.983840415893067144e-01 1.315742101560667621e+00 -1.548917482422999641e-02 1.693881865888715865e-01 2.553080896651832923e-02
3.869476094700910807e+01 9.980082841005404326e-01 1.314435057686113684e+00 -1.701661918914144575e-02 1.639340944389861277e-01 2.546492261555453537e-02
3.901193111870612995e+01 9.986517238517806927e-01 1.316642936662309138e+00 -1.619879839106012215e-02 1.658781627713422635e-01 2.565089996512099832e-02
3.932910129040316605e+01 9.988357491891897144e-01 1.316070892943682402e+00 -1.690473737106642366e-02 1.625045688941443023e-01 2.547133813345331052e-02
3.964627146210006714e+01 9.989781123729057910e-01 1.317462367457693517e+00 -1.583833427204558650e-02 1.663659220070326239e-01 2.634310686366015883e-02
3.996344163379710324e+01 9.994855887857738708e-01 1.317971160352122029e+00 -1.653711615658022549e-02 1.649230561387564076e-01 2.619455817643789874e-02
4.028061180549413223e+01 9.996338810146796483e-01 1.316947681003397319e+00 -1.675012707303698278e-02 1.688655781387195520e-01 2.626413823743659753e-02
4.059778197719096227e+01 9.993819699840988946e-01 1.316010365700648554e+00 -1.651625129740591155e-02 1.675856154625757766e-01 2.624356867470266710e-02
4.091495214888806942e+01 9.994299077067422266e-01 1.317313030456703560e+00 -1.653375562952149463e-02 1.700386764617582980e-01 2.245251845721786543e-02
4.123212232058489235e+01 9.993858282851831865e-01 1.315049079656611664e+00 -1.738122372739558941e-02 1.679133037172496623e-01 2.359905930951754216e-02
4.154929249228192845e+01 9.999648045675038066e-01 1.316341129536106713e+00 -1.689255530559025803e-02 1.693148961773219829e-01 2.508030465472273901e-02
4.186646266397897165e+01 1.000388371524105757e+00 1.318016474214817713e+00 -1.644618196318498732e-02 1.684061465431728466e-01 2.228490577781350526e-02
4.218363283567584432e+01 1.001308890477531799e+00 1.315930525209829227e+00 -1.727119446310250439e-02 1.700703223427868505e-01 2.383940175381366738e-02
4.250080300737290884e+01 1.001297759195101778e+00 1.315090403016053733e+00 -1.731370960413143589e-02 1.705094622722005682e-01 2.455070697112864825e-02
4.281797317906993783e+01 9.999397090876050997e-01 1.312921259790496897e+00 -1.836984871778914175e-02 1.656874043418802844e-01 2.494942862905504335e-02
4.313514335076676076e+01 9.991651313869568396e-01 1.309776735017479155e+00 -1.832174962294936052e-02 1.645906889066119649e-01 2.375448738963738954e-02
4.345231352246387502e+01 9.993380860284973854e-01 1.309756164485141205e+00 -1.841763606834280476e-02 1.635327126475223658e-01 2.459007367058469937e-02
4.376948369416069085e+01 9.993846479381613968e-01 1.310545241529118554e+00 -1.748815810356444192e-02 1.638835927893458055e-01 2.430663780368432642e-02
4.408665386585773405e+01 9.987238784979738382e-01 1.312355376499057424e+00 -2.035189381887380147e-02 1.693020544119392401e-01 2.377496839870461842e-02
4.440382403755477725e+01 9.986443932098978404e-01 1.312748441617170858e+00 -2.002516101298817269e-02 1.691088397136684962e-01 2.498098567210460530e-02
4.472099420925164992e+01 9.990634408595704397e-01 1.314008248755266672e+00 -2.009084583114202627e-02 1.641050879532555407e-01 2.472887684739672950e-02
4.503816438094870733e+01 1.000383923915188378e+00 1.317362146567581549e+00 -2.042772907080161321e-02 1.622125273890652197e-01 2.487634042822059119e-02
4.535533455264575053e+01 9.995823574204139028e-01 1.315765329298148156e+00 -2.051169273372699733e-02 1.659344538092325239e-01 2.615854085001222476e-02
4.567250472434255926e+01 9.996758294088701202e-01 1.315850206296160785e+00 -1.982246711064954495e-02 1.697843534823351708e-01 2.124219140840455378e-02
4.598967489603967351e+01 9.999234451831944259e-01 1.317096707034558500e+00 -1.892299539838223493e-02 1.682035617500465541e-01 2.210987215503337766e-02
4.630684506773647513e+01 1.001400959128778467e+00 1.319263061018079330e+00 -1.878250337571917353e-02 1.706511965673057074e-01 2.312137579207982491e-02
4.662401523943353254e+01 1.001274150015912578e+00 1.317968883292452542e+00 -1.847888157993103977e-02 1.726213359888757182e-01 2.435355465290905616e-02
4.694118541113058996e+01 1.001346830960189616e+00 1.316890954405594671e+00 -1.800006014524213604e-02 1.726626420395244443e-01 2.589341085035885837e-02
4.725835558282744131e+01 1.001072756353430515e+00 1.316231100001307386e+00 -1.687449963236318379e-02 1.697863558325128641e-01 2.425002523068228028e-02
4.757552575452450583e+01 1.000520484996555659e+00 1.314700112740364579e+00 -1.716549831977242160e-02 1.716407465883660888e-01 2.577289263257209750e-02
