-3.265420516431844078e+01 3.011495105955147356e+00 1.000000000000000000e+00 -1.493912855892182232e-03 8.777474043234146034e-04 -1.946714193856429170e-03
-3.210996841157142967e+01 3.098841664583950273e+00 6.234624767107681542e-01 9.922086369684449819e-03 8.842444215486326697e-02 5.972952314258044709e-02
-3.156573165882368670e+01 3.110339554426790443e+00 4.481086868522992095e-01 1.311355358604483247e-02 1.152249704044721601e-01 8.739780913879668933e-02
-3.102149490607592952e+01 3.093359499616017860e+00 3.577953217799687002e-01 1.591173676704575948e-02 1.001258527507228879e-01 1.058225209002767592e-01
-3.047725815332816879e+01 3.069175699326428308e+00 3.092661959978941777e-01 1.899021446489284129e-02 7.609188902426970713e-02 1.108105674011887337e-01
-2.993302140058041161e+01 3.049648659355086444e+00 2.814214148703411689e-01 1.841930443551806698e-02 5.629435227516945556e-02 1.108564173228858557e-01
-2.938878464783264377e+01 3.034786828438077233e+00 2.658649355509655754e-01 1.906550531112893854e-02 4.514114662482231893e-02 1.172860915732705511e-01
-2.884454789508488659e+01 3.022255606890614565e+00 2.570977597533757320e-01 2.023814498451890695e-02 3.778335737789242921e-02 1.184481638419031674e-01
-2.830031114233713296e+01 3.020180234132917807e+00 2.512314028223311957e-01 1.946194147693565413e-02 3.592419475384926730e-02 1.114458788317817944e-01
-2.775607438959550777e+01 3.010475778579506656e+00 2.482449177026074538e-01 2.114624303397842978e-02 3.553744160594722590e-02 1.132093794373373319e-01
-2.721183763685515444e+01 3.011283365178053728e+00 2.472480630480567432e-01 2.023978070913038177e-02 3.365575096440040492e-02 1.129573787754715591e-01
-2.666760088411479757e+01 3.005934677197235505e+00 2.460453337038064625e-01 2.075642325791809614e-02 3.541828001699616479e-02 1.132350385229206335e-01
-2.612336413137444424e+01 3.002508935735646478e+00 2.454881434433495990e-01 2.212074000175960967e-02 3.369512282437513162e-02 1.124645988849325429e-01
-2.557912737863409447e+01 3.003806398735126670e+00 2.452779464763474582e-01 2.127163998202746473e-02 3.263727544419733895e-02 1.155990867793960514e-01
-2.503489062589372338e+01 3.002161221934247948e+00 2.448951219392017098e-01 2.104083980888591873e-02 3.486501180697400976e-02 1.158935195350389163e-01
-2.449065387315338782e+01 3.004967791647572994e+00 2.444262427445886565e-01 2.019477865610288386e-02 3.463185395983717219e-02 1.144585607170830049e-01
-2.394641712041300607e+01 3.003475082340068880e+00 2.447459475370786786e-01 2.278759871033553611e-02 3.371974303285512481e-02 1.172208905560214315e-01
-2.340218036766296805e+01 3.001518378250450425e+00 2.446517744145541018e-01 1.972400617080694724e-02 3.302801764393236555e-02 1.144178666548476969e-01
-2.285794361490778570e+01 2.998634464930139742e+00 2.447595859510182659e-01 1.869967097254424115e-02 3.481946692424343209e-02 1.133669481504879228e-01
-2.231370686215264243e+01 2.999081285413024656e+00 2.449689216649643120e-01 2.039449650452255028e-02 3.548893391014001919e-02 1.142594559783223218e-01
-2.176947010939744942e+01 2.999594389326629251e+00 2.450704501761928333e-01 1.731083841327699102e-02 3.651497229589113769e-02 1.116882175773779434e-01
-2.122523335664226707e+01 2.998709220255536323e+00 2.449970701558425168e-01 1.924837442795076375e-02 3.242906266081387739e-02 1.107825958313816694e-01
-2.068099660388713801e+01 2.999657064708525223e+00 2.443692440675449273e-01 2.020454023431633370e-02 3.239280053034903489e-02 1.143816334942674429e-01
-2.013675985113194145e+01 3.001718865677603709e+00 2.443462849199675435e-01 2.079350751875681455e-02 3.431309240543049116e-02 1.168007132033581086e-01
-1.959252309837681949e+01 2.997241354161241045e+00 2.441504824689601783e-01 1.946135694885950743e-02 3.579277860823766588e-02 1.166720588804202319e-01
-1.904828634562160872e+01 2.997474295358674379e+00 2.440443274225680415e-01 2.058214558670955208e-02 3.708924496113927965e-02 1.156010186078322843e-01
-1.850404959286643702e+01 3.003633860086115881e+00 2.433276560799673138e-01 1.868304037045625046e-02 3.205527767936582062e-02 1.131272638980206080e-01
-1.795981284011131152e+01 3.004286299505009694e+00 2.444223627629342199e-01 1.768449106008715757e-02 3.782951370941635416e-02 1.127398193795124820e-01
-1.741557608735615048e+01 2.997955568376133417e+00 2.449360017458531713e-01 1.756310403694879424e-02 3.498542154853190311e-02 1.132010897632911295e-01
-1.687133933460092550e+01 2.997774568968470721e+00 2.446840058461797751e-01 1.873255655712293896e-02 3.456685464700195304e-02 1.145323902852975750e-01
-1.632710258184580709e+01 2.999981239649932352e+00 2.438863433922001112e-01 1.868494574535428318e-02 3.328390462508901138e-02 1.145988906894033071e-01
-1.578286582909064428e+01 3.000878449381341628e+00 2.433844107851487470e-01 1.999698450245037534e-02 3.355038476011699966e-02 1.133603943723647395e-01
-1.523862907633544772e+01 3.000149177999008376e+00 2.440150899642586912e-01 1.960081534084528662e-02 3.284744713958599044e-02 1.146546877421844579e-01
-1.469439232358947756e+01 2.998761823730986098e+00 2.443102396413678878e-01 1.917909977318586409e-02 3.320477234453040466e-02 1.138006708556439650e-01
-1.415015557086394971e+01 3.000613572727779399e+00 2.437809715123051557e-01 2.012862777601442943e-02 3.402661380430689608e-02 1.136831810607655119e-01
-1.360591881813839876e+01 3.001776264202141942e+00 2.435771489908005460e-01 1.929930777488797836e-02 3.435204077059295785e-02 1.146997003022655059e-01
-1.306168206541287802e+01 3.004170864191473722e+00 2.437021496791073050e-01 2.022878850040714382e-02 3.285691220470412371e-02 1.167237531800266875e-01
-1.251744531268736260e+01 3.000907185089755291e+00 2.445584564152193663e-01 1.920085736637007143e-02 3.243683801565810237e-02 1.150316009511386239e-01
-1.197320855996184186e+01 3.005216186186225436e+00 2.443413462419158355e-01 1.916457396452551920e-02 3.746554835093978547e-02 1.160329959737233796e-01
-1.142897180723629802e+01 3.003245348386017533e+00 2.445795086400431306e-01 2.005423155205507402e-02 3.612151649718227386e-02 1.173303341113293291e-01
-1.088473505451077550e+01 3.006853828928295780e+00 2.438087786122787315e-01 1.944181917606047777e-02 3.452593788361801863e-02 1.158757576945640133e-01
-1.034049830178514462e+01 3.008750230170837980e+00 2.431411346442731436e-01 1.903047101263593069e-02 3.183780873375031267e-02 1.131743645805080717e-01
-9.796261549059623874e+00 3.002927354709696406e+00 2.441829329118031522e-01 1.907863240526734908e-02 3.455332078673103990e-02 1.137793133914145605e-01
-9.252024796334085366e+00 3.005262930996456028e+00 2.433406960173554179e-01 2.134332268860341525e-02 3.432179410187632951e-02 1.150967921648711617e-01
-8.707788043608571726e+00 3.004661411563845697e+00 2.440898803442468901e-01 1.843667531953866248e-02 3.353197596340823372e-02 1.144879344257731524e-01
-8.163551290883027889e+00 3.004564362001959310e+00 2.438197510417078329e-01 1.875338555129841059e-02 3.484948362297030783e-02 1.174461493177006571e-01
-7.619314538157504479e+00 3.003723706501538082e+00 2.440377771985832445e-01 1.961125621141509429e-02 2.990129600788903400e-02 1.154063161171650920e-01
-7.075077785431961530e+00 3.001045989866696129e+00 2.441667364329304368e-01 1.838084564730413720e-02 3.326924613349368370e-02 1.168737771201325826e-01
-6.530841032706437232e+00 3.003035063679997840e+00 2.440598967016305576e-01 2.085191066933607049e-02 3.507255738542962992e-02 1.176809198016104258e-01
-5.986604279980818788e+00 3.002581614973073076e+00 2.442883132775837685e-01 2.091280727870303835e-02 3.483066190474790741e-02 1.152389543270497946e-01
-5.442367527255294490e+00 2.997211893382266457e+00 2.440545699003149605e-01 2.020505400544360397e-02 3.236916006036661547e-02 1.143213067480544215e-01
-4.898130774529763087e+00 3.003906122904614673e+00 2.431737106426608286e-01 2.108817009249181959e-02 3.268139343168132566e-02 1.164323686844332822e-01
-4.353894021804242342e+00 2.998820680892144264e+00 2.440793454665539652e-01 2.046055552376395414e-02 3.723631533457430476e-02 1.163132478709128781e-01
-3.809657269078726927e+00 2.997298033305620280e+00 2.445277622137416451e-01 2.078641089527320449e-02 3.456576166853773252e-02 1.164836977186949757e-01
-3.265420516353206626e+00 2.994747301887631163e+00 2.448574795477747312e-01 1.841535155297804177e-02 3.490402772381624025e-02 1.168090509057880533e-01
-2.721183763627674779e+00 2.996853012091424961e+00 2.444093510385967338e-01 2.095154492732005658e-02 3.591295448869440132e-02 1.148631634178498007e-01
-2.176947010902158919e+00 2.995444285706262200e+00 2.448692983118263555e-01 1.912727687241789348e-02 3.465579318025723693e-02 1.108602973176536638e-01
-1.632710258176556017e+00 2.999751808426507793e+00 2.443765925154748053e-01 1.925615545188606725e-02 3.328253940963343815e-02 1.115385040342351669e-01
-1.088473505451043932e+00 3.002293160611038569e+00 2.440674360660777253e-01 2.054602422314848187e-02 3.324860116411651467e-02 1.166113413835802720e-01
-5.442367527255159709e-01 3.003044959104453238e+00 2.446144497317337962e-01 1.839108434697496464e-02 3.532018225095644171e-02 1.156486419054360282e-01
0.000000000000000000e+00 3.007170053034195600e+00 2.441498556230635997e-01 2.065254658624398124e-02 3.374660252813672934e-02 1.146043427285507871e-01
