0.000000000000000000e+00 1.900055021325752103e+00 6.124553680768100605e+01 1.422710370323866658e-01 6.586807972078967399e-02 1.291876265981411476e-01
5.690284455043630868e-02 1.918097306124389334e+00 4.211590977632405242e+01 6.682867742294336388e-02 6.701294662637917454e-02 9.246432949332586415e-02
1.135789845409096860e-01 1.934223647353002562e+00 3.213259597664638534e+01 4.052188527508608640e-02 6.704289299183520401e-02 7.105158922555827872e-02
1.702551245313830286e-01 1.948163620160267229e+00 2.594408184532037254e+01 2.596738437650424405e-02 6.770132035834280915e-02 5.786139464836230484e-02
2.269312645218570235e-01 1.960249937365393880e+00 2.179969510022218060e+01 1.889727565447177696e-02 6.816660490653810023e-02 4.822311178615541066e-02
2.836074045123297416e-01 1.970846289011200847e+00 1.875632424475354654e+01 1.359563702528415047e-02 6.905966392242500473e-02 4.339747384621071846e-02
3.402835445028039585e-01 1.980326724629104973e+00 1.649453590575219053e+01 1.185453980815616079e-02 7.085432580965372873e-02 4.089846975185493921e-02
3.969596844932837820e-01 1.988643362393661018e+00 1.471226368805892726e+01 8.047607544723202333e-03 7.221850856110278993e-02 3.589389379375709094e-02
4.534091199238035053e-01 1.995156138629741394e+00 1.328147688623658240e+01 6.463899278672986110e-03 7.336432731117389916e-02 3.246304509252957021e-02
5.100852599142878807e-01 2.000226910368040123e+00 1.210131968973212935e+01 6.310675407706963641e-03 7.554316505183361619e-02 3.053367017232790082e-02
5.667613999047710349e-01 2.004374809614134278e+00 1.110594341675098207e+01 3.689058442861945300e-03 7.756726355376560023e-02 2.799661156939178483e-02
6.234375398952547442e-01 2.006941039931606774e+00 1.027579858269271718e+01 3.681460001825980020e-03 8.022389555733709654e-02 2.753042432287212959e-02
6.801136798857375654e-01 2.007677967312234468e+00 9.572347170701274166e+00 3.910349019656526003e-03 8.272611487234236838e-02 2.740482292180234855e-02
7.367898198762187212e-01 2.007946698349642123e+00 8.938324314631106660e+00 3.755081504016209801e-03 8.498721395766226094e-02 2.793620717168301265e-02
7.934659598666830016e-01 2.006806029675194836e+00 8.386505018433179970e+00 2.447817928322085571e-03 8.550189849855889535e-02 2.460427683210594102e-02
8.501420998571428411e-01 2.004442071304140871e+00 7.899107204055283660e+00 3.417344144352399936e-03 8.766572187307435093e-02 2.670286644701259926e-02
9.068182398476064554e-01 2.001467590212195446e+00 7.466939618641572629e+00 1.434268241306331298e-03 8.892292091165351908e-02 2.759087535363103152e-02
9.634943798380694036e-01 1.998104654713500183e+00 7.080432865818099053e+00 1.571610698336710701e-03 9.144864651737064087e-02 2.799044105160240076e-02
1.020397224388497115e+00 1.993370316916148077e+00 6.731225904174189090e+00 2.754487395503928560e-03 9.405249433101731116e-02 2.907529846253902039e-02
1.077073364378961839e+00 1.987977097228053491e+00 6.419353376560674285e+00 2.894664831790202605e-03 9.654259665706893534e-02 2.817451795995839017e-02
1.133749504369420347e+00 1.982459769326292420e+00 6.135092447305988017e+00 4.063293022565793791e-03 9.860268578718159316e-02 2.917075629356984112e-02
1.190425644359886626e+00 1.975123104055838352e+00 5.875807637007087969e+00 4.175517096458093366e-03 1.018391574562896723e-01 2.796838240391511660e-02
1.247101784350348241e+00 1.968211606939582303e+00 5.632190834323965056e+00 3.397909372719348613e-03 1.039327361601289357e-01 2.824725348628744429e-02
1.303777924340814298e+00 1.959900964989518046e+00 5.409304761653850768e+00 3.005205928450930229e-03 1.061064698629589909e-01 2.841979140251622502e-02
1.360454064331275692e+00 1.951353621351399337e+00 5.204169190988324090e+00 3.561134988920982083e-03 1.076110268942219866e-01 2.790118286474602832e-02
1.417130204321743525e+00 1.942455024497200755e+00 5.012656385528281966e+00 3.872453081821721800e-03 1.112266038583807209e-01 2.537959205110890820e-02
1.473806344312223127e+00 1.934164250086977122e+00 4.835291356503903515e+00 4.719112463894322394e-03 1.151054374371138223e-01 2.754111602211945301e-02
1.530482484302721380e+00 1.924210448300769372e+00 4.666042251374032723e+00 3.936738695356754338e-03 1.184793115072691611e-01 2.806156520393704099e-02
1.587158624293229847e+00 1.914758463727164406e+00 4.512968155111624746e+00 3.432231045470825019e-03 1.207180543723202631e-01 2.867937150271751903e-02
1.643608059723765447e+00 1.905658340536594997e+00 4.366311353241756343e+00 2.599634885203417917e-03 1.235533193301160959e-01 2.816445383411115763e-02
1.700284199714274580e+00 1.895498468821283922e+00 4.229176960599831503e+00 2.005158043466979088e-03 1.246980974445116297e-01 2.718908442855966917e-02
1.756960339704775720e+00 1.885803480844195024e+00 4.093514641013464406e+00 8.618186382995507823e-04 1.272146888944526155e-01 2.702799089708565750e-02
1.813636479695275527e+00 1.876040275006424674e+00 3.971756515074699401e+00 1.386649837329815291e-03 1.295168999852868985e-01 2.596630787630079679e-02
1.870312619685785105e+00 1.865207349418328331e+00 3.860155654363223388e+00 1.052086564925055557e-03 1.320844792877002294e-01 2.532657894286289776e-02
1.926988759676283580e+00 1.854953782994414047e+00 3.747468677668698511e+00 1.301439970950637537e-03 1.346968072254630389e-01 2.691687449622277503e-02
1.983664899666792047e+00 1.843891325537516224e+00 3.647093587007581128e+00 2.021603770592894742e-04 1.376542996610543024e-01 2.647926357379791831e-02
2.040341039657293187e+00 1.833174829919412607e+00 3.547509911770963864e+00 -3.421355544484938746e-04 1.402513637728870222e-01 2.666660031637116401e-02
2.097017179647794993e+00 1.821896398410849605e+00 3.453065966301783973e+00 -5.301035225816108816e-04 1.433400279672865929e-01 2.646339589109594076e-02
2.153693319638299908e+00 1.810789905665291633e+00 3.363713265525675400e+00 1.111980396252254522e-04 1.468108384179398485e-01 2.632671509215816358e-02
2.210369459628802602e+00 1.798246308783502112e+00 3.277602798096251213e+00 2.405252335021324027e-04 1.482377723269145964e-01 2.749593420742131589e-02
2.267045599619311957e+00 1.786320785600944649e+00 3.195062562734172218e+00 -6.680350660418876534e-04 1.496842632310035892e-01 2.641898263682118317e-02
2.323721739609814652e+00 1.773988259247839760e+00 3.116182812783381717e+00 1.084853006929871163e-03 1.524794993075533067e-01 2.802272442215882065e-02
2.380397879600309796e+00 1.762167354125410590e+00 3.041539555587186694e+00 1.226438162255540868e-03 1.556370513700467140e-01 2.803862277236634018e-02
2.437074019590820928e+00 1.750918507894678067e+00 2.970894807785878999e+00 2.278453288529475214e-03 1.582798910322006092e-01 2.468173521871882756e-02
2.493750159581324954e+00 1.739393774732617137e+00 2.903290369560993955e+00 2.156977341605783617e-03 1.600050175741321856e-01 2.446570729300666380e-02
2.550426299571823652e+00 1.728199209229301037e+00 2.838285482244914171e+00 3.793293789322665921e-03 1.636318231173194970e-01 2.461312627362143013e-02
2.607102439562328122e+00 1.716342831962792692e+00 2.774880450691493916e+00 3.851770290107589013e-03 1.663131488256568979e-01 2.347737369213664591e-02
2.663778579552839698e+00 1.705412724912813482e+00 2.716698584870327338e+00 4.941250426905199021e-03 1.689213920209353126e-01 2.332927729833001937e-02
2.720454719543332622e+00 1.693635277901010205e+00 2.655908927043362677e+00 3.560891592736502732e-03 1.694680735444950015e-01 2.556738109261002048e-02
2.777130859533837093e+00 1.681771807957541220e+00 2.600756609163484168e+00 3.583835354183966069e-03 1.720053756139441614e-01 2.605076207337956098e-02
2.833806999524347336e+00 1.669788092074971253e+00 2.544075136934146109e+00 3.491953817644568702e-03 1.748628624337977000e-01 2.594756039205700637e-02
2.890483139514853139e+00 1.658062278345578733e+00 2.491087887666990852e+00 2.792566169125118222e-03 1.757278663248958983e-01 2.308641420368772942e-02
2.947159279505289664e+00 1.646929664909131841e+00 2.440741842674197137e+00 1.152516333286678334e-03 1.780333215858525275e-01 2.241437128874823950e-02
3.003835419495703540e+00 1.635437886779173677e+00 2.389761964655175763e+00 7.208562639858351155e-04 1.784696961677728622e-01 2.436703405900129960e-02
3.060511559486127631e+00 1.623098345795306985e+00 2.343118938113830207e+00 1.764354564747229112e-03 1.803164686895013802e-01 2.477607977889518739e-02
3.117187699476557494e+00 1.611579838341140158e+00 2.297485731611046411e+00 1.709190089270802310e-03 1.840734118592350366e-01 2.725422230733682075e-02
3.173863839466982473e+00 1.601058097196338181e+00 2.254236810784135958e+00 1.770974179024350495e-03 1.863480136009822707e-01 2.933271230580236991e-02
3.230539979457395461e+00 1.590302040243892989e+00 2.210625425489575413e+00 1.287916646669625678e-03 1.874802885262409069e-01 2.890327264236404112e-02
3.287216119447819551e+00 1.578650841014683781e+00 2.167183683305355490e+00 1.041898678981462070e-03 1.877677510465105004e-01 2.611390145368403665e-02
3.343892259438249859e+00 1.568694036334593145e+00 2.125249051250896581e+00 1.339315747003794101e-03 1.897484487336166259e-01 2.689019944273925850e-02
3.400568399428675725e+00 1.557668988825023693e+00 2.087424800172722250e+00 2.768373080530269707e-03 1.914850247020670471e-01 2.738877560318633136e-02
3.457244539419086937e+00 1.547352349734758326e+00 2.048074622164406389e+00 3.101757233746774665e-03 1.922165413997872774e-01 2.654204033774194491e-02
3.513920679409511916e+00 1.536627702019491393e+00 2.012983402780605946e+00 3.545387786917419785e-03 1.952170541744770171e-01 2.703258764943987369e-02
3.570596819399942223e+00 1.526139180004895346e+00 1.978402302071628371e+00 4.079802324478238977e-03 1.980993119677487146e-01 2.691900523904633760e-02
3.627499663950333630e+00 1.516329205930865287e+00 1.943563255569231929e+00 3.897110004073867182e-03 1.995664378039523901e-01 2.645492041201941494e-02
3.684175803940743510e+00 1.506226361396086233e+00 1.910508419257129775e+00 2.434760815473281572e-03 2.023402392180281284e-01 2.626906045035048640e-02
3.740851943931169377e+00 1.496758198495463432e+00 1.876543714746030433e+00 2.522054640370290351e-03 2.027615073394277156e-01 2.681654468142006045e-02
3.797528083921598796e+00 1.486311616925251711e+00 1.845354939759326074e+00 2.479582114746834570e-03 2.042357529847142195e-01 2.753803175602410891e-02
3.854204223912025995e+00 1.476328210771264526e+00 1.814179039426963902e+00 3.547531475627011335e-03 2.062831145662164523e-01 2.583087090586841036e-02
3.910880363902435874e+00 1.467221264557904359e+00 1.782941711467459278e+00 2.078812209394651552e-03 2.088111987173514317e-01 2.630422114263275199e-02
3.967556503892864406e+00 1.457426432397320282e+00 1.753827079761828944e+00 2.008765140281492181e-03 2.108816887406433638e-01 2.653724145161139372e-02
4.024232643883292049e+00 1.448821791788710289e+00 1.723387287234806831e+00 1.758030275391057017e-03 2.129914540142199553e-01 2.565247836323597194e-02
4.080908783873715251e+00 1.439925470836389998e+00 1.695569087336300074e+00 1.528668083782871437e-03 2.144905439139485892e-01 2.620781826057377514e-02
4.137584923864131348e+00 1.431682756934593792e+00 1.667363945747671883e+00 1.138668084004313937e-03 2.157570455857007463e-01 2.407587108117749744e-02
4.194261063854553662e+00 1.423141067538598925e+00 1.640642943896000183e+00 1.797168158249484726e-03 2.160420308202636308e-01 2.418002602240262866e-02
4.250937203844978640e+00 1.413547387402137145e+00 1.615701874550366846e+00 2.000818092170999693e-03 2.179131420696950039e-01 2.296903529766245594e-02
4.307613343835410724e+00 1.405739888978634333e+00 1.589039253249884043e+00 2.576281532343819344e-03 2.205115194495346487e-01 2.168959038548588444e-02
4.364289483825819715e+00 1.397480932306956358e+00 1.563612838035891128e+00 1.621189113149806892e-03 2.205883741653505703e-01 2.160011957480197087e-02
4.420965623816251799e+00 1.389248527329050908e+00 1.539653732964131772e+00 2.207727432227121322e-03 2.222090456079582332e-01 2.296215788816406700e-02
4.477641763806676778e+00 1.380460936767617053e+00 1.516677923567145259e+00 1.763728575934663239e-03 2.216126608808101639e-01 1.991141873944887730e-02
4.534317903797097316e+00 1.372565823960891551e+00 1.493167411088812679e+00 1.843195495545660876e-03 2.208042759338039451e-01 1.934654404674505598e-02
4.590994043787519630e+00 1.364463502905943537e+00 1.470396065438143385e+00 1.783532121633711783e-03 2.225945446314760989e-01 2.089738343524341624e-02
4.647670183777938391e+00 1.356390120867829507e+00 1.448906306584094139e+00 1.119632648430402000e-03 2.243467709365872531e-01 1.953540439279647170e-02
4.704346323768360705e+00 1.348961967790015537e+00 1.425577580122035393e+00 1.018082546234437905e-03 2.240624331503695277e-01 2.112919739500757760e-02
4.761022463758796341e+00 1.341975338792305239e+00 1.404768352243271234e+00 6.998887098232631741e-04 2.268238119535207209e-01 2.174034088186475866e-02
4.817698603749203556e+00 1.334632431264662245e+00 1.384418641109066206e+00 8.475145138890483433e-04 2.275696856873358209e-01 2.210561074186865455e-02
4.874374743739640081e+00 1.327446594443464578e+00 1.362437122956901669e+00 1.128901244694157160e-03 2.288580543831186531e-01 2.166083816246386351e-02
4.931050883730061507e+00 1.320836506947844269e+00 1.342988474980447933e+00 1.952544919471632743e-04 2.321770368736344736e-01 2.207180046935427326e-02
4.987727023720479380e+00 1.313565197028828679e+00 1.324123933252462582e+00 5.594899369253514667e-04 2.321602509938270054e-01 2.254186763622242212e-02
5.044403163710907023e+00 1.306468959430975962e+00 1.305343700763718973e+00 1.429241205175324578e-03 2.321626065128249983e-01 2.213808083799442133e-02
5.101079303701323120e+00 1.299214184250719661e+00 1.286731068742807071e+00 1.056086677533871806e-03 2.337179979103867211e-01 2.169245949012067395e-02
5.157755443691742769e+00 1.293033206766936560e+00 1.268852837728862815e+00 1.035856619062536189e-03 2.339204128833807794e-01 2.212577071401695614e-02
5.214431583682181959e+00 1.286286249386871194e+00 1.252322289101659436e+00 1.772784966244981284e-03 2.338339137374601528e-01 2.345589922237832289e-02
5.271107723672587397e+00 1.279982120105254806e+00 1.234753727685810931e+00 8.807687117874363723e-04 2.333223936902032447e-01 2.557856383501385528e-02
5.327783863663027475e+00 1.273784669674548065e+00 1.217547430652691443e+00 6.796336017632275892e-04 2.311533164416273434e-01 2.436031200194924487e-02
5.384460003653446236e+00 1.267809636799043016e+00 1.200661044528500865e+00 2.300119010621302224e-03 2.316899633377945689e-01 2.553848425680239898e-02
5.441136143643861445e+00 1.262535514948627480e+00 1.183534940935345947e+00 2.271885882750956931e-03 2.286266364742505774e-01 2.448728723263147999e-02
5.497812283634292640e+00 1.256106828481783788e+00 1.168276895904648560e+00 2.632669331997258486e-03 2.262450243021055241e-01 2.478091323578199973e-02
5.554488423624707849e+00 1.250089258483478405e+00 1.152358038898455117e+00 3.431341070548040578e-03 2.264674195321935701e-01 2.512347555962562290e-02
5.611164563615125722e+00 1.244748404655909191e+00 1.135605696848873469e+00 3.750546682961172426e-03 2.275353577602595156e-01 2.650639302162888580e-02
5.667840703605567576e+00 1.239034906608865061e+00 1.121208205268202862e+00 4.575461162428742616e-03 2.276579415212150459e-01 2.798092135741939157e-02
5.724516843595972126e+00 1.232964091467740442e+00 1.106969551611362235e+00 4.864695679477142563e-03 2.270945071297059414e-01 2.779684857090794492e-02
5.781192983586414869e+00 1.228210491501281920e+00 1.091637317520528283e+00 2.582861268885464773e-03 2.271294064057416684e-01 2.755099126013911548e-02
5.837869123576831853e+00 1.222315583425964691e+00 1.077755169780151734e+00 3.593780281853635895e-03 2.267100677524591656e-01 2.530131596912653727e-02
5.894545263567244398e+00 1.217007676564223706e+00 1.063770635174641432e+00 3.103827837070970239e-03 2.285680861501300509e-01 2.451638595440377988e-02
5.951221403557679146e+00 1.211914589002573317e+00 1.049869706658617119e+00 1.467839099052320462e-03 2.282745773127536904e-01 2.555508075286363340e-02
6.007897543548093466e+00 1.207391319227050452e+00 1.036327770851493302e+00 3.169180930144107743e-03 2.292275614886837287e-01 2.753025918995642696e-02
6.064573683538508675e+00 1.202193565934833064e+00 1.023739411720417269e+00 4.483149452173765953e-03 2.293592061188122200e-01 2.874661317009237146e-02
6.121249823528954082e+00 1.198239513481718976e+00 1.011753836595975731e+00 2.599397583945478596e-03 2.280886835599073015e-01 2.661341331439630656e-02
6.177925963519355967e+00 1.193702350110732890e+00 9.999176391634347905e-01 1.341818035608761646e-03 2.280988590285903672e-01 2.485264213844414968e-02
6.234602103509801374e+00 1.189431927323304716e+00 9.879937090329805605e-01 1.225414652683043436e-03 2.275151994615929596e-01 2.098419050502422362e-02
6.291278243500216583e+00 1.185052201062710253e+00 9.763606636513180170e-01 1.925609158220589192e-03 2.261861777805402318e-01 1.946342742380022250e-02
6.347954383490628238e+00 1.180986458371440895e+00 9.646718661203859124e-01 1.429817669858016822e-03 2.255642548645758472e-01 1.891879180907786451e-02
6.404630523481064763e+00 1.176824038269621342e+00 9.538108237317478588e-01 2.152075458184862268e-03 2.257740149594099355e-01 2.000403658389225334e-02
6.461306663471478196e+00 1.172438062755169375e+00 9.437411729539939564e-01 2.850899143229084030e-03 2.282690642814236559e-01 1.960471166799247072e-02
6.517982803461890740e+00 1.168192087497198495e+00 9.331288374752076953e-01 2.735873108790770440e-03 2.274684789746603542e-01 2.049683202658953568e-02
6.574658943452337923e+00 1.163221153568307242e+00 9.224988609949658080e-01 3.537588528152260138e-03 2.265048126760081382e-01 2.027532029314636428e-02
6.631335083442740697e+00 1.159104076136996619e+00 9.128377503647706614e-01 3.767303362797091906e-03 2.262464939072922343e-01 2.100150555524728929e-02
6.688011223433188768e+00 1.154752318024168112e+00 9.033729673171606578e-01 3.522313118394371136e-03 2.224763216083009698e-01 2.002256044701935037e-02
6.744687363423601312e+00 1.150890683839433271e+00 8.937299344950505597e-01 3.662257305731319960e-03 2.232663826378555316e-01 2.110193018944184554e-02
6.801363503414011191e+00 1.147889811815704819e+00 8.829595914176272542e-01 4.678010147001431668e-03 2.228729734525754513e-01 2.171291947693812507e-02
6.858039643404451269e+00 1.144384613231064440e+00 8.732467771982335147e-01 4.753035654372291668e-03 2.198812335219993974e-01 2.405244768555471827e-02
6.914715783394862925e+00 1.139952344071709645e+00 8.646788595028845892e-01 5.271496828181305300e-03 2.172708770443176063e-01 2.390666018081429034e-02
6.971391923385273692e+00 1.136280869444225905e+00 8.554472191165077843e-01 5.542676953689362578e-03 2.172310274261588514e-01 2.294116001595614129e-02
7.028068063375722652e+00 1.133150190891834663e+00 8.463765467899067030e-01 4.748247204139383060e-03 2.155595355137531755e-01 1.922523273639414540e-02
7.084744203366125426e+00 1.129462422501787078e+00 8.382648326935777661e-01 6.371981636919273051e-03 2.124204363820481889e-01 1.665252098344612020e-02
7.141420343356572609e+00 1.126072800907869098e+00 8.291507065021247458e-01 6.096352771516483707e-03 2.106380633601079577e-01 1.840497679744011739e-02
7.198096483346986041e+00 1.121998920203782113e+00 8.209769931188948267e-01 7.057913595743071922e-03 2.095609383896370748e-01 1.769458526128051684e-02
7.254772623337395920e+00 1.117615552363032672e+00 8.137369589321641339e-01 7.478970742404388548e-03 2.083871250412767384e-01 1.804768197814711830e-02
7.311448763327836886e+00 1.114200943326674187e+00 8.057551148362391835e-01 7.206886600840362728e-03 2.077935932023499133e-01 1.863879888530403303e-02
7.368124903318247654e+00 1.111261357922227466e+00 7.979684674997853389e-01 6.613410355977348415e-03 2.088595015660112131e-01 1.942307652554496264e-02
7.424801043308657533e+00 1.108547199245938808e+00 7.903537223834302683e-01 6.037045780634069103e-03 2.081152586075431798e-01 2.029049202918987646e-02
7.481477183299107381e+00 1.105021674832866507e+00 7.834791146792990935e-01 5.007376030970708651e-03 2.055953722961605112e-01 2.033590084004498200e-02
7.538153323289510155e+00 1.102157850654645888e+00 7.761170602656226603e-01 3.386208631393775731e-03 2.025861147178825428e-01 2.318996633340131286e-02
7.594829463279960002e+00 1.099649025257015467e+00 7.693142982844818345e-01 3.652335671011953510e-03 2.012717141743967375e-01 2.238638200090162234e-02
7.651505603270368105e+00 1.096640827640156246e+00 7.630674694810635206e-01 2.067533795997699049e-03 1.992884500866668462e-01 2.189597960141317565e-02
7.708181743260780650e+00 1.094128162599624865e+00 7.561850459723824525e-01 5.744190728684950417e-04 1.976748989274200730e-01 2.320098628862099846e-02
7.764857883251221615e+00 1.091506119262275032e+00 7.487923629922664803e-01 7.719384209034685536e-04 1.964533538365170195e-01 2.127350659643656092e-02
7.821534023241635936e+00 1.088718054864779683e+00 7.425110114750882451e-01 1.494451708969313317e-03 1.947635612325617493e-01 1.957716370067699718e-02
7.878210163232040486e+00 1.086194824609449716e+00 7.356645251681951381e-01 1.159973316270505135e-03 1.919155251875503954e-01 1.754369607917657253e-02
7.934886303222492110e+00 1.083377838547051164e+00 7.291453516532658830e-01 8.848004787116492452e-04 1.902090878099811366e-01 1.975965517926465964e-02
7.991562443212900213e+00 1.080815459338380080e+00 7.226991285653833197e-01 1.555561933806081081e-03 1.896298611959161828e-01 1.928164561560089668e-02
8.048238583203339402e+00 1.077832285970098836e+00 7.172810478007861645e-01 1.754529787145087073e-03 1.880205102601009148e-01 1.754766055827196997e-02
8.104914723193754611e+00 1.074943752591050350e+00 7.121297841329183864e-01 1.297430289017456042e-03 1.889557151003557756e-01 1.892104951514846090e-02
8.161590863184169820e+00 1.072505326576122853e+00 7.056357609970153044e-01 5.373430531249589895e-04 1.873986800393698804e-01 1.787022844470672472e-02
8.218267003174599239e+00 1.069806305535720758e+00 7.003302999544053220e-01 6.371168280823968867e-04 1.866332133021683937e-01 1.780587091362709207e-02
8.274943143165016224e+00 1.067729863363253484e+00 6.944946169090666643e-01 -4.271109648455329185e-04 1.854374637661024283e-01 1.711457250308529715e-02
8.331619283155433209e+00 1.065804694555505083e+00 6.875960583712364960e-01 -1.215965645236904952e-04 1.839994464242743211e-01 1.631096881242071264e-02
8.388295423145866181e+00 1.063802933272543383e+00 6.817219834221822650e-01 1.894150395767283356e-03 1.822999893789167269e-01 1.678959156407593134e-02
8.444971563136279613e+00 1.061005229383190418e+00 6.764208241087379392e-01 8.753628104516841422e-04 1.804024526046129062e-01 1.749365747979736430e-02
8.501647703126730349e+00 1.058794684900050687e+00 6.719677239169625782e-01 1.705601354660040217e-03 1.808566140663154520e-01 1.897638734091329146e-02
8.558323843117129570e+00 1.056419388777646517e+00 6.676551415273103141e-01 2.168210760053244143e-03 1.806592041258984760e-01 1.992695490718984080e-02
8.614999983107548331e+00 1.053555785641324904e+00 6.631169371949314773e-01 2.832635663879025118e-03 1.779446034949802025e-01 1.925216350608918714e-02
8.671676123097991962e+00 1.052518905147220796e+00 6.584647097794582571e-01 3.254713264863462550e-03 1.778986683649743106e-01 2.184647964895796921e-02
8.728352263088412499e+00 1.050105234035347834e+00 6.534514404504084828e-01 2.333856295881043662e-03 1.775095061165424259e-01 2.496627587560589639e-02
8.785028403078808168e+00 1.048343411667890912e+00 6.481577073063465866e-01 2.149829214813742118e-03 1.766284988069287687e-01 2.578740134563506717e-02
8.841704543069262456e+00 1.046386968417867047e+00 6.438045449197699055e-01 2.785226434429704037e-03 1.765160512767808554e-01 2.618459862233932928e-02
8.898380683059675889e+00 1.045144045869751404e+00 6.393294546681688173e-01 2.896172690086375005e-03 1.749908800157628230e-01 2.633456829756434039e-02
8.955056823050103532e+00 1.043274367995355112e+00 6.353120075817800805e-01 3.494057451344452329e-03 1.690580664637064690e-01 2.564690192849472181e-02
9.011732963040524069e+00 1.041572653916177371e+00 6.310676553443081982e-01 3.589733132051501144e-03 1.675539726868068569e-01 2.615145991409598136e-02
9.068409103030946383e+00 1.040092810193228523e+00 6.268510869386836326e-01 4.228072120057587389e-03 1.661666744735241508e-01 2.719908497512908349e-02
9.125085243021363368e+00 1.037826623717695407e+00 6.230075051504523342e-01 4.390126191786037843e-03 1.642435904176812456e-01 2.782189703759897423e-02
9.181761383011785682e+00 1.036013395484775224e+00 6.190006712898219465e-01 3.801429002856504362e-03 1.626174108929875350e-01 2.555398772126038845e-02
9.238437523002207996e+00 1.034633870017569013e+00 6.153331263417097796e-01 3.860453231559046912e-03 1.599072272786095095e-01 2.357720116313419267e-02
9.295113662992630310e+00 1.033347697113374375e+00 6.113100561463314930e-01 4.239572838525521199e-03 1.573580685983797245e-01 2.366263970803481054e-02
9.351789802983047295e+00 1.031852195643901959e+00 6.074666971568312146e-01 2.679261133401438389e-03 1.580275877881225366e-01 2.557754664031046399e-02
9.408465942973501583e+00 1.030558366217508182e+00 6.038194794621981609e-01 3.545677863262037925e-03 1.553738266705284865e-01 2.471069724571692272e-02
9.465142082963891923e+00 1.028947686029239028e+00 6.004252306177937371e-01 3.279126876119027416e-03 1.562755102055790324e-01 2.374156310320252317e-02
9.521818222954316013e+00 1.027634723441055442e+00 5.966948940917558009e-01 2.631166817066876717e-03 1.546639190466644886e-01 2.175010377434988609e-02
9.578494362944764973e+00 1.025939327528197387e+00 5.936925922405020817e-01 2.773746606685736481e-03 1.550502516053872959e-01 2.036094436304158872e-02
9.635170502935189063e+00 1.024257970973431853e+00 5.899827938443560349e-01 3.117701099455026745e-03 1.529414724065051856e-01 1.946371868296230614e-02
9.691846642925577626e+00 1.022929052471499123e+00 5.862385837221193441e-01 3.111095154949631170e-03 1.520893949848010351e-01 2.208209587394312917e-02
9.748522782916030138e+00 1.020781787466505275e+00 5.829114446948030492e-01 2.759099247195552322e-03 1.491923440254597777e-01 2.008044251487051471e-02
9.805198922906450676e+00 1.020242252432065788e+00 5.792129282223954512e-01 1.687982648295106598e-03 1.479294414367396115e-01 1.868070383359958161e-02
9.861875062896867661e+00 1.018631498768892918e+00 5.761674296806145179e-01 1.697480519904998085e-03 1.473043918988515555e-01 2.040018850529966288e-02
9.918551202887293528e+00 1.017460251487197764e+00 5.728280448279449155e-01 2.979960732258471988e-03 1.457874296380633483e-01 2.267777696184987424e-02
9.975227342877721171e+00 1.015536911526105257e+00 5.700505836043376906e-01 2.557176538059004883e-03 1.452550560404386182e-01 2.321738886436750665e-02
1.003190348286812750e+01 1.013399579462798128e+00 5.674682555007448670e-01 3.990556271080108151e-03 1.434886600155304559e-01 2.284701082175250378e-02
1.008857962285855514e+01 1.012017505405663709e+00 5.652641214116704838e-01 2.002599937885105388e-03 1.424335062358589588e-01 2.366518938503275535e-02
1.014525576284898278e+01 1.010280912541181353e+00 5.620468665789771778e-01 6.921032238421054522e-04 1.395303518719127611e-01 2.490741197913404550e-02
1.020193190283939444e+01 1.009343428158006484e+00 5.592662228904673460e-01 1.144598035935783138e-03 1.394684823746066837e-01 2.609686934870029257e-02
1.025860804282981675e+01 1.008181392941590149e+00 5.572233068414510493e-01 1.100593371192613076e-03 1.394510503801807688e-01 2.603384959919568739e-02
1.031528418282027282e+01 1.006836299266192114e+00 5.546358633605399380e-01 4.834382287309013410e-04 1.376870815260636260e-01 2.453576997774082127e-02
1.037196032281065605e+01 1.005143170468209890e+00 5.525215749157674772e-01 -1.047949526473409632e-03 1.367230602750243440e-01 2.585248295774158003e-02
1.042863646280108370e+01 1.004261414170794842e+00 5.499956098048162101e-01 -1.717778208038182050e-03 1.351494440921571227e-01 2.708354145418492148e-02
1.048531260279153443e+01 1.003008581233046259e+00 5.474911581761752188e-01 -1.916419770560092665e-03 1.339065964435657563e-01 2.626920856098560741e-02
1.054198874278196385e+01 1.002172585288354512e+00 5.451471556990452605e-01 -1.394785996994196784e-03 1.328500689343874164e-01 2.759246396431673520e-02
1.059866488277234708e+01 1.001397221580416552e+00 5.426951389930769754e-01 -2.587640746446399041e-03 1.322733523524044219e-01 2.605757433945960974e-02
1.065534102276280137e+01 9.999042359889390719e-01 5.406417777450820417e-01 -1.609471528771308979e-03 1.313829478676093454e-01 2.411003641851946350e-02
1.071201716275322546e+01 9.996993902394873954e-01 5.381559021417537947e-01 -2.644216863625257260e-03 1.307587592720998726e-01 2.545925027339955571e-02
1.076869330274363179e+01 9.987471323463544826e-01 5.361695612927056542e-01 -1.785785459122344329e-03 1.291828004341203373e-01 2.296202903132257139e-02
1.082536944273406299e+01 9.984143787963872807e-01 5.332920126029062624e-01 -1.168459026092717561e-03 1.271869184881584958e-01 2.157923327175984701e-02
1.088204558272449241e+01 9.978557745677102409e-01 5.312443384032449201e-01 -5.740557447457406278e-04 1.249659666564923860e-01 2.212873313189548524e-02
1.093872172271489340e+01 9.975343716897376867e-01 5.291553243252807848e-01 -3.570452281599989313e-04 1.242522778515662563e-01 2.280508292413940472e-02
1.099539786270532460e+01 9.964004798574515043e-01 5.270608988813474394e-01 8.179182266067263826e-04 1.227224613673896375e-01 2.379172236712921717e-02
1.105207400269575579e+01 9.959030653340319450e-01 5.251682129154636725e-01 2.412953187389604934e-03 1.224846177869974018e-01 2.317526718154304041e-02
1.110875014268615857e+01 9.949769113547443089e-01 5.230900169672482170e-01 2.273256874065313592e-03 1.201271727017095836e-01 2.272006564502916659e-02
1.116542628267658621e+01 9.939058122127631956e-01 5.214561351947892831e-01 2.701125490773400618e-03 1.166096783860967601e-01 2.380862275128915392e-02
1.122210242266704405e+01 9.934935700240624668e-01 5.193213236125542309e-01 2.834991822847626654e-03 1.169884253762938225e-01 2.352179037994182528e-02
1.127877856265742018e+01 9.928207844817200645e-01 5.170146435278010211e-01 3.070305618277801088e-03 1.158952533561478648e-01 2.361413575235352461e-02
