0.000000000000000000e+00 4.014985891153042274e+00 5.482818754149697271e-02 5.326542678881579507e-03 3.125151932651305114e-02 6.748655077777712674e-02
5.691459333141845461e-02 3.775605316874029782e+00 5.987360507786798625e-02 7.859059755363360239e-03 3.049816813178371500e-02 6.637048275816102849e-02
1.136024352949816102e-01 3.556286069804764693e+00 6.535601446362787614e-02 1.120574046170164963e-02 2.485967130468746261e-02 6.956946837758312685e-02
1.702902772585447588e-01 3.355557909220411972e+00 7.086599573098116556e-02 1.018705047769008498e-02 2.509431835359482096e-02 6.580772474676645223e-02
2.269781192221079491e-01 3.177074520884056064e+00 7.641876754672004279e-02 9.949022228954579328e-03 2.306681722871133794e-02 6.955304701800182898e-02
2.836659611856710561e-01 3.014458536060969696e+00 8.183222468805972927e-02 9.592755973314123427e-03 2.454314240111369477e-02 6.979709194156612229e-02
3.403538031492344129e-01 2.864948646438974400e+00 8.728294069524533683e-02 9.357693726671797649e-03 2.542852306617120542e-02 6.698789751116634994e-02
3.970416451128037094e-01 2.728829730556467048e+00 9.301091172723534306e-02 1.026857692961217865e-02 2.602297764800435426e-02 6.553165490803579407e-02
4.535027357085229527e-01 2.602455917981230105e+00 9.857654819599551144e-02 9.423254841829617132e-03 2.334038713763642373e-02 6.275231376480662482e-02
5.101905776720959684e-01 2.489400711664026655e+00 1.041953817230639734e-01 8.921075834833388715e-03 2.456943617435613028e-02 6.097471703035544505e-02
5.668784196356696503e-01 2.383910477945363926e+00 1.100227487074436072e-01 6.814425779441889326e-03 2.247486997329083483e-02 5.992607122829857885e-02
6.235662615992422220e-01 2.287355817883822251e+00 1.158122512425279194e-01 1.902955759657416193e-03 1.894591258478932685e-02 5.846434494247717412e-02
6.802541035628160149e-01 2.202693655809660367e+00 1.214338609544084735e-01 2.821756886782394395e-03 1.966825639969713505e-02 6.207146196335339150e-02
7.369419455263845897e-01 2.121109412847986597e+00 1.269386648043246135e-01 3.614129109809627316e-03 1.660665298423718780e-02 6.345736120167209948e-02
7.936297874899380655e-01 2.048630848916547009e+00 1.329060063730703178e-01 7.729521173732474418e-04 1.645226243232353336e-02 6.424062040034397847e-02
8.503176294534917634e-01 1.979062158279788486e+00 1.387422003652058755e-01 -1.997169419325571255e-03 1.668630403317504854e-02 6.325201357907409005e-02
9.070054714170442400e-01 1.915444018556945238e+00 1.444596940780759620e-01 -2.674664262835437217e-03 1.906156830017349119e-02 5.972367866437244127e-02
9.636933133805972718e-01 1.856747630683752481e+00 1.499646946067333675e-01 -3.739843055823382448e-03 2.074167096092179724e-02 5.660173380945958399e-02
1.020607906712004853e+00 1.799247784334713440e+00 1.558599105080462066e-01 -3.828263550681926860e-03 2.093613523645150923e-02 5.408212710449263744e-02
1.077295748675557663e+00 1.748463522739908127e+00 1.615954832933605978e-01 -2.203123670127327734e-03 2.191353282884233103e-02 5.497863147071522377e-02
1.133983590639111139e+00 1.702305560140509488e+00 1.676231977246277760e-01 -2.900432726237451349e-03 2.554316443353090924e-02 5.454209174052934012e-02
1.190671432602665059e+00 1.658494196590484027e+00 1.728181577426720350e-01 -1.783671128163902579e-03 2.554112584817304701e-02 5.567855212631573486e-02
1.247359274566217868e+00 1.617662358343743056e+00 1.785929442639448694e-01 1.341096093380694083e-04 2.916182897092826562e-02 5.027926858384734743e-02
1.304047116529770012e+00 1.580404470390319283e+00 1.839394752884316864e-01 3.240479877282661440e-04 2.873452217567538589e-02 4.595342598304490850e-02
1.360734958493322821e+00 1.545089735380723583e+00 1.900120062673224253e-01 3.114237419133014054e-03 2.779752281053782248e-02 4.774958829164969998e-02
1.417422800456876963e+00 1.512025993191477014e+00 1.958002032795972958e-01 1.801991394072075285e-03 3.245412742997737243e-02 4.839746346136606509e-02
1.474110642420446204e+00 1.480372012411353966e+00 2.018270695478399657e-01 2.484600423106267907e-03 3.572137420255383500e-02 4.593377704110095106e-02
1.530798484384040314e+00 1.449057518618821261e+00 2.076657226536096912e-01 6.682064865014262188e-03 3.427339350085386455e-02 4.043585909556468572e-02
1.587486326347632204e+00 1.424144626401572689e+00 2.122441743028335992e-01 4.540500123416280065e-03 3.385436504738074254e-02 3.909087074326002276e-02
1.643947416943372763e+00 1.400927570182417536e+00 2.175267655932491273e-01 3.910562986913002081e-03 3.397962589176296150e-02 3.843513249712175034e-02
1.700635258906964209e+00 1.378784852766907099e+00 2.232248273762814372e-01 3.882355395386445900e-03 3.714700875342281244e-02 3.987651544190127378e-02
1.757323100870558985e+00 1.355917415239016321e+00 2.285239300018142850e-01 4.390659877419100798e-03 3.911097455842731108e-02 4.112362944024262196e-02
1.814010942834153095e+00 1.333703269743883091e+00 2.330750233378476866e-01 5.047244418590212181e-03 4.173999405487342773e-02 3.619288778342864832e-02
1.870698784797745873e+00 1.313407068952504364e+00 2.378211546537495891e-01 8.033717932451778232e-03 4.380095334155601622e-02 3.201668394439048659e-02
1.927386626761338873e+00 1.295596298946746439e+00 2.426831414557161226e-01 7.312902893002225582e-03 4.463461028064148739e-02 2.948405706583862029e-02
1.984074468724932983e+00 1.278282079322405007e+00 2.479750920474995401e-01 6.723190447757281321e-03 4.478880913294279453e-02 3.079390775943549596e-02
2.040762310688525538e+00 1.263197314758538026e+00 2.529174635088091705e-01 6.532385824216423338e-03 4.214448084693733082e-02 3.085427352927802569e-02
2.097450152652120092e+00 1.248351627673776276e+00 2.575108362575500021e-01 3.669281530296041819e-03 4.375038378370844222e-02 3.255636232947386327e-02
2.154137994615712870e+00 1.234344928145821418e+00 2.624169126192388291e-01 9.758396422735261854e-04 4.576590740523756723e-02 2.943149731649003648e-02
2.210825836579307424e+00 1.219902398917936726e+00 2.666443354292168388e-01 2.121902908998306043e-03 4.492944160389515662e-02 2.911074474425115466e-02
2.267513678542898869e+00 1.206923912264990406e+00 2.706926119629813887e-01 2.202277945925102450e-03 4.986900563121911267e-02 2.786448344220181922e-02
2.324201520506492091e+00 1.195286460373984783e+00 2.747298706324370898e-01 1.493942379420120379e-03 4.698495470110316402e-02 2.271899014412289211e-02
2.380889362470086645e+00 1.182964247498181853e+00 2.788179494620438570e-01 -3.155267285099334234e-04 4.315756237426806446e-02 2.033864655316302422e-02
2.437577204433681644e+00 1.173291702030424988e+00 2.827469137662200205e-01 9.074553634931536994e-04 4.532345730408828682e-02 2.349727846221125530e-02
2.494265046397274421e+00 1.164173997800394655e+00 2.864508430862969801e-01 1.129928620903505572e-03 4.554603183129326410e-02 2.283304069276387988e-02
2.550952888360865867e+00 1.155128540467490694e+00 2.898885296631091846e-01 6.717348413971892295e-04 4.527567459725134053e-02 2.452383126040948505e-02
2.607640730324458644e+00 1.144653895035903091e+00 2.933908959012247464e-01 -2.086108753492949713e-04 4.749504684834093132e-02 2.424684163908022438e-02
2.664328572288053643e+00 1.135848395131317634e+00 2.970098148756565859e-01 -9.740636634008077591e-04 4.611664836018086050e-02 1.961822058493891893e-02
2.721016414251647753e+00 1.129644099396712287e+00 2.993291570937211543e-01 1.344889192739744783e-04 4.461620989237357476e-02 1.966723990352211779e-02
2.777704256215241418e+00 1.123830388993682483e+00 3.022782850285458678e-01 -1.061464166740748189e-03 4.525764584455720108e-02 1.917187365167049087e-02
2.834392098178831976e+00 1.117076288163761033e+00 3.052879267735277291e-01 1.029540864210424806e-03 4.019528444671564837e-02 1.995210005130084244e-02
2.891079940142426530e+00 1.110161918431745942e+00 3.091809868893037327e-01 4.711973035994735320e-05 3.738680768210977945e-02 2.225537938067394597e-02
2.947767782105957135e+00 1.104483964672003493e+00 3.126655257810351252e-01 -6.663850942053731001e-05 3.834770201657233119e-02 2.379531483618646526e-02
3.004455624069469977e+00 1.097326892012349120e+00 3.161879910784304304e-01 1.061868639420133505e-04 4.096081905912086346e-02 2.367436705415175077e-02
3.061143466032982818e+00 1.093168355354309007e+00 3.184259547186926720e-01 6.042054917879204111e-04 4.122473159245295532e-02 2.718577248286721537e-02
3.117831307996495660e+00 1.086420719104379762e+00 3.214397650821266272e-01 1.472700378447909259e-03 4.122754207920894393e-02 2.308304030870978948e-02
3.174519149960008502e+00 1.080690399912135558e+00 3.241248861335459530e-01 4.226399973846237633e-03 4.288632712431796057e-02 2.113301466175906279e-02
3.231206991923521343e+00 1.074588106515521835e+00 3.267713591517609761e-01 3.833640083478175899e-03 4.285169202009920381e-02 1.905097426498501487e-02
3.287894833887034185e+00 1.071865857760839535e+00 3.282999454954436125e-01 3.539178009556629388e-03 4.487268010808673907e-02 1.893255189721076981e-02
3.344582675850547027e+00 1.066779784914085205e+00 3.313712389302731487e-01 1.792668377758397128e-03 4.830994681568652471e-02 1.927897645036635854e-02
3.401270517814059868e+00 1.063220260996197819e+00 3.338825836201964603e-01 1.549916184807177948e-03 4.641343094156970966e-02 1.716781746149748100e-02
3.457958359777572710e+00 1.058525420471463807e+00 3.365036628144786324e-01 9.556500302309510432e-04 4.416218661447880028e-02 1.483220542108459536e-02
3.514646201741085108e+00 1.054865038409386946e+00 3.381058173853716542e-01 1.595096346789749969e-03 4.738426815274066062e-02 1.678981733534174944e-02
3.571334043704598393e+00 1.053263677831864475e+00 3.401997047582553946e-01 8.534310163544651809e-04 4.598008707040385223e-02 1.525305433799029921e-02
3.628248637035962787e+00 1.049515166987715187e+00 3.427222802330506246e-01 3.058899346504669915e-03 4.572195314374322139e-02 1.726574844880951129e-02
3.684936478999476961e+00 1.047467507432352507e+00 3.441093286705046439e-01 7.094411194652641781e-04 4.431165831186569676e-02 1.624100826658463406e-02
3.741624320962988470e+00 1.043748815069514002e+00 3.464215284637680581e-01 3.007170797856125794e-05 4.656568366941960663e-02 1.472399778601185885e-02
3.798312162926502644e+00 1.041242998545939269e+00 3.485362528333734722e-01 1.744266288552152563e-04 4.594359967084058610e-02 1.968272466678734969e-02
3.855000004890014154e+00 1.036387127303184164e+00 3.509362335509051967e-01 -1.015197132353231040e-03 4.627494393514972743e-02 2.179364603614699497e-02
3.911687846853529216e+00 1.032696202463005308e+00 3.529517221330208399e-01 8.164167959886821238e-04 4.589158393668422292e-02 1.665490327847807608e-02
3.968375688817039837e+00 1.030137133030988750e+00 3.550647112541651107e-01 1.293620436501941029e-03 4.709917271701369312e-02 2.116661929282363450e-02
4.025063530780554899e+00 1.027915116683748131e+00 3.568056576391732126e-01 6.140733239329565496e-04 4.785662924060522794e-02 2.202255921879425413e-02
4.081751372744065520e+00 1.024936054573147626e+00 3.589975946958758324e-01 4.145926423970222076e-03 4.765046795443161204e-02 2.104581780323156251e-02
4.138439214707580582e+00 1.024036112128260623e+00 3.602852815139766518e-01 3.093555411051896516e-03 5.013298694454417642e-02 2.006369174873589081e-02
4.195127056671091204e+00 1.021482928403521839e+00 3.622602691503452044e-01 4.600107519602302138e-03 5.000348608468425243e-02 2.184805466112522271e-02
4.251814898634606266e+00 1.020932011790633531e+00 3.640192452528256406e-01 6.130116552989740494e-03 5.269513460222301909e-02 2.223918370828995364e-02
4.308502740598116887e+00 1.020020568393685823e+00 3.662529777339185166e-01 4.362644473459548200e-03 4.927259036634818595e-02 1.829863528883353060e-02
4.365190582561631949e+00 1.019347934178078674e+00 3.672743860418244410e-01 4.706709547469596459e-03 4.648338261783108855e-02 1.906929148186680550e-02
4.421878424525142570e+00 1.017027899627630516e+00 3.696904667423230872e-01 2.800738340468709748e-03 4.660436248866878933e-02 2.262420293309384128e-02
4.478566266488658520e+00 1.016331896686176739e+00 3.715426585051529451e-01 1.958305776621589982e-03 4.932976356792305450e-02 2.021022490977960814e-02
4.535254108452168254e+00 1.013512889506625214e+00 3.732875604349873977e-01 2.075817828005830333e-03 4.872768065567872203e-02 1.824762756022235699e-02
4.591941950415684204e+00 1.011912839595963343e+00 3.752335330260949120e-01 4.099617484427061677e-03 4.683645705243087709e-02 1.653680818592810284e-02
4.648629792379193937e+00 1.010381769886985914e+00 3.766368391867593868e-01 3.934884292095771653e-03 4.790404789529885410e-02 1.689088626729415288e-02
4.705317634342709887e+00 1.009195460230559949e+00 3.783415143908629985e-01 4.758406158975837449e-03 5.071171840057480534e-02 2.075085346606739961e-02
4.762005476306219620e+00 1.007354477940663573e+00 3.796721799182645185e-01 4.152318286702114634e-03 5.211894984632586131e-02 2.211749488158384902e-02
4.818693318269735570e+00 1.007163509458839368e+00 3.808487707621168172e-01 3.427185989817770843e-03 5.151762878710305221e-02 2.102947205966020777e-02
4.875381160233245303e+00 1.005817936036333959e+00 3.820398885798740318e-01 2.379297100160676030e-03 4.937978787110081091e-02 2.114273089440691505e-02
4.932069002196762142e+00 1.005825126033442318e+00 3.830213447105473845e-01 2.649805462478861933e-03 5.125176090409875457e-02 2.009825424474914399e-02
4.988756844160270987e+00 1.005147126211403341e+00 3.838375889724820467e-01 2.054344484285613396e-03 5.183794236752618800e-02 2.206474838351167936e-02
5.045444686123787825e+00 1.004782464465186598e+00 3.843252282122914809e-01 2.355501027459885356e-03 5.025893110756103621e-02 2.537728694906726465e-02
5.102132528087296670e+00 1.003711556028147989e+00 3.857482325822793046e-01 1.152931907606692110e-03 5.178727927455614027e-02 2.685960350799025328e-02
5.158820370050813509e+00 1.003307927874085070e+00 3.866319192639723901e-01 7.639350201289236844e-04 5.494722959957526465e-02 2.388142126532064730e-02
5.215508212014322353e+00 1.001613578274614946e+00 3.873109395165930668e-01 -2.126510856036751434e-04 5.522583179056183428e-02 2.304625296312311569e-02
5.272196053977839192e+00 1.001042927516884173e+00 3.882193207737544283e-01 9.699878188380980839e-04 5.566118640393639266e-02 2.478933576279676934e-02
5.328883895941348037e+00 9.996012251355141931e-01 3.887188436248104062e-01 -1.279832605584202421e-03 5.402757534277789764e-02 1.994234749466394785e-02
5.385571737904864875e+00 9.996812646807250458e-01 3.893437002552450066e-01 -4.077688186399165736e-04 5.302453099274338083e-02 2.350009604710798228e-02
5.442259579868373720e+00 1.000256115809837754e+00 3.898243342184835591e-01 4.210409614029575476e-03 4.999541944234076746e-02 2.352320914153108872e-02
5.498947421831890559e+00 1.000360305470216371e+00 3.904166366147206468e-01 3.913736519372704691e-03 5.029380632404392010e-02 2.252012035590332875e-02
5.555635263795399403e+00 1.000130574380643234e+00 3.912696159096009652e-01 2.958620578455885535e-03 4.644796741574698518e-02 2.556552919217374917e-02
5.612323105758916242e+00 9.999279833772967141e-01 3.915063978361967845e-01 1.251892340715313494e-03 4.584909627646185232e-02 2.800752277939049656e-02
5.669010947722425087e+00 9.997530083341248375e-01 3.925887036219422588e-01 -3.467162840119101326e-04 4.771052139960599986e-02 2.688300349357636634e-02
5.725698789685941925e+00 1.000156673463997725e+00 3.929586239421901661e-01 5.879194198013050531e-04 4.922048795311394914e-02 2.753828425276388936e-02
5.782386631649450770e+00 1.000178593427494933e+00 3.937921396312477618e-01 3.251240446992383830e-04 4.936232122461457761e-02 2.560242411606939231e-02
5.839074473612968497e+00 9.995672114068934189e-01 3.948018090957362003e-01 3.706459219393173281e-04 5.046799837004452283e-02 2.629968462489346709e-02
5.895762315576476453e+00 9.989215241462249262e-01 3.955957943781619468e-01 -2.577989625779414980e-03 5.472880670533899344e-02 2.638460554634338220e-02
5.952450157539994180e+00 9.978847002035466929e-01 3.963293094678595474e-01 -2.960848003752724559e-03 5.383445764767159913e-02 2.492546271549418366e-02
6.009137999503502137e+00 9.981447874436616408e-01 3.969773544108168295e-01 -4.716025968171999594e-03 5.220758888799508640e-02 2.368981011444335968e-02
6.065825841467019863e+00 9.993261637598120917e-01 3.973988444223343630e-01 -4.908679106702939013e-03 5.437422332566677063e-02 2.458652151008160550e-02
6.122513683430527820e+00 9.992446833529561312e-01 3.984176126947909791e-01 -6.518392374933464940e-03 5.511082217964613506e-02 2.183272926631283500e-02
6.179201525394045547e+00 9.985221201021468040e-01 3.993083869861479007e-01 -5.989642822864313897e-03 5.357225875224275180e-02 2.251838098843816222e-02
6.235889367357553503e+00 9.988701655279813574e-01 3.992198503432121126e-01 -6.191221214262616554e-03 5.402948651742372349e-02 2.370488217597696567e-02
6.292577209321071230e+00 9.993327127963822498e-01 3.998163380181711801e-01 -4.298439238717762824e-03 5.271929950470027187e-02 2.639954493216994935e-02
6.349265051284579187e+00 9.994657224792110606e-01 4.004588764800248724e-01 -3.079274526485241154e-03 5.129994271636217212e-02 2.630705723916682698e-02
6.405952893248096913e+00 9.990862120525527690e-01 4.013173674584116224e-01 1.414350139796682893e-03 5.519655099207780580e-02 3.014174290052203803e-02
6.462640735211604870e+00 1.000010010982866238e+00 4.020136929014385685e-01 3.055574750366845511e-04 5.816592739057787481e-02 2.808690946795613930e-02
6.519328577175122597e+00 9.995090841306644158e-01 4.023310320299876008e-01 1.981371019997132585e-04 6.140300831834848150e-02 2.529779728877099357e-02
6.576016419138630553e+00 1.000535615819737378e+00 4.024969121863662957e-01 1.594482883285084111e-03 6.016458268686967342e-02 2.831689687542471648e-02
6.632704261102148280e+00 9.995000224707496495e-01 4.032696322614316986e-01 -7.689503359075541746e-04 6.073827646646443729e-02 2.481127722381116715e-02
6.689392103065656237e+00 9.995033004233720986e-01 4.043183169655157894e-01 -2.073305743622224674e-03 6.249767657045927211e-02 2.599788664437633831e-02
6.746079945029173963e+00 9.999272061736378392e-01 4.036380924742440368e-01 1.886569239206199061e-04 5.818894512214528580e-02 2.768385099278244596e-02
6.802767786992681920e+00 1.000609971306477775e+00 4.030304696994355673e-01 8.518447827771709205e-04 5.808844148541860569e-02 2.612166206841356336e-02
6.859455628956199646e+00 1.001921899534318428e+00 4.024014363637488656e-01 3.069303380456895377e-03 5.961898438445292076e-02 2.172964577321306184e-02
6.916143470919707603e+00 1.001352741960428672e+00 4.032142245386529100e-01 2.653503207515157166e-03 6.105548631037827773e-02 1.675382964652169515e-02
6.972831312883225330e+00 1.002063910542708935e+00 4.036140757053043870e-01 4.782559362904305160e-03 6.340489972887655701e-02 2.130897880009747364e-02
7.029519154846735063e+00 1.001752987614984436e+00 4.043151771735568056e-01 5.647497930897423836e-03 6.222534418464090861e-02 2.493445228633988167e-02
7.086206996810251901e+00 1.002554430094633853e+00 4.047339995738568619e-01 4.431788857960404851e-03 6.319631686350131450e-02 2.456625323752468365e-02
7.142894838773758970e+00 1.003643443241027500e+00 4.041530544106337053e-01 2.450483984844467091e-03 6.365734256152043302e-02 2.449072424461329334e-02
7.199582680737277585e+00 1.002362552239887572e+00 4.048395070366804793e-01 1.866595680214827579e-03 6.364711832536742997e-02 2.387659446485201550e-02
7.256270522700786429e+00 1.000964219025245461e+00 4.054939917538658567e-01 3.950098649178133102e-03 6.079577960347174598e-02 2.596415712131407497e-02
7.312958364664300603e+00 1.000076072927428950e+00 4.064926939822685603e-01 4.454470484851412795e-03 5.876643597802304331e-02 2.877819915367334919e-02
7.369646206627810336e+00 9.997460204315384846e-01 4.079062112000558238e-01 1.898302205764503241e-03 6.043650133793383034e-02 2.435194373794909856e-02
7.426334048591328951e+00 9.990754170038600446e-01 4.086039800761595009e-01 3.529427625660227531e-03 5.790596108921814561e-02 2.378959230551550355e-02
7.483021890554838684e+00 9.975327490539651620e-01 4.090148061772058141e-01 2.179109744855058962e-03 5.868066234074414272e-02 2.484568810375651152e-02
7.539709732518351970e+00 9.979490092930447531e-01 4.093995075017886620e-01 4.050172833023097871e-03 6.206208297890352527e-02 2.496057775442272336e-02
7.596397574481861703e+00 9.969976115594704202e-01 4.098966268630065413e-01 5.452202223121922590e-03 6.145081046136468411e-02 2.962982091395710907e-02
7.653085416445380318e+00 9.956255844394807930e-01 4.101356205058930282e-01 2.927634968993627664e-03 6.172485808258364876e-02 2.554910334805176111e-02
7.709773258408890051e+00 9.953877822480780013e-01 4.099544045542183324e-01 2.315829065410351332e-03 5.946287981669953066e-02 2.307203860711966661e-02
7.766461100372401560e+00 9.950927830856156620e-01 4.099941184732859845e-01 1.601373262833430703e-03 5.838197753556122194e-02 1.679283117157770802e-02
7.823148942335913070e+00 9.960624370633727187e-01 4.102444455597007433e-01 2.219434890365408735e-03 6.089475862993378591e-02 2.004736418699252717e-02
7.879836784299431685e+00 9.959836506751588159e-01 4.109789869874269086e-01 -3.596901951952962534e-04 6.167692231746668002e-02 1.682744773721586706e-02
7.936524626262941418e+00 9.962910993708108398e-01 4.108106413750282071e-01 1.656417126636250403e-03 6.120254787738742264e-02 1.486994218122991707e-02
7.993212468226452927e+00 9.967718768047777456e-01 4.108875573468782072e-01 2.670024066123912777e-03 6.643662242205559954e-02 1.601817606473366837e-02
8.049900310189965325e+00 9.959094629598388426e-01 4.117639589970798486e-01 3.791912241368750654e-03 6.375244633817521434e-02 1.693946462472316686e-02
8.106588152153483051e+00 9.958032098924457509e-01 4.110301540734502268e-01 5.349952122267016656e-03 6.204630803480941370e-02 1.719419004394054373e-02
8.163275994116993672e+00 9.963144151079004196e-01 4.108454498135392097e-01 3.512115489981735856e-03 6.753076046882758310e-02 1.632590997943799901e-02
8.219963836080504294e+00 9.965474403150786920e-01 4.106634967877574316e-01 6.300755715952589863e-04 6.672771881581267273e-02 1.480515818490584119e-02
8.276651678044016691e+00 9.991547170077302864e-01 4.097117177621278361e-01 1.504929355220888413e-03 6.614917146526985703e-02 1.394184783501404602e-02
8.333339520007534418e+00 9.997262464922016534e-01 4.095433233241533300e-01 7.488207333959741351e-04 6.797255040778496515e-02 1.461903347546610228e-02
8.390027361971045039e+00 1.000847659637614795e+00 4.106933509728017406e-01 -7.787867064637203759e-04 6.763192385856144073e-02 1.868145494657575192e-02
8.446715203934555660e+00 1.001782114984380412e+00 4.104479975378720336e-01 -4.684799249416845483e-04 6.578211231433896133e-02 2.094922967447543707e-02
8.503403045898068058e+00 1.001226069280881203e+00 4.113951744996062754e-01 2.294277774075838532e-03 6.647744867971275284e-02 2.175990351781581164e-02
8.560090887861587561e+00 1.001330247029765586e+00 4.117341524734380864e-01 2.798286198710598412e-03 6.509389804994918094e-02 2.023877823221593292e-02
8.616778729825098182e+00 1.002014430826320579e+00 4.109976893115646623e-01 9.430930201503080626e-04 6.673793585771466141e-02 1.969879607087425891e-02
8.673466571788607027e+00 1.001570555904385706e+00 4.113662855802557861e-01 2.685308390957937756e-04 6.740269509552752891e-02 2.466432783698979322e-02
8.730154413752119424e+00 1.002351694742416033e+00 4.106743861212598934e-01 8.582933025047177712e-04 6.831724209125515646e-02 2.581937224603144884e-02
8.786842255715638927e+00 1.002202755721773419e+00 4.110562534301693272e-01 -9.649859099665798615e-04 7.020412837927449135e-02 2.785439108006817002e-02
8.843530097679149549e+00 1.002260929424905855e+00 4.116615472267140530e-01 -1.129048694648681359e-03 7.202760704548771820e-02 2.509602833977621697e-02
8.900217939642658393e+00 1.002365491922665885e+00 4.117305185367953757e-01 -8.858367328370102397e-04 6.870614689280461762e-02 2.298176754900718016e-02
8.956905781606170791e+00 1.001316923036829509e+00 4.123405974406467722e-01 -1.423146609182159277e-03 6.846489110992483307e-02 2.077425677618575245e-02
9.013593623569690294e+00 1.000637074125679815e+00 4.128744788318564618e-01 1.458721544878166521e-03 6.913801017355400425e-02 2.511870023954433304e-02
9.070281465533200915e+00 9.993605456224882166e-01 4.134325761269886934e-01 3.225659608614218129e-03 6.919877655422354557e-02 2.131042022425706436e-02
9.126969307496709760e+00 9.994775550806944686e-01 4.140201187389325743e-01 3.711213554792076202e-04 7.006926643128287557e-02 2.228169126630394001e-02
9.183657149460222158e+00 9.979046800577906495e-01 4.149976539665114483e-01 -1.130629369966329456e-03 6.929756657770387573e-02 2.325524209010715326e-02
9.240344991423741661e+00 9.986367645716742736e-01 4.151962913233117058e-01 2.654570444007999831e-03 6.921939240391819514e-02 2.211461184010110256e-02
9.297032833387254058e+00 9.984456798599014027e-01 4.155073725857409972e-01 3.367604106879834580e-03 7.156066934800454915e-02 2.298312354646565164e-02
9.353720675350761127e+00 9.981725155640973624e-01 4.156790837305440189e-01 4.714650255998106311e-03 6.861552717835184279e-02 2.358507704493516960e-02
9.410408517314273524e+00 9.991138394056215954e-01 4.154929348567091285e-01 5.220598555350568389e-03 6.938668960552323017e-02 2.558549997285433641e-02
9.467096359277793027e+00 9.997603322899848433e-01 4.161941028843169632e-01 3.928132538621680221e-03 6.969859929173256863e-02 2.842525559947038302e-02
9.523784201241305425e+00 9.993919104163854206e-01 4.171877973102355308e-01 3.845526446697191108e-03 7.086994383235349637e-02 2.739756652059080130e-02
9.580472043204812493e+00 1.000594473652286487e+00 4.162361905505118087e-01 4.189947310853513358e-03 6.786288003141396907e-02 2.368681682503845712e-02
9.637159885168324891e+00 1.001093437263465002e+00 4.165284906765027162e-01 3.693532719574811867e-03 6.800394777484117248e-02 2.294582340208987589e-02
9.693847727131844394e+00 1.000802295620663029e+00 4.166976928815026571e-01 2.209444210896697753e-03 6.672326055874046313e-02 2.224652024867650874e-02
9.750535569095356792e+00 1.001222008478671599e+00 4.167032701261180194e-01 -6.945664243095712607e-05 6.461830922044763115e-02 2.147522047402098538e-02
9.807223411058862084e+00 1.000786495207859117e+00 4.175537283916981313e-01 3.239163814950533145e-04 6.637421420321777676e-02 1.896691514734041503e-02
9.863911253022376258e+00 9.994085474770050270e-01 4.186290116975153741e-01 1.385532430270905143e-03 6.928804646979050408e-02 1.993965106835185117e-02
9.920599094985895761e+00 1.000095040565653237e+00 4.187210433287639755e-01 -1.205032851110993971e-04 6.892410356872699650e-02 1.989921061525725537e-02
9.977286936949408158e+00 1.000345858323969050e+00 4.194499552267838549e-01 -1.099836027582639357e-04 6.987939792813760431e-02 1.867661215460322127e-02
1.003397477891291345e+01 1.000691351104621818e+00 4.199846372275510276e-01 4.652852317812848811e-03 7.036359044907927740e-02 1.973525748563292187e-02
1.009066262087642762e+01 1.000316343368894412e+00 4.202551010319153790e-01 2.866736908823830365e-03 6.798973945088922222e-02 1.784240082407239497e-02
1.014735046283994713e+01 1.000177362670911618e+00 4.197895541807282749e-01 2.652995348910090496e-03 7.009854382536269413e-02 1.511190945655722755e-02
1.020403830480345952e+01 1.000536313539263755e+00 4.204592640128838044e-01 6.533587258992501479e-04 6.917263992034328179e-02 1.201630613946137217e-02
1.026072614676696482e+01 1.000577903883479447e+00 4.205598325451279096e-01 2.655549455565620054e-03 6.936039742246268014e-02 1.137828277795043148e-02
1.031741398873047899e+01 9.994812600352100951e-01 4.202526320184866715e-01 3.561270492543507343e-03 6.732329345776731644e-02 1.485562674876556022e-02
1.037410183069399849e+01 1.000383245057484771e+00 4.202968670550080721e-01 2.771962655407582150e-03 6.679558657359485618e-02 2.126985440295674559e-02
1.043078967265751267e+01 1.000484208677276499e+00 4.203900099349699993e-01 3.741417293099184600e-03 6.687947285788060914e-02 2.329103150252411283e-02
1.048747751462101618e+01 9.996488915850475498e-01 4.207622784787325432e-01 4.460366259059184157e-03 6.471285849881470986e-02 2.536563280667417444e-02
1.054416535658453036e+01 9.995285413370875727e-01 4.208195029069457527e-01 3.127041512945786216e-03 6.303469088497216932e-02 2.481536394459759112e-02
1.060085319854804986e+01 9.989285137151653338e-01 4.210838698307521333e-01 4.502365551764515514e-03 6.479366250756422863e-02 2.597228752290421314e-02
1.065754104051156403e+01 1.000737621222233642e+00 4.202338931690723922e-01 6.359487559729600815e-03 6.523904099109008314e-02 2.261989208886877947e-02
1.071422888247506755e+01 9.997425959212592472e-01 4.206608316998972086e-01 6.827587646781989490e-03 6.504251917829682872e-02 2.126641393998960142e-02
1.077091672443858172e+01 1.000386231484456490e+00 4.207279325610975840e-01 4.783801883861178543e-03 6.535722313133247863e-02 2.231635337470372002e-02
1.082760456640210123e+01 1.000079624554013114e+00 4.212027633197372722e-01 2.542157029322502076e-03 6.331196092884269766e-02 2.044190897573642043e-02
1.088429240836561540e+01 9.990134089397617601e-01 4.214036563992864526e-01 1.814088929352146180e-03 6.713057877656890271e-02 2.000199003826693897e-02
1.094098025032911892e+01 9.989111316062389001e-01 4.213508415750819580e-01 4.405137401971225344e-03 6.385834608018582659e-02 2.517525155328323092e-02
1.099766809229263309e+01 9.984751758260835830e-01 4.222778114654361925e-01 4.380597442727582856e-03 6.438595416576120556e-02 2.629425490173827734e-02
1.105435593425615259e+01 9.979850554209170888e-01 4.221514920900291123e-01 2.406203023501359266e-03 6.237168417046538155e-02 2.253535539030701584e-02
1.111104377621966677e+01 9.998008195915726315e-01 4.218147412759308268e-01 1.651994911345147947e-03 6.134825437047111002e-02 2.182571804008090824e-02
1.116773161818317028e+01 9.991512385857699297e-01 4.221443072107164407e-01 3.858731508121414312e-04 6.262019055674351853e-02 2.100675183834471715e-02
1.122441946014668446e+01 1.000149444629711226e+00 4.207251043313212646e-01 -1.250088933051602671e-03 6.196418904798862981e-02 2.331544694748364718e-02
1.128110730211020396e+01 1.001060034306257229e+00 4.208546413705768208e-01 -3.170585129130344725e-04 6.331028488569502566e-02 2.447480817661443556e-02
