-9.460348422848500149e+01 1.993140133512723899e+00 1.000000000000000000e+00 -9.352775262495361189e-04 -3.525193954012365450e-03 -7.271874752775597285e-04
-9.397279433359486234e+01 1.815045213884784570e+00 1.139883199274119185e+00 -1.447236063481789625e-02 2.287732777833720657e-02 -3.371846623835971120e-03
-9.334210443870399843e+01 1.675919422516020552e+00 1.298803329687738151e+00 -2.364551045789043196e-02 4.111578798309999810e-02 -4.364401963995434217e-03
-9.271141454381316294e+01 1.568404261927703658e+00 1.482633214344919903e+00 -2.835362274601051918e-02 5.334021074577119381e-02 -5.985552980252482370e-03
-9.208072464892312325e+01 1.484924503738226598e+00 1.689019046014967662e+00 -3.076548333576027000e-02 6.141782052973999290e-02 -3.445185704284907651e-03
-9.145003475403626680e+01 1.418614243073600623e+00 1.919337513314382848e+00 -3.173646711975062346e-02 6.719794788216548742e-02 -3.714966955165762558e-03
-9.081934485914939614e+01 1.368476106676885795e+00 2.175276537298187929e+00 -3.349367985913531687e-02 7.067711517711933178e-02 -6.398469530909769651e-03
-9.018865496426255390e+01 1.328934237765489579e+00 2.452703292789105483e+00 -3.405978847519803426e-02 7.261855350461059178e-02 -3.982895051457927514e-03
-8.955796506937242896e+01 1.297889689598862084e+00 2.750868423169789079e+00 -3.468038538554479161e-02 7.388520702736901813e-02 -1.669324273794734522e-03
-8.892727517447758601e+01 1.274856364372739748e+00 3.074408537107489625e+00 -3.431764617408952084e-02 7.489441566534831007e-02 -6.503213245997196447e-04
-8.829658527958275727e+01 1.258652722129664170e+00 3.422964690124571163e+00 -3.320769769933319682e-02 7.402347361724030683e-02 5.204974013834329748e-04
-8.766589538468791432e+01 1.247065278101859631e+00 3.793191628456921372e+00 -3.413122308393634619e-02 7.340104244268091938e-02 -8.440316848152485318e-04
-8.703520548979309979e+01 1.242120089318226928e+00 4.197844450295732166e+00 -3.504918662960991582e-02 7.410785445607563637e-02 1.687832554011140570e-03
-8.640451559489824263e+01 1.239571115614944707e+00 4.617768331853496555e+00 -3.490975428585434137e-02 7.548391552980159014e-02 1.853242121218068306e-04
-8.577382570000341389e+01 1.241146262801412936e+00 5.062903964316269878e+00 -3.394363299441089526e-02 7.207766388309026773e-02 2.360054770403631399e-03
-8.514313580510858515e+01 1.243924858341081130e+00 5.523232837824739505e+00 -3.349534183702654322e-02 7.002549291190064695e-02 2.805802193976898382e-03
-8.451244591021375641e+01 1.248299338126313218e+00 6.003579802058307990e+00 -3.216664708000883249e-02 7.104991649557472477e-02 4.474462542493907666e-03
-8.388175601531891346e+01 1.256527583923144675e+00 6.515914042122306071e+00 -3.135163140700295004e-02 7.236471028021228269e-02 4.711069898051875940e-03
-8.325106612042407050e+01 1.266621258012097240e+00 7.047629087826627448e+00 -3.062877996938975084e-02 7.304997245038570564e-02 6.819599417964614281e-03
-8.262037622552927019e+01 1.278711077197938861e+00 7.601841320663472956e+00 -3.000764760275570833e-02 7.054197138956838642e-02 9.187570981672084705e-03
-8.198968633063444145e+01 1.291216046790663707e+00 8.166259903928143160e+00 -2.929022448861487785e-02 6.988542035993527968e-02 9.237081433693108620e-03
-8.135899643573958429e+01 1.304688508431533611e+00 8.742814095963034049e+00 -2.819846538793405188e-02 7.201870785635637595e-02 1.252185862370078055e-02
-8.072830654084474133e+01 1.317885877191116162e+00 9.327540403233145483e+00 -2.801682219940162047e-02 7.022482244779505722e-02 1.060553953719271456e-02
-8.009761664594994102e+01 1.333649254000702777e+00 9.938110757033257414e+00 -2.725833141412668109e-02 7.180114065851847527e-02 1.099475917120455552e-02
-7.946692675105506964e+01 1.349973315722194478e+00 1.055808025181813115e+01 -2.615885316113924011e-02 7.122294648237756376e-02 1.105666426575451292e-02
-7.883623685616022669e+01 1.367305077694285220e+00 1.119066740437123997e+01 -2.514240527315633050e-02 7.241916578080655198e-02 1.441480082150792263e-02
-7.820554696126541216e+01 1.383479535075839983e+00 1.181698631084245044e+01 -2.442771722274223595e-02 6.886375605401652555e-02 1.756205439089185416e-02
-7.757485706637056921e+01 1.401641279063557066e+00 1.246573075826379906e+01 -2.418725004219067151e-02 6.929083320000899160e-02 1.737455009928606103e-02
-7.694416717147576890e+01 1.418540991776895410e+00 1.309871636577030785e+01 -2.225051981648487609e-02 6.971295613960547255e-02 1.809314799286132133e-02
-7.631347727658094016e+01 1.435034867433113703e+00 1.372050224502539528e+01 -1.878044084873210090e-02 6.957083293444223104e-02 2.265032364689300096e-02
-7.568278738168604036e+01 1.451842495064211924e+00 1.435855271252727405e+01 -1.710740783867882586e-02 6.984826429767347633e-02 2.354100099820221129e-02
-7.505209748679128268e+01 1.467845520228666656e+00 1.497349817381747883e+01 -1.578330898623524561e-02 6.990848343060857006e-02 2.237131476995466925e-02
-7.442140759189636867e+01 1.485759777539632731e+00 1.560192092917041684e+01 -1.470963685964014715e-02 6.882080906586555968e-02 2.406500507406439046e-02
-7.379071769700155414e+01 1.503687851309581491e+00 1.623362993518453123e+01 -1.359553016599849423e-02 6.965128492576835861e-02 2.470914975646859926e-02
-7.316002780210675382e+01 1.520391609991669668e+00 1.684393376543823351e+01 -1.205706133391760276e-02 7.079860533342249851e-02 2.478416003547036922e-02
-7.252933790721186824e+01 1.536059296181309319e+00 1.743009829870139527e+01 -1.088236596419285031e-02 6.974467709260130655e-02 2.660949645931803137e-02
-7.189864801231708213e+01 1.552122588513764834e+00 1.800773280142916732e+01 -9.892118271139803409e-03 6.898757583431486262e-02 2.912632843732610236e-02
-7.126795811742228182e+01 1.569145254432410930e+00 1.858122793976897924e+01 -8.594480790636079004e-03 6.941102152635682254e-02 2.980422458811227138e-02
-7.063726822252736781e+01 1.584847097371899993e+00 1.913860494351758135e+01 -6.182521398912597249e-03 6.963702833619199450e-02 3.090480680225794405e-02
-7.000657832763259592e+01 1.600166431967085412e+00 1.967639920399195574e+01 -4.564754400867803222e-03 7.014272668908040631e-02 3.189110270740799780e-02
-6.937588843273768191e+01 1.616427705205265575e+00 2.021961174771938730e+01 -3.309918360985794009e-03 7.038738945892066001e-02 3.111061128021749139e-02
-6.874519853784289580e+01 1.633034315421945104e+00 2.075457853884299908e+01 -1.927209929693020091e-03 6.995704364455415658e-02 3.118913327583668765e-02
-6.811450864294809548e+01 1.648642835565358178e+00 2.125623186169196188e+01 -1.068065835130246411e-03 6.995934133370726449e-02 3.181808637917814264e-02
-6.748381874805319569e+01 1.661357387137145869e+00 2.171134376963888357e+01 2.892569685999135426e-04 7.223903021035085747e-02 3.416086179661229766e-02
-6.685312885315838116e+01 1.676402513735502975e+00 2.217578642045909376e+01 1.717847737599639346e-03 7.303275309625088807e-02 3.521588421510649797e-02
-6.622243895826362348e+01 1.689537805458097175e+00 2.261435473775316396e+01 3.061180350305627972e-03 7.391878028083680163e-02 3.689889615132437711e-02
-6.559174906336869526e+01 1.703428209139623561e+00 2.303980784293709405e+01 4.419000625249868558e-03 7.338022905491534131e-02 3.634132254565045766e-02
-6.496105916847388073e+01 1.716939469073527125e+00 2.345948744442578970e+01 5.663095020213691766e-03 7.411084989055714833e-02 3.597742231688871861e-02
-6.433036927357903778e+01 1.730545416171321405e+00 2.387495566604043162e+01 7.650399715249307266e-03 7.338884097507183957e-02 3.659999963195667561e-02
-6.369967937868420904e+01 1.744649713162978344e+00 2.427844247598805438e+01 9.832614834861870545e-03 7.298119262789376505e-02 3.759447609942993818e-02
-6.306898948378937320e+01 1.757480241666048881e+00 2.464734951063264745e+01 1.201871671170232254e-02 7.531412856557383184e-02 3.925284195161971718e-02
-6.243829958889457288e+01 1.768783185516078493e+00 2.497347385204568582e+01 1.358060919362872807e-02 7.290218907877697718e-02 3.984252731994208929e-02
-6.180760969399973703e+01 1.781972832155849673e+00 2.533450202884172953e+01 1.482884712593466985e-02 7.345578800695083677e-02 4.194601443359833454e-02
-6.117691979910488698e+01 1.792181979931253721e+00 2.560701011477936007e+01 1.599835478077700143e-02 7.398935917139592977e-02 4.317496819710820583e-02
-6.054622990421008666e+01 1.803235371498230766e+00 2.588685843960955069e+01 1.833628134678275817e-02 7.138347499826233622e-02 4.635445070796569145e-02
-5.991554000931525081e+01 1.812498948168549839e+00 2.613307873279541127e+01 2.047067310877744711e-02 7.310635743038934597e-02 4.470237329988131086e-02
-5.928485011442030839e+01 1.823188893335921490e+00 2.640036982007949007e+01 2.112637575450997118e-02 7.455976671176771375e-02 4.512334566013480319e-02
-5.865416021952562176e+01 1.833322263126632601e+00 2.664060489290464773e+01 2.185769554795543787e-02 7.489923094976561058e-02 4.674468542322197245e-02
-5.802347032463076459e+01 1.843084194322573977e+00 2.687214224309099819e+01 2.276593145224958467e-02 7.386983659475751529e-02 4.849727875752837120e-02
-5.739278042973582927e+01 1.853033158316756523e+00 2.707050773911706543e+01 2.378406317640110665e-02 7.415556306933697439e-02 4.776156581275923380e-02
-5.676209053484096501e+01 1.861653915382517122e+00 2.726582309205335974e+01 2.408253717244297071e-02 7.488373275738467727e-02 4.957811676614436863e-02
-5.613140063996378615e+01 1.869391948348040788e+00 2.743310829972644527e+01 2.494510609663113873e-02 7.564226917228625280e-02 5.018740423714364296e-02
-5.550071074513282809e+01 1.876543714913702088e+00 2.758961756855277159e+01 2.483963266135312542e-02 7.623900821669307715e-02 5.014435901312612465e-02
-5.487002085030167109e+01 1.883581631583120419e+00 2.774120195945337741e+01 2.556292318898938445e-02 7.565385182252794272e-02 5.015398803530907862e-02
-5.423933095547072725e+01 1.890022285345876130e+00 2.787171786789626893e+01 2.622711358644643637e-02 7.358969908940650451e-02 4.985718503133671625e-02
-5.360864106063956314e+01 1.894909304107369685e+00 2.798583301416971025e+01 2.651768429757589765e-02 7.470179870399017152e-02 4.782402827991438093e-02
-5.297795116580861219e+01 1.901332998989059275e+00 2.810494350430900212e+01 2.500801847966553984e-02 7.550414855044779161e-02 4.786998155665081467e-02
-5.234726127097744808e+01 1.908832877161445563e+00 2.823233672350095347e+01 2.595852841410445713e-02 7.590679171881421772e-02 4.931245386628960170e-02
-5.171657137614650424e+01 1.914051544091009527e+00 2.832508387082571844e+01 2.814052367720192363e-02 7.847193603778652993e-02 4.984682428479177835e-02
-5.108588148131534012e+01 1.918169732121159932e+00 2.838363429512159186e+01 3.100375426077763355e-02 7.851858919088909594e-02 4.906861470588583241e-02
-5.045519158648440339e+01 1.923505760158942257e+00 2.844754437658563972e+01 3.062444434991202710e-02 7.693937994297757321e-02 5.098574541081597744e-02
-4.982450169165322507e+01 1.927488795804547017e+00 2.850931528579260288e+01 3.009432814338394366e-02 7.767939058966535915e-02 5.024399137369969792e-02
-4.919381179682228833e+01 1.931808052362532058e+00 2.859287161340564865e+01 2.972215026213818542e-02 7.839163487497829985e-02 5.027545269180420245e-02
-4.856312190199111001e+01 1.935051017739775725e+00 2.861112879897993366e+01 2.979929686558371871e-02 7.774406816388886032e-02 5.023171089199616329e-02
-4.793243200716018748e+01 1.938069502365086016e+00 2.864763714402839767e+01 3.032312250764826467e-02 7.753600311664207712e-02 4.903382596340463001e-02
-4.730174211232899495e+01 1.943200083143632684e+00 2.869978674938484886e+01 2.967268647008245927e-02 7.723706348417126721e-02 4.976994830039514067e-02
-4.667105221749807242e+01 1.946771913761338624e+00 2.873016989476580818e+01 3.044322388617791073e-02 7.968549729708505891e-02 5.235954753010841484e-02
-4.604036232266688700e+01 1.950066995017619043e+00 2.876563775611763418e+01 3.070681687931918827e-02 8.010314674478261066e-02 5.276307246486805491e-02
-4.540967242783596447e+01 1.953175044983923803e+00 2.878959908437796145e+01 3.163603529423199973e-02 8.002776369526876099e-02 5.171719321247447015e-02
-4.477898253300477904e+01 1.957398813038465191e+00 2.883900614031228571e+01 3.193396709843551728e-02 8.116817533042508526e-02 5.249589608793105155e-02
-4.414829263817384231e+01 1.961724331786274478e+00 2.887256878152028960e+01 3.246833029127271092e-02 8.130336682606938148e-02 5.342509193958724228e-02
-4.351760274334268530e+01 1.962564304443208840e+00 2.884196079298742532e+01 3.300594588621344472e-02 8.090288318387200972e-02 5.440095690556838448e-02
-4.288691284851174146e+01 1.965112450513144093e+00 2.885019195391187097e+01 3.445939878321667427e-02 8.028469751954156464e-02 5.598756032487144096e-02
-4.225622295368055603e+01 1.965842233416214446e+00 2.882679953051831490e+01 3.385638516083384897e-02 8.000980292101239622e-02 5.379440707225865981e-02
-4.162553305884959798e+01 1.969477431944275603e+00 2.884589290986325238e+01 3.396632885281038183e-02 8.115635733821152664e-02 5.448962370610517525e-02
-4.099484316401849071e+01 1.971889413961132931e+00 2.887074236061554089e+01 3.410813951053314613e-02 8.054467787491249864e-02 5.309174420600568101e-02
-4.036415326918752555e+01 1.971928887720570511e+00 2.884159213083103523e+01 3.379443542027483344e-02 7.976962085105761269e-02 5.071753555624829157e-02
-3.973346337435633302e+01 1.973234073302873037e+00 2.884329248418657698e+01 3.314912328837780336e-02 8.011569032355163322e-02 4.845813642149079947e-02
-3.910277347952535365e+01 1.974130564086417738e+00 2.883039811998511226e+01 3.192992085238157557e-02 8.184013536191819815e-02 5.003724142440216238e-02
-3.847208358469427480e+01 1.975208690936387512e+00 2.882860501837678413e+01 3.220327512565662742e-02 8.223196756156422871e-02 4.944700380937444573e-02
-3.784139368986330254e+01 1.976421058268388542e+00 2.882523431125478552e+01 3.218285757844412814e-02 8.289037489950479287e-02 5.022782459369110747e-02
-3.721070379503210290e+01 1.977988108571005821e+00 2.882893319971312707e+01 3.198025909553550705e-02 8.297747427183008173e-02 4.962245285957536667e-02
-3.658001390020112353e+01 1.979239233112864538e+00 2.884251080480273188e+01 3.116083138252523019e-02 8.204118360658595177e-02 4.945467553243829834e-02
-3.594932400537008022e+01 1.980498551965691689e+00 2.882820792740381322e+01 3.178182508701156428e-02 8.224434767261762369e-02 5.157293840942602653e-02
-3.531863411053907953e+01 1.979519173470905669e+00 2.878788001322381973e+01 3.230814218118219228e-02 8.140533022782366068e-02 5.364250727816884112e-02
-3.468794421570787989e+01 1.980684523394460106e+00 2.879638546176884262e+01 3.313789034388020527e-02 8.208612787883660944e-02 5.423266877175264566e-02
-3.405725432087687921e+01 1.982197334589618887e+00 2.879050756815296097e+01 3.220131992388864522e-02 8.232273290678110422e-02 5.359407274223561973e-02
-3.342656442604587141e+01 1.983258161092591676e+00 2.878254718796295109e+01 3.277218871027617886e-02 8.352647689540235176e-02 5.313191599246400165e-02
-3.279587453121487783e+01 1.983244623179394317e+00 2.875851925497679673e+01 3.156989338179414656e-02 8.249300068955925380e-02 5.293037253197864500e-02
-3.216518463638365688e+01 1.983216317861036027e+00 2.872955900149284858e+01 3.251342030324470833e-02 8.232860373812886379e-02 5.064891889737294095e-02
-3.153449474155264554e+01 1.983011731714158232e+00 2.871246228039880322e+01 3.175937282508178167e-02 8.329851501944936232e-02 5.097658735136014613e-02
-3.090380484672167682e+01 1.983417621322801860e+00 2.870532067162880452e+01 3.190122183083421437e-02 8.065408053420936030e-02 5.400262807654678671e-02
-3.027311495189065482e+01 1.982828801623179205e+00 2.865557845082259192e+01 3.285647794307126890e-02 7.959510175601375304e-02 5.321680218363832732e-02
-2.964242505705943742e+01 1.981919114136432736e+00 2.861219392324870725e+01 3.359683762092355308e-02 8.129123962342502119e-02 5.422555026680000306e-02
-2.901173516222840831e+01 1.982559569482822415e+00 2.860525355360050881e+01 3.358073710278345475e-02 8.248514689689942503e-02 5.141229872056674727e-02
-2.838104526739746092e+01 1.983584162093444014e+00 2.860917997877253072e+01 3.468328103910110066e-02 8.382256248645089669e-02 5.114936456927655223e-02
-2.775035537256643181e+01 1.982067482074022946e+00 2.855924597679301158e+01 3.515314124448494504e-02 8.472589116990317248e-02 5.069608511898866104e-02
-2.711966547773521441e+01 1.981472188410080104e+00 2.852819216974015148e+01 3.455366141871606817e-02 8.347110657970216452e-02 5.220331611077253658e-02
-2.648897558290417464e+01 1.983623761011216402e+00 2.855960935835116388e+01 3.387562916550386494e-02 8.286411510443658646e-02 5.218695379922633215e-02
-2.585828568807324856e+01 1.983404660776635575e+00 2.854390176925382505e+01 3.369784677365717657e-02 8.335278746068063016e-02 5.331615533799226314e-02
-2.522759579324221590e+01 1.983517829769893215e+00 2.854268173517875340e+01 3.425161758507055260e-02 8.257248055264775066e-02 5.229742373739911659e-02
-2.459690589841099140e+01 1.981802969969287176e+00 2.848745592883983235e+01 3.478073211636126261e-02 8.226648987726122020e-02 5.402297440425720548e-02
-2.396621600357994453e+01 1.980521042038197566e+00 2.845177344746642945e+01 3.568800985129896158e-02 8.341050082217496553e-02 5.443411397354878944e-02
-2.333552610874905042e+01 1.980521310859026496e+00 2.846744846101457682e+01 3.636928455355695200e-02 8.524154428835682695e-02 5.286603528146850001e-02
-2.270483621391799645e+01 1.979782563051683208e+00 2.845479381142487441e+01 3.516260205792607479e-02 8.468280152314956732e-02 5.246483155211020821e-02
-2.207414631908676839e+01 1.980384833576746884e+00 2.844980147287179051e+01 3.536116047318716565e-02 8.453493136834337729e-02 5.313257069083423406e-02
-2.144345642425571441e+01 1.981592075382465401e+00 2.847076942987884962e+01 3.465751276784765494e-02 8.546805059787616898e-02 5.253313475060292226e-02
-2.081276652942482741e+01 1.981618088235294506e+00 2.846968783757571941e+01 3.431938378909361181e-02 8.317509009828068234e-02 5.302102501508781929e-02
-2.018207663459377343e+01 1.983158228527502231e+00 2.849273810427861520e+01 3.344684852323081409e-02 8.439377895312054345e-02 5.171154375330368203e-02
-1.955138673976254537e+01 1.983553006843176592e+00 2.849177395869684304e+01 3.275884671484198540e-02 8.526288205121326791e-02 4.970626820048480721e-02
-1.892069684493147363e+01 1.982141639294511481e+00 2.845728085544140740e+01 3.320288935891604898e-02 8.556101750771509529e-02 5.011502017435956469e-02
-1.829000695010061506e+01 1.981140502066407683e+00 2.843682351348777360e+01 3.229494622442930646e-02 8.586595438548798309e-02 5.015169803693176470e-02
-1.765931705526953976e+01 1.980463999061839342e+00 2.840419553802971819e+01 3.186986609543369930e-02 8.632642966797389461e-02 5.374033571736715892e-02
-1.702862716043831526e+01 1.979065772406772394e+00 2.836834018875546093e+01 3.187135499157539575e-02 8.585683019791194581e-02 5.486234160241580671e-02
-1.639793726560722575e+01 1.978790098410556864e+00 2.838508996392814865e+01 3.197093359348520542e-02 8.395986776994934786e-02 5.384652059337947938e-02
-1.576724737077639205e+01 1.978695915803487360e+00 2.839466994151429446e+01 3.273272952237905181e-02 8.442313223061700955e-02 5.287909039219473167e-02
-1.513655747594533629e+01 1.977405900874495748e+00 2.837058211828733789e+01 3.300344963557387545e-02 8.537364716629365635e-02 5.367449662138153166e-02
-1.450586758111409225e+01 1.977136823524369147e+00 2.835682273513912577e+01 3.346559403024162993e-02 8.460848207645639552e-02 5.501332261279982816e-02
-1.387517768628300274e+01 1.977002632135991478e+00 2.834294761005588015e+01 3.246007651557736989e-02 8.418799826395893804e-02 5.453851275977934093e-02
-1.324448779145218502e+01 1.980120760525554191e+00 2.838902213934420615e+01 3.246588934561470824e-02 8.554895618662280987e-02 5.372344634805260866e-02
-1.261379789662111328e+01 1.979677200356413369e+00 2.837476712238552423e+01 3.332343466083383110e-02 8.738143692914503158e-02 5.356566593021020589e-02
-1.198310800178987101e+01 1.980157875779452903e+00 2.839503342407952857e+01 3.276855505583951139e-02 8.588016634451346720e-02 5.061541266469468670e-02
-1.135241810695876374e+01 1.980320481809306754e+00 2.839879766593647048e+01 3.261235842047850025e-02 8.545416700873958993e-02 5.229225302684920029e-02
-1.072172821212796379e+01 1.977697382405405602e+00 2.836357816226637496e+01 3.103150051476342638e-02 8.667372004920373407e-02 5.148820996543793799e-02
-1.009103831729689027e+01 1.975747453785514640e+00 2.833501543275427181e+01 3.052613243531102083e-02 8.798091121618240029e-02 5.007564877059032804e-02
-9.460348422465648000e+00 1.976469276129910746e+00 2.835752950211882251e+01 3.081380514938839368e-02 8.554384023148296767e-02 4.930308628813862698e-02
-8.829658527634540732e+00 1.976758638990658179e+00 2.835565226975047182e+01 3.070380367620605469e-02 8.417620417537798050e-02 5.155448603868859753e-02
-8.198968632803756762e+00 1.977058496827282852e+00 2.837135984442269887e+01 3.201982851462698704e-02 8.569461979809810115e-02 5.326405287842971015e-02
-7.568278737972668146e+00 1.977060245091425639e+00 2.838797726779585773e+01 3.108418263758737712e-02 8.497828475437549378e-02 5.189969237101411947e-02
-6.937588843141424988e+00 1.974909843393121367e+00 2.834645948971310148e+01 3.160974080920487400e-02 8.368545284044165422e-02 5.206144864898426539e-02
-6.306898948310301733e+00 1.974184658649416724e+00 2.833009614140256005e+01 3.051599815723631329e-02 8.300105680368112526e-02 5.196472786606998184e-02
-5.676209053479551514e+00 1.974135073770843185e+00 2.832975096880615951e+01 3.156880413914581879e-02 8.195976528970402852e-02 5.275903864227458884e-02
-5.045519158648445135e+00 1.974892523901085939e+00 2.834884876896116168e+01 3.178072627590148441e-02 8.219618052364170702e-02 5.166173810218616103e-02
-4.414829263817202865e+00 1.976082846374167978e+00 2.836615573861201867e+01 3.220445203680676743e-02 8.270689327906591282e-02 5.116697016144394761e-02
-3.784139368986078722e+00 1.976240470975397789e+00 2.836252469253454933e+01 3.307912068398968092e-02 8.485939548194919302e-02 5.382873333480119732e-02
-3.153449474155329391e+00 1.976653070918763078e+00 2.837705869320183538e+01 3.232246335654272856e-02 8.569985809215088790e-02 5.412855408808387586e-02
-2.522759579324222567e+00 1.977442194355749194e+00 2.839316993334066908e+01 3.272823345672926793e-02 8.525691003524071832e-02 5.475241282937417381e-02
-1.892069684492979853e+00 1.976695018525796765e+00 2.839117218021008782e+01 3.225062268565628137e-02 8.390878134421854428e-02 5.424390806568872569e-02
-1.261379789661856154e+00 1.975164289729711919e+00 2.839536848006562764e+01 3.293349814983018153e-02 8.611912893477766118e-02 5.185936678040970610e-02
-6.306898948311067121e-01 1.975189367115525396e+00 2.839036939874774390e+01 3.244956041160338561e-02 8.551059453704124014e-02 5.285362950780446434e-02
0.000000000000000000e+00 1.975389959553098373e+00 2.838183748079080004e+01 3.286728263335583766e-02 8.668887753855594736e-02 5.424279867903934738e-02
