-1.297233459987624258e+02 3.984388448390689508e+00 1.000000000000000000e+00 1.162345104327547861e-03 1.479798533952062520e-03 -1.234239524226575816e-03
-1.288585236920744421e+02 4.068071983711363693e+00 6.737690329758371233e-01 -1.544467154105208170e-02 4.388021163579453043e-02 -2.787186654933091357e-03
-1.279937013853858332e+02 4.104135057458787372e+00 4.747465962220359104e-01 -1.923627219394119167e-02 8.793406119743737981e-02 -9.185940849767659745e-04
-1.271288790786984748e+02 4.111658856155855801e+00 3.454663284065065953e-01 -1.972459117384258581e-02 1.249785886237202159e-01 2.302126347655307579e-03
-1.262640567720137454e+02 4.098100650821387525e+00 2.587290345931623214e-01 -2.256963784390906766e-02 1.521566885934002855e-01 4.454367115850196499e-03
-1.253992344653290303e+02 4.085283019269636995e+00 1.988626112957192493e-01 -2.287371268087760173e-02 1.676413123923336801e-01 8.529825769302267283e-03
-1.245344121586442725e+02 4.069665688762350797e+00 1.573024193217947009e-01 -2.374528314811969257e-02 1.656782997800125279e-01 1.385269248088109167e-02
-1.236695898519595431e+02 4.056831784274979924e+00 1.278710199268714431e-01 -2.405998926471350496e-02 1.534537269823911254e-01 2.253145607254125951e-02
-1.228047675452748422e+02 4.045579118764604409e+00 1.068865633023023815e-01 -2.297449130551214996e-02 1.337930836706614224e-01 3.029794402399014347e-02
-1.219399452385901270e+02 4.034508644674884792e+00 9.195402430512214509e-02 -2.283713501423015324e-02 1.092208489194124443e-01 3.750757933569912744e-02
-1.210751229319053976e+02 4.025807546582575114e+00 8.121314376022148451e-02 -2.078074572806795292e-02 8.458171651577103822e-02 4.352730207574106308e-02
-1.202103006252206683e+02 4.020865261573538518e+00 7.370705947832340010e-02 -2.300404880660892118e-02 6.400959396573570326e-02 4.676099538017089441e-02
-1.193454783185358963e+02 4.020313255793277030e+00 6.816867574505752758e-02 -2.181057751131126529e-02 4.860876530173577348e-02 5.276534490941411221e-02
-1.184806560118511811e+02 4.012640321459882031e+00 6.421621248228893963e-02 -2.230209216130732766e-02 3.752109320755217525e-02 5.557143161210694599e-02
-1.176158337051664375e+02 4.011950211088362472e+00 6.145427424253593895e-02 -2.244737083730301633e-02 3.040947535179264541e-02 6.318743485425708240e-02
-1.167510113984817224e+02 4.018743942217991361e+00 5.925392321359601588e-02 -2.362959157047117564e-02 2.692870903987489711e-02 6.215817096368975170e-02
-1.158861890917970214e+02 4.016954273581437640e+00 5.778854625208992152e-02 -2.208660754072051813e-02 2.862513900063153732e-02 6.281098420013370154e-02
-1.150213667851123063e+02 4.010757592077503375e+00 5.689415573929748615e-02 -2.178260152220641219e-02 2.527970519508658184e-02 6.802502899440929229e-02
-1.141565444784275911e+02 4.007109605796384422e+00 5.621385404080347231e-02 -2.194291254606382802e-02 2.456197440753506850e-02 6.871035667314866202e-02
-1.132917221717428475e+02 4.007053062634827079e+00 5.574060423358097316e-02 -2.286779055583753120e-02 2.455688477698832889e-02 7.208013471329043076e-02
-1.124268998650581466e+02 4.004443314887402572e+00 5.531238558760290247e-02 -2.342549036230773610e-02 2.385655767580208142e-02 6.705770568629486339e-02
-1.115620775583734030e+02 4.006291801351791193e+00 5.503814340598889993e-02 -2.256897316791747765e-02 2.404434092543377560e-02 6.790763239350651459e-02
-1.106972552516722175e+02 4.007093673865538719e+00 5.479160353913131026e-02 -2.242947900494051891e-02 2.533656297934735319e-02 6.925752634271742370e-02
-1.098324329449565653e+02 4.001902217907515436e+00 5.461726186773260827e-02 -2.393392177144844021e-02 2.568680401052662876e-02 7.001337469325057128e-02
-1.089676106382409699e+02 3.999079514213757403e+00 5.448765276471757152e-02 -2.312817907001206083e-02 2.608787079210335424e-02 7.150167024063697196e-02
-1.081027883315253177e+02 4.002665309461272969e+00 5.445740085299235339e-02 -2.218160916778726469e-02 2.475244718852672929e-02 6.864696976105438830e-02
-1.072379660248096087e+02 4.007595271066268339e+00 5.432577815317921749e-02 -2.219236975844307569e-02 2.616740035842638271e-02 6.790056085910990691e-02
-1.063731437180939707e+02 4.004840030633064707e+00 5.437321073304463015e-02 -2.363360121320285182e-02 2.749921654983336627e-02 7.095241464373452933e-02
-1.055083214113783754e+02 4.006183592893621359e+00 5.431297078940221235e-02 -2.247438715901615980e-02 2.649427160336448664e-02 7.002567822436431277e-02
-1.046434991046627232e+02 4.003532720586731486e+00 5.436473629080910280e-02 -2.250420096221010871e-02 2.649815729506724629e-02 7.243995108409494177e-02
-1.037786767979470284e+02 3.998970990235426015e+00 5.439787534896060872e-02 -2.197876687835275886e-02 2.851961593620688795e-02 6.958708482861558631e-02
-1.029138544912313904e+02 4.000736288924088946e+00 5.437208958660346564e-02 -2.340038068434283428e-02 2.716573242427622326e-02 6.956136208221798400e-02
-1.020490321845157524e+02 3.999965417814383528e+00 5.434244125197247588e-02 -2.221181793520797532e-02 2.755182740380568082e-02 6.963395748087956860e-02
-1.011842098778001571e+02 4.002288505994811452e+00 5.429864410967989025e-02 -2.367416444044624646e-02 2.713676307726331505e-02 7.289337106204683836e-02
-1.003193875710844054e+02 4.000997439402179445e+00 5.428907951567734508e-02 -2.291747456010104211e-02 2.871988312000693655e-02 6.770560242304968224e-02
-9.945456526436883848e+01 4.003710107299599308e+00 5.428581851368491362e-02 -2.212111250121154282e-02 2.727269815207665482e-02 6.808673986698926539e-02
-9.858974295765320051e+01 4.004866893579844600e+00 5.431591159576067834e-02 -2.276755424400609892e-02 2.857588179513735269e-02 6.758076268250937102e-02
-9.772492065093751989e+01 4.006285074400073754e+00 5.434359766912327111e-02 -2.433041198311629988e-02 2.810243647372098752e-02 6.889468069188774135e-02
-9.686009834422188192e+01 4.004672852109670167e+00 5.433475025393732366e-02 -2.408649480435234164e-02 2.716482698586801872e-02 7.149412722628756267e-02
-9.599527603750620131e+01 4.004678474624559392e+00 5.430535581034996728e-02 -2.338823119262150099e-02 2.724615218433888708e-02 7.011434241593396399e-02
-9.513045373079052069e+01 3.999343030330545279e+00 5.438870864038970743e-02 -2.382396580213939213e-02 2.562668183771642239e-02 7.133829419605518252e-02
-9.426563142407499640e+01 4.001980917139909444e+00 5.432086246397331564e-02 -2.534837053011780583e-02 2.880704256429320043e-02 7.233445697925755535e-02
-9.340080911735921632e+01 4.004008528579038995e+00 5.427800289652386090e-02 -2.412730681629544557e-02 2.768347231768479924e-02 7.078566153150124551e-02
-9.253598681064369202e+01 4.006185239121595743e+00 5.419675154643657095e-02 -2.440005317826400219e-02 2.601495009124197774e-02 7.019610855090244184e-02
-9.167116450392801141e+01 4.001615215849042784e+00 5.437532841040649406e-02 -2.384297721902660719e-02 2.522214560786844098e-02 7.027114854188308557e-02
-9.080634219721230238e+01 4.010499853381623403e+00 5.428410278783769166e-02 -2.279199850105644368e-02 2.671784118993129897e-02 7.262627576396676887e-02
-8.994151989049672125e+01 4.005675498443138416e+00 5.431760545717066041e-02 -2.298750296948603652e-02 2.824689804772038959e-02 7.219291747345674137e-02
-8.907669758378101221e+01 4.004064855163710135e+00 5.429811187765156560e-02 -2.305643961652320204e-02 2.711171361953104708e-02 6.844833312259443470e-02
-8.821187527706530318e+01 4.004663277704370472e+00 5.431018919263908701e-02 -2.554385555581263623e-02 2.845965778242944000e-02 7.153086866548603873e-02
-8.734705297034980731e+01 4.003712717948413768e+00 5.435518971326971926e-02 -2.252712860598755570e-02 2.636559363289533650e-02 7.111615111333918771e-02
-8.648223066363402722e+01 4.003170627245583368e+00 5.435290470960236348e-02 -2.400478927607803403e-02 2.711211280206615379e-02 6.955047742599955451e-02
-8.561740835691854556e+01 4.004728420132829925e+00 5.438262159048759536e-02 -2.317194774139423943e-02 2.490575782569512397e-02 7.202079138915433443e-02
-8.475258605020283653e+01 4.002967471920173992e+00 5.443171931660154700e-02 -2.397478713916384799e-02 2.574812572057236931e-02 6.971156289705382481e-02
-8.388776374348708487e+01 3.999636413454641826e+00 5.432888175856370738e-02 -2.439792520501676137e-02 2.699687037231780426e-02 7.079738598798650251e-02
-8.302294143677157479e+01 3.996989208564086127e+00 5.445255595840373802e-02 -2.218670909732457439e-02 2.474630896782746906e-02 7.139061611327696122e-02
-8.215811913005582312e+01 3.996904338776353871e+00 5.445575187236870868e-02 -2.402953314873682716e-02 2.558035491596481054e-02 6.856726233302003204e-02
-8.129329682334011409e+01 3.998870990947704041e+00 5.430107163168865214e-02 -2.257249005434260394e-02 2.677464132516247514e-02 6.881745965300579970e-02
-8.042847451662463243e+01 4.006719379190791130e+00 5.420990848592929096e-02 -2.226872360238593002e-02 2.797628550359424274e-02 7.010099184766586944e-02
-7.956365220990888076e+01 4.007803934184659411e+00 5.431883121374309759e-02 -2.321345709989903680e-02 2.809816074303432554e-02 6.965007923617055896e-02
-7.869882990319338489e+01 4.006588865127264754e+00 5.447259338674318579e-02 -2.194691310843004117e-02 2.535819878229070984e-02 7.065866027942399596e-02
-7.783400759647764744e+01 4.006539186182743073e+00 5.442586286751911751e-02 -2.332389973701934349e-02 2.207267197865227237e-02 7.090555789194635805e-02
-7.696918528976190998e+01 4.004731879332567246e+00 5.429028694955029960e-02 -2.335610975714887128e-02 2.594035118709073565e-02 6.987885485664410701e-02
-7.610436298304634306e+01 4.005341980021414727e+00 5.425785997034087565e-02 -2.355497643723885801e-02 2.730179542136395091e-02 7.006097259955763878e-02
-7.523954067633070508e+01 4.008794393042189874e+00 5.428329300170572913e-02 -2.438780165735706523e-02 2.454628373772400202e-02 6.729301962075862065e-02
-7.437471836961499605e+01 4.006866817628178978e+00 5.422654680401819277e-02 -2.397599572004058960e-02 2.700433761303577818e-02 6.520610960325057270e-02
-7.350989606289944334e+01 4.004165904227281025e+00 5.417462329040435148e-02 -2.290581493054700754e-02 2.568328781238158470e-02 6.932686371597218677e-02
-7.264507375618366325e+01 3.999951317923018390e+00 5.431209314529378274e-02 -2.100086316498945768e-02 2.625231906002984880e-02 7.213653505366818264e-02
-7.178025144946812475e+01 4.004060724664984861e+00 5.424530540075812174e-02 -2.173112542913192488e-02 2.938322020919378538e-02 6.994404319090320732e-02
-7.091542914275235887e+01 4.001734362495962039e+00 5.428480973934873832e-02 -2.345406498359663139e-02 2.742005182694436105e-02 7.134430725753393432e-02
-7.005060683603682037e+01 4.001038461462992579e+00 5.432716122222344679e-02 -2.312087671902251715e-02 2.692961091638356938e-02 7.233416528688925429e-02
-6.918578452932122502e+01 3.997506205278435143e+00 5.429414820236041356e-02 -2.267681981036937661e-02 2.838276954627749413e-02 6.919103760485148524e-02
-6.832096222260547336e+01 3.994717066709414066e+00 5.432690721596091649e-02 -2.261128399469158889e-02 2.809183951286206224e-02 7.189739953486172508e-02
-6.745613991588972169e+01 3.995164646185616952e+00 5.425863096134512370e-02 -2.412236497189987339e-02 2.725195475914578280e-02 7.093225395980840009e-02
-6.659131760917415477e+01 3.998079381758206541e+00 5.426014159404317361e-02 -2.363892606098689023e-02 2.415284335202855584e-02 7.001063291294255808e-02
-6.572649530245861627e+01 4.001967893654984287e+00 5.419815640426560444e-02 -2.188542342693632070e-02 2.373888059908539974e-02 7.130287168815739596e-02
-6.486167299574303513e+01 3.999165672088898393e+00 5.436662236983604707e-02 -2.411543484788224168e-02 2.476774720710777158e-02 6.907320385302533061e-02
-6.399685068902728347e+01 3.999619403419839347e+00 5.431500371569079194e-02 -2.396700238520689530e-02 2.477001478819307323e-02 7.163371489481615284e-02
-6.313202838231152469e+01 4.002178913773454028e+00 5.429562244363430462e-02 -2.367217297780334004e-02 2.991805693300553237e-02 7.241969584390563208e-02
-6.226720607559590093e+01 4.004848315069291509e+00 5.422315795892072160e-02 -2.466277317915100201e-02 2.547458521963687217e-02 7.207433553424744122e-02
-6.140238376888044769e+01 4.002783851408708848e+00 5.427206907786807227e-02 -2.398112042747732597e-02 2.623302265828404700e-02 7.218249283150206252e-02
-6.053756146216469602e+01 4.000917060323297747e+00 5.435307994814867621e-02 -2.372839922294254361e-02 2.428535694181761795e-02 7.071395782714751110e-02
-5.967273915544909357e+01 4.000826236746576114e+00 5.428572209592560233e-02 -2.283222514295507252e-02 2.345148707338382682e-02 6.965535851305176829e-02
-5.880791684873329928e+01 3.999881423232983124e+00 5.419173323249078938e-02 -2.320127666528972593e-02 2.423867059744824748e-02 6.969030232524277280e-02
-5.794309454201769682e+01 4.002227973273943640e+00 5.419937016005017816e-02 -2.206011009034706052e-02 2.465755484957638313e-02 7.246573575328572880e-02
-5.707827223530192384e+01 4.000994495873277046e+00 5.419853650742390699e-02 -2.306300160793875453e-02 2.379220387871141401e-02 6.975912954663353316e-02
-5.621344992858652034e+01 4.005314752018027669e+00 5.420229450174821745e-02 -2.292098117746700289e-02 2.879018973109510535e-02 7.134171074644229948e-02
-5.534862762188600271e+01 4.005863120240338304e+00 5.426363048093300195e-02 -2.373540547839200071e-02 3.027854488215812184e-02 7.260139723588034111e-02
-5.448380531529416970e+01 4.001362152226811020e+00 5.428093060248201374e-02 -2.408018745800223279e-02 2.713839649503081708e-02 6.933041452340377164e-02
-5.361898300870207379e+01 4.000638483866426398e+00 5.433612715892329609e-02 -2.415736669348587592e-02 2.803090047696357723e-02 6.966743768417449356e-02
-5.275416070211000630e+01 3.998961362965872901e+00 5.430572040519078547e-02 -2.448808881293115455e-02 2.775557586101282115e-02 7.188920621109112785e-02
-5.188933839551831539e+01 4.000828762954984796e+00 5.429905472270860067e-02 -2.372543220284304907e-02 2.695113323279398065e-02 6.617770692512688069e-02
-5.102451608892610579e+01 4.004805741540819142e+00 5.426161260642985151e-02 -2.290256125801964568e-02 2.514161914966166894e-02 6.953081151748335964e-02
-5.015969378233441489e+01 4.006019197211904803e+00 5.425314408165390900e-02 -2.469614157067946333e-02 2.474460110907940324e-02 6.816786504953600834e-02
-4.929487147574233319e+01 3.998960093986685838e+00 5.431266254051681647e-02 -2.291484185610997634e-02 2.403658888880187347e-02 6.989820404878570315e-02
-4.843004916915023728e+01 3.997539436165940430e+00 5.439007586843708220e-02 -2.180308604928218180e-02 2.649560094358512780e-02 7.087134617260212877e-02
-4.756522686255844690e+01 3.995790063039463380e+00 5.433325587561492476e-02 -2.179619530964118507e-02 2.603063589846610001e-02 6.952024562277099584e-02
-4.670040455596633677e+01 3.992819123493693834e+00 5.431008283430597411e-02 -2.174849688176022991e-02 2.556160642409036413e-02 7.052943551816850953e-02
-4.583558224937425507e+01 3.992967589201659173e+00 5.427819142337311775e-02 -2.394709788770729014e-02 2.814705009730325905e-02 6.949771356929694555e-02
-4.497075994278258548e+01 3.996160388361646554e+00 5.418815447072559965e-02 -2.259799558160913158e-02 2.636291826957004245e-02 6.967269122831735995e-02
-4.410593763619035457e+01 4.001640232660887975e+00 5.413427195605510084e-02 -2.333898266281168865e-02 2.714346845121356697e-02 7.345448083813241325e-02
-4.324111532959869919e+01 4.001939799661758279e+00 5.412413829038591195e-02 -2.398152126012133289e-02 2.731862537034956614e-02 7.007432099868543540e-02
-4.237629302300659617e+01 4.003500456802349561e+00 5.418290883454462969e-02 -2.260937476781193015e-02 2.788395546883519482e-02 7.161078086672981180e-02
-4.151147071641448605e+01 4.000084455647040294e+00 5.422169918219917062e-02 -2.262787978070576050e-02 2.530037505355756805e-02 7.065697823350922113e-02
-4.064664840982273120e+01 3.999331189615525695e+00 5.423976923559099828e-02 -2.353151259758851435e-02 2.398276170555617773e-02 7.005974211340404434e-02
-3.978182610323059976e+01 4.000953298042040807e+00 5.426644932930829029e-02 -2.189384683154375899e-02 2.600212880619002728e-02 6.914829596442211013e-02
-3.891700379663849674e+01 4.000089029559236842e+00 5.429671669674738382e-02 -2.160274404362437853e-02 2.540443107649811502e-02 6.912089421764859576e-02
-3.805218149004686268e+01 4.003226910348536727e+00 5.428553845714284565e-02 -2.267421632495400519e-02 2.475565694190342420e-02 7.183783142251175258e-02
-3.718735918345461755e+01 4.001002060609679667e+00 5.428346529025814687e-02 -2.326622503478601930e-02 2.693467729496756835e-02 7.265494794082749674e-02
-3.632253687686299770e+01 3.998115619315886882e+00 5.426454588290766101e-02 -2.106610063513895958e-02 2.531630492471658930e-02 6.906844710242386609e-02
-3.545771457027085916e+01 3.999469059934635862e+00 5.432177411937211958e-02 -2.215722615122546132e-02 2.743757614097181580e-02 7.063910161824571432e-02
-3.459289226367872772e+01 4.004128660314736798e+00 5.426907135548710015e-02 -2.187994941387817749e-02 2.766464361898070962e-02 7.012668916770373184e-02
-3.372806995708699418e+01 4.004741052285052838e+00 5.436200126868083460e-02 -2.334548563029013521e-02 2.840048302730862825e-02 6.901917726277510823e-02
-3.286324765049486274e+01 4.001769046952415643e+00 5.448244391527150288e-02 -2.279698862612380972e-02 2.494700554030812242e-02 6.965466971343481362e-02
-3.199842534390273130e+01 4.001330946769138919e+00 5.449640535385660151e-02 -2.235341304241085514e-02 2.602144695714279227e-02 6.976988122002364401e-02
-3.113360303731109369e+01 4.005172220420006646e+00 5.435653927356563081e-02 -2.275474639466016497e-02 2.639297948976268224e-02 7.185463700035553403e-02
-3.026878073071891251e+01 4.006812238510720547e+00 5.434376099918493408e-02 -2.176808814777754508e-02 2.626163118447248646e-02 6.978499239794611064e-02
-2.940395842412727490e+01 4.011816219516736837e+00 5.428000304406749299e-02 -2.304965862025211767e-02 2.668336295394314536e-02 6.764025043786721370e-02
-2.853913611753512569e+01 4.007024872979971342e+00 5.438725356057778904e-02 -2.253597057882789426e-02 2.719052050108093296e-02 7.111279803873737926e-02
-2.767431381094299425e+01 4.007394257716770269e+00 5.429718577212981623e-02 -2.314411750588160621e-02 2.547368689056204658e-02 6.716451768664404021e-02
-2.680949150435119321e+01 4.007480281231383223e+00 5.432200025672152127e-02 -2.269228404087522688e-02 2.521788779024988422e-02 6.967537153720047838e-02
-2.594466919775920744e+01 4.004774546404109792e+00 5.431142685248614710e-02 -2.483079460579024761e-02 2.534251368745732078e-02 7.093127784393575552e-02
-2.507984689116707600e+01 4.003501284097120028e+00 5.434900824125820512e-02 -2.219399899292523806e-02 2.472677727554899868e-02 7.041743328660093892e-02
-2.421502458457537443e+01 4.003353841904314869e+00 5.440355451730297109e-02 -2.368777311657802725e-02 2.449977958165777334e-02 7.252370745244374195e-02
-2.335020227798314352e+01 4.001734733598024008e+00 5.437390212631765946e-02 -2.341370721672079991e-02 2.439835626129025631e-02 7.036331294472308873e-02
-2.248537997139143840e+01 4.006538627413978482e+00 5.431465758781785225e-02 -2.342949496924263617e-02 2.531991573829130496e-02 7.064561609342842607e-02
-2.162055766479925722e+01 4.005166457523138490e+00 5.430457631856889372e-02 -2.478393411929614987e-02 2.487788886309206735e-02 7.024129930677464051e-02
-2.075573535820735671e+01 4.002900324740834570e+00 5.436355970003994148e-02 -2.396936567996701961e-02 2.250154927685768871e-02 7.143521691456680700e-02
-1.989091305161553791e+01 3.999798046716331879e+00 5.440702654469809635e-02 -2.342953498536684553e-02 2.455654266019307794e-02 7.043089874260707872e-02
-1.902609074502338871e+01 4.001688341992984732e+00 5.434876856040003062e-02 -2.210064531105791416e-02 2.563092620926202270e-02 7.171450979488523669e-02
-1.816126843843124306e+01 4.002305189135443086e+00 5.436327604459844504e-02 -2.339044331982706448e-02 2.485496020955629479e-02 7.091118404124820140e-02
-1.729644613183948820e+01 3.997675880755598765e+00 5.447022588417439054e-02 -2.347595494602822824e-02 2.536771713039909573e-02 6.748327879367757576e-02
-1.643162382524756993e+01 4.000840054968460180e+00 5.445212585539658395e-02 -2.378061372812241558e-02 2.763012110865911697e-02 7.131866525714983251e-02
-1.556680151865581863e+01 4.002147216208382652e+00 5.439435510148426384e-02 -2.353826323891362524e-02 2.662955192187356143e-02 7.244618953912124182e-02
-1.470197921206365343e+01 4.001358421984017255e+00 5.444128034862313892e-02 -2.102505539154142164e-02 2.857734378012975404e-02 6.984043243193371886e-02
-1.383715690547150601e+01 4.004338356976327340e+00 5.433188537383139977e-02 -2.247128987628679159e-02 2.906972089658558037e-02 7.041333154691546692e-02
-1.297233459887963747e+01 4.004990273220145447e+00 5.432110365238476679e-02 -2.333402659244351168e-02 2.642534867182862873e-02 6.983666358516105177e-02
-1.210751229228786841e+01 4.005514070403098259e+00 5.438789914644538009e-02 -2.369581086806326828e-02 3.088702159343290066e-02 7.132694942445762243e-02
-1.124268998569570321e+01 4.004469291590496027e+00 5.436762743616241345e-02 -2.208765859682339586e-02 2.870898133211589875e-02 6.980211087087101474e-02
-1.037786767910391816e+01 4.003320005149754834e+00 5.433481644256001053e-02 -2.239659670692796187e-02 2.902498201685273227e-02 6.871562986116044880e-02
-9.513045372511669484e+00 4.001766840413426785e+00 5.435496654928693994e-02 -2.130276797930029040e-02 2.629678380594593218e-02 6.680633712903584487e-02
-8.648223065919868446e+00 4.004060799204104626e+00 5.431946638560656432e-02 -2.131357771032937887e-02 2.503205368919276044e-02 6.816637665810670876e-02
-7.783400759327686380e+00 4.004515342525082566e+00 5.435828104188623194e-02 -2.216973629735199264e-02 2.675922835940867592e-02 7.010796894026519177e-02
-6.918578452735967055e+00 4.003440141238054473e+00 5.436009764768966884e-02 -2.249079353112345969e-02 2.605516863425889548e-02 7.093042938448293477e-02
-6.053756146144099404e+00 4.001862330562054204e+00 5.440375786513815259e-02 -2.290074978126628233e-02 2.661491730804725619e-02 6.955842287049815442e-02
-5.188933839551917337e+00 4.005891464324866647e+00 5.431252887801834434e-02 -2.183716172991658627e-02 2.680621821616319470e-02 7.301061637691404205e-02
-4.324111532959736159e+00 4.002079704908454438e+00 5.434220914558591381e-02 -2.278414741411196459e-02 2.873835625293102297e-02 6.857169870337541384e-02
-3.459289226367934234e+00 4.000167798156504695e+00 5.435865946786377217e-02 -2.275689584608965241e-02 2.746696022651814659e-02 7.012321249396541445e-02
-2.594466919776181602e+00 4.001314583308235306e+00 5.428107512749047459e-02 -2.306850457130463217e-02 2.841125098394907747e-02 7.081130116579964495e-02
-1.729644613184362800e+00 4.003502581845651775e+00 5.424972859453612573e-02 -2.139093623930236193e-02 2.660483260188893986e-02 7.028462573418431392e-02
-8.648223065921814001e-01 4.003552993713173969e+00 5.432072389590415079e-02 -2.268004290002317500e-02 2.649339869943844947e-02 7.187803709943065000e-02
0.000000000000000000e+00 4.004802125661461432e+00 5.423315928211908110e-02 -2.444791122072887193e-02 2.607306983640694450e-02 6.861515191113298773e-02
