-4.522801312148412478e+01 1.913179318488497760e+00 1.000000000000000000e+00 -5.330935663945868307e-04 -3.811716327270263556e-03 -1.685638980912869097e-03
-4.511420743238325315e+01 1.806208955821688944e+00 1.070379064463278018e+00 -3.893911227167723443e-04 4.526563758256596341e-03 3.822666779586189178e-03
-4.500085515240230194e+01 1.707214259807577239e+00 1.145291960110598861e+00 6.976343599775947524e-04 1.076730442100766634e-02 9.564774165033413864e-03
-4.488750287242135784e+01 1.618825930941611757e+00 1.224662906799720563e+00 1.767676627303260695e-03 1.693861424737541296e-02 1.362904938512501420e-02
-4.477415059244041373e+01 1.542042506727858031e+00 1.307987128690017764e+00 3.055513781718512990e-03 2.217051133979975122e-02 1.368251649969360467e-02
-4.466079831245946963e+01 1.472961206338411877e+00 1.395844773354244506e+00 1.710697444396168691e-03 2.651286360001617673e-02 1.568975936651503811e-02
-4.454744603247851842e+01 1.411351654789977150e+00 1.485325702784684676e+00 1.230685265701183520e-03 2.992309759771353064e-02 1.698064304299151325e-02
-4.443409375249756010e+01 1.356315735755357688e+00 1.579143144707249702e+00 1.664390274726005366e-03 3.442760837813904629e-02 1.878309364120640465e-02
-4.432119488163651511e+01 1.306864623640628054e+00 1.676854888619211170e+00 5.775369932439889222e-04 3.664518097760450371e-02 2.103657563790311755e-02
-4.420784260165554969e+01 1.263556346362946892e+00 1.779539069795357475e+00 8.385211532260483354e-04 3.921253191526792581e-02 2.181094928612162254e-02
-4.409449032167458427e+01 1.224397460417304684e+00 1.889709607937063662e+00 1.503176180552212506e-04 4.312705432746657963e-02 2.371180457527304053e-02
-4.398113804169361885e+01 1.188616418092564464e+00 2.005185184518175845e+00 7.825967534176192942e-04 4.471554608583765134e-02 2.201976332049147486e-02
-4.386778576171265343e+01 1.156679114464948199e+00 2.123896880213303362e+00 2.837221052058715859e-03 4.669575087997727969e-02 2.353220951360993074e-02
-4.375443348173168800e+01 1.127830186396001633e+00 2.248527838178526306e+00 3.393192275261547233e-03 4.648019844649714516e-02 2.375844306978407150e-02
-4.364108120175075811e+01 1.101352828655893124e+00 2.380732872131684275e+00 1.666775490104508524e-03 4.847890179865939342e-02 2.177588066220923976e-02
-4.352772892176984243e+01 1.078286290376649026e+00 2.517193168533326642e+00 1.522199907053128909e-03 5.127587540872138167e-02 2.261677443316766067e-02
-4.341437664178891254e+01 1.058388319081311923e+00 2.659642493236774818e+00 1.868546270542820143e-03 5.089183688119158083e-02 2.284012788123436499e-02
-4.330102436180798975e+01 1.039306562947301948e+00 2.806904934254266237e+00 1.740028693408214328e-03 5.315705562867065193e-02 2.569784358928679097e-02
-4.318721867270713233e+01 1.021683058997776783e+00 2.959046641259303279e+00 1.113713078570536261e-03 5.592966773713527878e-02 2.669097159508148839e-02
-4.307386639272620243e+01 1.006432899463672870e+00 3.118088411136980653e+00 1.365977793426884730e-03 5.843877228781292621e-02 2.775333569938097725e-02
-4.296051411274528675e+01 9.928193717890425596e-01 3.281254078912293259e+00 8.779451902119262178e-05 6.006245379730538320e-02 2.825203719622504037e-02
-4.284716183276434975e+01 9.808314875254489085e-01 3.453097092514487709e+00 6.930134594364523431e-04 6.067537767683660321e-02 2.653660141926747484e-02
-4.273380955278342697e+01 9.704258415042167352e-01 3.631113786908706675e+00 1.286263884294862542e-03 6.290751602286392963e-02 2.761374759736195256e-02
-4.262045727280249707e+01 9.608722662202766607e-01 3.814817388580279633e+00 1.380465585480757833e-03 6.435823855726992282e-02 3.005123246271843712e-02
-4.250710499282157429e+01 9.525048228079839863e-01 4.002331390693466773e+00 1.581368080027028070e-03 6.436853552420208902e-02 2.896670944559283367e-02
-4.239375271284064439e+01 9.449334857883973093e-01 4.201686345644970011e+00 9.684389160586182434e-04 6.664442475025537937e-02 2.740958207775252495e-02
-4.228040043285967897e+01 9.377686906796968147e-01 4.402659237817152516e+00 -5.808734326925812886e-04 6.648647144868587155e-02 2.788833912966340658e-02
-4.216704815287867802e+01 9.311854403989581197e-01 4.606176266957388243e+00 -9.506674490978895024e-04 6.585612617465225194e-02 2.684780379453375471e-02
-4.205369587289766287e+01 9.266942827545318062e-01 4.824460931003033082e+00 -7.463359225468979129e-04 6.624836877753131903e-02 2.464118743252925042e-02
-4.194079700203658945e+01 9.217459148203560604e-01 5.042901278062568160e+00 -7.748448992779410774e-04 6.561978000211306228e-02 2.480664381499477628e-02
-4.182744472205557429e+01 9.176421610041177734e-01 5.268116398759800312e+00 -1.490693008704906336e-03 6.682530574757544750e-02 2.473376154727987414e-02
-4.171409244207457334e+01 9.144735387490695588e-01 5.506136793158441733e+00 -1.558378457255302869e-03 6.767763584523851794e-02 2.789695962146798366e-02
-4.160074016209357239e+01 9.123935949251396060e-01 5.751275029572908259e+00 -7.901017108729424098e-04 6.940262850225314972e-02 2.804839004525935126e-02
-4.148738788211255724e+01 9.109659614976991504e-01 6.000387288644052575e+00 1.361696660616740261e-04 6.852538232718757838e-02 2.875012620144311304e-02
-4.137403560213155629e+01 9.098501466430544138e-01 6.257604451697874381e+00 -7.757158152081577692e-04 6.852504103770573618e-02 3.010951012701969937e-02
-4.126068332215054113e+01 9.092189467276345916e-01 6.519932499118960223e+00 -1.199135691508768043e-03 6.884312615103352351e-02 2.890783210695142477e-02
-4.114733104216954018e+01 9.082201466570696269e-01 6.784742918850830584e+00 -1.154532393259349778e-03 6.563776568054634220e-02 3.081416820565896844e-02
-4.103397876218853213e+01 9.081026841587989118e-01 7.061602706616678660e+00 2.983580728761614639e-04 6.609188660768103296e-02 3.415490849844913385e-02
-4.092062648220752408e+01 9.091315621231109700e-01 7.352979746698277808e+00 -2.820124178146176980e-04 6.580475791927975493e-02 3.608049126678446877e-02
-4.080727420222652313e+01 9.097079226030393428e-01 7.642133455968158628e+00 2.310755827919086644e-04 6.533769414682659427e-02 3.545562225961913089e-02
-4.069392192224550087e+01 9.108620009236879644e-01 7.933102297629356592e+00 4.503817883489446877e-04 6.592806099728081015e-02 3.517285683915748890e-02
-4.058056964226449281e+01 9.125813190485546622e-01 8.235951010565736752e+00 5.216018609030636903e-04 6.530593219547373152e-02 3.656156548540336060e-02
-4.046721736228350608e+01 9.142376968434716700e-01 8.544470807388483635e+00 1.516980122378031070e-04 6.463413405061622929e-02 3.791649968448197044e-02
-4.035386508230248381e+01 9.171322144542004562e-01 8.868244222689920520e+00 -6.296329880651286084e-04 6.411457789022179110e-02 3.794410457749276128e-02
-4.024051280232147576e+01 9.184379791980561425e-01 9.188959581055970105e+00 -1.235202967217082816e-03 6.531310610696434982e-02 3.942198266032999332e-02
-4.012716052234047481e+01 9.214422035332622274e-01 9.525847945670896877e+00 -7.013654156095006087e-04 6.321064003024652600e-02 3.936717134519358841e-02
-4.001380824235947387e+01 9.247633381479767323e-01 9.870732471117865003e+00 3.646966862230604915e-04 6.183982682855085344e-02 3.970979356728848719e-02
-3.990045596237844450e+01 9.281388686707211511e-01 1.021934370140718684e+01 -2.297335550848167386e-04 6.214276415341123821e-02 4.034220340516535969e-02
-3.978710368239746487e+01 9.317325465068694301e-01 1.057094518002183925e+01 1.715101054727785580e-04 6.350248581099462997e-02 4.129390433088690748e-02
-3.967375140241644971e+01 9.359677098408216711e-01 1.093197494207999476e+01 3.620220112390925941e-04 6.303605711530094191e-02 4.233682285606073931e-02
-3.956039912243543455e+01 9.392431582944552604e-01 1.129193959279454873e+01 7.529845507717259148e-04 6.230821642993022991e-02 4.196784788554672879e-02
-3.944704684245441939e+01 9.436122985166410793e-01 1.166117121876545504e+01 1.105551997174053589e-03 6.207724666055772222e-02 4.409071578790022677e-02
-3.933369456247354634e+01 9.474775991941071229e-01 1.203580901916572543e+01 8.193136197330475479e-04 6.299535192229920033e-02 4.305101199201014084e-02
-3.922034228249271592e+01 9.514708186314166927e-01 1.242030633343401469e+01 1.286097661107112782e-03 6.105533569900546687e-02 4.353913106235485914e-02
-3.910699000251187130e+01 9.558973203419505182e-01 1.280817727966482344e+01 1.118638658514998748e-03 6.012212873738622537e-02 4.582042822315706559e-02
-3.899363772253101246e+01 9.600830739552942417e-01 1.320236168429442891e+01 5.544359947429778083e-04 6.033445454276709086e-02 4.465199577952245341e-02
-3.888028544255016072e+01 9.650132739099073209e-01 1.360527483272619520e+01 8.726749654259780258e-04 5.857649862561187248e-02 4.618012279238760398e-02
-3.876693316256933031e+01 9.694707863542438853e-01 1.400344181531485432e+01 1.462437958155415928e-03 5.781702809566024309e-02 4.642347400274070973e-02
-3.865358088258848568e+01 9.741643206092129859e-01 1.441360446867459366e+01 1.062395838985220539e-03 5.758008978243490256e-02 4.697681056570932739e-02
-3.854022860260762684e+01 9.792498372955527053e-01 1.484183786579333209e+01 6.647287314299343700e-04 5.899088192790649665e-02 4.927928187635598895e-02
-3.842687632262677511e+01 9.849661031882551709e-01 1.528001747905712371e+01 2.246896935395259476e-03 5.795010499893973877e-02 4.961018025372074952e-02
-3.831352404264595179e+01 9.911464440361018591e-01 1.572626269712496594e+01 2.444777204092758293e-03 5.996530173175267792e-02 5.118521807785383904e-02
-3.820017176266510006e+01 9.966481645148075330e-01 1.617070027652399489e+01 2.978997923290625099e-03 5.952986378259657319e-02 5.114909723214144249e-02
-3.808681948268424122e+01 1.002091703879096407e+00 1.661206089047094991e+01 3.954483780160781420e-03 5.860629645421331496e-02 4.896508667314510010e-02
-3.797301379358346196e+01 1.008050610574158457e+00 1.706713630808360804e+01 4.177043570895109040e-03 5.843502654989017608e-02 4.979638325300268092e-02
-3.785966151360263865e+01 1.014505278512008779e+00 1.753941724437059335e+01 5.063933875515847817e-03 5.863264132095145215e-02 4.945675053523388570e-02
-3.774630923362178692e+01 1.019473151297729752e+00 1.798732849397104516e+01 4.361684070451774843e-03 5.978517888704592415e-02 5.047296394724391094e-02
-3.763295695364092808e+01 1.026072366133186531e+00 1.845270103289168162e+01 4.531290179569197503e-03 5.966285663788737509e-02 5.085457554892320459e-02
-3.751960467366007634e+01 1.031456336238932403e+00 1.890161772758793290e+01 4.525887451981969352e-03 6.139009347213461587e-02 5.155071043293096844e-02
-3.740625239367925303e+01 1.037782463888372142e+00 1.938403345687550683e+01 3.978344472268908853e-03 6.224027600063674476e-02 5.251298111264428303e-02
-3.729290011369840130e+01 1.043513924642476498e+00 1.984785800677057921e+01 4.913427572908302121e-03 5.957462142730040461e-02 5.302770361428818524e-02
-3.717954783371754246e+01 1.049314998456190695e+00 2.032194491928050439e+01 4.136852032183384320e-03 5.899431570533224950e-02 5.292946495793066086e-02
-3.706619555373669783e+01 1.055589582100974422e+00 2.080997923121433146e+01 4.415698823107088583e-03 5.988812093491448912e-02 5.479890017025437765e-02
-3.695284327375586031e+01 1.062160377456778715e+00 2.130727117471521126e+01 4.601656569122036800e-03 5.979016715414457034e-02 5.631102532197940214e-02
-3.683949099377502279e+01 1.068860595191953644e+00 2.179617428926059119e+01 4.621600199215105363e-03 5.868078362302620726e-02 5.783095714170018858e-02
-3.672613871379417105e+01 1.074675457055919381e+00 2.226228874862336582e+01 5.034992174524233026e-03 5.811200094152017132e-02 5.783048150030094953e-02
-3.661278643381329800e+01 1.080568108013713946e+00 2.274448123359664820e+01 4.941768783999671635e-03 5.742878821629442826e-02 5.867707138166699393e-02
-3.649943415383248890e+01 1.086496537393023765e+00 2.322470041191603585e+01 4.918111000698304446e-03 5.772114446604423299e-02 6.149172951865886777e-02
-3.638608187385161585e+01 1.092779778271359747e+00 2.372851939585918757e+01 7.349801255432948655e-03 5.661555649021863396e-02 6.249515220529223980e-02
-3.627272959387077123e+01 1.099066071239662268e+00 2.423103194723431386e+01 6.922336483454424351e-03 5.550633771622661555e-02 6.271632091016311750e-02
-3.615937731388993370e+01 1.105523941757854178e+00 2.474773016256328972e+01 6.833805079769974568e-03 5.505880109002390249e-02 6.408161496445941019e-02
-3.604602503390908907e+01 1.112307227341555738e+00 2.526439275701535081e+01 8.368239884957934596e-03 5.501383022801099171e-02 6.469237436509618633e-02
-3.593267275392825155e+01 1.118796390990376199e+00 2.576032242181212339e+01 1.024180627803155177e-02 5.431055548363178387e-02 6.611871823873945175e-02
-3.581932047394740692e+01 1.124112156841991395e+00 2.623835513976270661e+01 1.089613956698670845e-02 5.500798883070807249e-02 6.670836287666065401e-02
-3.570596819396653387e+01 1.130666119735293407e+00 2.673285593337732280e+01 1.297310437474955350e-02 5.313568724727314729e-02 6.812352038964035461e-02
-3.559261591398571767e+01 1.137791442603336201e+00 2.726362859704245523e+01 1.250713891100725846e-02 5.338248804994946695e-02 6.723295113628142972e-02
-3.547926363400484462e+01 1.144444301103833217e+00 2.779769656723644289e+01 1.373460171229112618e-02 5.374793521370658383e-02 6.861023665277807271e-02
-3.536591135402400710e+01 1.150599152603305475e+00 2.830350354887547937e+01 1.473982084511274958e-02 5.305982682329588029e-02 6.887404665778329438e-02
-3.525255907404316957e+01 1.157977357281338771e+00 2.885084726331928451e+01 1.629718742347789628e-02 5.175168359066399659e-02 7.072073632912981300e-02
-3.513920679406231073e+01 1.164537813131186095e+00 2.937854554485198477e+01 1.730096804685084602e-02 5.171431480584123830e-02 6.902353859971867289e-02
-3.502585451408148032e+01 1.170203930417189842e+00 2.988545201486956060e+01 1.776452516032038520e-02 5.129995466183176478e-02 7.009552849060148028e-02
-3.491250223410064280e+01 1.176443730089008710e+00 3.040046262155279422e+01 1.939872580833714236e-02 5.138518328821833903e-02 7.183396150517475098e-02
-3.479914995411976264e+01 1.182947962267292041e+00 3.092462253841004838e+01 1.958749694330936056e-02 5.065042400731593897e-02 7.090455532717843123e-02
-3.468579767413895354e+01 1.189108340076704629e+00 3.142636271761858779e+01 1.981136432522356480e-02 5.170527546442123257e-02 7.289599443434589821e-02
-3.457244539415807338e+01 1.195181911551129073e+00 3.191946243376107972e+01 2.079352010805985557e-02 5.123000741339980846e-02 7.297024309883758109e-02
-3.445909311417723586e+01 1.201641308474958425e+00 3.241914495285078601e+01 2.264862797725429588e-02 4.973512050227497233e-02 7.382854741794019071e-02
-3.434574083419640544e+01 1.207332550364097035e+00 3.289801234748122027e+01 2.296252102545334045e-02 4.871410679317735720e-02 7.502404795983531882e-02
-3.423238855421553950e+01 1.214236785283654640e+00 3.341575954533107762e+01 2.304065619859659020e-02 4.884155592968619786e-02 7.636739992596851268e-02
-3.411903627423470908e+01 1.221366791562948029e+00 3.393485831498386318e+01 2.522050902505922065e-02 4.931429686465623602e-02 7.792722303978005804e-02
-3.400568399425387867e+01 1.227672364911968295e+00 3.443014444074795932e+01 2.684361512862262766e-02 4.940231544616600218e-02 8.038369236798768858e-02
-3.389233171427299141e+01 1.234773236998765622e+00 3.494204560619059663e+01 2.848410539427136123e-02 4.945995783984329791e-02 8.110533118981724798e-02
-3.377897943429218230e+01 1.241241538817264178e+00 3.542975740604880031e+01 2.987018934984671942e-02 5.015791972538644061e-02 8.365321175220193084e-02
-3.366562715431129504e+01 1.247084511449038091e+00 3.587694540787249764e+01 3.084581877485305032e-02 5.074168603155571750e-02 8.252868301298851850e-02
-3.355227487433046463e+01 1.253788201228553500e+00 3.639300575511871472e+01 3.086577971142036997e-02 5.147116815418804198e-02 8.416555450457254006e-02
-3.343892259434964132e+01 1.259499262770859662e+00 3.684845994366867217e+01 3.193093193787607115e-02 5.232651995905634318e-02 8.502944115450940255e-02
-3.332557031436876827e+01 1.266125861745220460e+00 3.734530824188716736e+01 3.460508293742634023e-02 5.318119488510498344e-02 8.269434462948554998e-02
-3.321221803438793785e+01 1.273970889337014079e+00 3.789520539894389373e+01 3.638444179224006175e-02 5.165848688963500107e-02 8.300975694369032432e-02
-3.309886575440711454e+01 1.278708384018775401e+00 3.832753161273735998e+01 3.804704319241192928e-02 5.119916787636143857e-02 8.306702442988295187e-02
-3.298551347442622017e+01 1.285211569730160930e+00 3.880030406731024328e+01 3.931754083419514850e-02 5.036731574963642516e-02 8.189477145014417703e-02
-3.287216119444541107e+01 1.291845445529276493e+00 3.928499724777533686e+01 3.994091340806544405e-02 5.048270079969102014e-02 8.322448271742587111e-02
-3.275880891446452381e+01 1.298056174419687014e+00 3.973627640025966912e+01 4.188424794241230736e-02 5.123369833209737850e-02 8.418062405505132018e-02
-3.264545663448369339e+01 1.303792739803386169e+00 4.017951577072579283e+01 4.379571043156963578e-02 5.291399725234868789e-02 8.427757651264372596e-02
-3.253210435450287008e+01 1.309814603069531014e+00 4.065056167040877710e+01 4.498532226344549578e-02 5.322829214313637425e-02 8.574847543852583132e-02
-3.241875207452198993e+01 1.316598717444278144e+00 4.114220772612249988e+01 4.544227915286017799e-02 5.218197638033583025e-02 8.681896588920495761e-02
-3.230539979454116661e+01 1.323163441864344536e+00 4.163962322132013583e+01 4.536924434703587528e-02 5.232877999070714714e-02 8.763450413228904279e-02
-3.219204751456034330e+01 1.330216003654430379e+00 4.213754601026867874e+01 4.650102752791367144e-02 5.275512806523232484e-02 8.713423624999486194e-02
-3.207869523457944894e+01 1.336846976643286444e+00 4.258354869267642329e+01 4.753607641746068757e-02 5.243175117717534944e-02 8.660909448111916986e-02
-3.196534295459864339e+01 1.344190494034304129e+00 4.307249645413249084e+01 4.824735312612556809e-02 5.314158843711630498e-02 8.678568494510510711e-02
-3.185199067461775257e+01 1.350353359725626756e+00 4.351398893298462411e+01 4.919854763874994402e-02 5.167795370027124247e-02 8.757535989521496311e-02
-3.173863839463692571e+01 1.357720950830990647e+00 4.400133224717188085e+01 4.919963671140038797e-02 5.028629881337974561e-02 8.890453811403264961e-02
-3.162528611465610240e+01 1.364166279555320216e+00 4.445141179162994405e+01 5.010275698466335609e-02 4.996679174656772082e-02 9.011841248095361911e-02
-3.151193383467522224e+01 1.370431936961019614e+00 4.488414850496548780e+01 5.025366427829219829e-02 4.951003764982796207e-02 9.258017538040974603e-02
-3.139858155469439893e+01 1.375774635181902683e+00 4.528885337403812628e+01 5.226544610806176105e-02 5.013330544297742858e-02 9.529735641340540686e-02
-3.128522927471357917e+01 1.381285262444573725e+00 4.566622290453641142e+01 5.437794102160253829e-02 4.906219723288977180e-02 9.687001965129429792e-02
-3.117187699473268125e+01 1.386810251562146545e+00 4.605967295541913131e+01 5.626415534598173257e-02 4.945488420766202403e-02 9.839138768010136094e-02
-3.105852471475187571e+01 1.392094311300696940e+00 4.647297142586900520e+01 5.644862479595544325e-02 5.036879620907920574e-02 9.853680876984474701e-02
-3.094517243477098134e+01 1.397867084218138212e+00 4.687662317075228913e+01 5.788857732376055665e-02 5.085948235977179321e-02 9.682598391117522296e-02
-3.083182015479015803e+01 1.403033010659554991e+00 4.725813598242530134e+01 5.860411050678613482e-02 5.053069270284273051e-02 9.804149212290660942e-02
-3.071846787480933116e+01 1.408732427256390141e+00 4.766978503560552838e+01 6.051782247018307193e-02 5.019412985877476363e-02 9.798734388043982280e-02
-3.060511559482845456e+01 1.414373135204993526e+00 4.803655921443556309e+01 6.269094173360013900e-02 5.046137328547393303e-02 9.705664524682129646e-02
-3.049176331484762770e+01 1.419624341519439392e+00 4.842794312931373923e+01 6.386180515106984479e-02 5.054464614595213096e-02 9.834904687919406030e-02
-3.037841103486681504e+01 1.425381055937400943e+00 4.882970350154015904e+01 6.508341603846803936e-02 5.079546889200849819e-02 9.686532834908437306e-02
-3.026505875488591002e+01 1.430555582715412166e+00 4.917476179953982296e+01 6.699575952270843404e-02 5.077284879076136848e-02 9.901559909332884046e-02
-3.015170647490510447e+01 1.435999804646618472e+00 4.954459923378380637e+01 6.878911537575628510e-02 5.043277560154155875e-02 1.010569527805545015e-01
-3.003835419492420300e+01 1.441662447142754822e+00 4.992111052264908011e+01 7.006817751958534235e-02 4.950209457084149556e-02 1.005530251338150050e-01
-2.992500191494338679e+01 1.448109013502408171e+00 5.030853039546853012e+01 7.084857290696865151e-02 4.952506394313688914e-02 1.011561208712801752e-01
-2.981164963496256348e+01 1.452777096628151687e+00 5.065810688831489017e+01 7.170836899438032264e-02 4.979102819208089392e-02 1.041589430574515890e-01
-2.969829735498168688e+01 1.458265471872604246e+00 5.100339415401040810e+01 7.165032701718253294e-02 4.908255973848135723e-02 1.047090092961938113e-01
-2.958494507500085291e+01 1.464011292958696586e+00 5.135992481472070637e+01 7.450261782053840820e-02 4.918411233167940821e-02 1.055762564064277598e-01
-2.947159279502004381e+01 1.470435705430945594e+00 5.177454989844540734e+01 7.546936522179006901e-02 4.849788647345109477e-02 1.064826100936822201e-01
-2.935824051503914234e+01 1.475170538255998531e+00 5.208027165123957758e+01 7.748256905687306295e-02 4.883363414959803611e-02 1.071330473358380192e-01
-2.924488823505832613e+01 1.480130823473337465e+00 5.242241003454539339e+01 7.885521066074434315e-02 4.957063237645803477e-02 1.080531291040551928e-01
-2.913153595507744242e+01 1.484747908820360784e+00 5.274936667096018539e+01 7.995821234293004620e-02 4.980829978414313269e-02 1.107958712213040486e-01
-2.901818367509661911e+01 1.489441271888845675e+00 5.307837015184757234e+01 8.102782263635584237e-02 5.088244325670866763e-02 1.106556407575668144e-01
-2.890483139511578159e+01 1.495536024846169987e+00 5.346834297054226681e+01 8.178170765097876604e-02 5.195463554248887228e-02 1.104088570526710333e-01
-2.879147911513492630e+01 1.501714793979834761e+00 5.380200598038043580e+01 8.340633945345110600e-02 5.211548153642062836e-02 1.106159395529929812e-01
-2.867812683515408878e+01 1.507419736415826383e+00 5.415567432089772382e+01 8.320541974406447938e-02 5.240543249743601778e-02 1.111469965308073543e-01
-2.856477455517325836e+01 1.511643942250114447e+00 5.437742488397340423e+01 8.551392472053402638e-02 5.266382840303451829e-02 1.106032607934401280e-01
-2.845142227519239242e+01 1.517179813520564524e+00 5.467746879164122475e+01 8.584696510753313248e-02 5.273262377263815415e-02 1.128002936513900906e-01
-2.833806999521156911e+01 1.521457117243932400e+00 5.493315293920801423e+01 8.663261078306337681e-02 5.282787090126931512e-02 1.122031725709216887e-01
-2.822471771523066408e+01 1.526513291813928364e+00 5.518950385039291007e+01 8.779775018874041992e-02 5.265998982314266247e-02 1.138839545775803819e-01
-2.811136543524986919e+01 1.531528907087987612e+00 5.545746187413579520e+01 8.970674540459831758e-02 5.305892288459673756e-02 1.146625803903850577e-01
-2.799801315526902812e+01 1.535528970940134519e+00 5.567684832332653144e+01 9.287884763450902914e-02 5.163802211227821320e-02 1.158357923250862842e-01
-2.788466087528814086e+01 1.539532751464476767e+00 5.588372455253692550e+01 9.505470104144650434e-02 4.966338269226332897e-02 1.158145554294123108e-01
-2.777130859530729978e+01 1.544688674373331239e+00 5.621450238226729823e+01 9.714472729810678941e-02 5.019972195198262044e-02 1.147843815038921966e-01
-2.765795631532650489e+01 1.549664199743061799e+00 5.647696699311556046e+01 9.901383660750540106e-02 4.959136618493787535e-02 1.150129857513818021e-01
-2.754460403534560342e+01 1.553963282347470276e+00 5.667995706183058502e+01 9.921700251522386216e-02 4.846569465895450568e-02 1.165087428363612981e-01
-2.743125175536477300e+01 1.559462233732445968e+00 5.694546300580780951e+01 1.008989776780838260e-01 4.829352429818345449e-02 1.163530050938688387e-01
-2.731789947538392127e+01 1.564179237572376424e+00 5.714759225013273891e+01 1.022227709068657675e-01 4.875041729951332115e-02 1.185562190797546794e-01
-2.720454719540308020e+01 1.569536375957530927e+00 5.741456104160391760e+01 1.048717322972035626e-01 4.864655055204113870e-02 1.184202616162458588e-01
-2.709119491542223201e+01 1.573702226456396902e+00 5.764506234012051777e+01 1.063374646559856335e-01 4.992685599331694868e-02 1.192251800096257724e-01
-2.697784263544139804e+01 1.578860949405988201e+00 5.786694968140371031e+01 1.074297030783997048e-01 4.980075576191336090e-02 1.185384949338042365e-01
-2.686449035546055342e+01 1.583555204565828323e+00 5.810118598054496886e+01 1.079112162377075246e-01 5.045265292334472768e-02 1.177251707128599972e-01
-2.675113807547971234e+01 1.588552982488224963e+00 5.835035969121081223e+01 1.078226572244468245e-01 5.001512976996248111e-02 1.180533596873784841e-01
-2.663778579549887127e+01 1.593277746149083463e+00 5.856509305740247839e+01 1.094578509692376161e-01 4.967558366618167465e-02 1.167196640577859018e-01
-2.652443351551803374e+01 1.597098849567029522e+00 5.875104837052445106e+01 1.093256044443939451e-01 4.906945853995098999e-02 1.155368322205901355e-01
-2.641108123553712517e+01 1.602343338896411229e+00 5.901745155047468216e+01 1.093000768982971688e-01 4.858864635683893263e-02 1.173966493638635145e-01
-2.629772895555634094e+01 1.607016532685040744e+00 5.924723338137069817e+01 1.116205866600125385e-01 4.806096363605558835e-02 1.185607621215302582e-01
-2.618437667557549631e+01 1.612346761189566324e+00 5.947580591212407342e+01 1.117148293097646183e-01 4.792420149213279940e-02 1.225225821744765770e-01
-2.607102439559459839e+01 1.616723093582778548e+00 5.963770298457954055e+01 1.118652740222929737e-01 4.736666899069137682e-02 1.238382000149423207e-01
-2.595767211561375021e+01 1.621536099499590211e+00 5.980222098961363031e+01 1.143589291914922368e-01 4.834330275370158497e-02 1.251205300170408485e-01
-2.584431983563297308e+01 1.626422605543871525e+00 5.995750091039401752e+01 1.176544805246668157e-01 4.857497435705297045e-02 1.268377054752362620e-01
-2.573096755565206450e+01 1.631522077955875227e+00 6.014595158094070371e+01 1.188586230954756934e-01 4.773468300073245574e-02 1.279320281698104189e-01
-2.561761527567122343e+01 1.635087295391103313e+00 6.024259893555185386e+01 1.192559713877812677e-01 4.853920708497806019e-02 1.293229692777269069e-01
-2.550426299569038591e+01 1.639184970632638905e+00 6.045852889091766258e+01 1.193191235100760639e-01 4.719836909124786734e-02 1.297507048915887973e-01
-2.539091071570954128e+01 1.643561661170348964e+00 6.062050045926370956e+01 1.220986371195170450e-01 4.734209794438657554e-02 1.306157736184261065e-01
-2.527755843572868599e+01 1.647293149700070680e+00 6.077850877860826273e+01 1.218240109092014883e-01 4.851883760794884620e-02 1.295327539807519801e-01
-2.516420615574786979e+01 1.651984115857270119e+00 6.097657729218573763e+01 1.232913152785585914e-01 4.876235907817056542e-02 1.290444206669508764e-01
-2.505085387576701450e+01 1.654787362232461589e+00 6.106568680085887735e+01 1.240249989646501488e-01 5.020722950864654754e-02 1.292744487201950565e-01
-2.493750159578616277e+01 1.658576783213785655e+00 6.114819131120839302e+01 1.257731416791977308e-01 5.085360383375487486e-02 1.293134136648652899e-01
-2.482414931580533590e+01 1.661404937347473076e+00 6.122849770281493420e+01 1.278350533486053708e-01 5.060900660942552198e-02 1.280785599442338385e-01
-2.471079703582449483e+01 1.664282812304692882e+00 6.131621702240589400e+01 1.293125753157747249e-01 5.168655414839074674e-02 1.270164590074287780e-01
-2.459744475584358270e+01 1.667250627526378093e+00 6.139987978757176279e+01 1.286055404577205463e-01 5.177773100933816264e-02 1.255792558746001986e-01
-2.448409247586281268e+01 1.671852675723355608e+00 6.155523909716335851e+01 1.299850567969380866e-01 5.145990268235194065e-02 1.270684372062290679e-01
-2.437074019588195739e+01 1.675795319078561274e+00 6.169747700447504002e+01 1.322763440886172981e-01 5.197925977650195289e-02 1.267681801075651316e-01
-2.425738791590105947e+01 1.679282423356114551e+00 6.179062631595831334e+01 1.329683226306578037e-01 5.187303639264983363e-02 1.290569932643104989e-01
-2.414403563592020419e+01 1.683075933401795066e+00 6.189867979338049508e+01 1.325747625089803428e-01 5.341110302435361085e-02 1.287049462391391397e-01
-2.403068335593943416e+01 1.686006886154710838e+00 6.196890305565624146e+01 1.333056005037910330e-01 5.397755959479745569e-02 1.296485842174723846e-01
-2.391733107595852204e+01 1.689760245133914207e+00 6.212853353219730934e+01 1.333613120979792177e-01 5.320938542810738775e-02 1.301647743073935937e-01
-2.380397879597767385e+01 1.693814501489601776e+00 6.227493689087388873e+01 1.344165521030813160e-01 5.441439861434340525e-02 1.289669258243482663e-01
-2.369062651599685765e+01 1.696992173814887650e+00 6.236714716519662716e+01 1.348207399158540820e-01 5.523019227104895151e-02 1.301913392939355874e-01
-2.357727423601600236e+01 1.699422075921147135e+00 6.247601857181221874e+01 1.351123605296601360e-01 5.537139683439580573e-02 1.273635425311335223e-01
-2.346392195603513997e+01 1.702956249086477580e+00 6.258918161477404141e+01 1.337893425482670762e-01 5.616933330302575911e-02 1.245829732262369316e-01
-2.335056967605434153e+01 1.705322320576768913e+00 6.263318373919448590e+01 1.340312879320699480e-01 5.601244874642827276e-02 1.253134215098934690e-01
-2.323721739607347558e+01 1.708854342996060316e+00 6.275133780499460556e+01 1.338506521352236522e-01 5.770869250186788646e-02 1.247415625747625850e-01
-2.312386511609261674e+01 1.712591842949739096e+00 6.284528375605304262e+01 1.346134637841013282e-01 5.722920784739029404e-02 1.267318504336883700e-01
-2.301051283611180764e+01 1.715893529255246186e+00 6.293405077542652037e+01 1.365328546777572760e-01 5.729097977605685649e-02 1.287979070260484582e-01
-2.289716055613095236e+01 1.717909160219924569e+00 6.294872110303544588e+01 1.373999217062900624e-01 5.750357844779921401e-02 1.261250157212801537e-01
-2.278380827615003668e+01 1.721496547274998790e+00 6.304387254734490398e+01 1.364161566051044217e-01 5.571423482510735881e-02 1.245817336408563264e-01
-2.267045599616928797e+01 1.724712676908112252e+00 6.312815783927703706e+01 1.386750299789778207e-01 5.545025084580519625e-02 1.245696984808632446e-01
-2.255710371618842203e+01 1.728081529242713632e+00 6.320455888449995996e+01 1.378348336742313274e-01 5.657843042707322995e-02 1.229693593824659620e-01
-2.244375143620751700e+01 1.731156632080273150e+00 6.324721941588458662e+01 1.386492266359906633e-01 5.815844423232431615e-02 1.241566923051292959e-01
-2.233039915622665106e+01 1.734375758632843434e+00 6.332231019168010988e+01 1.380087228899797569e-01 5.778289713506140624e-02 1.239730577527296818e-01
-2.221704687624589880e+01 1.738043072852559545e+00 6.336905879597382807e+01 1.407316985889862648e-01 5.802126351088781470e-02 1.254706962798648184e-01
-2.210369459626498312e+01 1.741628844108411789e+00 6.348876408618079381e+01 1.398050575361227121e-01 5.903409389059173507e-02 1.265194256593414057e-01
-2.199034231628412428e+01 1.743778885482853758e+00 6.351505157095409970e+01 1.408386718833944395e-01 5.998743707820953369e-02 1.278104605375159075e-01
-2.187699003630332939e+01 1.746487563768578166e+00 6.358006368350050508e+01 1.406394736993045735e-01 5.991777853699124801e-02 1.290242010126433914e-01
-2.176363775632246345e+01 1.749788815425181054e+00 6.361292841242808294e+01 1.419606662312402623e-01 5.999663948191812091e-02 1.296762453956568362e-01
-2.165028547634159750e+01 1.751694769660584017e+00 6.361666823327832532e+01 1.453682985837208841e-01 5.927394801766891486e-02 1.303534255411014919e-01
-2.153693319636080616e+01 1.753926346486313070e+00 6.366947206335578358e+01 1.435907203816776945e-01 5.888898063496283281e-02 1.275836024144564318e-01
-2.142358091637993667e+01 1.757143386911244276e+00 6.375647857042022792e+01 1.416997522317850755e-01 5.899033065539379533e-02 1.265746498282379617e-01
-2.131022863639906717e+01 1.759887079688775557e+00 6.380382093781720698e+01 1.436240713195095775e-01 5.898402794599894028e-02 1.275630600388439895e-01
-2.119687635641827583e+01 1.761259712484429363e+00 6.380991690944330941e+01 1.426212904192369069e-01 6.093380733841938929e-02 1.268127747309458209e-01
-2.108352407643741699e+01 1.764287921617445853e+00 6.383152368277118427e+01 1.450076428433621223e-01 6.173072015412058022e-02 1.303173609625788154e-01
-2.097017179645649776e+01 1.767770197432774637e+00 6.388866716638958110e+01 1.460899183077548624e-01 6.228775362548682332e-02 1.296539620661840975e-01
-2.085681951647575616e+01 1.770323309990854188e+00 6.393013173523307557e+01 1.470105964089468698e-01 6.154259983238388049e-02 1.324562101016538429e-01
-2.074346723649488311e+01 1.773004007452429587e+00 6.399205638980396316e+01 1.457743015281941501e-01 6.115574257903758082e-02 1.314408933313339634e-01
-2.063011495651397809e+01 1.775703720954445952e+00 6.402392023369564811e+01 1.478983372063134571e-01 6.139511047537968974e-02 1.316526178737107700e-01
-2.051676267653310504e+01 1.778859053202118012e+00 6.406564962255716011e+01 1.481553998674291495e-01 6.255301059645229644e-02 1.306232038876992685e-01
-2.040341039655236699e+01 1.781155441048454691e+00 6.410755879779694055e+01 1.493277374153005321e-01 6.237901970413646524e-02 1.301939588669224490e-01
-2.029005811657144420e+01 1.784292151465177056e+00 6.412214240848963698e+01 1.512683856126250947e-01 6.235376779971260608e-02 1.289692367955048991e-01
-2.017670583659058181e+01 1.787360734470769152e+00 6.420870682530721751e+01 1.492736740146705654e-01 6.198357898546804495e-02 1.296235401316062907e-01
-2.006335355660979047e+01 1.788990103528528719e+00 6.420006692896897960e+01 1.494316435965210021e-01 6.309625820146499975e-02 1.331806769558407377e-01
-1.995000127662892453e+01 1.791010250542316662e+00 6.420403619420638108e+01 1.485188555790785125e-01 6.359947690144038268e-02 1.336332744400698658e-01
-1.983664899664804793e+01 1.793285363071565719e+00 6.416391417722721258e+01 1.501545038419200562e-01 6.307241733684236518e-02 1.347641076492900325e-01
-1.972329671666727435e+01 1.795116879739070193e+00 6.417216995524421463e+01 1.517631994882063240e-01 6.355996909489979030e-02 1.349558415424413349e-01
-1.960994443668639775e+01 1.798480746872185065e+00 6.424427471773643106e+01 1.502983902655028181e-01 6.317651370376617392e-02 1.349300012069513666e-01
-1.949659215670552470e+01 1.799890498868903732e+00 6.424986829880398886e+01 1.506231304542579308e-01 6.317726354405288347e-02 1.326067950634289838e-01
-1.938323987672474757e+01 1.801767890976175401e+00 6.422987395354756757e+01 1.499290383702875096e-01 6.269962008395747743e-02 1.339529150563506521e-01
-1.926988759674387808e+01 1.803855621461539771e+00 6.421994657906597581e+01 1.499707963074169148e-01 6.266599230016048350e-02 1.351105842115467859e-01
-1.915653531676295529e+01 1.806775039787016812e+00 6.428303190738813555e+01 1.509615472435703043e-01 6.287048495875664778e-02 1.351545175111529273e-01
-1.904318303678222435e+01 1.809748656777619980e+00 6.439420463023887464e+01 1.486816425265312103e-01 6.281406256022416257e-02 1.340242851142162683e-01
-1.892983075680134419e+01 1.810690467459365349e+00 6.429698730744897262e+01 1.503821388324773911e-01 6.363824098741005519e-02 1.374968306903273652e-01
-1.881647847682043917e+01 1.812100066687595268e+00 6.429225551883223488e+01 1.505866628381810068e-01 6.400584837033233832e-02 1.399118820753189885e-01
-1.870312619683955901e+01 1.815056295401155761e+00 6.427175582226404060e+01 1.501625374285414094e-01 6.413698236853802859e-02 1.399589771276801009e-01
-1.858977391685882807e+01 1.817837085761591531e+00 6.433825842148722529e+01 1.510355725180993203e-01 6.474116237337472490e-02 1.406196637801669369e-01
-1.847642163687790529e+01 1.818931070845670517e+00 6.429917834732643200e+01 1.526709371124828629e-01 6.448190019781857574e-02 1.403234484890228950e-01
-1.836306935689703934e+01 1.820543408737778757e+00 6.419399208714705196e+01 1.550034798280198467e-01 6.477506833403560982e-02 1.403982439377459146e-01
-1.824971707691626222e+01 1.822365364254405984e+00 6.422641946966021465e+01 1.544365352163733496e-01 6.615101257703265292e-02 1.387275609179259295e-01
-1.813636479693538561e+01 1.822070902688502914e+00 6.414364418078129404e+01 1.525131006278482859e-01 6.561619979459365481e-02 1.403935547417313745e-01
-1.802301251695450546e+01 1.823597153092871181e+00 6.412238228584101307e+01 1.531350798648103972e-01 6.632047478923207284e-02 1.386319680402867405e-01
-1.790966023697373899e+01 1.824604248282079233e+00 6.407716950823552793e+01 1.534415633896505926e-01 6.709289378713058360e-02 1.376538189054002936e-01
-1.779630795699285883e+01 1.824935066512576309e+00 6.402850085307773043e+01 1.549158738838950777e-01 6.583980629055707912e-02 1.382838148569657533e-01
-1.768295567701198223e+01 1.826645767995112246e+00 6.402059597196316076e+01 1.563423840817026178e-01 6.539104558587212346e-02 1.406200366684448588e-01
-1.756960339703121221e+01 1.826684060126406495e+00 6.396978769441695789e+01 1.579917497977801344e-01 6.676149577021626980e-02 1.412000408735597512e-01
-1.745625111705033916e+01 1.829049830859901027e+00 6.398482935045926467e+01 1.586208107402750089e-01 6.628655698486669856e-02 1.417162690750674026e-01
-1.734289883706941637e+01 1.831549863991685845e+00 6.397800242394018966e+01 1.584703969603422913e-01 6.593932350275787113e-02 1.426369040222916218e-01
-1.722954655708868899e+01 1.833512161037770039e+00 6.399142131011625878e+01 1.575267520851030001e-01 6.490000458724172472e-02 1.386201206204845937e-01
-1.711619427710781238e+01 1.835333599212574107e+00 6.403570085388400912e+01 1.568135555193028163e-01 6.606982718298769208e-02 1.394344864889748570e-01
-1.700284199712689315e+01 1.836277059202824580e+00 6.399836246188468181e+01 1.564340480836317882e-01 6.653400771226818111e-02 1.388888903249783369e-01
-1.688948971714601655e+01 1.837245675636158371e+00 6.394630130768862131e+01 1.576506143577692809e-01 6.638510673640311832e-02 1.417181429194047382e-01
-1.677613743716528916e+01 1.839170655269292798e+00 6.395439556849539997e+01 1.580384735449534006e-01 6.654057315703007514e-02 1.408172417048246527e-01
-1.666278515718436637e+01 1.841297147313526672e+00 6.396178166955381528e+01 1.573059022329606482e-01 6.671103061282102065e-02 1.400217722071789572e-01
-1.654943287720348977e+01 1.843357859633501183e+00 6.395687937500032660e+01 1.572028601472530984e-01 6.761721956272226386e-02 1.384905369374981876e-01
-1.643608059722272330e+01 1.844508823425460964e+00 6.398369532365465062e+01 1.545916022797031997e-01 6.664440680955605045e-02 1.385657278290086669e-01
-1.632272831724184670e+01 1.844735857450643612e+00 6.399185150610009742e+01 1.522699299066782308e-01 6.705015206518176452e-02 1.373861247394170815e-01
-1.620937603726095944e+01 1.847204084588367046e+00 6.404614612147612718e+01 1.525712565038229718e-01 6.709738434047352040e-02 1.366488198381710373e-01
-1.609602375728020718e+01 1.848432994268698559e+00 6.406363885220737586e+01 1.528769174299882960e-01 6.795575387728726435e-02 1.362597715234913909e-01
-1.598267147729931992e+01 1.850025899443743960e+00 6.404226497675327323e+01 1.531624549493126874e-01 6.792717686778756980e-02 1.368384186737844621e-01
-1.586931919731843799e+01 1.851200382138712852e+00 6.402300047192052546e+01 1.508727716244079864e-01 6.781068990046694445e-02 1.346515448141420990e-01
-1.575596691733767862e+01 1.852838175091382045e+00 6.400850551224860396e+01 1.530672439436580878e-01 6.670103731199483743e-02 1.369282018574499438e-01
-1.564261463735680202e+01 1.852946801704102864e+00 6.395194138622277791e+01 1.526049722535412212e-01 6.611095233012895256e-02 1.386927108635893080e-01
-1.552926235737587923e+01 1.853854395407398492e+00 6.392791774981060371e+01 1.522523083031905866e-01 6.594580765606031236e-02 1.353556178588463943e-01
-1.541591007739516073e+01 1.854872095340702520e+00 6.391636005747734117e+01 1.543984111662807246e-01 6.401967838295220814e-02 1.351816203000211492e-01
-1.530255779741426814e+01 1.856735132987717973e+00 6.391314566190083468e+01 1.534049818951233601e-01 6.421072561893423347e-02 1.330980904932491105e-01
-1.518920551743336134e+01 1.857921011896026764e+00 6.388651825699324149e+01 1.506340838356025613e-01 6.475974519863847423e-02 1.317785951619417639e-01
-1.507585323745246875e+01 1.857441544788643428e+00 6.379526118409575730e+01 1.505293453090830180e-01 6.416138359025684579e-02 1.332354349157017781e-01
-1.496250095747174491e+01 1.859930825370669227e+00 6.387808096924225509e+01 1.495839681777808572e-01 6.599125215732538907e-02 1.333122512695780471e-01
-1.484914867749083811e+01 1.861014091263030190e+00 6.387672988599958046e+01 1.481233774958405913e-01 6.440554200987710920e-02 1.313314702194509076e-01
-1.473579639750995973e+01 1.861904693750330297e+00 6.383702873070202344e+01 1.471710815124095129e-01 6.368457965877420690e-02 1.311500455768242479e-01
-1.462244411752919149e+01 1.862872743194000646e+00 6.379666025820741737e+01 1.478618320242308382e-01 6.339307206841983400e-02 1.336893800659727793e-01
-1.450909183754830956e+01 1.863348625549191118e+00 6.378022180487913317e+01 1.494260385764817622e-01 6.396586205568831340e-02 1.349972446602064335e-01
-1.439573955756742230e+01 1.865129672568456520e+00 6.386275195947726502e+01 1.483236321808651670e-01 6.460547184785951635e-02 1.343329910313572073e-01
-1.428238727758665760e+01 1.866517226578771282e+00 6.388069397401898897e+01 1.488773047592232279e-01 6.552205858334708699e-02 1.361560117144386961e-01
-1.416903499760576501e+01 1.867844220187283577e+00 6.390161426035828640e+01 1.489563505913442942e-01 6.519371481722505135e-02 1.336289390962211998e-01
-1.405568271762490973e+01 1.870073771790374817e+00 6.391686102574015393e+01 1.499417708580305930e-01 6.371525946829108278e-02 1.339070264585841274e-01
-1.394233043764414504e+01 1.871252481610372165e+00 6.390942459893573613e+01 1.497049151301634295e-01 6.389515296077666329e-02 1.327846731528990465e-01
-1.382897815766326310e+01 1.871946719867326747e+00 6.387824946240077395e+01 1.494659245831216343e-01 6.413849822555688085e-02 1.345229748046933016e-01
-1.371562587768234032e+01 1.872227903581288322e+00 6.382583776097360584e+01 1.484865579027207783e-01 6.480527715680700629e-02 1.342763652931018015e-01
-1.360227359770160227e+01 1.873550826642936151e+00 6.379535672627852705e+01 1.508991217077592650e-01 6.396615944973071954e-02 1.349425438666395360e-01
-1.348892131772070968e+01 1.873552351938010396e+00 6.371612793095008698e+01 1.518773479352490408e-01 6.337324495131207991e-02 1.362534372231445357e-01
-1.337556903773984196e+01 1.873534982785955316e+00 6.362989946823594067e+01 1.521482419842474509e-01 6.283911505008279996e-02 1.370988400156528952e-01
-1.326221675775894937e+01 1.874840956334433040e+00 6.360074646049276481e+01 1.529866665283812488e-01 6.260550414327537005e-02 1.356595878339982575e-01
-1.314886447777821132e+01 1.875432333236563665e+00 6.358472928735537977e+01 1.534220462712329314e-01 6.341594996923079208e-02 1.354316671663270411e-01
-1.303551219779728854e+01 1.876540649732570065e+00 6.357871495694390518e+01 1.538855988105603811e-01 6.292380838049854708e-02 1.341342110336999627e-01
-1.292215991781640660e+01 1.877475776589745182e+00 6.353701964883535425e+01 1.544220447890216896e-01 6.245869010833314527e-02 1.315992667480916645e-01
-1.280880763783562770e+01 1.877402004895504462e+00 6.344201473011201386e+01 1.563485702688834356e-01 6.193997425823347114e-02 1.317027541324181650e-01
-1.269545535785479551e+01 1.878017844976840545e+00 6.341466116288668076e+01 1.582493679125765995e-01 6.243426157662015918e-02 1.328182922957971968e-01
-1.258210307787390470e+01 1.879644225373451993e+00 6.340882114137635739e+01 1.578878458901686044e-01 6.175822502625426952e-02 1.378751752468458103e-01
-1.246875079789313467e+01 1.879841271664898006e+00 6.338330386932654648e+01 1.572087519547989143e-01 6.230431261773596019e-02 1.349656030701623655e-01
-1.235539851791224208e+01 1.879878612747089450e+00 6.334058974956482047e+01 1.589397131678885744e-01 6.294553494833582397e-02 1.360109917686229963e-01
-1.224204623793136015e+01 1.881326764154208186e+00 6.335897952620578621e+01 1.578321236594129595e-01 6.367909420522212260e-02 1.330083952154576532e-01
-1.212869395795057592e+01 1.881849941937613124e+00 6.335062236056000984e+01 1.584970539890337426e-01 6.348730910906963398e-02 1.335047275648024168e-01
-1.201534167796968866e+01 1.882719005563658010e+00 6.335855618656680122e+01 1.581732971085945127e-01 6.361881030977534213e-02 1.298638539375061851e-01
-1.190198939798883160e+01 1.884473190504458717e+00 6.333115474917259746e+01 1.564023722791803295e-01 6.339117478676065121e-02 1.303528000487827465e-01
-1.178863711800808822e+01 1.884723319723045076e+00 6.331152131674802064e+01 1.551300370050619770e-01 6.373162010444018144e-02 1.283207064525229701e-01
-1.167528483802719208e+01 1.885114205401517085e+00 6.326314861420099334e+01 1.526974580902508982e-01 6.462715449669183265e-02 1.269435026841249370e-01
-1.156193255804628350e+01 1.885383708609360776e+00 6.326942214493423222e+01 1.503108410300290354e-01 6.578453677217303841e-02 1.272352974651542734e-01
-1.144858027806538558e+01 1.885768139170238333e+00 6.321016444438480875e+01 1.492495655805836652e-01 6.573410516419596339e-02 1.270683476244572896e-01
-1.133522799808463155e+01 1.885350018248134196e+00 6.315048773288470585e+01 1.495756785198747718e-01 6.698911441154895008e-02 1.297144231917942425e-01
-1.122187571810379048e+01 1.886811522578060396e+00 6.316442387765818722e+01 1.511311141603172425e-01 6.878401796523699041e-02 1.302162378181339342e-01
-1.110852343812289789e+01 1.887714541077327279e+00 6.313472538211522789e+01 1.504180681154470012e-01 6.856712228797913478e-02 1.324588892392273842e-01
-1.099517115814211365e+01 1.888276613308704777e+00 6.311064935500436945e+01 1.510943739171063394e-01 6.899606707929571703e-02 1.324627294882068651e-01
-1.088181887816123172e+01 1.888767079159875406e+00 6.310125478856264181e+01 1.510748365663972526e-01 6.965060777498224831e-02 1.343525479551402335e-01
-1.076846659818033913e+01 1.888650029885972081e+00 6.303519937801312523e+01 1.493634223452906806e-01 7.028921411968254429e-02 1.323067804576019690e-01
-1.065511431819955490e+01 1.889336443692156919e+00 6.296462528176429174e+01 1.515539683404278637e-01 7.017224470478385101e-02 1.339465906906623649e-01
-1.054176203821865698e+01 1.890328936118495395e+00 6.295446106952266518e+01 1.534202235313489038e-01 6.926825862252163069e-02 1.357659075806257887e-01
-1.042840975823785676e+01 1.890090933611396240e+00 6.288170683696100838e+01 1.546154658648727087e-01 6.910783830171732256e-02 1.348265214212488461e-01
-1.031505747825707253e+01 1.890468929101664086e+00 6.282126168675421241e+01 1.544298394242468175e-01 6.887161715378641025e-02 1.361999588625910917e-01
-1.020170519827618527e+01 1.890681260190160362e+00 6.277698056445778008e+01 1.539595785610800571e-01 6.893967159718857041e-02 1.368684040638966093e-01
-1.008835291829526248e+01 1.891771810511721164e+00 6.275200600229924675e+01 1.523531251125960495e-01 6.779357664012271301e-02 1.375502024784826527e-01
-9.975000638314503121e+00 1.892257840386224688e+00 6.276169396927761568e+01 1.539897536869538619e-01 6.715651121789736888e-02 1.379306943695212118e-01
-9.861648358333606978e+00 1.891348562514469034e+00 6.265230841497477599e+01 1.553550003728578766e-01 6.810077767665288773e-02 1.385484548053913523e-01
-9.748296078352790772e+00 1.890808785418346405e+00 6.256552959746278475e+01 1.559622885907394896e-01 6.662880514112795582e-02 1.375120292561092528e-01
-9.634943798371892854e+00 1.890547978703208232e+00 6.253263264737883276e+01 1.562223237695795908e-01 6.675151666315612409e-02 1.369486954744925655e-01
-9.521591518391135267e+00 1.891485934188301243e+00 6.252863002362313694e+01 1.568756859549222393e-01 6.632910801419222846e-02 1.366798712722201159e-01
-9.408239238410210703e+00 1.890387754543616294e+00 6.245309407487706466e+01 1.552574854105082669e-01 6.707994070782419271e-02 1.362648016586850419e-01
-9.294886958429323442e+00 1.889672152812206907e+00 6.240137446428057189e+01 1.567863249000091552e-01 6.685843420274421856e-02 1.386190031520410371e-01
-9.181534678448523223e+00 1.891073574258374190e+00 6.239374906596145820e+01 1.552341123041028614e-01 6.626549113833717086e-02 1.368962209894230009e-01
-9.068182398467749650e+00 1.891220040255404466e+00 6.234172905196037817e+01 1.541098590455540207e-01 6.617385106684123275e-02 1.341078262495801754e-01
-8.954830118486851731e+00 1.892525215680592066e+00 6.239425958476433465e+01 1.510062642187859350e-01 6.704416726397212367e-02 1.328709169596930251e-01
-8.841477838506067499e+00 1.893334492753590448e+00 6.239121891001305187e+01 1.520638692846011664e-01 6.584865474684313547e-02 1.332779556379100894e-01
-8.728125558525164251e+00 1.894398384422343318e+00 6.236431877745201291e+01 1.542012380408487870e-01 6.483366103681204029e-02 1.325120309644699512e-01
-8.614773278544273438e+00 1.893961253419149005e+00 6.233986760748761924e+01 1.531656069097508122e-01 6.524525309099442338e-02 1.322679671799529555e-01
-8.501420998563478548e+00 1.895055011100223341e+00 6.237173178095001447e+01 1.504404853604648096e-01 6.419658619526688592e-02 1.346250392615533087e-01
-8.388068718582580630e+00 1.895904382832496182e+00 6.237234125604698676e+01 1.498880135611832531e-01 6.344675119087950232e-02 1.353300418186116627e-01
-8.274716438601780411e+00 1.896107794229164423e+00 6.232054479889954024e+01 1.490449836459690480e-01 6.359001315920495556e-02 1.323242326714925421e-01
-8.161364158621017495e+00 1.897552550328922338e+00 6.234239390840966877e+01 1.497109369549838309e-01 6.584444472224884604e-02 1.326276002449426061e-01
-8.048011878640119576e+00 1.898209606412221362e+00 6.238909047616880343e+01 1.464321418300671140e-01 6.526557906677807330e-02 1.314243324004628344e-01
-7.934659598659200341e+00 1.898235111131944874e+00 6.242089957673935174e+01 1.448580408444641310e-01 6.627403805200024478e-02 1.299961084362838692e-01
-7.821307318678303311e+00 1.898401536332059880e+00 6.240622145115091968e+01 1.439703402094148210e-01 6.784680275790090642e-02 1.303729029713420751e-01
-7.707955038697528849e+00 1.898729013692392886e+00 6.240003722139159947e+01 1.421583687146868447e-01 6.870199914209877690e-02 1.297995396658376821e-01
-7.594602758716739288e+00 1.898346495270548218e+00 6.233688033856514465e+01 1.419710946766976900e-01 6.859127048507138169e-02 1.266020979917276967e-01
-7.481250478735852028e+00 1.898541769899493303e+00 6.233685574191876100e+01 1.412688764119426066e-01 6.906357392746072243e-02 1.250403055022860366e-01
-7.367898198755047368e+00 1.899278896751218415e+00 6.230668252441273580e+01 1.420416467863399312e-01 6.862261333247100803e-02 1.252229268408702467e-01
-7.254545918774154778e+00 1.900599267967672645e+00 6.233729767256266285e+01 1.409610382025238695e-01 6.981490098899149899e-02 1.261917528735094218e-01
-7.141193638793251530e+00 1.901162890333125244e+00 6.231102135947125475e+01 1.401683366289016297e-01 7.000913964646804377e-02 1.283305739030986548e-01
-7.027841358812457528e+00 1.901282332176836842e+00 6.236978674664555911e+01 1.383577064126220446e-01 7.067961003111972174e-02 1.264895811057922259e-01
-6.914489078831554281e+00 1.900768600818657506e+00 6.232693090851758910e+01 1.386024873868958729e-01 7.237436417265051547e-02 1.281136104855816749e-01
-6.801136798850806464e+00 1.899512978456756596e+00 6.224714291940180999e+01 1.396526792218040491e-01 7.224708262515307233e-02 1.275747522431049386e-01
-6.687784518870000916e+00 1.899100978459498101e+00 6.224153103581475932e+01 1.391875985614033084e-01 7.172872324032115998e-02 1.281346440647679330e-01
-6.574432238889108326e+00 1.898901819435817373e+00 6.220496299619446745e+01 1.389895509727872291e-01 7.214590259898870372e-02 1.277827618394896392e-01
-6.461079958908184651e+00 1.899174605317832221e+00 6.216938397402537930e+01 1.411002401720065913e-01 7.199138753814557368e-02 1.279930804077498985e-01
-6.347727678927405748e+00 1.898542115691611132e+00 6.212319564159962937e+01 1.413463942200535450e-01 6.987258918136078634e-02 1.310760975983538412e-01
-6.234375398946503388e+00 1.898889414658405883e+00 6.213431317150305944e+01 1.398004887317736422e-01 6.934025437345824050e-02 1.331915809271130846e-01
-6.121023118965739584e+00 1.898305142705192239e+00 6.209901033528749537e+01 1.401084805083649409e-01 7.058495333870352939e-02 1.336386887853698857e-01
-6.007670838984836337e+00 1.897379620333077055e+00 6.202290828573354275e+01 1.405473478217440231e-01 7.126134817844731462e-02 1.342436561352685909e-01
-5.894318559004057434e+00 1.897830347677623486e+00 6.201319069826543284e+01 1.410940170515978531e-01 7.044029207377046353e-02 1.339068422709787098e-01
-5.780966279023133758e+00 1.898689019725665839e+00 6.203014417173809392e+01 1.420524456568466598e-01 7.113762960252165146e-02 1.352493390359123804e-01
-5.667613999042241169e+00 1.899251007009746584e+00 6.203783568935836001e+01 1.415836658243466439e-01 7.028144613440956423e-02 1.334809843062093881e-01
-5.554261719061425850e+00 1.900340659624904172e+00 6.208002658215779945e+01 1.429661842262700822e-01 7.068168282082043508e-02 1.328422919842906780e-01
-5.440909439080698462e+00 1.899439713105487648e+00 6.198039476004465342e+01 1.428663754592904567e-01 7.036840771635624603e-02 1.318791442269842962e-01
-5.327557159099795214e+00 1.899360485635263718e+00 6.192370635296394710e+01 1.420111595676644689e-01 7.092766838546774033e-02 1.322177234148580183e-01
-5.214204879118990554e+00 1.898172145034744407e+00 6.182276167722618965e+01 1.432502372164319859e-01 7.118301689561218337e-02 1.326335464458078817e-01
-5.100852599138088195e+00 1.896529340549807596e+00 6.176532809884954389e+01 1.439701266052292039e-01 7.148208545474243891e-02 1.352279412402092040e-01
-4.987500319157190276e+00 1.897459931940444378e+00 6.177119877749412780e+01 1.428957459585681322e-01 7.089461214938959366e-02 1.349985181658681088e-01
-4.874148039176380287e+00 1.897092921222016670e+00 6.172592808818889409e+01 1.422663108632299389e-01 7.109149867679724621e-02 1.345014525513666404e-01
-4.760795759195482368e+00 1.899059840278225497e+00 6.178676821921716567e+01 1.429143080938549970e-01 7.158518818527101479e-02 1.351754329222263074e-01
-4.647443479214729223e+00 1.899713308104763465e+00 6.176028731773001823e+01 1.447018865827898459e-01 7.152470582098116592e-02 1.346778725811115240e-01
-4.534091199233944991e+00 1.898669147981636218e+00 6.167854333999704863e+01 1.431015322913743726e-01 7.020184839475558658e-02 1.341747886841056780e-01
-4.420738919253041743e+00 1.897383363651802934e+00 6.162038990246425385e+01 1.435638296701652328e-01 6.930097871115020736e-02 1.332430962496604365e-01
-4.307386639272123396e+00 1.896543057369535434e+00 6.155252104159595206e+01 1.436987638075456486e-01 6.864104251670052892e-02 1.327369268864325713e-01
-4.194034359291220149e+00 1.896334995072336271e+00 6.152042071505879051e+01 1.433871810380712153e-01 6.862393117873466508e-02 1.304502715927005341e-01
-4.080682079310435917e+00 1.897194673246582752e+00 6.152337214544130006e+01 1.425785591390525964e-01 6.826827741290067419e-02 1.312209506018331973e-01
-3.967329799329682771e+00 1.897314319460571275e+00 6.150953670769568760e+01 1.407266990503115434e-01 6.819400101694506056e-02 1.285299036808281448e-01
-3.853977519348790182e+00 1.897826016023777651e+00 6.148746361158209339e+01 1.414579896459903507e-01 6.800903858190388007e-02 1.312705009774816634e-01
-3.740625239367974864e+00 1.898913243271438178e+00 6.147504998133341303e+01 1.405970392184617557e-01 6.733350337210435022e-02 1.313466518766073232e-01
-3.627272959387077389e+00 1.898951377843848931e+00 6.143063401932279533e+01 1.416297686928592037e-01 6.771682268465634147e-02 1.337265313738866257e-01
-3.513920679406169256e+00 1.899047968954561627e+00 6.144912966899484985e+01 1.424599635338287540e-01 6.764229914152986023e-02 1.340872200605464082e-01
-3.400568399425364152e+00 1.899328898568822810e+00 6.144812203486115720e+01 1.403315898299378195e-01 6.782745526005240500e-02 1.340560668983692416e-01
-3.287216119444456464e+00 1.901164454443541763e+00 6.154497840691806232e+01 1.381450874971822951e-01 6.676736615135279995e-02 1.315500425010505958e-01
-3.173863839463749503e+00 1.900464845580736917e+00 6.143918501877867300e+01 1.388226595453362078e-01 6.731731220513105518e-02 1.325543314654325788e-01
-3.060511559482923971e+00 1.900877725167178012e+00 6.147396645981962138e+01 1.395634641638703599e-01 6.755671570046843655e-02 1.323624180584715149e-01
-2.947159279502031382e+00 1.900640399234125644e+00 6.142558382799605710e+01 1.396276856267941457e-01 6.813833189477852548e-02 1.339054282820218433e-01
-2.833806999521102821e+00 1.901296021652519208e+00 6.148969894989730989e+01 1.374091877235987524e-01 6.839665274773630566e-02 1.354937157420202931e-01
-2.720454719540307931e+00 1.901974058428461900e+00 6.150980461058924931e+01 1.371545897818805260e-01 6.785833974383644052e-02 1.374048211421679822e-01
-2.607102439559405127e+00 1.901682705015179886e+00 6.150344270141699354e+01 1.392885461185598972e-01 6.790135538975880514e-02 1.400839482294596594e-01
-2.493750159578682624e+00 1.901455452274780189e+00 6.144805697398276578e+01 1.392709258947902595e-01 6.788930769689892342e-02 1.390736026391527491e-01
-2.380397879597779820e+00 1.903162185671326556e+00 6.149243135260962845e+01 1.404562246948963256e-01 7.037697727327629771e-02 1.392231984750356422e-01
-2.267045599616985374e+00 1.903183783663423778e+00 6.148483719789913948e+01 1.391096456413468962e-01 7.061805533845041949e-02 1.388078035067810967e-01
-2.153693319636056369e+00 1.903434685846993712e+00 6.151357094943071502e+01 1.380147940953344865e-01 6.972399455155149639e-02 1.397088498913603150e-01
-2.040341039655153565e+00 1.901718245556242026e+00 6.144833315806352658e+01 1.386842837198303258e-01 6.844326708741682586e-02 1.414461381648939586e-01
-1.926988759674338469e+00 1.901365452370310072e+00 6.148184555827393183e+01 1.363115609973215292e-01 6.807853528644307317e-02 1.400834741038750331e-01
-1.813636479693636616e+00 1.900788267850769042e+00 6.142003394078633960e+01 1.353959785493038248e-01 6.797864315049147177e-02 1.388538277475087346e-01
-1.700284199712733813e+00 1.900376248559765502e+00 6.139260831319500511e+01 1.341933192096854965e-01 6.745042173138629527e-02 1.380983381799781584e-01
-1.586931919731918494e+00 1.900439080906257683e+00 6.136063110889638494e+01 1.347031222979773180e-01 6.751192151754892290e-02 1.379964323620771482e-01
-1.473579639751010362e+00 1.900886987472457657e+00 6.138325120215635877e+01 1.341110867454731737e-01 6.792383873387876358e-02 1.374416887930351994e-01
-1.360227359770112665e+00 1.900278595571765150e+00 6.134942688262682253e+01 1.339313655072993103e-01 6.681892718930612651e-02 1.355980445029360548e-01
-1.246875079789287133e+00 1.900354176688465513e+00 6.133937161137272653e+01 1.334379737735103544e-01 6.752143225541334948e-02 1.390144398852543317e-01
-1.133522799808384329e+00 1.899398484607659254e+00 6.129281988028439088e+01 1.333187714919131517e-01 6.636070889800409212e-02 1.385436476558278285e-01
-1.020170519827666933e+00 1.898360988685777517e+00 6.125527612522795806e+01 1.331366331487065235e-01 6.695018031005647852e-02 1.387292267302845938e-01
-9.068182398468775940e-01 1.898994431496247692e+00 6.126175785842155364e+01 1.347199034836211728e-01 6.708130130980570482e-02 1.368325893037375396e-01
-7.934659598659643542e-01 1.900085222112796401e+00 6.129068534527645085e+01 1.359440218332622630e-01 6.867522791108886249e-02 1.374988190717017777e-01
-6.801136798850461185e-01 1.899716114339557560e+00 6.126693698947858024e+01 1.370223011187138573e-01 6.847888274846029855e-02 1.353565365550421506e-01
-5.667613999041328787e-01 1.899332736239173647e+00 6.123531044963950620e+01 1.371439509432485493e-01 6.762145618732123831e-02 1.332408939459056862e-01
-4.534091199233382663e-01 1.899571880846495198e+00 6.123947094896377052e+01 1.368887442059785187e-01 6.731031226669480227e-02 1.335469091399123787e-01
-3.400568399426261434e-01 1.898833729668331527e+00 6.121328600158835087e+01 1.374273636633628615e-01 6.761631225358955000e-02 1.307868186475192596e-01
-2.267045599617284191e-01 1.898787615824547137e+00 6.121378350128564705e+01 1.398428319832595024e-01 6.700089429150439535e-02 1.313658565514198018e-01
-1.133522799809028730e-01 1.898554122617647444e+00 6.118311390945932970e+01 1.403897418428735056e-01 6.516190324201832917e-02 1.296534039472551081e-01
0.000000000000000000e+00 1.899076515526608278e+00 6.119338194555025723e+01 1.415171716951072745e-01 6.600019137263625491e-02 1.295643829361368959e-01
