0.000000000000000000e+00 4.001843011258870320e+00 5.474761143360126758e-02 3.710794942121652291e-03 2.847861047843091090e-02 6.927913448393337170e-02
3.363473395481247352e-01 2.860857241723716804e+00 8.693566562257083741e-02 5.220164567840917744e-03 2.414856959797224284e-02 6.998762913678664710e-02
6.726946790958914235e-01 2.208309376642034305e+00 1.207867807547877148e-01 5.358560847063874831e-03 2.015234891440710607e-02 5.822544565536080796e-02
1.009042018643656835e+00 1.810577443652281682e+00 1.547578910755831039e-01 6.108642875274636688e-03 2.374963761737350354e-02 4.744239811766221698e-02
1.345389358191422247e+00 1.553832038642734670e+00 1.879448927745859810e-01 7.022671048534015643e-03 2.547983084424058214e-02 4.350742384663106033e-02
1.681736697739186992e+00 1.382325272610372302e+00 2.193284093412157520e-01 6.521976821334283213e-03 2.936867481922828330e-02 3.554508593751488921e-02
2.018084037286947297e+00 1.265651285383661007e+00 2.482921144545388870e-01 4.642378916883681782e-03 3.511372042410556421e-02 3.339023280411306666e-02
2.354431376834717149e+00 1.185225440549831921e+00 2.737685030322086210e-01 4.489297893412893745e-03 3.874464652828458339e-02 3.163631354546921071e-02
2.690778716382475011e+00 1.127909892178309947e+00 2.960069948964645370e-01 5.024192060916231502e-03 4.054379993630826545e-02 2.825423467724331658e-02
3.027126055930245307e+00 1.086749703796128452e+00 3.154627318693181137e-01 6.005365240563505236e-03 4.362015594639917504e-02 2.441485642712220086e-02
3.363473395478003170e+00 1.057367371720407734e+00 3.321555698498313003e-01 4.727736629297109826e-03 4.925837320515036311e-02 2.607180245854737177e-02
3.699820735025777019e+00 1.038001563525579041e+00 3.456349899982546492e-01 3.676083256028004481e-03 5.160316575631924280e-02 2.459932770475169173e-02
4.036168074573541098e+00 1.024615012686610704e+00 3.568238389097287966e-01 5.017818778989539819e-03 5.488787287604608711e-02 2.431761051048436303e-02
4.372515414121295407e+00 1.015235972568195200e+00 3.664468269270736434e-01 2.668489281881303472e-03 5.755343365032446895e-02 2.288934500758803628e-02
4.708862753669060375e+00 1.007887862143296065e+00 3.747046148345967165e-01 2.394927173169511970e-03 5.869015699618321258e-02 2.181461149226832444e-02
5.045210093216836000e+00 1.003037828691938582e+00 3.813132073095502061e-01 3.725897877981288950e-03 5.927010428988760404e-02 2.473293641020415934e-02
5.381557432764604521e+00 9.998742281153627509e-01 3.871510865898019071e-01 2.338883954516732949e-03 5.922177867548928526e-02 2.325716668264075915e-02
5.717904772312349948e+00 9.978925048676194898e-01 3.919140187596671376e-01 2.841196810067027172e-03 5.708777727715466654e-02 2.225858650137458108e-02
6.054252111860123797e+00 9.965556984841777988e-01 3.960792994427504987e-01 4.210348873098167591e-03 5.704562872618192115e-02 2.413527413311060410e-02
6.390599451407895870e+00 9.960955971478370197e-01 3.996834456190944129e-01 4.583484744115326297e-03 5.843297967852563446e-02 2.337172249934700227e-02
6.726946790955657285e+00 9.943162430018011033e-01 4.029822808538693901e-01 4.171700989009580370e-03 6.037879353950116601e-02 2.222289882663333604e-02
7.063294130503420476e+00 9.938839413112222632e-01 4.054396763092257827e-01 3.898216370942647613e-03 6.170077915286327486e-02 2.293672514771533458e-02
7.399641470051179226e+00 9.950701745557439803e-01 4.073907129879277833e-01 4.093242220173553408e-03 6.245506020911740369e-02 2.057327506893017605e-02
7.735988809598937976e+00 9.952604499262566184e-01 4.098780702599611470e-01 3.711060966266973519e-03 6.289073592122679246e-02 1.981838509690524511e-02
8.072336149146726925e+00 9.954368624585538949e-01 4.111440322452167839e-01 4.897238839595977750e-03 6.187214173490184627e-02 2.104721433722787916e-02
8.408683488694464359e+00 9.956230213172908572e-01 4.124981171281812964e-01 2.841452008612476137e-03 6.288399068838010364e-02 2.265160340100484671e-02
8.745030828242258636e+00 9.965351803208261083e-01 4.138714417773591281e-01 3.236958442123564171e-03 6.409384389453701147e-02 2.158217579321509635e-02
9.081378167790013833e+00 9.965457134050956789e-01 4.153342806212740879e-01 3.491243558249453819e-03 6.340024872884283957e-02 1.971723790386274017e-02
9.417725507337761925e+00 9.971397814785245561e-01 4.163293565463568324e-01 5.272946378072517447e-03 6.599587881854683535e-02 1.936142768267816797e-02
9.754072846885549097e+00 9.972947047058251524e-01 4.175761231811500052e-01 4.610846283429468305e-03 6.644746182663581469e-02 2.146933966693059456e-02
1.009042018643329719e+01 9.974989521456761876e-01 4.187785800894242016e-01 4.059732663291282934e-03 6.860547431882696445e-02 2.088190652513031986e-02
1.042676752598104528e+01 9.973309146310699314e-01 4.191284115977438884e-01 3.788546690877745479e-03 6.894383915030860566e-02 2.363322741003634486e-02
1.076311486552885022e+01 9.977907715478796513e-01 4.191357865948797667e-01 2.863033424995760010e-03 6.969995788734785480e-02 2.219330490971146291e-02
1.109946220507658055e+01 9.983053195035462846e-01 4.194872998073974069e-01 2.960528709223858492e-03 6.849140413373207281e-02 2.066813775434263312e-02
1.143580954462438726e+01 9.993400876343245809e-01 4.196775017275893860e-01 3.026258945450719436e-03 6.679549401060970448e-02 2.057208965951387927e-02
1.177215688417212824e+01 9.994645338119063638e-01 4.197298567714891071e-01 4.423233521874153640e-03 6.752445434223702803e-02 2.147802947714347321e-02
1.210850422371987811e+01 9.992698788325748982e-01 4.199695889664007975e-01 4.479138794030165099e-03 6.803669924366957666e-02 2.264559691552605475e-02
1.244485156326767239e+01 9.992624464375580162e-01 4.207077839486824122e-01 3.690803078837441228e-03 6.847487027702929552e-02 2.084305072206035780e-02
1.278119890281542936e+01 9.995874052782947050e-01 4.211812940293714336e-01 4.884733648321221838e-03 6.965776995094903612e-02 2.160540516829785596e-02
1.311754624236315792e+01 9.991635366890661007e-01 4.210715809624141492e-01 3.624591292777147502e-03 6.978749001673195673e-02 2.079524016435975453e-02
1.345389358191096818e+01 9.989342823902442881e-01 4.211094134733064376e-01 5.764245710373149499e-03 7.075231196284974267e-02 2.219448169106253907e-02
1.379024092145871982e+01 9.991542125832089116e-01 4.211395001132152704e-01 5.139064438318930242e-03 6.995000715367166721e-02 2.306355804896062164e-02
1.412658826100648923e+01 9.991089011362063177e-01 4.213337213141320481e-01 5.486735405440903469e-03 7.066709298871166889e-02 2.380656961718786990e-02
1.446293560055425154e+01 9.991372616068660006e-01 4.217221175365249985e-01 3.734849437111683809e-03 6.808907939986369451e-02 2.025585382141232779e-02
1.479928294010201917e+01 9.988752863389125380e-01 4.221786474314712656e-01 3.052901314723394273e-03 6.676638082627939230e-02 2.160611707471891269e-02
1.513563027964976726e+01 9.987073346642191263e-01 4.223960317130736608e-01 3.538955378628650880e-03 6.613757513455963133e-02 2.454816674427275427e-02
1.547197761919753489e+01 9.982540337871477210e-01 4.225330726982480800e-01 3.941750152133298955e-03 6.624402837533260868e-02 2.167765904992693254e-02
1.580832495874530785e+01 9.977428822848927181e-01 4.228192077455957820e-01 4.487195536307189009e-03 6.463431246686592024e-02 2.028417283796630707e-02
1.614467229829304884e+01 9.982369177020317119e-01 4.231500453754887259e-01 4.860730953571762089e-03 6.497815083353518373e-02 2.203733438791784238e-02
1.648101963784081647e+01 9.976517187776710038e-01 4.240998190126047396e-01 3.243396455798600638e-03 6.903839021288020461e-02 2.247900456240850553e-02
1.681736697738863384e+01 9.982762039831855061e-01 4.239433922630735929e-01 3.421654653806054536e-03 7.047655479236944465e-02 2.303033668897367867e-02
1.715371431693633042e+01 9.982800699317753157e-01 4.238849373559533951e-01 3.617731395512562270e-03 6.763421744784971212e-02 1.914279142605521122e-02
1.749006165648410871e+01 9.982144782032066344e-01 4.247044601719323076e-01 2.373876698635295473e-03 6.677041633148279864e-02 2.048008497276345569e-02
1.782640899603420692e+01 9.986737080277191536e-01 4.242067128517799657e-01 2.392840810046813291e-03 6.837337075229886485e-02 2.185387524867439535e-02
1.816275633561163261e+01 9.993755313927356054e-01 4.238569489962238368e-01 3.653929921829494019e-03 6.725527389365414110e-02 2.398203053039767857e-02
1.849910367518903342e+01 9.987573941759764207e-01 4.242835085282116170e-01 3.052460431404912123e-03 6.560115889665246725e-02 2.367087144077858335e-02
1.883545101476645556e+01 9.993159709753621778e-01 4.243160086225307714e-01 4.756511052318274438e-03 6.219793405295077904e-02 2.268450411436059161e-02
1.917179835434379243e+01 9.997882535432452977e-01 4.241697700347106803e-01 4.876583843408543832e-03 6.297767049029515118e-02 2.185578783315474116e-02
1.950814569392121456e+01 9.997490978633050140e-01 4.237651579534223445e-01 5.753571955356627000e-03 6.456674344467844273e-02 2.278375483883672212e-02
1.984449303349861538e+01 9.985483666248645696e-01 4.245061286427483926e-01 4.720651168093572235e-03 6.718563302228573730e-02 2.316562033808813176e-02
2.018084037307604106e+01 9.985494891293401620e-01 4.243043709604985558e-01 2.173740936614271344e-03 6.761704859423081637e-02 2.382296446464697570e-02
2.051718771265347385e+01 9.982196014487983993e-01 4.245140255367095827e-01 3.106487104143506976e-03 6.595912247485155588e-02 2.228275208977813227e-02
2.085353505223090309e+01 9.985466355570233876e-01 4.244604956383691285e-01 3.866912053042173211e-03 6.658503499216250621e-02 2.028763418241429084e-02
2.118988239180830746e+01 9.984516767223975409e-01 4.244733027175719431e-01 4.343993597755862156e-03 6.701796505325734177e-02 2.139969462643014769e-02
2.152622973138573315e+01 9.978451323435938436e-01 4.235305194451834954e-01 3.138414900350662475e-03 6.891620131277019501e-02 2.274360578305142933e-02
2.186257707096305225e+01 9.982305840365857108e-01 4.231600135970111642e-01 3.985087082404858982e-03 6.563162424698992803e-02 2.155377315157659679e-02
2.219892441054047794e+01 9.982976742139070270e-01 4.233830237214366576e-01 4.876242689415643747e-03 6.728099491323961956e-02 2.021832087611040440e-02
2.253527175011788231e+01 9.970417223061996959e-01 4.237986545380067471e-01 5.253367787332671388e-03 6.593770838820502134e-02 2.274939916228180259e-02
2.287161908969531154e+01 9.974975626530221406e-01 4.235545674158857077e-01 3.224148399874482516e-03 6.645454872941018720e-02 2.351930323276206838e-02
2.320796642927274434e+01 9.979193978388277708e-01 4.238609711658283263e-01 2.986443920387102987e-03 6.642306009559190150e-02 2.477824374988729997e-02
2.354431376885016292e+01 9.982932260573411654e-01 4.242509708620454401e-01 1.935197034016544835e-03 6.655613132844254154e-02 2.267191610086554190e-02
2.388066110842757084e+01 9.975237490031357845e-01 4.247308601354527480e-01 3.723133854742315552e-03 6.748392587491619521e-02 1.858972617044589784e-02
2.421700844800499652e+01 9.986896535322954405e-01 4.237966104007098722e-01 3.902024223812727930e-03 6.708664122449270462e-02 2.314851852091227499e-02
2.455335578758231208e+01 9.984645810395176291e-01 4.236325132546433503e-01 3.261873157734818032e-03 6.740052655605212328e-02 2.424605865737950242e-02
2.488970312715974131e+01 9.994871903508266708e-01 4.228336646732671622e-01 3.944824729476129228e-03 6.713792566975936016e-02 2.135070174016142491e-02
2.522605046673714924e+01 9.992522760506326041e-01 4.226765666840807123e-01 3.934233600879711093e-03 6.607096417647469189e-02 2.186900937793260016e-02
2.556239780631457847e+01 9.994911132749322302e-01 4.221218849520713690e-01 4.377995245190780850e-03 6.630481378501890122e-02 2.150416621768267908e-02
2.589874514589201127e+01 9.994160135303288284e-01 4.226925952262171049e-01 4.501788192230483758e-03 6.830577788863040345e-02 2.090270944467370259e-02
2.623509248546944050e+01 1.000295112704030709e+00 4.223383299889465481e-01 3.634325060971737957e-03 6.654783329531119285e-02 2.299022744069124588e-02
2.657143982504685553e+01 9.999694422317615405e-01 4.222304652051797613e-01 4.274785020735459053e-03 6.572551213686285421e-02 2.318364317457474386e-02
2.690778716462428122e+01 9.999047209591614971e-01 4.225364664215384702e-01 4.833881727655367326e-03 6.637743443839287660e-02 2.358437229355493311e-02
2.724413450420161453e+01 9.991355370939853930e-01 4.232150983662474331e-01 3.940852309475839817e-03 6.608299502321361707e-02 2.293885970178350872e-02
2.758048184377905088e+01 9.995920849423162169e-01 4.233581078002489062e-01 4.524673810867303747e-03 6.815203022503917019e-02 2.386159488843081836e-02
2.791682918335646235e+01 9.991670506388431461e-01 4.231214941122369844e-01 4.439236881176853756e-03 6.944252125391997543e-02 2.227923408012310105e-02
2.825317652293389514e+01 9.997905962847821737e-01 4.231626843606017818e-01 4.674294143786133886e-03 6.966215432322636625e-02 2.309152810627979405e-02
2.858952386251122846e+01 1.000118489550357870e+00 4.233081250617705127e-01 2.977815542826976920e-03 7.257312707535412688e-02 2.370580861543808079e-02
2.892587120208865414e+01 9.998463226109938207e-01 4.234256584081257380e-01 5.337420260177015187e-03 7.199100177195461026e-02 2.123393588739059396e-02
2.926221854166606917e+01 9.999589159036638142e-01 4.231627853832766739e-01 4.809746288168834441e-03 6.892480245438972752e-02 2.038451189515946838e-02
2.959856588124349486e+01 9.990161581010473801e-01 4.240190319407861619e-01 2.660652909776584259e-03 6.810656106033670387e-02 2.094962069318825199e-02
2.993491322082084238e+01 9.999099711504270127e-01 4.237195224494421653e-01 3.453295066473805949e-03 6.784372084085175947e-02 2.233007251843742783e-02
3.027126056039826452e+01 9.993687062495129059e-01 4.239754818384934287e-01 4.139163859478618007e-03 6.590383943642072473e-02 2.313895203833337202e-02
3.060760789997568665e+01 9.996693172369900404e-01 4.242557043439382780e-01 5.135312460473978775e-03 6.739959577918891442e-02 2.332290917268130259e-02
3.094395523955311589e+01 9.992160390690321137e-01 4.242818037375608031e-01 4.400180500806761576e-03 6.971564628387966200e-02 2.324889431304133849e-02
3.128030257913054513e+01 9.989677040379508766e-01 4.240703778348452468e-01 5.232528754721207584e-03 7.141920512764234064e-02 2.275264492944820138e-02
3.161664991870797436e+01 9.989837897258154742e-01 4.238295965813090871e-01 5.528290904156236800e-03 7.099619763698886143e-02 2.336581962174131416e-02
3.195299725828539650e+01 9.995162446859328087e-01 4.233194324998451052e-01 4.400763450784305961e-03 7.109288939840435750e-02 2.164223949461377763e-02
3.228934459786282218e+01 9.989506093542145360e-01 4.235902904339562403e-01 3.698510773822775294e-03 6.871941436780133750e-02 1.919683287848122574e-02
3.262569193744018037e+01 9.990450050741798149e-01 4.238344921583102609e-01 3.876701609880328723e-03 6.740901172331464908e-02 1.986376990965247821e-02
3.296203927701760961e+01 9.979858898646153387e-01 4.243552050291961031e-01 3.068311418516976932e-03 6.817391373882092376e-02 1.997925241227788834e-02
3.329838661659503174e+01 9.974337394834726922e-01 4.238090836908386949e-01 2.780180177746932775e-03 6.806439906844269361e-02 2.187445561705126176e-02
3.363473395617246808e+01 9.980433839740197044e-01 4.235738202722479362e-01 1.707538322413566529e-03 6.684997144953515325e-02 2.259867820154753265e-02
3.397108129574973390e+01 9.981917248628813244e-01 4.238460819412429026e-01 2.394675216469801474e-03 6.722536576457996405e-02 2.069975823648604815e-02
3.430742863532716314e+01 9.983850058229922775e-01 4.236250619162980624e-01 2.960200206239330806e-03 6.780741286376516797e-02 2.128342317069507883e-02
3.464377597490458527e+01 9.981618132284169054e-01 4.236995232853720261e-01 4.262046083835244539e-03 6.720188324978483563e-02 2.163047145506801286e-02
3.498012331448201451e+01 9.981604092078336654e-01 4.234931367507469013e-01 5.400579409383665826e-03 6.490963333596651286e-02 2.241213571810747249e-02
3.531647065405936559e+01 9.990157100464832629e-01 4.228276087883382495e-01 6.554437608820142501e-03 6.573195789746526241e-02 2.124003817714934655e-02
3.565281799362766435e+01 9.985080312168060912e-01 4.228165780264021012e-01 4.804396933847520854e-03 6.534503991889173413e-02 2.423284458764253871e-02
3.598916533314586985e+01 9.992879956887426030e-01 4.227514407825371245e-01 3.512390165797871742e-03 6.552904661367559003e-02 2.231471489153102894e-02
3.632551267266399719e+01 9.986204205272690704e-01 4.223944076844480811e-01 4.331123094190579038e-03 6.487810649337644175e-02 1.947972872854831713e-02
3.666186001218201795e+01 9.986076959966260214e-01 4.221003737991301796e-01 4.160773264714260483e-03 6.445029923138745342e-02 1.915312674796568887e-02
3.699820735170015240e+01 9.985319516455624100e-01 4.223815941454423517e-01 5.207281516614230797e-03 6.378991534089750726e-02 2.489875745508729823e-02
3.733455469121835080e+01 9.991326714354380467e-01 4.219977247296868850e-01 5.869164548175526304e-03 6.501613281400436817e-02 2.114875120076203235e-02
3.767090203073649235e+01 9.987771246049259588e-01 4.225962056828370117e-01 4.233662540101398516e-03 6.627517919393537127e-02 2.123695160232825715e-02
3.800724937025449890e+01 9.992708615617702517e-01 4.224343430811348665e-01 4.255878041318522653e-03 6.497206570235730672e-02 2.359166649312514213e-02
3.834359670977264045e+01 9.996068087739083952e-01 4.226586522824060665e-01 4.207360673283962703e-03 6.630099696458519043e-02 2.303871429400886420e-02
3.867994404929084595e+01 9.993712776070519110e-01 4.227333762269486761e-01 4.918706189924760934e-03 6.618171855398831405e-02 2.377716298206233869e-02
3.901629138880897329e+01 9.984406631390780884e-01 4.229494003187248552e-01 5.230733823455568920e-03 6.658452625454333584e-02 2.161073612364617855e-02
3.935263872832697984e+01 9.988203269846600563e-01 4.225119723589296217e-01 3.971767918793734850e-03 6.742207913230041649e-02 2.012456615528447970e-02
3.968898606784512140e+01 9.985684970368181590e-01 4.224771164330975437e-01 2.970012396473667004e-03 6.831580554217017709e-02 2.026680620301532509e-02
4.002533340736333400e+01 9.992063764312706375e-01 4.223444247954287190e-01 2.584300611811112067e-03 6.982109885586744447e-02 2.143294510101865710e-02
4.036168074688146845e+01 9.997175839488919857e-01 4.219877049265414182e-01 2.107751821472523407e-03 6.955849647157345828e-02 2.320621066009878955e-02
4.069802808639945368e+01 9.982897343068096729e-01 4.227579809019169077e-01 3.597813185834049157e-03 6.746155355056343561e-02 2.111635764942921059e-02
4.103437542591760945e+01 9.991331544351369498e-01 4.227359473245697052e-01 4.206981032313528851e-03 6.630313017547696808e-02 2.059971181789894620e-02
4.137072276543581495e+01 9.980579861935392483e-01 4.224370326864853586e-01 3.328421700267335682e-03 6.914033014357608142e-02 1.924365907610501442e-02
4.170707010495396361e+01 9.984267845329958257e-01 4.225966845843414643e-01 3.242380893503728038e-03 6.792965543477345880e-02 1.990850659808681214e-02
4.204341744447194174e+01 9.996294469637307945e-01 4.225757190348503056e-01 2.957167420491774341e-03 6.639915082546961334e-02 1.885657137251653404e-02
4.237976478399009039e+01 1.000502608427615181e+00 4.226853484166478991e-01 3.183975977587668715e-03 6.628360189975179839e-02 1.970082574211330650e-02
4.271611212350830300e+01 1.001335826559163422e+00 4.224231882317648901e-01 3.620137130489275035e-03 6.777041215379542294e-02 2.229273142827246923e-02
4.305245946302644455e+01 1.001110214165348511e+00 4.229707752162892853e-01 4.761088642275018885e-03 6.689296733686757312e-02 2.334198189292433986e-02
4.338880680254442268e+01 1.000924988721670683e+00 4.231583240435622395e-01 2.647124018853082121e-03 6.695934366734361542e-02 2.216658370838381006e-02
4.372515414206257844e+01 1.000488763033823059e+00 4.237503856793020662e-01 4.339915692326989753e-03 6.895758666697918149e-02 2.040460481085595856e-02
4.406150148158078395e+01 1.000821222661235410e+00 4.241663886948093265e-01 3.193513813685941796e-03 6.840077107844744209e-02 2.096156508344585584e-02
4.439784882109893971e+01 1.000782716732656619e+00 4.239541875159961171e-01 3.330767315153112477e-03 6.923741532306432189e-02 2.380192037003768177e-02
4.473419616061690363e+01 9.995534350741025476e-01 4.247211849456610233e-01 4.038541980496978406e-03 7.001284675054278428e-02 2.080631675658678806e-02
4.507054350013506649e+01 9.993408302581033853e-01 4.250269333042418496e-01 2.568573849920793243e-03 6.851431717042062719e-02 2.292746243016103094e-02
4.540689083965327200e+01 9.990908704956016351e-01 4.252117300142432832e-01 4.526646796366503613e-03 6.938939299753177359e-02 2.086655647890080581e-02
4.574323817917143487e+01 9.986889116234012320e-01 4.249985806207277061e-01 3.037142411005727769e-03 6.588948289293944383e-02 2.395843411539393120e-02
4.607958551868939878e+01 9.984000767704770407e-01 4.251933980320277695e-01 4.669763684768737759e-03 6.627537178958405051e-02 2.232154575901308668e-02
4.641593285820754744e+01 9.990992326045808891e-01 4.247353504969755278e-01 4.956192523521606164e-03 6.716946082929671491e-02 2.460915624359084550e-02
4.675228019772576005e+01 9.990703701462690933e-01 4.247297535966524373e-01 5.623601871749928094e-03 6.847889980706099722e-02 2.057825699231972255e-02
4.708862753724389449e+01 9.985450338074498555e-01 4.249999742327345009e-01 3.777584307898018776e-03 6.915665900920439646e-02 2.336795996892629401e-02
4.742497487676188683e+01 1.000615846085562755e+00 4.244633864034179083e-01 4.880953788495142817e-03 7.006288503130503331e-02 2.078536640757894585e-02
4.776132221628003549e+01 1.000303341882250230e+00 4.247384495362350743e-01 5.516446635113532448e-03 6.739658839927936684e-02 2.242826662398297172e-02
4.809766955579821257e+01 1.000180210477582321e+00 4.242479301563096827e-01 6.065282531905169180e-03 6.806774538723715795e-02 1.894098694630317811e-02
4.843401689531640386e+01 1.000767806851371899e+00 4.238736726143004230e-01 4.318196124592017099e-03 6.603573428412581880e-02 2.117299603113298109e-02
4.877036423483436067e+01 1.001795000006526770e+00 4.243299125845961806e-01 5.130423733282993629e-03 6.668522741381517627e-02 2.352032992922025931e-02
4.910671157435255196e+01 1.001833703824713151e+00 4.244067127265023220e-01 3.691320153108391521e-03 6.468526561069060099e-02 2.149434844634482561e-02
4.944305891387072904e+01 1.001210374354681854e+00 4.236871776751723884e-01 3.167080184388671935e-03 6.324566797707832644e-02 1.986426798833765620e-02
4.977940625338885638e+01 1.001049025399463499e+00 4.241480942329590720e-01 3.681922722135242462e-03 6.519321644794345838e-02 2.059751615812150868e-02
5.011575359290688425e+01 1.000789179345268565e+00 4.243632338368784063e-01 4.680404726976903143e-03 6.512589639313635936e-02 2.337904262525168989e-02
5.045210093242500449e+01 1.000445720309974362e+00 4.238612849417819906e-01 3.548094861880955828e-03 6.659298533570578993e-02 2.212414531891533642e-02
