0.000000000000000000e+00 6.386965618848476911e-01 1.000000000000000000e+00 -7.712743654791678533e-06 -1.840685972445281525e-03 -1.096800755934184595e-03
3.794513911113261972e-01 5.465481407006077541e-01 1.659056070016544870e+00 6.068920273719947966e-03 4.437893998327758355e-02 2.214776442161567327e-02
7.589027822215252961e-01 4.973242379826596782e-01 2.565526129056188154e+00 4.239835586650564890e-03 6.143661904340014940e-02 2.483907153391990905e-02
1.138354173331713515e+00 4.698606979623579094e-01 3.721982733728353754e+00 3.398866912574861118e-03 6.933869120112329254e-02 2.878153727562863737e-02
1.517805564442394672e+00 4.537883329903909524e-01 5.101407818856970700e+00 2.843676675596630132e-03 7.086210692349671769e-02 2.751679111051600138e-02
1.897256955557530267e+00 4.441894881363453451e-01 6.642744002297370720e+00 2.144596993567708925e-03 6.712758525653307606e-02 3.091672402641931772e-02
2.276708346672646321e+00 4.381951693784863489e-01 8.248878785737916886e+00 2.119353330677873140e-03 6.568775291044884335e-02 3.473226425133946194e-02
2.656159737787773700e+00 4.343580031794186946e-01 9.833437812042516768e+00 3.379789125072477345e-03 6.455331286634391486e-02 3.504642673427472294e-02
3.035611128900943534e+00 4.321130578143608236e-01 1.133529540979053074e+01 3.603704071588217667e-03 6.217752728264110823e-02 3.671462715053418202e-02
3.415062520006210356e+00 4.304193474827828769e-01 1.269672961811816414e+01 3.581322249340875268e-03 6.253808389758885866e-02 4.159103735172691579e-02
3.794513911111466964e+00 4.289034100306168829e-01 1.392900781164921220e+01 3.850464697578340634e-03 6.376126505335406869e-02 4.153230185327123208e-02
4.173965302216766204e+00 4.283605896514453559e-01 1.497052673819995761e+01 4.117889785287767550e-03 6.422912530247291973e-02 4.538383133502660316e-02
4.553416693322014375e+00 4.275706057916058289e-01 1.585523158542309119e+01 4.680506328612795038e-03 6.649983089204984654e-02 4.758631243776000747e-02
4.932868084427290079e+00 4.273455941278567760e-01 1.658614159864471205e+01 6.354134060487286184e-03 6.490790108567061345e-02 5.055262355094117949e-02
5.312319475532526702e+00 4.269371529599325643e-01 1.720740426425770764e+01 6.299853648012048758e-03 6.711993719879383313e-02 4.859593643859722034e-02
5.691770866637805071e+00 4.265585437566918325e-01 1.771896551351780857e+01 6.852380349400541415e-03 6.776787178231874487e-02 5.112779257372489922e-02
6.071222257750882534e+00 4.260874502440512579e-01 1.812693532164480104e+01 8.486576573766356490e-03 6.934054520244334330e-02 5.144800710588584569e-02
6.450673648875873134e+00 4.261806901363701106e-01 1.845451336951547106e+01 9.401599670368989553e-03 7.000519615768688308e-02 5.118244980378933856e-02
6.830125040000820213e+00 4.261615391921004803e-01 1.872800351039319011e+01 8.776117974321142809e-03 6.994283202634249408e-02 5.389804183878958016e-02
7.209576431125812590e+00 4.257033668907562740e-01 1.894464993552928078e+01 8.362507092429674951e-03 7.142114970255845907e-02 5.458324981521154445e-02
7.589027822250828059e+00 4.256564405035335730e-01 1.912653507387059193e+01 9.655921143777165122e-03 7.345384384990551185e-02 5.561357949415524082e-02
7.968479213375824877e+00 4.257517319229725539e-01 1.926948668350636851e+01 9.730792800862001976e-03 7.301750055417803587e-02 5.783131155162393733e-02
8.347930604500765739e+00 4.255181787167928165e-01 1.941175482616930381e+01 9.699426015388246808e-03 7.508631427975115402e-02 5.795445481688920458e-02
8.727381995625771438e+00 4.254584388298918163e-01 1.948481428375297853e+01 9.165838967340848853e-03 7.402743963294237950e-02 5.731243888258608088e-02
9.106833386750752268e+00 4.257638316149929270e-01 1.959716421579323864e+01 9.490200891802530112e-03 7.606331785153228053e-02 5.733534574441393611e-02
9.486284777875749086e+00 4.254562333957170872e-01 1.965176226611325561e+01 9.534996078049818788e-03 7.537050226830320498e-02 5.743939413526521348e-02
9.865736169000696165e+00 4.255164261234882783e-01 1.970867615512711879e+01 8.689973133989488049e-03 7.715904050850591611e-02 5.752366754232107054e-02
1.024518756012570009e+01 4.254691911946016369e-01 1.974577657718598900e+01 1.024139445281977562e-02 7.907084818879552002e-02 5.888717907538672941e-02
1.062463895125071822e+01 4.257107501889986212e-01 1.978946163509504075e+01 1.026448080569826622e-02 7.826105376983162609e-02 6.019348445113396201e-02
1.100409034237572570e+01 4.257104535024381908e-01 1.978305428710212155e+01 1.052415629668722492e-02 7.916497753001738857e-02 5.950693395940093167e-02
1.138354173350068876e+01 4.258272722138767286e-01 1.981691642436707923e+01 9.690564858908365040e-03 7.894467208506784905e-02 6.051475181886672300e-02
1.176299312462569979e+01 4.254413423887147827e-01 1.984696933477249914e+01 1.052372413978717135e-02 7.996080103188933641e-02 6.180026449462814458e-02
1.214244451575060424e+01 4.258228089558192542e-01 1.985055535958735007e+01 1.004813831719855548e-02 7.951611033335688472e-02 6.143033802735923393e-02
1.252189590687561171e+01 4.258565257688707306e-01 1.985237475688342457e+01 1.132500448124708348e-02 7.961675689145096546e-02 6.142671974723148270e-02
1.290134729800058011e+01 4.256635597431937534e-01 1.987119832933156616e+01 1.147317838238755966e-02 7.992054732714472254e-02 5.827333482197243758e-02
1.328079868912558936e+01 4.256238276743243287e-01 1.988954787489757337e+01 1.182979515990788960e-02 8.143568155747377135e-02 5.924165564403466311e-02
1.366025008025060750e+01 4.258052834937879894e-01 1.989939651707263479e+01 1.134321968591038739e-02 8.000128972294778817e-02 5.953623098586205420e-02
1.403970147137562030e+01 4.257034058445154368e-01 1.990383272814306181e+01 1.119486485561904145e-02 7.963837697761212697e-02 5.986768654450294602e-02
1.441915286250059580e+01 4.256577388096663972e-01 1.992541473318545187e+01 1.102199587341953779e-02 8.078652526519151944e-02 6.114982684092476473e-02
1.479860425362561038e+01 4.255563915392053809e-01 1.992679864264153977e+01 1.134786768096333019e-02 8.260363306978553422e-02 6.056985321788438403e-02
1.517805564475047397e+01 4.255083849724763390e-01 1.992181530159891523e+01 1.049732988277720692e-02 8.041163716454167998e-02 6.116227853246417739e-02
1.555750703587548323e+01 4.253693259630738632e-01 1.991183966808845085e+01 1.104487651177807860e-02 8.041123001603146803e-02 5.965738165538584520e-02
1.593695842700046761e+01 4.254634586397442186e-01 1.992801015309540347e+01 1.109825223982206614e-02 8.006000360924900305e-02 5.858362894021195560e-02
1.631640981812548929e+01 4.255769324260894604e-01 1.991764980336838065e+01 1.035435113656119413e-02 8.100732888986787728e-02 5.989332997582030860e-02
1.669586120925048078e+01 4.256065248489879216e-01 1.991451903579229921e+01 1.078984571994511844e-02 8.079718311745970327e-02 6.164126239159527926e-02
1.707531260037548648e+01 4.255825326946572340e-01 1.995116487595500487e+01 9.541164382489610712e-03 8.070328734951082161e-02 5.903352458805869590e-02
1.745476399150046376e+01 4.255049769431143991e-01 1.993000142606745229e+01 1.058457612518957924e-02 8.028090185184001693e-02 6.085868936897568388e-02
1.783421538262547656e+01 4.258150751640219500e-01 1.993554668987201950e+01 9.068783134419869732e-03 7.674602379898866344e-02 5.839312178248055180e-02
1.821366677375035081e+01 4.256522920483263306e-01 1.994796353924269283e+01 9.347244809934627391e-03 7.834920862344835202e-02 5.922314710363784512e-02
1.859311816487536717e+01 4.256623044026625058e-01 1.993708722393152044e+01 9.598782402180261464e-03 7.657433086027881641e-02 5.997980336628162129e-02
1.897256955600035155e+01 4.255555739688697825e-01 1.990178138390893992e+01 1.125056055744364653e-02 7.709228144249676007e-02 6.068354519095057326e-02
1.935202094712537146e+01 4.250416654419246765e-01 1.994208863481444283e+01 1.087947465634368782e-02 7.790643159637711257e-02 5.763672871311770890e-02
1.973147233825038782e+01 4.251415371779046493e-01 1.995125272209703482e+01 1.109949848616418461e-02 7.877014331697734795e-02 5.979652189961892628e-02
2.011092372937540418e+01 4.251564446740798697e-01 1.990632070607952286e+01 1.132366674128892220e-02 7.787978632540158708e-02 6.069370268151252912e-02
2.049037512050039567e+01 4.253549909157184894e-01 1.991156917315806396e+01 1.151074379826800415e-02 7.882821358989719474e-02 6.037895431564314214e-02
2.086982651162541558e+01 4.256740108539278089e-01 1.989544858970198149e+01 1.041778968087114787e-02 7.786721241495581092e-02 5.991330209593926509e-02
2.124927790275031469e+01 4.257323435474412721e-01 1.990527857956474023e+01 1.105206970038143111e-02 7.744953195816554892e-02 6.240090903906794773e-02
2.162872929387533460e+01 4.255299105652193825e-01 1.990124366872411699e+01 1.180377196880164764e-02 7.821890498370386025e-02 5.989443486678478618e-02
2.200818068500033675e+01 4.255723102901152743e-01 1.989974359459699471e+01 1.134561697958592907e-02 7.855163220117002132e-02 5.805354164415094109e-02
2.238763207612535666e+01 4.256228624650486014e-01 1.990877749701559196e+01 1.045460563819389753e-02 7.876476479940432152e-02 5.941446610547109625e-02
2.276708346725017407e+01 4.254048184630145335e-01 1.989765967079923570e+01 1.003156416327241791e-02 8.008782074564900488e-02 5.807511726036246325e-02
2.314653485837519042e+01 4.255131292477198901e-01 1.990276151546065719e+01 9.749312168194704253e-03 7.907469298992493567e-02 6.045000508514825066e-02
2.352598624950018191e+01 4.255040221587128579e-01 1.990577567597356889e+01 9.681534209491764534e-03 7.892446624961647894e-02 6.032519016099988085e-02
2.390543764057925458e+01 4.254244689847825889e-01 1.991154546526092517e+01 1.062466035025030030e-02 7.775425606329015860e-02 6.274268613964624486e-02
2.428488903162546819e+01 4.253281575304283524e-01 1.989355528801749173e+01 1.184249280500744572e-02 7.885563926845984284e-02 6.224048637395438593e-02
2.466434042267133719e+01 4.253038953910945330e-01 1.992067157760734020e+01 1.089954548970326585e-02 7.785297989169052968e-02 6.115440314608080324e-02
2.504379181371744423e+01 4.250573919252538801e-01 1.994662989837504696e+01 1.198067733740369040e-02 7.851119782339559261e-02 6.056784703236210016e-02
2.542324320476366140e+01 4.252021801987647120e-01 1.996159927678582235e+01 9.946855852651667260e-03 7.856898739042957047e-02 6.041760759447534906e-02
2.580269459580987856e+01 4.249937167235314228e-01 1.995686140652238194e+01 1.138761390237929411e-02 8.136458739420245057e-02 6.060426141562649111e-02
2.618214598685599626e+01 4.251815162336229359e-01 1.995901757872695370e+01 1.166223923030493444e-02 8.114881631364051495e-02 5.959218451146203882e-02
2.656159737790185105e+01 4.249835007524059294e-01 1.992510978076994022e+01 1.114668469189895872e-02 8.012397337185911406e-02 6.014888039517646973e-02
2.694104876894806821e+01 4.250599405039749423e-01 1.991936446077712120e+01 1.116520919596488554e-02 8.104165423592886441e-02 6.203310060405548693e-02
2.732050015999429249e+01 4.249675465407821151e-01 1.991285629531749635e+01 1.051158542718183542e-02 8.237506388976033322e-02 5.997570426324110721e-02
2.769995155104012952e+01 4.253579645149688782e-01 1.993314346790516822e+01 1.006765890138850046e-02 8.267704460182175030e-02 5.899653608999948923e-02
2.807940294208625431e+01 4.256687722514739258e-01 1.993950256728314230e+01 1.101971873665752444e-02 8.125775707485968780e-02 6.136316416905954890e-02
2.845885433313247503e+01 4.256376309906124700e-01 1.993160743408545343e+01 1.097073169357109385e-02 8.025936337386811725e-02 6.105268099688773015e-02
2.883830572417869931e+01 4.257147423496641658e-01 1.989674073792821574e+01 1.005349943042565738e-02 8.069441282568580454e-02 6.235723030558409929e-02
2.921775711522483121e+01 4.258491138851500102e-01 1.987392730944807440e+01 1.052427393856984229e-02 7.981058760111127415e-02 6.360399035994244998e-02
2.959720850627066113e+01 4.255886608621214373e-01 1.987895917041805305e+01 1.139143214386477421e-02 7.974112740025120216e-02 6.542904720023288989e-02
2.997665989731688185e+01 4.255752862548194404e-01 1.990576434246087700e+01 1.039363695045259113e-02 8.064934492384774611e-02 6.064747595777682937e-02
3.035611128836310613e+01 4.254617900042504397e-01 1.990250347541366338e+01 1.089812066876837127e-02 8.016941945238047207e-02 5.862456270085197874e-02
3.073556267940892539e+01 4.256031883934265903e-01 1.990661351609741203e+01 1.057898281830806954e-02 8.101413116464510622e-02 5.856504899284254578e-02
3.111501407045506085e+01 4.254463255482328066e-01 1.988263823497897675e+01 1.053039625748640636e-02 8.104490192216121103e-02 6.050785334511888519e-02
3.149446546150128867e+01 4.255116135078853001e-01 1.988986229572602582e+01 1.001251930287560578e-02 8.073729288785053138e-02 6.060941511591639436e-02
3.187391685254751650e+01 4.255335591593588651e-01 1.987566918815367600e+01 8.671606458216544674e-03 7.904963892758302968e-02 5.968675065090813664e-02
3.225336824359366261e+01 4.257391041605534943e-01 1.989157740468018076e+01 9.055987707243405918e-03 8.046885882205527529e-02 5.945301102937067955e-02
3.263281963463948898e+01 4.256547504719543906e-01 1.988121562750578164e+01 9.988571774131411660e-03 8.000483470276767428e-02 5.876969906970606200e-02
3.301227102568572036e+01 4.256855262200783252e-01 1.989835298060970814e+01 1.086472619678296135e-02 8.146553719343360700e-02 5.938342538477398014e-02
3.339172241673188779e+01 4.254290640018392744e-01 1.990895870779123200e+01 1.042195915269242268e-02 8.254500708704286260e-02 5.941118061921268900e-02
3.377117380777772837e+01 4.255794954197936741e-01 1.994552217609268396e+01 9.940849500037100134e-03 8.332015045487399518e-02 5.964017088345171386e-02
3.415062519882387448e+01 4.255095351301585449e-01 1.994735232826754512e+01 1.020355588569133061e-02 8.313345043523388822e-02 5.997410821347063520e-02
3.453007658987010586e+01 4.256578134105979405e-01 1.996043944031069728e+01 9.444196259776401967e-03 8.100477595372003459e-02 6.001189855563327652e-02
3.490952798091633014e+01 4.259606395983518423e-01 1.994088192029050788e+01 8.926321634368352201e-03 8.192734972606287303e-02 6.138380860932357574e-02
3.528897937196249046e+01 4.257621375788875340e-01 1.991397293313196570e+01 9.627502610320406648e-03 8.194974458952540564e-02 5.999584982704018327e-02
3.566843076300835946e+01 4.257340701189600840e-01 1.994169602432648603e+01 1.026007841353236694e-02 7.985294053345216858e-02 6.023070465989983219e-02
3.604788215405442742e+01 4.255555519144204046e-01 1.995291678567420846e+01 1.069413128697746691e-02 8.030749931903040373e-02 5.949949680596140072e-02
3.642733354510065169e+01 4.255105110213105446e-01 1.996735841025527236e+01 1.075238331938632892e-02 7.892650312770752019e-02 5.950766034409723376e-02
3.680678493614652780e+01 4.253558711185441710e-01 1.996765313801484254e+01 1.143298391850083341e-02 8.093493221070248433e-02 5.922919832753067992e-02
3.718623632719268812e+01 4.251914612723336484e-01 1.995705860051660707e+01 1.044574314801582915e-02 8.131715922329407764e-02 5.931235615271479578e-02
3.756568771823891950e+01 4.252967639870032790e-01 1.997786017571227646e+01 1.069632048598759787e-02 8.103428650405677947e-02 5.841728888117234120e-02
3.794513910928515088e+01 4.253754851560062056e-01 1.997264597810544728e+01 1.028685293185156897e-02 8.156207401875890939e-02 5.912753808507820175e-02
3.832459050033131831e+01 4.254036502213923154e-01 1.996871981853846734e+01 1.070868813096691012e-02 8.203816171121962320e-02 5.748041938123482630e-02
3.870404189137721573e+01 4.255661221078170797e-01 1.998567535576020759e+01 9.473681206664294474e-03 8.423400330018078475e-02 5.829511077625940813e-02
3.908349328242345422e+01 4.256370890518165195e-01 1.997260503413764354e+01 1.109394536647068628e-02 8.362852936177056495e-02 6.163198182443498790e-02
3.946294467346942980e+01 4.255116528886182525e-01 1.995836178029988517e+01 1.100942243648888631e-02 8.215634632585765151e-02 6.252733412548934500e-02
3.984239606451532012e+01 4.256035415674110922e-01 1.991327153936699546e+01 1.037448690930488880e-02 8.136683820525640598e-02 6.039040569930575336e-02
4.022184745556150176e+01 4.255080353214211186e-01 1.990966899503624887e+01 1.038478539162573759e-02 8.104678812253290898e-02 5.850290302611597243e-02
4.060129884660773314e+01 4.255366112522135924e-01 1.989170584379793993e+01 9.925791608009396083e-03 8.037510931784959400e-02 6.090660085346435992e-02
4.098075023765396452e+01 4.256018881919155228e-01 1.990059689535849330e+01 1.052079524893625301e-02 8.028665400814409547e-02 6.119673035688292378e-02
4.136020162870013905e+01 4.253016301469333404e-01 1.991555403686542647e+01 1.029463085622136023e-02 8.070810103914470568e-02 5.926969944165074583e-02
4.173965301974606490e+01 4.253624717014068413e-01 1.987706904536633701e+01 9.544659138103919402e-03 8.025582658943192227e-02 5.899076899605260743e-02
4.211910441079196943e+01 4.256271188833965491e-01 1.986508268068419625e+01 1.063954024792807852e-02 8.073189326410062927e-02 5.985944179447133529e-02
4.249855580183820081e+01 4.257127943807344495e-01 1.985963686800191041e+01 1.047815780211946296e-02 8.058786969767375852e-02 6.183973923466562495e-02
4.287800719288413376e+01 4.256766508308773012e-01 1.985511907917053165e+01 1.030459208566711360e-02 8.028110351402105438e-02 6.141015046199003319e-02
4.325745858393031540e+01 4.259146303267082878e-01 1.984455510954818536e+01 1.130271270819691899e-02 7.945324555487366658e-02 6.040383396577601177e-02
4.363690997497654678e+01 4.253879537137606470e-01 1.983097368443006303e+01 1.158337868611175603e-02 7.870557108140019409e-02 5.942799989832878854e-02
4.401636136602277816e+01 4.255312513138400643e-01 1.986669946833373146e+01 1.146517754116649877e-02 7.988132172463456582e-02 6.114516466888878649e-02
4.439581275706896690e+01 4.256821383383254109e-01 1.987332162069103347e+01 9.721805311518181072e-03 8.160733201451891849e-02 5.982227864412426044e-02
4.477526414811491406e+01 4.260764436404783639e-01 1.991070746026943183e+01 9.868993560947426913e-03 8.235762463803375510e-02 5.947952563837263090e-02
4.515471553916114544e+01 4.260594300939692936e-01 1.992450944001697266e+01 8.849970363074244686e-03 8.304082276109059357e-02 5.841419480530064129e-02
4.553416693020698602e+01 4.258761976273479077e-01 1.993565403586419649e+01 1.018139470167715548e-02 8.091758497184925458e-02 6.036333190743283644e-02
4.591361832125294029e+01 4.259301451780158065e-01 1.993055417186557676e+01 1.057940437853025807e-02 8.181900994742941080e-02 5.952329009295149326e-02
4.629306971229911483e+01 4.257931326480668410e-01 1.991139557285484685e+01 1.057707750343349178e-02 8.108314307538923293e-02 5.902964334366656018e-02
4.667252110334536042e+01 4.258221521758509542e-01 1.991270005046187208e+01 1.004969436460006506e-02 8.241363040929582107e-02 5.817595773162540645e-02
4.705197249439160601e+01 4.255795713322882423e-01 1.991595970430314821e+01 1.027025629685613013e-02 8.354973684347993812e-02 6.083092475708302277e-02
4.743142388543778765e+01 4.259646047196964935e-01 1.992244542203180302e+01 1.134900536164592556e-02 8.160161250963354762e-02 6.027610699023377289e-02
4.781087527648376323e+01 4.259924627265691544e-01 1.991519015340906407e+01 1.084600775601872978e-02 8.075094541891024436e-02 6.021548257197072845e-02
4.819032666752954697e+01 4.256240449402205472e-01 1.991118988457808570e+01 1.205622317871943294e-02 8.087369224373007481e-02 6.075009373911562788e-02
4.856977805857577124e+01 4.256727900785748364e-01 1.992606921130126452e+01 1.225296024091123738e-02 8.345932558390230238e-02 6.276583627076344485e-02
4.894922944962174682e+01 4.257220234704612305e-01 1.988422926719720252e+01 1.175817480814185523e-02 8.255474249560978972e-02 6.164125718929486242e-02
4.932868084066793557e+01 4.257095064983264510e-01 1.988576769854183723e+01 1.000793415076627058e-02 8.367299476014933290e-02 6.020272715850049500e-02
4.970813223171417405e+01 4.256273965003984361e-01 1.987562075686531315e+01 1.022733861270114404e-02 8.330357519071880656e-02 5.822144235548035868e-02
5.008758362276041254e+01 4.263095247055300185e-01 1.986893267275679520e+01 9.753063121256457316e-03 8.137935119632637437e-02 5.913384670320095265e-02
5.046703501380660839e+01 4.259345869099492310e-01 1.988964573563452376e+01 9.176821171861582194e-03 7.971692224558153683e-02 6.002887423138705131e-02
5.084648640485259818e+01 4.257663848236931670e-01 1.988899786352486032e+01 1.028362287446822100e-02 7.970827026072108135e-02 5.985959949599637536e-02
5.122593779589883667e+01 4.261440835070506861e-01 1.990568960013128930e+01 1.000434480160818269e-02 7.930522530751965560e-02 6.170930183140050512e-02
5.160538918694457067e+01 4.256459288511166283e-01 1.990946910924484570e+01 1.088921847027587986e-02 7.974204216981778393e-02 6.124877761135717052e-02
5.198484057799055336e+01 4.258572983466801798e-01 1.990302356502603942e+01 1.103038042972778743e-02 8.052956584657726402e-02 6.221782015910737318e-02
5.236429196903674921e+01 4.253641547662865841e-01 1.991259118287191754e+01 9.736863787296263020e-03 7.845179792287670928e-02 6.050370873116218268e-02
5.274374336008298769e+01 4.251937594089638117e-01 1.987874914251394998e+01 1.042092415842257869e-02 7.670601866978955796e-02 6.128547385997088620e-02
5.312319475112922618e+01 4.251349812500175296e-01 1.989564287239301521e+01 1.081503544881459722e-02 7.712404545671038003e-02 5.767816537788264530e-02
5.350264614217543624e+01 4.249847063641383760e-01 1.989358229043190462e+01 1.093238889077801333e-02 7.727497007580945432e-02 5.954983076797678437e-02
5.388209753322143314e+01 4.253786641329150853e-01 1.990757879191540169e+01 1.028141856758299499e-02 7.516377743864964545e-02 5.928664117626315094e-02
5.426154892426711029e+01 4.254450919034359346e-01 1.991859901616515671e+01 1.045130285709986763e-02 7.737259068965453290e-02 6.131364653332985887e-02
5.464100031531336299e+01 4.257710538752343399e-01 1.993117998252850143e+01 1.071129722682945262e-02 7.804731916748669507e-02 6.084525645045812947e-02
5.502045170635935989e+01 4.256099552655746576e-01 1.991931782265104900e+01 1.195707401652510750e-02 8.004315262712298484e-02 5.995798317204795863e-02
5.539990309740556285e+01 4.255501433069129869e-01 1.994464648489707415e+01 1.143885082825001065e-02 7.912217825803201376e-02 6.060145778603351352e-02
5.577935448845180133e+01 4.253706145175785158e-01 1.993743837155132326e+01 1.139970577315569007e-02 7.951559452657307181e-02 6.113375702900166603e-02
5.615880587949803981e+01 4.254365514033368600e-01 1.993400949223230967e+01 1.092351754068402077e-02 7.873901069282662757e-02 5.984795191666904962e-02
5.653825727054424988e+01 4.254703500578555508e-01 1.991448465453016681e+01 1.008864065893563811e-02 7.949805360406279886e-02 5.987678330355663409e-02
5.691770866159026809e+01 4.258023554412169176e-01 1.990752454570074192e+01 9.480371237056724534e-03 8.003982572462421674e-02 5.846343825812819195e-02
