0.000000000000000000e+00 1.501104511438870803e+00 1.000000000000000000e+00
5.821085381249443413e-01 1.287864332493946051e+00 1.173613097021111162e+00
1.164217076249349558e+00 1.164050003361526420e+00 1.354030770301253961e+00
1.746325614372485902e+00 1.093085651560802729e+00 1.533249044932391003e+00
2.328434152495630904e+00 1.051560957492182258e+00 1.695155645672992151e+00
2.910542690618763917e+00 1.027204877791821236e+00 1.828259072796460494e+00
3.492651228741902258e+00 1.012413855815680774e+00 1.931315502618139446e+00
4.074759766865054367e+00 1.004067327580532965e+00 2.011970577747338673e+00
4.656868304988192264e+00 9.993790668440830638e-01 2.070509412472835820e+00
5.238976843111323944e+00 9.972896063917038312e-01 2.114036315805120303e+00
5.821085381234458289e+00 9.972073169017897643e-01 2.149036466419154134e+00
6.403193919357604180e+00 9.977885770436355495e-01 2.171976336264869190e+00
6.985302457489826367e+00 9.988959162983871432e-01 2.192040172034762868e+00
7.567410995635468041e+00 9.986065124522622849e-01 2.198086825758233331e+00
8.149519533781070635e+00 9.995228242329338153e-01 2.205302520806705413e+00
8.731628071926714085e+00 1.000035046460811428e+00 2.208433372499553737e+00
9.313736610072314903e+00 1.000766531871737364e+00 2.216560063923724844e+00
9.895845148217961906e+00 1.001749479835047918e+00 2.217760490289830244e+00
1.047795368636357516e+01 1.001902552783506151e+00 2.215357395459255585e+00
1.106006222450919019e+01 1.001199449914047301e+00 2.212078613795250615e+00
1.164217076265480344e+01 1.001920655898798307e+00 2.211751516223776193e+00
1.222427930080045577e+01 1.001747070405413220e+00 2.209917283817132816e+00
1.280638783894607791e+01 1.000705466774760133e+00 2.207614292850793802e+00
1.338849637709166629e+01 1.000081150288429033e+00 2.207804421742871170e+00
1.397060491523729020e+01 9.994424955636472818e-01 2.208768769612183824e+00
1.455271345338294608e+01 9.989158547084120432e-01 2.208632581624983882e+00
1.513482199152857710e+01 9.993069981973928817e-01 2.214798085550469864e+00
1.571693052967414950e+01 9.996418394898305415e-01 2.214482999642882977e+00
1.629903906781978051e+01 9.992910096794500596e-01 2.213291464656287122e+00
1.688114760596543817e+01 9.990845627215431124e-01 2.213709046722736051e+00
1.746325614411107452e+01 9.999454369536399101e-01 2.217081702412387667e+00
1.804536468225663981e+01 9.993287277548776881e-01 2.212767723434563738e+00
1.862747322040228326e+01 1.001544858894898749e+00 2.221469085502132401e+00
1.920958175854790895e+01 1.001491773865556878e+00 2.220210187503783406e+00
1.979169029669354885e+01 1.001188596795940855e+00 2.215230594084462545e+00
2.037379883483912124e+01 1.001043180047574754e+00 2.214598728378272874e+00
2.095590737298476114e+01 1.000925876856912478e+00 2.218384474907761472e+00
2.153801591113041880e+01 1.000805655337408284e+00 2.220048644745586941e+00
2.212012444927605870e+01 1.001370626335056135e+00 2.219613851307443042e+00
2.270223298742164886e+01 1.001876669423910737e+00 2.219521191262356918e+00
2.328434152556729586e+01 1.001496248986321502e+00 2.216110072435730771e+00
2.386645006371285760e+01 1.001601178603327424e+00 2.220631391882855077e+00
2.444855860185850105e+01 1.001495422391112333e+00 2.218237110705532089e+00
2.503066714000409121e+01 1.001239050887855697e+00 2.214676427876594467e+00
2.561277567814973821e+01 9.988109760905706791e-01 2.209328099311381521e+00
2.619488421629539587e+01 9.972347773033423124e-01 2.204376255786551830e+00
2.677699275444104643e+01 9.987083446112723362e-01 2.216287829931872899e+00
2.735910129253111833e+01 9.986814713635957519e-01 2.215082734140347398e+00
2.794120983058688523e+01 9.974021854120783681e-01 2.205004455852632272e+00
2.852331836864250647e+01 9.971066968571447031e-01 2.209387504058610840e+00
2.910542690669827692e+01 9.988162812386018885e-01 2.213853161147032900e+00
2.968753544475389461e+01 9.982471910449330910e-01 2.214614013278394022e+00
3.026964398280967217e+01 9.987197854976876954e-01 2.215286070094176107e+00
3.085175252086528275e+01 1.000610311937415453e+00 2.220372244445647514e+00
3.143386105892106386e+01 9.995934587409468497e-01 2.216855290967199021e+00
3.201596959697667444e+01 1.000207176508906670e+00 2.214157168409525145e+00
3.259807813503245910e+01 1.002399454865599893e+00 2.220058996051077038e+00
3.318018667308805902e+01 1.001714594875586339e+00 2.212579910242517656e+00
3.376229521114385079e+01 1.002419633728663939e+00 2.221284106599415331e+00
3.434440374919945071e+01 1.002092680356445609e+00 2.220003735844632953e+00
3.492651228725524248e+01 1.001518051244500329e+00 2.223607483720846378e+00
3.550862082531084951e+01 1.001200407739268217e+00 2.222464312937316500e+00
3.609072936336661996e+01 9.995904183852627467e-01 2.216091662939799534e+00
3.667283790142222699e+01 9.987405097410383403e-01 2.208603256442359442e+00
3.725494643947802587e+01 9.996874789698058095e-01 2.213851081727741921e+00
3.783705497753364710e+01 9.990490289822337999e-01 2.211455596838698412e+00
3.841916351558937492e+01 1.000200111654907520e+00 2.210576106692615284e+00
3.900127205364500327e+01 1.000225965437864017e+00 2.214245264887870768e+00
3.958338059170080214e+01 1.001431233896747486e+00 2.214126746934319545e+00
4.016548912975644470e+01 1.000591197686135692e+00 2.214395658926373578e+00
4.074759766781213699e+01 1.000017410041113219e+00 2.214441291826117375e+00
4.132970620586778665e+01 1.001144694467074325e+00 2.218191938708666378e+00
4.191181474392358552e+01 1.001599687555364548e+00 2.218150841161972142e+00
4.249392328197924229e+01 1.000499225318873808e+00 2.213919337331872850e+00
4.307603182003490616e+01 9.997047756687356124e-01 2.211059002174681432e+00
4.365814035809056293e+01 9.992122804805461111e-01 2.215407449066537637e+00
4.424024889614636180e+01 1.000168468528068288e+00 2.216275349508235681e+00
4.482235743420203278e+01 9.991146897712186448e-01 2.213119680290025926e+00
4.540446597225766823e+01 9.991675556975381234e-01 2.213043053919470982e+00
4.598657451031333920e+01 9.991064226200160325e-01 2.210002113678889213e+00
4.656868304836914518e+01 9.999669763429697156e-01 2.209334605925961981e+00
4.715079158642483037e+01 1.001613594570366805e+00 2.213622813947851764e+00
4.773290012448043740e+01 1.001752964011069835e+00 2.215786395179990098e+00
4.831500866253611548e+01 1.001533953691870371e+00 2.212446633347752378e+00
4.889711720059192857e+01 1.000945198230696276e+00 2.210636610587398021e+00
4.947922573864762086e+01 1.000312187360020033e+00 2.207222881414260929e+00
5.006133427670321367e+01 1.000938627009478665e+00 2.214916348303112681e+00
5.064344281475889176e+01 1.002782023270073264e+00 2.219335189860193847e+00
5.122555135281471195e+01 1.001702357074047534e+00 2.213225933221865116e+00
5.180765989087041135e+01 1.000167345179889811e+00 2.205847720147354973e+00
5.238976842892596864e+01 1.000833681205263170e+00 2.215079752962946458e+00
5.297187696698167514e+01 1.001256481723117320e+00 2.220331236211906312e+00
5.355398550503749533e+01 1.000374626318124349e+00 2.215717738573637074e+00
5.413609404309320183e+01 1.001225985059150947e+00 2.215863684601790062e+00
5.471820258114873781e+01 1.000048599178069209e+00 2.211794566156720876e+00
5.530031111920445852e+01 9.998407862963650805e-01 2.209661303380638486e+00
5.588241965726028582e+01 9.997197705182774286e-01 2.210844074104943768e+00
5.646452819531599232e+01 1.001592528402901694e+00 2.220712329026058196e+00
5.704663673337151408e+01 1.001820768930243855e+00 2.218543194260562679e+00
5.762874527142723480e+01 9.997983184484958707e-01 2.214235220877747157e+00
5.821085380948306209e+01 9.982751158046085926e-01 2.209757987933247847e+00
5.879296234753876860e+01 9.989334495472251829e-01 2.214682259711488133e+00
5.937507088559428325e+01 9.997303826451545694e-01 2.219175782361438198e+00
5.995717942365001107e+01 9.994989617059681919e-01 2.215750617753898144e+00
6.053928796170583837e+01 1.000249437637927175e+00 2.219660099466303382e+00
6.112139649976155908e+01 1.002216240765851918e+00 2.223186135868542301e+00
6.170350503781705953e+01 1.002252806719321487e+00 2.222753473758903198e+00
6.228561357587278735e+01 1.001113241736300452e+00 2.221265875424664582e+00
6.286772211392861465e+01 1.001872409615424342e+00 2.219538950664007970e+00
6.344983065198434247e+01 1.002157392665071090e+00 2.216360680150292417e+00
6.403193919003982160e+01 1.001895883615144367e+00 2.216195793970235695e+00
6.461404772809557073e+01 1.001020439616462143e+00 2.213686802381846341e+00
6.519615626615139092e+01 9.996285977411710766e-01 2.207874132427340985e+00
6.577826480420712585e+01 9.994551937316199508e-01 2.209575417272407805e+00
6.636037334226260498e+01 9.992043661737797233e-01 2.218381411773571177e+00
6.694248188031833990e+01 9.984315055872836631e-01 2.208209635431833462e+00
6.752459041837417431e+01 9.978450237269615997e-01 2.203809357170567029e+00
6.810669895642990923e+01 9.979713218870013280e-01 2.202165906920202865e+00
6.868880749448537415e+01 9.993515359826625755e-01 2.209695127872049802e+00
6.927091603254112329e+01 9.988235535270076904e-01 2.203512384201857355e+00
6.985302457059694348e+01 9.989225569199836618e-01 2.206674713885998784e+00
7.043513310865270682e+01 9.992523665223526086e-01 2.214457978136860739e+00
7.101724164670817174e+01 9.980958514937700032e-01 2.206039623046941234e+00
7.159935018476392088e+01 9.973194430116411047e-01 2.204833631821399020e+00
7.218145872281969844e+01 9.979393576934371124e-01 2.213301768907952383e+00
7.276356726087544757e+01 9.983846731270301644e-01 2.211098806396460503e+00
7.334567579893092670e+01 9.977738475662474293e-01 2.210953241272243908e+00
7.392778433698667584e+01 9.988768176906068774e-01 2.215122539738180407e+00
7.450989287504251024e+01 1.000308857132996776e+00 2.219200159407763717e+00
7.509200141309825938e+01 1.000234188816404357e+00 2.217988621989997355e+00
7.567410995115376693e+01 9.997593541140441520e-01 2.215105823803894758e+00
7.625621848920951606e+01 9.989331935495503467e-01 2.210752132214698129e+00
7.683832702726520836e+01 9.990855513668852605e-01 2.211162486574072883e+00
7.742043556532097170e+01 1.000625184952419477e+00 2.215821893289828370e+00
7.800254410337647926e+01 1.000594792744926353e+00 2.217611786431359366e+00
7.858465264143222839e+01 1.000879484262221064e+00 2.215157358746085325e+00
7.916676117948806279e+01 1.000558490219079166e+00 2.214497675764411255e+00
7.974886971754382614e+01 1.001902412516210594e+00 2.219407030138113246e+00
8.033097825559933369e+01 1.000982482813005392e+00 2.216832359497036276e+00
8.091308679365512546e+01 1.000660168399446048e+00 2.219011541337538418e+00
8.149519533171073249e+01 1.001161032085251756e+00 2.224501688156510060e+00
8.207730386976649584e+01 1.001394955639278717e+00 2.214363143131038658e+00
8.265941240782200339e+01 1.003098315338599722e+00 2.225653786526008648e+00
8.324152094587779516e+01 1.001006248714259916e+00 2.214286534269356732e+00
8.382362948393361535e+01 1.001195844379557887e+00 2.218728202357734602e+00
8.440573802198939291e+01 9.998441523450278812e-01 2.214189277393986632e+00
8.498784656004492888e+01 1.000945039280474624e+00 2.213924901271359769e+00
8.556995509810070644e+01 1.000432724938839835e+00 2.213607565163539181e+00
8.615206363615625662e+01 9.989089861112735447e-01 2.207311756307349881e+00
8.673417217421201997e+01 1.000771891939014502e+00 2.213523259819520028e+00
8.731628071226757015e+01 1.000224873884206334e+00 2.212798888742275594e+00
