0.000000000000000000e+00 1.498080917943718893e+00 1.000000000000000222e+00
1.532323336752701992e-01 1.475350560519849807e+00 9.496207649752039792e-01
3.058541799653771709e-01 1.450229099335541116e+00 9.026641072888516026e-01
4.584760262554840038e-01 1.427492577083981251e+00 8.570206003876832401e-01
6.110978725455926686e-01 1.405075938666366486e+00 8.136655174321587580e-01
7.637197188356977806e-01 1.383146025367667953e+00 7.731166021570695657e-01
9.163415651258071115e-01 1.362606043700498981e+00 7.349557460816835697e-01
1.068963411415931430e+00 1.343867759617403790e+00 6.988644551324040277e-01
1.220974770320900182e+00 1.325841114539661802e+00 6.648069970217935776e-01
1.373596616611036714e+00 1.309248808474670067e+00 6.321944173287169511e-01
1.526218462901169914e+00 1.293509824156691357e+00 6.009233192903240539e-01
1.678840309191304891e+00 1.277818898773819045e+00 5.721589393503681009e-01
1.831462155481436982e+00 1.262720871191505889e+00 5.445502341682135761e-01
1.984084001771565076e+00 1.247977036859519329e+00 5.185378678638880023e-01
2.136705848061647650e+00 1.235872162493133031e+00 4.932694558903994442e-01
2.289327694351718012e+00 1.222824701503898881e+00 4.699737878923470058e-01
2.441949540641799032e+00 1.211274201219967317e+00 4.482185290935520317e-01
2.594571386931877388e+00 1.199205450052611921e+00 4.274416391109284730e-01
2.747803720607124855e+00 1.189553341539297593e+00 4.076004715426806979e-01
2.900425566897208540e+00 1.179602101516725732e+00 3.888760885962608826e-01
3.053047413187275350e+00 1.169723019496518912e+00 3.709367200487878602e-01
3.205669259477363475e+00 1.161800671646939787e+00 3.536810443766679191e-01
3.358291105767438722e+00 1.154241988648697648e+00 3.373602949996788447e-01
3.510912952057525960e+00 1.146612223107789985e+00 3.221082840237307621e-01
3.663534798347600319e+00 1.138584290637087548e+00 3.077860669267367122e-01
3.816156644637692441e+00 1.130743949418977934e+00 2.944188462320959654e-01
3.968778490927816094e+00 1.123778245265691922e+00 2.812785539212321884e-01
4.121400337217989929e+00 1.117064150620523222e+00 2.692128819335539158e-01
4.274022183508191297e+00 1.110317049875287676e+00 2.579428240243414883e-01
4.426033542413203570e+00 1.104836628498080620e+00 2.470455933630345269e-01
4.578655388703406715e+00 1.099784316852672195e+00 2.366865651033017715e-01
4.731277234993587655e+00 1.094680179289656330e+00 2.271713544470616297e-01
4.883899081283765931e+00 1.088702244939988129e+00 2.179789846247612017e-01
5.036520927573970852e+00 1.083619868323989266e+00 2.093440233126393490e-01
5.189142773864145575e+00 1.079842309472454298e+00 2.008274901307576521e-01
5.341764620154346943e+00 1.076577051728159873e+00 1.929326259381643482e-01
5.494386466444528772e+00 1.073144720754180659e+00 1.853621557689453803e-01
5.647008312734712376e+00 1.069053409845404312e+00 1.786936193528000094e-01
5.799630159024903975e+00 1.064962273545862814e+00 1.720577735857695134e-01
5.952252005315089356e+00 1.061763955351609168e+00 1.655506017974564814e-01
6.104873851605293389e+00 1.058888812246910893e+00 1.595967647521107091e-01
6.257495697895479658e+00 1.056431676788933238e+00 1.541598878851845045e-01
6.410117544185644611e+00 1.053891751075495486e+00 1.488003907324129960e-01
6.562739390475853973e+00 1.050662179005360963e+00 1.439605535355955868e-01
6.715361236766043795e+00 1.047288517049245637e+00 1.393273866894353119e-01
6.867983083056218518e+00 1.044574132952734935e+00 1.348061108562763621e-01
7.020604929346409229e+00 1.042488606484947899e+00 1.303863137025501606e-01
7.173226775636619479e+00 1.040798658013146083e+00 1.263346985257108313e-01
7.325848621926778215e+00 1.038360336653534333e+00 1.224888937996449351e-01
7.478470468216968925e+00 1.036829574720633307e+00 1.188031358024597139e-01
7.631092314507175622e+00 1.034190228870837336e+00 1.153641771940117910e-01
7.783714160797368997e+00 1.032772455027471503e+00 1.120408824380979274e-01
7.936336007087377631e+00 1.031046605107181824e+00 1.089902459574799976e-01
8.088957853377324980e+00 1.027903847614764832e+00 1.062559212909858497e-01
8.241579699667298087e+00 1.026929691083203755e+00 1.034730664197352212e-01
8.394201545957288957e+00 1.025875466175010242e+00 1.007036657794456724e-01
8.546823392247265616e+00 1.023812126860508931e+00 9.825217001212792345e-02
8.699445238537208525e+00 1.022722437677069163e+00 9.582250280820724109e-02
8.852067084827183407e+00 1.021584461554577272e+00 9.360400776536037526e-02
9.004688931117174278e+00 1.020085529915043754e+00 9.149751720075224859e-02
9.157310777407152713e+00 1.019011288990256947e+00 8.950241472669857867e-02
9.309932623697093845e+00 1.019203449513098381e+00 8.746853622914338433e-02
9.462554469987070505e+00 1.018699751763028516e+00 8.560949615307245075e-02
9.615176316277061375e+00 1.018276188902309753e+00 8.388892026511746147e-02
9.768408649952210254e+00 1.017651767226466664e+00 8.225051722482451533e-02
9.921030496242146057e+00 1.016714271206809128e+00 8.074657881950650373e-02
1.007365234253212449e+01 1.015779445581781015e+00 7.937313531902197294e-02
1.022627418882211359e+01 1.015410708425627417e+00 7.811357336129942652e-02
1.037889603511209557e+01 1.015362535057411808e+00 7.684161386741969468e-02
1.053151788140203315e+01 1.015316119042293685e+00 7.549643680978095073e-02
1.068413972769201870e+01 1.014871748735601598e+00 7.433245844374207489e-02
1.083676157398200246e+01 1.013823833007007069e+00 7.322193019918465939e-02
1.098938342027197557e+01 1.012688024103308937e+00 7.227814086083485245e-02
1.114200526656192736e+01 1.011057939881451428e+00 7.142452756029434024e-02
1.129462711285189691e+01 1.009577641012759042e+00 7.056889114493011816e-02
1.144724895914187357e+01 1.008930971478351424e+00 6.971661881758108026e-02
1.159987080543186977e+01 1.008918495076280397e+00 6.881316718538002530e-02
1.175249265172180380e+01 1.007607555757110029e+00 6.813247149160291116e-02
1.190511449801179822e+01 1.007089435698731439e+00 6.739434445310328592e-02
1.205773634430177488e+01 1.005800987884075237e+00 6.684843375606720761e-02
1.221035819059173910e+01 1.005023563878652659e+00 6.614903634647720243e-02
1.236298003688170866e+01 1.004829669311541718e+00 6.557012948341807423e-02
1.251560188317166933e+01 1.005713122933888037e+00 6.483021000817591750e-02
1.266822372946163711e+01 1.004917776656941042e+00 6.445030601840247286e-02
1.282084557575164396e+01 1.005224524321138624e+00 6.384009733084054783e-02
1.297346742204157266e+01 1.004903938965904242e+00 6.330659696124808777e-02
1.312608926833157952e+01 1.004292168968030419e+00 6.290804986379483488e-02
1.327871111462154730e+01 1.004084706594954968e+00 6.240221055893151181e-02
1.343133296091150441e+01 1.003170086745403866e+00 6.200463157947894849e-02
1.358395480720148818e+01 1.003260384305021402e+00 6.161964158223153659e-02
1.373657665349144175e+01 1.002067763077437501e+00 6.130723593401359028e-02
1.388919849978140419e+01 1.002058829448387645e+00 6.092983427807202590e-02
1.404182034607141816e+01 1.002164279302746763e+00 6.054763107319221377e-02
1.419444219236134153e+01 1.002277288305403191e+00 6.019516141655872898e-02
1.434706403865136082e+01 1.002210941532699406e+00 5.985815681206173300e-02
1.449968588494131971e+01 1.002880147793874688e+00 5.950695482531422748e-02
1.465230773123127150e+01 1.002758842945693285e+00 5.918526730782056738e-02
1.480492957752126237e+01 1.003293453748037134e+00 5.881363333293582185e-02
1.495755142381121416e+01 1.003036582217869066e+00 5.858789418766554430e-02
1.511017327010116951e+01 1.002577733007310901e+00 5.836434119070038617e-02
1.526279511639119413e+01 1.002953672300891164e+00 5.818976341195130492e-02
1.541541696268111394e+01 1.003115776579865059e+00 5.796695717936047043e-02
1.556803880897113856e+01 1.003177640250387137e+00 5.774392222373076616e-02
1.572066065526109391e+01 1.002509533400958386e+00 5.761147906436146771e-02
1.587328250155103859e+01 1.002601039122598348e+00 5.741534953495795041e-02
1.602590434784104190e+01 1.001231461708566917e+00 5.735444716871262311e-02
1.617852619413098836e+01 1.001153263196674414e+00 5.717818053747086154e-02
1.633114804042093837e+01 1.000261256509831664e+00 5.706888870833815020e-02
1.648376988671097010e+01 9.994343729517984887e-01 5.704283951852496398e-02
1.663639173300088459e+01 9.997212172984344392e-01 5.694936091216384888e-02
1.678901357929091631e+01 1.000346790198175073e+00 5.672364813324690808e-02
1.694163542558086633e+01 1.000462131499283869e+00 5.657302545988009829e-02
1.709425727187080568e+01 1.000164711349691427e+00 5.655057526553998459e-02
1.724687911816081609e+01 9.996005937206353664e-01 5.645172683690120180e-02
1.739950096445075900e+01 9.992342192405583301e-01 5.633807313879112683e-02
1.755212281074070546e+01 9.989953664593981264e-01 5.613465311072827341e-02
1.770474465703074074e+01 9.991052323733548013e-01 5.600692482537745348e-02
1.785736650332065878e+01 9.990290089365500004e-01 5.596923305890177947e-02
1.800998834961069406e+01 9.994734892832631834e-01 5.585851941321420822e-02
1.816261019590063697e+01 1.000304168125146331e+00 5.569152623270510333e-02
1.831523204219057632e+01 1.000349060788576772e+00 5.555457171754454165e-02
1.846785388848059029e+01 9.999094729012122373e-01 5.544471293224396968e-02
1.862047573477053319e+01 9.984846709685257782e-01 5.539429888394100526e-02
1.877309758106047255e+01 9.987248724528349220e-01 5.535567426038277145e-02
1.892571942735051493e+01 9.979012878309604373e-01 5.535076982253441663e-02
1.907834127364042942e+01 9.977524448923287270e-01 5.524382874508479424e-02
1.923096311993046825e+01 9.973438176400495347e-01 5.518198739985086254e-02
1.938358496622041116e+01 9.974759462656704878e-01 5.518707573930416166e-02
1.953620681251034696e+01 9.977213766450601096e-01 5.513213806740967921e-02
1.968882865880036803e+01 9.981866806667083480e-01 5.506260720088661936e-02
1.984145050509030384e+01 9.982985317392687463e-01 5.498023355634091419e-02
1.999407235138024319e+01 9.983309935648679856e-01 5.493818812638195936e-02
2.014669419767028558e+01 9.987495939643850074e-01 5.483160871024965466e-02
2.029931604396020361e+01 9.988328041856129325e-01 5.483182525479528280e-02
2.045193789025024600e+01 9.991292742261308479e-01 5.473470291908638652e-02
2.060455973654017470e+01 9.988164086776977202e-01 5.465629407057845390e-02
2.075718158283012116e+01 9.999000603809004017e-01 5.459353348733463757e-02
2.090980342912013867e+01 9.999485237629075485e-01 5.453405310372402837e-02
2.106242527541008869e+01 1.000048251787251763e+00 5.451002369675290310e-02
2.121504712170001028e+01 9.999061462891076779e-01 5.446643350199018019e-02
2.136766896799005977e+01 9.999843228814123686e-01 5.441467786665875328e-02
2.152029081427998847e+01 9.996604116241007976e-01 5.445572886925736933e-02
2.167291266057000598e+01 1.000605195894100685e+00 5.439892848066122527e-02
2.182553450685995600e+01 1.000127938215097378e+00 5.455870087342029606e-02
2.197815635314990601e+01 1.001428525771971945e+00 5.455117534926871847e-02
2.213077819943989510e+01 1.001514795463350094e+00 5.456277245541189813e-02
2.228340004572984867e+01 1.001111459604298926e+00 5.454699261401179528e-02
2.243602189201980224e+01 1.001193994919465702e+00 5.452767328058105017e-02
2.258864373830980199e+01 1.001033263222708358e+00 5.459243552664604787e-02
2.274126558459974490e+01 1.001122834068948197e+00 5.466794762136388541e-02
2.289388743088979439e+01 1.000752099265045825e+00 5.477988049087320621e-02
2.304650927717969822e+01 1.000833032930563027e+00 5.470499469379500046e-02
2.319913112346966244e+01 1.001008152104812421e+00 5.463347180944534004e-02
2.335175296975968706e+01 1.000716494247279043e+00 5.463888942988539416e-02
2.350437481604965129e+01 1.001228074432231940e+00 5.449488455393020070e-02
2.365699666233955156e+01 9.999773732910621771e-01 5.452244180957043634e-02
2.380961850862960105e+01 1.000249606596814278e+00 5.439846385206831975e-02
2.396224035491955107e+01 1.000121539028407280e+00 5.433728523648362341e-02
2.411486220120953305e+01 1.000154452707411545e+00 5.429282679504304071e-02
2.426748404749950083e+01 9.995385050970134744e-01 5.431384652425120391e-02
2.442010589378946861e+01 9.995993491813687237e-01 5.426885940746210141e-02
2.457272774007942573e+01 9.993399472965405206e-01 5.422628419670533911e-02
2.472534958636939351e+01 9.989900302563782253e-01 5.423429043351130768e-02
2.487797143265936128e+01 9.982064239158031649e-01 5.424980857086567770e-02
2.503059327894932906e+01 9.982043002553019351e-01 5.423776442481268584e-02
2.518321512523928618e+01 9.985786674165519905e-01 5.425271077114351970e-02
2.533583697152934278e+01 9.993472011512646302e-01 5.418414518138521541e-02
2.548845881781922529e+01 1.000187505597707416e+00 5.412970855751628174e-02
2.564108066410920017e+01 1.000151015832742907e+00 5.413335901683701684e-02
2.579370251039923900e+01 1.000096822275461372e+00 5.418592758931582015e-02
2.594632435668921389e+01 1.000048143692879421e+00 5.424352586260602210e-02
2.609894620297909285e+01 1.000967926445790246e+00 5.421774981268309701e-02
2.625156804926914589e+01 1.000865313790496813e+00 5.416368044478111349e-02
2.640418989555911011e+01 9.997632909881273289e-01 5.421877125133266195e-02
2.655681174184906723e+01 1.000706735181648988e+00 5.422965266687179015e-02
2.670943358813904567e+01 1.000889701564790846e+00 5.419903979570907943e-02
2.686205543442902766e+01 1.001464897619703365e+00 5.420264116733713999e-02
2.701467728071895635e+01 1.000990573593093069e+00 5.418210142497301152e-02
2.716729912700893834e+01 1.000880135326715825e+00 5.417723774866336356e-02
2.731992097329892033e+01 1.000824225025549019e+00 5.416108652327548956e-02
2.747254281958886324e+01 1.000923281935209408e+00 5.413384591246244576e-02
2.762516466587883102e+01 1.000059848594062606e+00 5.418189570848123277e-02
2.777778651216889116e+01 1.000201078719369363e+00 5.422881118937062511e-02
2.793040835845875591e+01 1.000534778517327528e+00 5.418835602625286796e-02
2.808303020474873790e+01 9.998467151668696262e-01 5.423263947539996854e-02
2.823565205103878739e+01 1.000221575064437873e+00 5.424155376646322413e-02
2.838827389732877293e+01 9.999315577961982449e-01 5.419691289075483087e-02
2.854089574361863768e+01 9.997067876744846204e-01 5.416040306018582440e-02
2.869351758990869428e+01 1.000034602576645337e+00 5.422879241353283086e-02
2.884613943619866916e+01 9.995622865735400708e-01 5.425040486803351519e-02
2.899876128248859786e+01 9.995876711655540259e-01 5.425525870702907483e-02
2.915138312877859050e+01 9.997103796208539617e-01 5.422215433295277109e-02
2.930400497506857604e+01 9.993565573812061009e-01 5.436884374053459895e-02
2.945662682135849053e+01 9.996656422519386576e-01 5.433582651188922225e-02
2.960924866764848318e+01 9.998853656656003785e-01 5.426013034826956960e-02
2.976187051393847582e+01 1.000121362277486048e+00 5.420499986904905171e-02
2.991449236022839386e+01 9.997034285917887342e-01 5.423573784368335149e-02
3.006711420651837585e+01 9.996870221946224655e-01 5.421376829348750759e-02
3.021973605280844311e+01 1.000297042886991061e+00 5.418032894141514705e-02
3.037235789909828654e+01 9.998135734356869975e-01 5.424245800007418405e-02
