0.000000000000000000e+00 1.509089586848278319e+00 1.000000000000000000e+00
8.114061571192598965e-02 1.438728035177692988e+00 1.080155564922809175e+00
1.619579620385440122e-01 1.370294195500931789e+00 1.161144051528625987e+00
2.427753083651620070e-01 1.312744241293308800e+00 1.241704598834296291e+00
3.235926546917809454e-01 1.263616856917810782e+00 1.320900618293713302e+00
4.044100010183979688e-01 1.220167193660086191e+00 1.401035997708826919e+00
4.852273473450172125e-01 1.184590891287523151e+00 1.488468174446586634e+00
5.660446936716444499e-01 1.152711451820165545e+00 1.572721462144163418e+00
6.465387706129677170e-01 1.124965383231624427e+00 1.656890347177507161e+00
7.273561169396014492e-01 1.100299748792084031e+00 1.738266485324708732e+00
8.081734632662334050e-01 1.078174324371584669e+00 1.823896572144636519e+00
8.889908095928662490e-01 1.059937212095083403e+00 1.909201907338208049e+00
9.698081559194976498e-01 1.043432408312909399e+00 1.991180375802816815e+00
1.050625502246126830e+00 1.029997244605609596e+00 2.073075469803212556e+00
1.131442848572731918e+00 1.018324989532735092e+00 2.154187212813433838e+00
1.212260194899330568e+00 1.008378218471503107e+00 2.235746166130995860e+00
1.293077541225934768e+00 9.997288951635224796e-01 2.310554333979592645e+00
1.373894887552537858e+00 9.920320619193834233e-01 2.385290778635832165e+00
1.455035503264451746e+00 9.866333972518129825e-01 2.459402050433562970e+00
1.535852849591057501e+00 9.806830157495590727e-01 2.527224064777884305e+00
1.616670195917654151e+00 9.759757252034724218e-01 2.589518591555683535e+00
1.697487542244262126e+00 9.716676466441028781e-01 2.650188004043764867e+00
1.778304888570863440e+00 9.687370664993598668e-01 2.715245962774693655e+00
1.859122234897470971e+00 9.672208568535696216e-01 2.780180956075273269e+00
1.939939581224071841e+00 9.659061498653194189e-01 2.839209879539943415e+00
2.020756927550682036e+00 9.658552493853018728e-01 2.893801713537095033e+00
2.101574273877309107e+00 9.640747531516367097e-01 2.943630134990955938e+00
2.182391620203962379e+00 9.632279937085265198e-01 2.991557617477376141e+00
2.263208966530630306e+00 9.633953960423095042e-01 3.039619774568768307e+00
2.343703043471976777e+00 9.650870152127479784e-01 3.091776242430790855e+00
2.424520389798645592e+00 9.658797931583834595e-01 3.131422728459082094e+00
2.505337736125302861e+00 9.658149846624497492e-01 3.161725316616416315e+00
2.586155082451958798e+00 9.668304509978881134e-01 3.203319480061279645e+00
2.666972428778628501e+00 9.665985384086325238e-01 3.231964737660664611e+00
2.747789775105282217e+00 9.684517183298068099e-01 3.268621914500412728e+00
2.828607121431950588e+00 9.688690634304644167e-01 3.298188765070498629e+00
2.909424467758607857e+00 9.694555820206750552e-01 3.328210642595180957e+00
2.990241814085266903e+00 9.707662345287652039e-01 3.357217695758212717e+00
3.071059160411929945e+00 9.727057311073188384e-01 3.385135060790266159e+00
3.151876506738588990e+00 9.736171531877851892e-01 3.411507362599631499e+00
3.232693853065258693e+00 9.742986851383936830e-01 3.426138333136531600e+00
3.313511199391919071e+00 9.762882891976488731e-01 3.452039147780944450e+00
3.394328545718567458e+00 9.778189262043207597e-01 3.470567034842264587e+00
3.475145892045239826e+00 9.784513888732566667e-01 3.486046609348598224e+00
3.555963238371901536e+00 9.796926349833411374e-01 3.504013168195081906e+00
3.636780584698555696e+00 9.813384508634327430e-01 3.520352105438804280e+00
3.717597931025217850e+00 9.823554555688097656e-01 3.537621563518211776e+00
3.798415277351890662e+00 9.842134693015404112e-01 3.551334720184821325e+00
3.879232623678535941e+00 9.860642164944788401e-01 3.563983074986795785e+00
3.960049970005198539e+00 9.865295780263666492e-01 3.567296546086306197e+00
4.040867316331869574e+00 9.867647766945569776e-01 3.566964922145615002e+00
4.121684662658533504e+00 9.868681053013224069e-01 3.575449299281606041e+00
4.202502008985098847e+00 9.886044561357310023e-01 3.590470802478855639e+00
4.283319355311632215e+00 9.889302098954958486e-01 3.593700861686697223e+00
4.364136701638179794e+00 9.889043489556155198e-01 3.596186775536499791e+00
4.444954047964736255e+00 9.906831805956579640e-01 3.607128853418540171e+00
4.525771394291284722e+00 9.902298689579069890e-01 3.602331162843696255e+00
4.606588740617816313e+00 9.908208919331086273e-01 3.606728965884460347e+00
4.687406086944364780e+00 9.918440733555056177e-01 3.613239160170634623e+00
4.768223433270921241e+00 9.921353937682307889e-01 3.619147529446007372e+00
4.849040779597471484e+00 9.922672530353126019e-01 3.620615092907527810e+00
4.929858125924001300e+00 9.929310843410905640e-01 3.619299394840918893e+00
5.010675472250549767e+00 9.931092281527053034e-01 3.624020716712687218e+00
5.091492818577106227e+00 9.934871556703223083e-01 3.621674151096069050e+00
5.172633434288968601e+00 9.931958124627978668e-01 3.615488070737293835e+00
5.253450780615495752e+00 9.920816538499596104e-01 3.608731884699381887e+00
5.334268126942045996e+00 9.926645005509996400e-01 3.616426176609870868e+00
5.415085473268601568e+00 9.937127993292370620e-01 3.621341474603946065e+00
5.495902819595153588e+00 9.930873036728687930e-01 3.613375305335275289e+00
5.576720165921681627e+00 9.929239811055990961e-01 3.608966078900876173e+00
5.657537512248235423e+00 9.922815371214951385e-01 3.608117457281818208e+00
5.738354858574787443e+00 9.927282112821098625e-01 3.612891942011557500e+00
5.819172204901335022e+00 9.929958133011854704e-01 3.612275713740806804e+00
5.899989551227871054e+00 9.925961253442636689e-01 3.613257111759784923e+00
5.980806897554416857e+00 9.937400334648804900e-01 3.617561828208218255e+00
6.061624243880965324e+00 9.939546150584929185e-01 3.624803099824894570e+00
6.142441590207525337e+00 9.942306324376098958e-01 3.629317136791082810e+00
6.223258936534050711e+00 9.936936666096450876e-01 3.623020022583018473e+00
6.304076282860609837e+00 9.937382332991738787e-01 3.626885581459515784e+00
6.384893629187159192e+00 9.931750158353590541e-01 3.621483400397929042e+00
6.465710975513701442e+00 9.932606715177664247e-01 3.617164219538425929e+00
6.546528321840246356e+00 9.933416419999095970e-01 3.625059355283672513e+00
6.627345668166786830e+00 9.939588566005406189e-01 3.628663742549662619e+00
6.708163014493331744e+00 9.939544667147849344e-01 3.632057173636058955e+00
6.788980360819896198e+00 9.952987602126338595e-01 3.635813593861342508e+00
6.869797707146419796e+00 9.951206340050958721e-01 3.637060951224639460e+00
6.950615053472985139e+00 9.944032101684744385e-01 3.633742536468017814e+00
7.031432399799530053e+00 9.956749393289521244e-01 3.630369235110868065e+00
7.112249746126067862e+00 9.958074421113195518e-01 3.631440568196746987e+00
7.193067092452620770e+00 9.965522869259485494e-01 3.638168225256742883e+00
7.273884438779157691e+00 9.976955998504956069e-01 3.644359459444053595e+00
7.354701785105699052e+00 9.976524712027520225e-01 3.641192239438247658e+00
7.435519131432267947e+00 9.978466573901149106e-01 3.639810533465096754e+00
7.516336477758789769e+00 9.980033702288951813e-01 3.633945818353897295e+00
7.597153824085360441e+00 9.971133756385399671e-01 3.622571724671075799e+00
7.677971170411900026e+00 9.981633400609195572e-01 3.624840371352352708e+00
7.758788516738436059e+00 9.990176250940336899e-01 3.627406520544639523e+00
7.839605863064993407e+00 9.997082545276033683e-01 3.635607282548378727e+00
7.920423209391528552e+00 9.999579052220791686e-01 3.637102884340977393e+00
8.001240555718066361e+00 1.000731712504306703e+00 3.639673990960984540e+00
8.082057902044640585e+00 1.001812709671674240e+00 3.645217479890756618e+00
8.162875248371159742e+00 1.001919844511420354e+00 3.638779677254359246e+00
8.243692594697733966e+00 1.002383765624979883e+00 3.644759694827219398e+00
8.324509941024272663e+00 1.003523497254322994e+00 3.645657442868648790e+00
8.405327287350804255e+00 1.004314769194589285e+00 3.652523769829790989e+00
8.486144633677366045e+00 1.003311223456751611e+00 3.651801389066331005e+00
8.566961980003899413e+00 1.002984306980904572e+00 3.650984212205109714e+00
8.647779326330434557e+00 1.003568390676360389e+00 3.653912730133409337e+00
8.728596672657012334e+00 1.003144208842268181e+00 3.655404407305393732e+00
8.809414018983529715e+00 1.003285171377185536e+00 3.658721359279964336e+00
8.890231365310107492e+00 1.003403487926141091e+00 3.652760140796405430e+00
8.971048711636642636e+00 1.003805947433238588e+00 3.657088647573411233e+00
9.051866057963172452e+00 1.003358092079864150e+00 3.651941292597546962e+00
9.132683404289737794e+00 1.003450857908780636e+00 3.646994486091057919e+00
9.213500750616269386e+00 1.002416805801128685e+00 3.641801558826140539e+00
9.294318096942802754e+00 1.002478914067215676e+00 3.647306524385068194e+00
9.375135443269382307e+00 1.001924754085719904e+00 3.645355431292260473e+00
9.455952789595899688e+00 1.002134720417778846e+00 3.647647803194177030e+00
9.536770135922481018e+00 1.003209010763552289e+00 3.650578478614069144e+00
9.617587482249012609e+00 1.003252501057844581e+00 3.657040471951801042e+00
9.698404828575540648e+00 1.003944332837541920e+00 3.660320881756821798e+00
9.779222174902111320e+00 1.003903137495964382e+00 3.661970079951724966e+00
9.860039521228641135e+00 1.003106490987836663e+00 3.655498537090180911e+00
9.940856867555170950e+00 1.002709883027695481e+00 3.646467091536449878e+00
1.002167421388175406e+01 1.002238969933292312e+00 3.642537045815883889e+00
1.010249156020827144e+01 1.001073887276418661e+00 3.636985835276393075e+00
1.018330890653485099e+01 1.000130383655931210e+00 3.634063098131369962e+00
1.026412625286138258e+01 9.996960273375418149e-01 3.629678068800187507e+00
1.034494359918791062e+01 9.999469186963381162e-01 3.639600972205244034e+00
1.042576094551448307e+01 9.994900571750099383e-01 3.641552856282565642e+00
1.050657829184101111e+01 1.000486303590625070e+00 3.646707421712404251e+00
1.058739563816753915e+01 1.000598441145531758e+00 3.644004299896807186e+00
1.066821298449412403e+01 1.000386849538087208e+00 3.637876062036473179e+00
1.074903033082064141e+01 9.997659790182022999e-01 3.633286345066210732e+00
1.082984767714722629e+01 9.995060383164662277e-01 3.632038630974914639e+00
1.091066502347375078e+01 9.991205239872235078e-01 3.635342505984018313e+00
1.099148236980028237e+01 9.981473195202564819e-01 3.625349933152248738e+00
1.107229971612685482e+01 9.996449200104835509e-01 3.639877592835893960e+00
1.115311706245338819e+01 9.996204853121910539e-01 3.645802882194680627e+00
1.123393440877990734e+01 9.999940956767784384e-01 3.648968995375708957e+00
1.131475175510649400e+01 9.997332540497371189e-01 3.645479488375347188e+00
1.139556910143301849e+01 1.000564245748588821e+00 3.653339597607289324e+00
1.147638644775958916e+01 1.000739511020546590e+00 3.654293998185042636e+00
1.155720379408612430e+01 1.000882402569844398e+00 3.656386468256917599e+00
1.163802114041265945e+01 1.001290840121721537e+00 3.665302476050359637e+00
1.171883848673921591e+01 1.000775140733506152e+00 3.659527629800249926e+00
1.179965583306575283e+01 1.000622794241188718e+00 3.661731465001097696e+00
1.188047317939228975e+01 1.001239851329557284e+00 3.663626543045828132e+00
1.196129052571884976e+01 1.001145642860343354e+00 3.663201061778304624e+00
1.204210787204538136e+01 1.002561771486991216e+00 3.668046221820599584e+00
1.212292521837196979e+01 1.002876469386143832e+00 3.670853973781485813e+00
1.220374256469848007e+01 1.002794267219099700e+00 3.668604796137718616e+00
1.228455991102502054e+01 1.002409735417891135e+00 3.662591420839933942e+00
1.236537725735159654e+01 1.002321766635330125e+00 3.664797891128656282e+00
1.244619460367813879e+01 1.001729686599111879e+00 3.656876043064121617e+00
1.252701195000464729e+01 1.002894144460225956e+00 3.661506881987986795e+00
1.260782929633123572e+01 1.001351393666132905e+00 3.652022373895990714e+00
1.268864664265776909e+01 1.000772329228609703e+00 3.653450943758322023e+00
1.276946398898432022e+01 1.001541962441055311e+00 3.649626931377290440e+00
1.285028133531086603e+01 1.000964528821566724e+00 3.649617018092040421e+00
1.293109868163741005e+01 1.000698052665795368e+00 3.654110687164884297e+00
1.301191602796394875e+01 1.001012802422331038e+00 3.661020549357125287e+00
1.309273337429049278e+01 1.000488949604953159e+00 3.658239238476310717e+00
1.317355072061703858e+01 9.994027072519402477e-01 3.655102688605967209e+00
1.325436806694358260e+01 9.997677304650709473e-01 3.659482500406154859e+00
1.333518541327012130e+01 9.994646255413909275e-01 3.647201683656851490e+00
1.341600275959671151e+01 1.000833022609180611e+00 3.657494212847207216e+00
1.349682010592321291e+01 1.000416182486040251e+00 3.650020395176808652e+00
1.357763745224975871e+01 9.990713958763925984e-01 3.649183919422475331e+00
1.365845479857634182e+01 9.970542198612036833e-01 3.641067126665034515e+00
1.373927214490288939e+01 9.966172106889072957e-01 3.639984214997654899e+00
1.382008949122938724e+01 9.969469601043953189e-01 3.638840364526187532e+00
1.390090683755597745e+01 9.959770023674854311e-01 3.633194667977323711e+00
1.398172418388251970e+01 9.966003632993407635e-01 3.637927283067408091e+00
1.406254153020905662e+01 9.965904985398170712e-01 3.641167205620614133e+00
1.414335887653560597e+01 9.955268898147495715e-01 3.635252465836484426e+00
1.422417622286215888e+01 9.967458252728075285e-01 3.648440016908499395e+00
1.430499356918868337e+01 9.966515477354029873e-01 3.650255835086110068e+00
1.438581091551523450e+01 9.972472690980052068e-01 3.647642764998308085e+00
1.446662826184178563e+01 9.964825911804922054e-01 3.636721204319369960e+00
1.454744560816831722e+01 9.957721792257117066e-01 3.632676532474121256e+00
1.462826295449486302e+01 9.954670790303592476e-01 3.634096814284437649e+00
1.470908030082145501e+01 9.957765671552260001e-01 3.640584516439587137e+00
1.478989764714794397e+01 9.951409178551903212e-01 3.635142437359284440e+00
1.487071499347449688e+01 9.959915787498249129e-01 3.641875046835575613e+00
1.495153233980108531e+01 9.955723044100541763e-01 3.642391910252485321e+00
1.503234968612763822e+01 9.960597474134624818e-01 3.646641905699628428e+00
1.511316703245412718e+01 9.963183944957018090e-01 3.639480229105168885e+00
1.519398437878071917e+01 9.966032956839416812e-01 3.637110751746438719e+00
1.527480172510726852e+01 9.964316070551945126e-01 3.642331707559705034e+00
1.535561907143378946e+01 9.966243264814448333e-01 3.641849709832162496e+00
1.543643641776034769e+01 9.967082454273470393e-01 3.641841638851717189e+00
1.551725376408690238e+01 9.972737049421076527e-01 3.640813004320515134e+00
1.559807111041341798e+01 9.974417857376658425e-01 3.639263522675336038e+00
1.567888845673997622e+01 9.983676860458324809e-01 3.641468731523537894e+00
1.575970580306653268e+01 9.989342716895428520e-01 3.642567130190776936e+00
1.584052314939305184e+01 9.975729426696908764e-01 3.638757183389895289e+00
1.592134049571960297e+01 9.972249245388176142e-01 3.637842770852547147e+00
1.600215784204619851e+01 9.968479955372646639e-01 3.633753036919736168e+00
1.608297518837267859e+01 9.978688372616107971e-01 3.635700591402409199e+00
