0.000000000000000000e+00 1.504809651271482807e+00 1.000000000000000000e+00
6.580682608351924312e-01 1.297795240816332463e+00 6.703265462476035719e-01
1.316136521668714643e+00 1.177069831617620688e+00 4.850489529394779731e-01
1.974204782502238187e+00 1.101848402678246241e+00 3.820778192365245629e-01
2.632273043335770168e+00 1.060335663505307835e+00 3.224296003596480720e-01
3.290341304169287717e+00 1.035114447344258171e+00 2.892593900601601042e-01
3.948409565002822585e+00 1.020687381109197434e+00 2.699970294488538980e-01
4.606477825836349460e+00 1.012053490718275439e+00 2.593361070672723923e-01
5.264546086669859903e+00 1.006651043308108617e+00 2.534241029548398028e-01
5.922614347503387222e+00 1.002005021487291314e+00 2.497917500234059229e-01
6.580682608336918094e+00 1.001211998234779355e+00 2.470690649313456444e-01
7.238750869170445412e+00 1.001683230446976935e+00 2.453461737934082010e-01
7.896819130003955856e+00 1.001150900610730421e+00 2.445123065818703145e-01
8.554887390837487615e+00 1.000147072162502981e+00 2.445080339983523310e-01
9.212955651671025592e+00 1.000822626158014428e+00 2.445629715568350404e-01
9.871023912533621214e+00 1.001435746316849729e+00 2.441906536701783648e-01
1.052909217339795411e+01 1.001204162340651793e+00 2.442642953909853198e-01
1.118716043426232076e+01 1.000826997094014681e+00 2.440216827187776383e-01
1.184522869512664833e+01 1.000410101720364819e+00 2.441638773245850547e-01
1.250329695599095281e+01 1.000323038570071654e+00 2.443981708617583015e-01
1.316136521685529104e+01 1.001103092359467039e+00 2.448018437697964123e-01
1.381943347771963637e+01 1.001618083918605739e+00 2.441124488082167254e-01
1.447750173858397815e+01 1.000644011257054711e+00 2.451362671626239054e-01
1.513556999944831105e+01 1.000676043267914483e+00 2.452762517651612406e-01
1.579363826031260487e+01 1.000614729166588113e+00 2.447234277434836291e-01
1.645170652117698751e+01 1.000474134876528698e+00 2.443067955421048543e-01
1.710977478204127067e+01 1.000670609489255014e+00 2.444835952397370338e-01
1.776784304290561423e+01 1.000742885476594735e+00 2.439844185856346603e-01
1.842591130376997555e+01 9.995850587433781076e-01 2.439835781463202957e-01
1.908397956457953271e+01 9.990803503396032959e-01 2.441024005299124167e-01
1.974204782538224379e+01 9.996573557520349596e-01 2.442360343812969570e-01
2.040011608618501882e+01 9.995204457425462818e-01 2.436132971803105229e-01
2.105818434698773345e+01 9.993504245621195325e-01 2.437968254396362111e-01
2.171625260779040545e+01 9.986975518165821519e-01 2.442485085517913102e-01
2.237432086859310587e+01 9.988980954618896790e-01 2.441899048873155675e-01
2.303238912939590222e+01 9.988164620959298912e-01 2.447171464300095800e-01
2.369045739019860264e+01 9.981509344510270942e-01 2.443283098352483640e-01
2.434852565100127819e+01 9.976028455246700455e-01 2.436422184363355448e-01
2.500659391180398572e+01 9.978563800718500687e-01 2.438654809957159775e-01
2.566466217260676075e+01 9.995658272488411322e-01 2.440304920256627652e-01
2.632273043340947538e+01 1.000553142823256580e+00 2.437911723056761515e-01
2.698079869421217936e+01 9.990393110468464011e-01 2.438387065526071151e-01
2.763886695501483715e+01 9.991371191479293534e-01 2.438517995158059060e-01
2.829693521581765836e+01 9.990178533686355777e-01 2.433738069278766625e-01
2.895500347662030194e+01 9.992135965928102825e-01 2.440167270651852627e-01
2.961307173742302012e+01 9.985852307014206897e-01 2.442293520786917027e-01
3.027113999822576318e+01 9.992688030899128382e-01 2.442262703920363154e-01
3.092920825902847071e+01 9.994169496263900498e-01 2.444863081850690012e-01
3.158727651983121731e+01 9.983445742692914626e-01 2.452386477392661801e-01
3.224534478063396392e+01 9.997727207929918425e-01 2.439521455534804095e-01
3.290341304143657908e+01 9.999214573286574481e-01 2.441554084114915257e-01
3.356148130223940740e+01 9.985188774826002645e-01 2.444869017634049846e-01
3.421954956304201545e+01 9.986309436138196549e-01 2.438777075266219119e-01
3.487761782384476561e+01 9.993220663158697281e-01 2.436540909539268995e-01
3.553568608464752998e+01 9.989783922444364084e-01 2.439191646136555092e-01
3.619375434545019488e+01 9.991340889906454859e-01 2.445736813974616897e-01
3.685182260625296635e+01 9.993924137813099406e-01 2.447858087814347161e-01
3.750989086715146215e+01 1.000344153617891862e+00 2.444141337565558791e-01
3.816795912807740621e+01 9.993518403576050479e-01 2.449080325031665895e-01
3.882602738900335737e+01 9.998701517380262915e-01 2.437191103176294393e-01
3.948409564992930143e+01 9.986056575274826486e-01 2.446302518533123305e-01
4.014216391085525970e+01 9.994449242295740943e-01 2.445688601896747749e-01
4.080023217178120376e+01 9.987155717762871143e-01 2.445940526964481831e-01
4.145830043270715493e+01 9.991620122894789846e-01 2.442495559747222822e-01
4.211636869363309899e+01 9.992256233568660440e-01 2.445758456578674134e-01
4.277443695455905726e+01 9.978829883904721809e-01 2.451427606157975392e-01
4.343250521548500132e+01 9.996758792848394748e-01 2.440317348681394216e-01
4.409057347641095248e+01 9.990061881193239568e-01 2.439615635436049590e-01
4.474864173733689654e+01 9.993433934821116527e-01 2.440389703158670764e-01
4.540670999826284771e+01 9.993042370518218087e-01 2.437031684792206887e-01
4.606477825918879176e+01 1.000303033518812112e+00 2.438151453895268939e-01
4.672284652011475004e+01 9.991141915760968217e-01 2.439906538490443089e-01
4.738091478104068699e+01 9.997472809048343345e-01 2.442319608976980250e-01
4.803898304196663105e+01 1.000537825367942446e+00 2.436307441134691054e-01
4.869705130289257511e+01 1.001895587939339416e+00 2.437545567510617517e-01
4.935511956381851917e+01 1.001971779475810953e+00 2.441730924917542844e-01
5.001318782474445612e+01 1.001369438262861733e+00 2.440007144223684254e-01
5.067125608567040729e+01 9.999368723163003514e-01 2.444111781332769795e-01
5.132932434659633714e+01 1.000249023352285382e+00 2.447710390450519302e-01
5.198739260752228830e+01 1.000858960162340328e+00 2.448482532080842877e-01
5.264546086844822526e+01 1.001913230707049074e+00 2.444960482270489288e-01
5.330352912937416932e+01 1.001703480091933329e+00 2.439877277201233929e-01
5.396159739030011337e+01 1.000344321839464756e+00 2.441342072012389619e-01
5.461966565122605743e+01 1.000449729969742130e+00 2.442612515449174293e-01
5.527773391215200149e+01 9.992940257617910493e-01 2.447084061683324763e-01
5.593580217307794555e+01 1.000530890215937108e+00 2.441754087166917164e-01
5.659387043400388961e+01 1.000704005333891367e+00 2.442919041313361128e-01
5.725193869492981946e+01 1.000579333485946742e+00 2.451320803625789968e-01
5.791000695585577063e+01 9.997809644726840528e-01 2.444717763944508349e-01
5.856807521678170758e+01 1.001892267612920273e+00 2.437695580693134967e-01
5.922614347770765875e+01 1.001713871996886995e+00 2.439628474301820393e-01
5.988421173863360281e+01 1.002538720036448394e+00 2.433934517335724079e-01
6.054227999955954687e+01 1.001280832932698539e+00 2.444807825299152582e-01
6.120034826048549093e+01 1.000982899918002156e+00 2.447177535823685524e-01
6.185841652141143499e+01 1.000619081555632839e+00 2.448377951662166763e-01
6.251648478233738615e+01 1.001800594950693180e+00 2.444409939568669421e-01
6.317455304326331600e+01 1.000685250005098226e+00 2.448129460371348265e-01
6.383262130418926006e+01 1.001455678728395249e+00 2.443882432722683240e-01
6.449068956511520412e+01 1.001124449429062091e+00 2.442518836239689073e-01
6.514875782604114818e+01 1.000802352472447643e+00 2.446661613519737211e-01
6.580682608696709224e+01 1.000840211796126811e+00 2.441185641247965721e-01
6.646489434789303630e+01 1.000726853904198688e+00 2.441579711672383080e-01
6.712296260881898036e+01 1.000390542084285794e+00 2.443705531832150446e-01
6.778103086974492442e+01 1.001052551606868235e+00 2.436318536039841220e-01
6.843909913067088269e+01 1.000818273342004572e+00 2.440711110843495069e-01
6.909716739159682675e+01 1.000503198129978122e+00 2.439496340003006747e-01
6.975523565252275660e+01 1.000647895983921565e+00 2.437296919701982256e-01
7.041330391344871487e+01 1.001378854471969726e+00 2.438396876330373442e-01
7.107137217437465893e+01 1.000583072040346577e+00 2.437250306229791219e-01
7.172944043530060299e+01 1.000387972235749601e+00 2.436855864278117401e-01
7.238750869622654704e+01 1.000430946081167338e+00 2.442678936562013570e-01
7.304557695715247689e+01 9.999388998900654579e-01 2.443600773878265575e-01
7.370364521807843516e+01 9.997591291928532575e-01 2.443538259714087557e-01
7.436171347900437922e+01 1.000158365331213606e+00 2.441813879173105883e-01
7.501978173993033749e+01 9.994839441773356592e-01 2.445127311929707892e-01
7.567785000085626734e+01 9.996471469137361288e-01 2.446336126134880384e-01
7.633591826178221140e+01 9.987310866647247654e-01 2.443884260712994305e-01
7.699398652270815546e+01 9.975433899223932199e-01 2.444790928257851437e-01
7.765205478363408531e+01 9.982610011502580649e-01 2.442526942251961597e-01
7.831012304456002937e+01 9.993887423468782449e-01 2.436056477848789203e-01
7.896819130548598764e+01 1.000189235376957253e+00 2.439518093537497712e-01
7.962625956641193170e+01 9.999629300744465876e-01 2.436803400783917883e-01
8.028432782733787576e+01 9.992065873540860732e-01 2.442161395019890047e-01
8.094239608826381982e+01 9.987910003318946073e-01 2.440867299496347065e-01
8.160046434918977809e+01 9.993042576972156477e-01 2.439482414854229342e-01
8.225853261011572215e+01 9.990761215804941919e-01 2.446033547406337993e-01
8.291660087104166621e+01 9.990459225138835775e-01 2.449910443432622431e-01
8.357466913196761027e+01 9.987975738443052309e-01 2.446168270933511968e-01
8.423273739289355433e+01 9.998590076204096899e-01 2.448491530185088749e-01
8.489080565381949839e+01 1.000387276851210983e+00 2.442760001150783011e-01
8.554887391474544245e+01 9.996040005023192343e-01 2.442286950221794206e-01
8.620694217567138651e+01 9.990120151377348545e-01 2.446339803600834362e-01
8.686501043659733057e+01 9.996457573409368580e-01 2.443676100402812357e-01
8.752307869752327463e+01 1.000530425985036054e+00 2.441200479205464513e-01
8.818114695844923290e+01 1.001354969393753791e+00 2.440500561624906473e-01
8.883921521937517696e+01 1.000747700440721255e+00 2.439641480515073457e-01
8.949728348030110681e+01 9.998632086724534851e-01 2.438235619453555936e-01
9.015535174122705087e+01 1.000408243513733586e+00 2.442026524627712858e-01
9.081342000215299493e+01 1.000247360084599801e+00 2.441456641093039115e-01
9.147148826307895320e+01 9.985041429078600483e-01 2.443748384904445847e-01
9.212955652400489726e+01 9.987829933863214826e-01 2.442530095200482476e-01
9.278762478493084132e+01 9.994584122342407007e-01 2.439457902809781531e-01
9.344569304585678537e+01 1.002037430918588434e+00 2.433321893777083411e-01
9.410376130678274365e+01 1.002074237512648569e+00 2.441750371026179811e-01
9.476182956770868770e+01 1.001548110638717182e+00 2.440274003058897356e-01
9.541989782863463176e+01 1.000463983341202789e+00 2.445019841452599485e-01
9.607796608956057582e+01 1.000061859382411766e+00 2.442503403101009551e-01
9.673603435048651988e+01 9.998362486810621341e-01 2.447961059009508833e-01
9.739410261141247815e+01 1.000986207435844211e+00 2.444220497762622235e-01
9.805217087233842221e+01 1.000057331980078068e+00 2.441053491535983833e-01
9.871023913326436627e+01 9.994833699987508702e-01 2.443448689063398294e-01
