0.000000000000000000e+00 1.500561253631518932e+00 1.000000000000000000e+00 -2.805543199786298260e-04 -8.189713479301278945e-04 7.661777610995281753e-04
6.491561526571524299e-01 1.284066663455036617e+00 1.100108439464455135e+00 3.568898838987258609e-03 3.828194748545046822e-02 1.744035182928410990e-02
1.298312305313366721e+00 1.168419444448404398e+00 1.155702086903025672e+00 2.902716462387881086e-03 5.952392695561922048e-02 1.990725869538013948e-02
1.947468457969594890e+00 1.103896278830591937e+00 1.183694645520621425e+00 4.217072175120827222e-03 7.059712049691223290e-02 2.011554352439185941e-02
2.596624610632268126e+00 1.066135674546164536e+00 1.192449394380407535e+00 3.982156594933454648e-03 7.791190435249963075e-02 2.012848246842706065e-02
3.245780763294994653e+00 1.043584034961484885e+00 1.191800006090995900e+00 3.257714808023496732e-03 8.262054469333630913e-02 1.929720597970044360e-02
3.894936915957719403e+00 1.029500911602537538e+00 1.187466905190317723e+00 4.287401174083767946e-03 8.405920957801697735e-02 1.969496402046330349e-02
4.544093068607618413e+00 1.020485827968654613e+00 1.181119403574325100e+00 5.066005464686486499e-03 8.553726647220043222e-02 1.930006812852360851e-02
5.193249221257329573e+00 1.015211526786596874e+00 1.174784943778787616e+00 4.627771054267080554e-03 8.408484285995332375e-02 1.817579348768319156e-02
5.842405373907065602e+00 1.011232303709301616e+00 1.169744733525943436e+00 4.342378612245418462e-03 8.435572467329958968e-02 1.894028394270298038e-02
6.491561526556779427e+00 1.007670742336658209e+00 1.166039810260116827e+00 3.592379605438756132e-03 8.640990018572548836e-02 2.056354047270978272e-02
7.140717679206476376e+00 1.006395433720212118e+00 1.161856932095459927e+00 3.142192945200957249e-03 8.419431794440816741e-02 1.717944586585571157e-02
7.789873831856225728e+00 1.004539436300136312e+00 1.158998630744210390e+00 3.613539011317126737e-03 8.322910934602198441e-02 1.754529475054665208e-02
8.439029984531147832e+00 1.004010791237071265e+00 1.155858504963179989e+00 4.108831425203269584e-03 8.322987732705046382e-02 1.865357903336550827e-02
9.088186137206815118e+00 1.003051194728259210e+00 1.153173070109180687e+00 3.791433953917967489e-03 8.404982918355442811e-02 1.865786706630994177e-02
9.737342289882567670e+00 1.002161685789969781e+00 1.149399483703504421e+00 3.108612804073886213e-03 8.546705962347898866e-02 2.044692468622937714e-02
1.038649844255833266e+01 1.001054893121758882e+00 1.149417723932993907e+00 3.860902389540902830e-03 8.379106001456763930e-02 1.768226108835531385e-02
1.103565459523402126e+01 1.001273952027123215e+00 1.148941856071084011e+00 4.164343977602404448e-03 8.335438336840345075e-02 1.933987590450369706e-02
1.168481074790977381e+01 1.001228958572239591e+00 1.147007812266747306e+00 4.647582125697509621e-03 8.325329573415192475e-02 1.954326678046838794e-02
1.233396690058550860e+01 1.000152523150612538e+00 1.147838399472123738e+00 3.428369157470894085e-03 8.439193076207072985e-02 1.826307333594359011e-02
1.298312305326123450e+01 1.000042273741673204e+00 1.146859729816511075e+00 4.314341888805960437e-03 8.538336172722789386e-02 1.932510842409766727e-02
1.363227920593697995e+01 1.000266152529108332e+00 1.147179972407773807e+00 3.214518657313864339e-03 8.187346344127675868e-02 1.735819723450939336e-02
1.428143535861262059e+01 9.997174398652721727e-01 1.147198474103326760e+00 4.720275965311008549e-03 8.198243885013870025e-02 2.099855171944374835e-02
1.493059151128846196e+01 9.995770862686983449e-01 1.149928038113200879e+00 2.756854770103441075e-03 8.414624268301391929e-02 1.864336832889216741e-02
1.557974766396417543e+01 1.000294579688592478e+00 1.149427490937706464e+00 4.453649885381411044e-03 8.084729519034235257e-02 1.885607112432090976e-02
1.622890381659106751e+01 9.995719047955740066e-01 1.150525781678885862e+00 3.296273253707408118e-03 8.017895867793346787e-02 1.902251333253878948e-02
1.687805996921473550e+01 9.997133223018421777e-01 1.149161409231010511e+00 2.679452964610913850e-03 8.039370760714571740e-02 2.018133047227608709e-02
1.752721612183856692e+01 9.996023480014698537e-01 1.149118969331983209e+00 3.065961603671474647e-03 8.035611853985634434e-02 2.096582958196202204e-02
1.817637227446224202e+01 1.000169869558793945e+00 1.147880373489958528e+00 3.052886792056593371e-03 8.116787231723104901e-02 2.153254923033461055e-02
1.882552842708595975e+01 1.000169172519881133e+00 1.146654041016246017e+00 3.076946884641647371e-03 8.144242858367965743e-02 2.008612738966099320e-02
1.947468457970962774e+01 1.000443627781651301e+00 1.146919474724806598e+00 3.281636520879321981e-03 8.059024795844756117e-02 1.974594035169438544e-02
2.012384073233328508e+01 9.995369196876703333e-01 1.147674621758844049e+00 2.495697967416824880e-03 8.071372565588030845e-02 1.812966275695558627e-02
2.077299688495695307e+01 1.000433141750403099e+00 1.147575045470376587e+00 2.579269596125075004e-03 8.003650710835751025e-02 1.908222483994565996e-02
2.142215303758066014e+01 1.000512356429611227e+00 1.147267645658325064e+00 3.516326997994052590e-03 8.108400866345627511e-02 1.884657651145974291e-02
2.207130919020434590e+01 1.000058999767499790e+00 1.148872594218280030e+00 2.938701376314181365e-03 8.184144615834630654e-02 1.792967467605812923e-02
2.272046534282817731e+01 9.999656527751562551e-01 1.148043479253889609e+00 4.910544876101833635e-03 8.155875190708382350e-02 1.752289516128202260e-02
2.336962149545188083e+01 1.000391967222707956e+00 1.147292807057979092e+00 4.850287879340224768e-03 8.519551174827584561e-02 1.716556042466992060e-02
2.401877764807552396e+01 1.000152614669034934e+00 1.146943471176901319e+00 4.377850494437518676e-03 8.238125238943855289e-02 1.776824825606038508e-02
2.466793380069924879e+01 1.000045323997451163e+00 1.146061081878864574e+00 5.395103404286383068e-03 8.311345917478203671e-02 1.719362031020366111e-02
2.531708995332298429e+01 9.998072175220282798e-01 1.147274375453826378e+00 3.084928217886270460e-03 8.487801638760383849e-02 1.744295971022581659e-02
2.596624610594656346e+01 9.996944303265862253e-01 1.147486489982387559e+00 2.969322752761770819e-03 8.212197050086414429e-02 1.944074720426390568e-02
2.661540225857035580e+01 9.993677234458385739e-01 1.147237007642886386e+00 3.753615394435255801e-03 8.156329636350832801e-02 1.966807592779118083e-02
2.726455841119392431e+01 9.995888798693134403e-01 1.150849524924052902e+00 3.268132571476843259e-03 8.059289391228346977e-02 1.852082991123839631e-02
2.791371456381784810e+01 9.998554765245233344e-01 1.150046098482392809e+00 3.462943325926423014e-03 7.851357379527212910e-02 1.974108806468046970e-02
2.856287071644139175e+01 9.999250013127441994e-01 1.149041098298996921e+00 3.838353830249764415e-03 7.940371980465817103e-02 1.805571560569854336e-02
2.921202686906520540e+01 9.998686338617068792e-01 1.147821288423618746e+00 4.449789723542249553e-03 8.167879975637067080e-02 1.878071904380302845e-02
2.986118302168873129e+01 9.996864234621111178e-01 1.148469227997291453e+00 3.433109996624848347e-03 8.205322887215897587e-02 1.934834528425702013e-02
3.051033917431252007e+01 1.000414971888520022e+00 1.146768042897930551e+00 3.217316194020335401e-03 8.207096624625916104e-02 1.978924241232541889e-02
3.115949532693632662e+01 1.000032527311963237e+00 1.146433892381490960e+00 2.766666271328363947e-03 8.182191186922348203e-02 1.885432716953476875e-02
3.180865147965103645e+01 1.000056050455613965e+00 1.143796638072802407e+00 3.159317728829567472e-03 8.101603362154567722e-02 1.815230754665544607e-02
3.245780763237862487e+01 9.998052967126159762e-01 1.145582628523378110e+00 3.866758148255834346e-03 8.330803021209454151e-02 1.929061139979310405e-02
3.310696378510638738e+01 9.985979139436076402e-01 1.145162720910957388e+00 3.635657114520512902e-03 8.075542183378021932e-02 1.759861181672101038e-02
3.375611993783429199e+01 9.988325537808757648e-01 1.143998841175390302e+00 2.552733012092628286e-03 8.105936026770245439e-02 1.813746494578771101e-02
3.440527609056206870e+01 9.988675776286373154e-01 1.145794629914760332e+00 2.822048454207796552e-03 8.131042826632617349e-02 2.008803958267990977e-02
3.505443224328962515e+01 9.993340445161023045e-01 1.146352024551197557e+00 3.681662376977427181e-03 7.984748333417018840e-02 1.997788188326235156e-02
3.570358839601740897e+01 1.000083553730618968e+00 1.147181766393531754e+00 3.140780667538597883e-03 8.078977834057236851e-02 1.847176644642326698e-02
3.635274454874531358e+01 1.000220601250411567e+00 1.147829881636889704e+00 4.619346335261830319e-03 7.887454624405371151e-02 1.852255402468988912e-02
3.700190070147310450e+01 9.997450028086681817e-01 1.147883464338063098e+00 4.186012442835409207e-03 7.972573914182272403e-02 1.898182836114643834e-02
3.765105685420061832e+01 9.998446172236191698e-01 1.148547116929022671e+00 3.101606397669530359e-03 7.811281570961046972e-02 1.929618094171002898e-02
3.830021300692841635e+01 9.999633851010724106e-01 1.147910871750996264e+00 3.187538963223841143e-03 7.929207450140306201e-02 1.927139666967302156e-02
3.894936915965633517e+01 9.994511099448175617e-01 1.148915617851604010e+00 3.381550417762415901e-03 7.802586206218597997e-02 1.960183814905269370e-02
3.959852531238413320e+01 9.997055765829339080e-01 1.148016820273793703e+00 3.901585602198216155e-03 7.854578244808486931e-02 1.925818872051661759e-02
4.024768146511162570e+01 9.996841802803499988e-01 1.147982405570996178e+00 3.916432227696488473e-03 8.010890164567642524e-02 1.912381059284799442e-02
4.089683761783943794e+01 9.994972771129823075e-01 1.146277635191549127e+00 3.585070508929146318e-03 8.100690561402788814e-02 1.855071585261200071e-02
4.154599377056734966e+01 9.992710018434577401e-01 1.147470836323455368e+00 3.924508345387105364e-03 8.131365675322681230e-02 1.672915566652095551e-02
4.219514992329515479e+01 9.992140000864619953e-01 1.145936593291473571e+00 3.923827392242642403e-03 8.142579724584016188e-02 1.945033354144537832e-02
4.284430607602263308e+01 9.986348619294712625e-01 1.148165575339028743e+00 2.734809832335567594e-03 7.956742162513875949e-02 1.810807253031472205e-02
4.349346222875045243e+01 9.989750292110507468e-01 1.147470391466582251e+00 3.778642744794009477e-03 8.078010460212034505e-02 1.945835566940110756e-02
4.414261838147836414e+01 9.984852626577296331e-01 1.146690496548973481e+00 4.096578246616160678e-03 8.220344895525989737e-02 2.026547611607324231e-02
4.479177453420619059e+01 9.989264810470421807e-01 1.146524883158964281e+00 5.083914578617803985e-03 8.483106869196672950e-02 1.924759406459593605e-02
4.544093068693371862e+01 9.984612611343866018e-01 1.146362684671786925e+00 3.431772194162749715e-03 8.242959989942251486e-02 2.032317488354084059e-02
4.609008683966155928e+01 9.986408495904496307e-01 1.146523633734301661e+00 3.767815510167610727e-03 8.227907366295110492e-02 2.001835165130632158e-02
4.673924299238929336e+01 9.984237781209751583e-01 1.146242106498130520e+00 4.593067300331672015e-03 8.200112829785065338e-02 2.046539100131999911e-02
4.738839914511710560e+01 9.993410307253373093e-01 1.145672306290317133e+00 3.763657927978360501e-03 8.057690339634342169e-02 2.028765702987831224e-02
4.803755529784465494e+01 1.000071246096079225e+00 1.147045394497656856e+00 4.420604510919075129e-03 8.134359874709833071e-02 1.778943632911802672e-02
4.868671145057249561e+01 9.999980824496366161e-01 1.145747200811365829e+00 4.632949980098884785e-03 8.289844305967224158e-02 2.121222722647300718e-02
4.933586760330041443e+01 1.000179248788259700e+00 1.147569987192539775e+00 3.353733089965065580e-03 8.362712183181723880e-02 1.905617961542142511e-02
4.998502375602825509e+01 1.000494942862369063e+00 1.147162699558404997e+00 4.130203819466296729e-03 8.220099411526457511e-02 2.005610383002957853e-02
5.063417990875581864e+01 9.998830314507990424e-01 1.147498886898172366e+00 2.199502759958043858e-03 8.206952027183098131e-02 1.763953506615478783e-02
5.128333606148366641e+01 9.998516089902792503e-01 1.148137266328707273e+00 3.003011656153569287e-03 8.364580385008356378e-02 2.067702511147523348e-02
5.193249221421125128e+01 9.995849595573564894e-01 1.146829193866085062e+00 1.781395863082713875e-03 8.320906834731091328e-02 2.062134442066035009e-02
5.258164836693909194e+01 9.999171626046023942e-01 1.145295113683748367e+00 5.010559058519160371e-03 8.178619678744879218e-02 1.979219278505205820e-02
5.323080451966666971e+01 9.995486271815565704e-01 1.146588817073759481e+00 3.727627116928092493e-03 8.103575330754170247e-02 2.043411010917378992e-02
5.387996067239451747e+01 9.997020154858462515e-01 1.145887524498467203e+00 4.294802818116384875e-03 8.198657089278359178e-02 2.099693997931713352e-02
5.452911682512245051e+01 9.997535748588758375e-01 1.144126886249882569e+00 4.309167548595720099e-03 7.819603289625214060e-02 2.058355234847764059e-02
5.517827297785029828e+01 1.000236484714786211e+00 1.145892121713572465e+00 2.950110082255725814e-03 7.889011484721397682e-02 1.840035059591081656e-02
5.582742913057790446e+01 1.000038303161500330e+00 1.144691152924868227e+00 4.125138123598219748e-03 7.992689661944807344e-02 1.757283857837961191e-02
5.647658528330577354e+01 1.000110608067996232e+00 1.144533921866484283e+00 3.572656026652453257e-03 8.085004165288889322e-02 1.943974924908360019e-02
5.712574143603323051e+01 9.995080727003808896e-01 1.144561962218805462e+00 5.369533397582514772e-03 8.082946402357786553e-02 2.063782139494538606e-02
5.777489758876107118e+01 9.998614980522335660e-01 1.145211354710784502e+00 3.436527865630069345e-03 8.113060277408906673e-02 1.760297790635305740e-02
5.842405374148869157e+01 9.996971325206428505e-01 1.145692633953151018e+00 3.655603053494734574e-03 8.327412576265792732e-02 1.731353996119983432e-02
5.907320989421655355e+01 1.000045499265761695e+00 1.144653826252506112e+00 3.239682954549536874e-03 8.422626044172694393e-02 1.853399223378133717e-02
5.972236604694449369e+01 1.000756962691504048e+00 1.146511212743506203e+00 1.974911197223667286e-03 8.347020716238366667e-02 1.940714258442713738e-02
6.037152219967234146e+01 1.000290599700138339e+00 1.146156100252240018e+00 4.596134416650857896e-03 8.026650082087054272e-02 1.941221855468564308e-02
6.102067835239998317e+01 1.000224657677950546e+00 1.146739461705797991e+00 4.510740976426551654e-03 8.154875799153103733e-02 1.979714857461496724e-02
6.166983450512786646e+01 9.998052448976318951e-01 1.146477736667074865e+00 4.745366909565808082e-03 8.115225323809392710e-02 1.708167742246433779e-02
6.231899065785520975e+01 9.996994252908530942e-01 1.147177852121912256e+00 2.649003788625156532e-03 7.955465738587456925e-02 1.665328854957020058e-02
6.296814681058307883e+01 9.993361124750274049e-01 1.147049947251049140e+00 5.103635990426669093e-03 8.247991359320525073e-02 1.982830668925981976e-02
6.361730296331072054e+01 9.989498460385666245e-01 1.144955457418671552e+00 4.343569172555420722e-03 8.023744135865702731e-02 1.928841129330792839e-02
6.426645911603858963e+01 9.991972454813773385e-01 1.146232480512799023e+00 4.047995248084167337e-03 8.236951632411007584e-02 1.999495954725184418e-02
6.491561526876651556e+01 9.993821939265322696e-01 1.146177338824873493e+00 4.892364701606597213e-03 8.355280541746552825e-02 1.820669256310372339e-02
6.556477142149439885e+01 9.994483652641383831e-01 1.147998632766101812e+00 2.962539650274620320e-03 8.386338446873431440e-02 2.060302125453585334e-02
6.621392757422205477e+01 9.998300786349666458e-01 1.148612592690182899e+00 2.749029107036265324e-03 8.153134589242498620e-02 1.849767634735850069e-02
6.686308372694993807e+01 9.999968092122221153e-01 1.149565011034693773e+00 3.787585656683540442e-03 8.331834639400426124e-02 1.840024136579464231e-02
6.751223987967721030e+01 9.997021080074058874e-01 1.149758532739930006e+00 2.533824881382993558e-03 8.172543207606138005e-02 1.734548461926462351e-02
6.816139603240507938e+01 9.999179923557370842e-01 1.150530958931483605e+00 4.598360204335080227e-03 8.312673858975004604e-02 1.977579368619306402e-02
6.881055218513274951e+01 9.996936088522633268e-01 1.148979060970817256e+00 4.422463980267824120e-03 8.272747846204746291e-02 1.761235598869567362e-02
6.945970833786061860e+01 9.997607454819128492e-01 1.149897416539084061e+00 5.188808154568323033e-03 8.193762536328766388e-02 1.798624389313170299e-02
7.010886449058855874e+01 9.999141078958003748e-01 1.148780872506509620e+00 3.915063957714381634e-03 8.014328000345208314e-02 1.869255906796436426e-02
7.075802064331644203e+01 9.992086780950483194e-01 1.150505772640090907e+00 3.951502489986247722e-03 8.060264244744531903e-02 1.965133770843361868e-02
7.140717679604412638e+01 9.993516199624418173e-01 1.149869242205115549e+00 3.052870933966148840e-03 7.960715245865564171e-02 2.130102054439014445e-02
7.205633294877202388e+01 9.999733851806615892e-01 1.148135458083048954e+00 4.955235909800541870e-03 7.862666944788936074e-02 1.902290081473887590e-02
7.270548910149919664e+01 1.000174672207025939e+00 1.148445784027672500e+00 3.492345899101922252e-03 8.059440032148200428e-02 1.821897438428007887e-02
7.335464525422707993e+01 1.000089756123675899e+00 1.147203311407544168e+00 3.571100126306856262e-03 7.940125181131997556e-02 1.779659615803601616e-02
7.400380140695477849e+01 1.000648867964749389e+00 1.146817733721925636e+00 3.975225500444416575e-03 7.974619547308801903e-02 2.148292227775915400e-02
7.465295755968266178e+01 9.994114877035330524e-01 1.147437058330623705e+00 3.597613130797532033e-03 7.941583218014759693e-02 1.755224035544372674e-02
7.530211371241060192e+01 9.997481527793288247e-01 1.147155237877284462e+00 3.482881005058798603e-03 7.779071334832175777e-02 1.842709465046826756e-02
7.595126986513848522e+01 1.000102648538551797e+00 1.145888365028495670e+00 3.894108465688846717e-03 8.105093785937728113e-02 1.768056129686509242e-02
7.660042601786618377e+01 1.001029034077196567e+00 1.145195005588930615e+00 4.501193575061742704e-03 8.085986875696875298e-02 1.936087001441626557e-02
7.724958217059408128e+01 1.000989062249881600e+00 1.146929453468329418e+00 3.914154325085974183e-03 8.187243595214059588e-02 1.750828222316550345e-02
7.789873832332119719e+01 1.000558573726492595e+00 1.149638611309924396e+00 4.020737165606899643e-03 8.287547954535687267e-02 1.906827404931471168e-02
7.854789447604909469e+01 1.000685318739839236e+00 1.148218403755755901e+00 4.152175928423327070e-03 8.351410881836900113e-02 1.851095125501739727e-02
7.919705062877680746e+01 1.000363419882114524e+00 1.147587148195796436e+00 4.184283107120161278e-03 8.397074528784809200e-02 1.816909523639684970e-02
7.984620678150470496e+01 1.000431598703780622e+00 1.147245336208467803e+00 4.910249741206495697e-03 8.324378852168067000e-02 2.036009640175788157e-02
8.049536293423263089e+01 9.998616764019457870e-01 1.147286326960173630e+00 4.878098457196626894e-03 8.289089218629412670e-02 1.940361786332044439e-02
8.114451908696052840e+01 1.000766278394469966e+00 1.147390332301535532e+00 3.804443009670604395e-03 8.233863241240507724e-02 1.846379730002168165e-02
8.179367523968825537e+01 1.000831728325174197e+00 1.146269496606933336e+00 4.688808151034046419e-03 8.344838483164901399e-02 2.110091205067672615e-02
8.244283139241615288e+01 9.999661632222215379e-01 1.148858438051920228e+00 3.138777904291741028e-03 8.104884512546731146e-02 2.009729358560580562e-02
8.309198754514321195e+01 1.000080685626571819e+00 1.149459035392516926e+00 4.852629872004508328e-03 8.077657123476712775e-02 2.020858079813192543e-02
8.374114369787110945e+01 1.000196355139543192e+00 1.148950305801015981e+00 4.581816408681813058e-03 7.952912950157722816e-02 2.094793614749259833e-02
8.439029985059885064e+01 1.000166947617224800e+00 1.148201783485196081e+00 3.567704159267107416e-03 8.018391610353163557e-02 1.901369241355625392e-02
8.503945600332676236e+01 9.999740374173280433e-01 1.148623193609684456e+00 3.592149049008599906e-03 8.123818895475469481e-02 1.897191533545022554e-02
8.568861215605467407e+01 1.001576637487084254e+00 1.147354554170234575e+00 3.892260450873000210e-03 8.072408518500823194e-02 2.226526439780561126e-02
8.633776830878251474e+01 1.000695754197357124e+00 1.147125060668533925e+00 4.804114072143099608e-03 7.904577099786605499e-02 2.062969721797739547e-02
8.698692446151031277e+01 1.000300578227298676e+00 1.147318946864134714e+00 3.893876432531596585e-03 7.885159333176648688e-02 2.006488669512029172e-02
8.763608061423812501e+01 1.001187947979409687e+00 1.147165466188070804e+00 2.797049635307417154e-03 7.918704237130294588e-02 2.050129578782373604e-02
8.828523676696531197e+01 1.000017577541208347e+00 1.148071214871119849e+00 4.207620806963185099e-03 7.951226496843565028e-02 2.090117449615322420e-02
8.893439291969312421e+01 1.000514171533050556e+00 1.145687183559776612e+00 4.079431247150652057e-03 8.161493193054253359e-02 1.940417914955078205e-02
8.958354907242099330e+01 9.993555741749687860e-01 1.146677668976933573e+00 3.637451165768628304e-03 7.829782082789431275e-02 1.860717622279196501e-02
9.023270522514879133e+01 9.989552453079357797e-01 1.147787246466954958e+00 4.630262831472073924e-03 7.839736495431813557e-02 1.973268920356935352e-02
9.088186137787657515e+01 9.988171512063888091e-01 1.146561028653388714e+00 3.944999556950933538e-03 8.187869761840403660e-02 1.930108149048678431e-02
9.153101753060460055e+01 9.984640936128444944e-01 1.147050743646996995e+00 4.776372265149563846e-03 8.280707431649807215e-02 2.095900829755781292e-02
9.218017368333219963e+01 9.993896626524662041e-01 1.146007206754195318e+00 4.428090208458589777e-03 8.218534688059016269e-02 2.112698064754406704e-02
9.282932983606026767e+01 9.995457288418857500e-01 1.147364463725572437e+00 4.728493344676982547e-03 8.249371377956163376e-02 2.120569236839760577e-02
9.347848598878724147e+01 1.000311547752190444e+00 1.146827960168199434e+00 3.560415753299936686e-03 8.261008418767104566e-02 2.151005174269724970e-02
9.412764214151535214e+01 9.999330607740299914e-01 1.145699077698691948e+00 2.934781700727773571e-03 8.143820503829048152e-02 1.816471849009149500e-02
9.477679829424290858e+01 9.997925378512094730e-01 1.146200037172025565e+00 2.541461703721827406e-03 8.277270627081456666e-02 1.732187575584696534e-02
9.542595444697101925e+01 9.993707507910259968e-01 1.146848150812197042e+00 2.548748402639747484e-03 8.414018164147037127e-02 1.765175822376891315e-02
9.607511059969874623e+01 9.995256636899808589e-01 1.147261035766452109e+00 4.112507585435964085e-03 8.099338187506978370e-02 1.958983217900613430e-02
9.672426675242640215e+01 9.996050706484995718e-01 1.146215578633292376e+00 3.514763536499291782e-03 8.175674971368582233e-02 1.960137292959214170e-02
9.737342290515442755e+01 1.000385088021380042e+00 1.147716392311350031e+00 3.017990489167723164e-03 8.249778399439937349e-02 1.934115046695437934e-02
