0.000000000000000000e+00 1.498023744646021171e+00 1.000000000000000000e+00
7.095098441840711478e-01 1.383224532277292917e+00 7.908701338124711766e-01
1.419019688368922560e+00 1.295698740948195926e+00 6.260250934724537197e-01
2.128529532556598269e+00 1.227373558591741798e+00 4.984749733931756466e-01
2.838039376739494468e+00 1.176122815541515099e+00 3.985527678741864199e-01
3.547549220919116841e+00 1.136651921592163550e+00 3.210548545166211909e-01
4.257059065098742323e+00 1.105222480810166052e+00 2.612559987537441675e-01
4.966568909281384059e+00 1.081682396702075222e+00 2.146252267403838399e-01
5.676078753477102445e+00 1.063505528263442468e+00 1.784917605065030888e-01
6.385588597672867017e+00 1.049073717222474889e+00 1.506093725566910180e-01
7.095098441868572969e+00 1.037641651589927161e+00 1.290057657310395844e-01
7.804608286064307343e+00 1.028692023219977436e+00 1.122619437367641804e-01
8.514118130260028394e+00 1.022559284515020206e+00 9.923975190154821213e-02
9.223627974455780532e+00 1.016795006697048143e+00 8.922453697432795872e-02
9.933137818651488260e+00 1.013154609023150465e+00 8.137561742545534882e-02
1.064264766284718711e+01 1.009298008217176745e+00 7.541426515329528735e-02
1.135215750704289306e+01 1.007510993887924755e+00 7.071671368144040459e-02
1.206166735123862210e+01 1.006263024995608379e+00 6.705745606508005385e-02
1.277117719543432450e+01 1.005161654188795328e+00 6.423478463097169466e-02
1.348068703963014769e+01 1.004293156177554325e+00 6.203220155931091218e-02
1.419019688382586608e+01 1.003040663649550357e+00 6.033393025337829840e-02
1.489970672802155605e+01 1.001706132591529741e+00 5.908763502179459337e-02
1.560921657221729575e+01 1.002285406548452773e+00 5.805136835188048905e-02
1.631872641641305322e+01 1.002596560475188081e+00 5.727487921654104280e-02
1.702823626060869699e+01 1.001382421518886234e+00 5.670867941639920473e-02
1.773774610480448644e+01 1.000458047220627922e+00 5.628310153959855539e-02
1.844725594900011245e+01 9.997174661430650033e-01 5.591253498851713605e-02
1.915676579319598716e+01 1.000004709185836616e+00 5.555352021076523372e-02
1.986627563734326074e+01 1.000082041134781496e+00 5.537449322096776178e-02
2.057578548147472475e+01 1.000680028995390547e+00 5.520181485591527104e-02
2.128529532560592230e+01 9.997759128007834839e-01 5.506845666580312271e-02
2.199480516973741118e+01 9.988475919065314956e-01 5.501792658480299941e-02
2.270431501386868334e+01 9.990449901273715794e-01 5.493015708829469129e-02
2.341382485799993773e+01 9.993626325737604565e-01 5.482361660832880262e-02
2.412333470213138042e+01 1.000816578269997370e+00 5.471219452305542408e-02
2.483284454626262772e+01 1.000284004808052352e+00 5.467864450520611846e-02
2.554235439039387856e+01 1.000550004139147076e+00 5.469355115583755117e-02
2.625186423452537454e+01 1.000607190749568387e+00 5.466635180310499414e-02
2.696137407865657920e+01 1.000530561258454521e+00 5.467918877588632404e-02
2.767088392278810005e+01 1.000236965889663709e+00 5.468166383305228528e-02
2.838039376691929405e+01 9.996377597511258983e-01 5.472241152561362759e-02
2.908990361105056621e+01 1.000416891311597389e+00 5.465448663780047428e-02
2.979941345518205154e+01 1.000549193301165873e+00 5.466655673463350490e-02
3.050892329931336278e+01 1.000009490940536594e+00 5.474030570788385175e-02
3.121843314344451059e+01 1.000239954044138235e+00 5.470671349744582468e-02
3.192794298757604921e+01 9.993833062965903347e-01 5.474053540637511400e-02
3.263745283170734268e+01 1.000006236270190030e+00 5.469501824460646505e-02
3.334696267583865392e+01 9.999568980214063041e-01 5.468206771093309104e-02
3.405647251996999358e+01 9.997235240828422631e-01 5.469777168689925889e-02
3.476598236410135456e+01 1.000935976439495168e+00 5.460272101786150384e-02
3.547549220823258054e+01 1.000971190445508308e+00 5.462179931878029943e-02
3.618500205236393441e+01 9.994713746201214777e-01 5.474213953054652554e-02
3.689451189649531671e+01 9.995006761320393007e-01 5.473450007296898345e-02
3.760402174062654268e+01 9.999725014244346122e-01 5.480930600241610412e-02
3.831353158475787524e+01 1.000159945987284082e+00 5.475105503083912972e-02
3.902304142895401640e+01 1.000509791974541152e+00 5.474484931852453135e-02
3.973255127321387192e+01 1.000384427013649047e+00 5.477776386129831754e-02
4.044206111747406140e+01 1.000341177301850681e+00 5.475068913123771336e-02
4.115157096173411588e+01 9.994315175663319728e-01 5.473560486179707141e-02
4.186108080599431958e+01 9.985925166466246283e-01 5.474202737027939608e-02
4.257059065025453748e+01 9.991583488385832323e-01 5.470726356930943196e-02
4.328010049451474828e+01 9.996840825466758451e-01 5.467304153775115472e-02
4.398961033877481697e+01 9.995502783621414977e-01 5.468417023264157684e-02
4.469912018303502066e+01 9.998120235924333743e-01 5.464958744868672613e-02
4.540863002729479092e+01 1.000162617363427042e+00 5.459225499517201402e-02
4.611813987155498751e+01 9.991176711843177127e-01 5.462808608101259872e-02
4.682764971581507041e+01 1.000690078283353213e+00 5.450213100893450124e-02
4.753715956007527410e+01 1.001228596102853308e+00 5.453122034313196559e-02
4.824666940433550621e+01 1.000812299450358100e+00 5.458343880337639814e-02
4.895617924859570991e+01 1.000401617744189675e+00 5.463961841802340152e-02
4.966568909285580702e+01 1.000794675030417524e+00 5.467133738601612225e-02
5.037519893711601782e+01 1.001568143156460478e+00 5.463037858918844830e-02
5.108470878137571702e+01 1.000846192381722899e+00 5.468857508978217791e-02
5.179421862563592072e+01 1.000985423370647664e+00 5.470038185291638960e-02
5.250372846989603204e+01 1.000194790107040266e+00 5.470340888442958710e-02
5.321323831415623573e+01 9.992640291864597346e-01 5.475805712514472678e-02
5.392274815841646074e+01 1.000319714649062997e+00 5.469232410585036369e-02
5.463225800267667864e+01 9.983753426324026847e-01 5.484578738842605522e-02
5.534176784693679707e+01 9.990979807325084394e-01 5.480740729527242006e-02
5.605127769119700787e+01 9.980127451195549559e-01 5.477794657835460129e-02
5.676078753545674971e+01 9.986783745918261790e-01 5.470049108178281355e-02
5.747029737971697472e+01 9.987182367391395088e-01 5.469780966370496600e-02
5.817980722397710736e+01 9.985187982379296612e-01 5.471811037135234507e-02
5.888931706823732526e+01 9.994935387912458058e-01 5.461578941424438671e-02
5.959882691249728737e+01 9.996880695065821776e-01 5.458380751546238613e-02
6.030833675675749106e+01 9.991597023348270934e-01 5.457936540935300757e-02
6.101784660101760949e+01 9.997642218395964564e-01 5.453940581056476722e-02
6.172735644527780607e+01 9.993965476753018384e-01 5.452317771003623720e-02
6.243686628953759055e+01 9.986880040037576789e-01 5.456509610485887896e-02
6.314637613379780845e+01 9.986159218501454715e-01 5.456004623280940463e-02
6.385588597805793398e+01 9.988744130292003254e-01 5.460424667872057491e-02
6.456539582231816610e+01 9.996820831777508687e-01 5.453981038865102909e-02
6.527490566657837689e+01 9.999442706231009836e-01 5.454880509432888380e-02
6.598441551083860190e+01 1.000588135501869536e+00 5.453227833910215955e-02
6.669392535509875586e+01 1.000569906997395009e+00 5.459461125546254817e-02
6.740343519935898087e+01 1.000424334831619522e+00 5.463598732485361320e-02
6.811294504361879376e+01 1.000887480086012804e+00 5.464383272644102174e-02
6.882245488787903298e+01 1.000793942028209926e+00 5.461709310120165667e-02
6.953196473213917272e+01 1.001188125257474359e+00 5.466605822899719969e-02
7.024147457639941194e+01 1.001098086919710584e+00 5.467926217205480027e-02
7.095098442065905431e+01 9.995414777897029257e-01 5.469161027429533806e-02
7.166049426491927932e+01 9.991351268902037841e-01 5.469382641916004095e-02
7.237000410917940485e+01 9.989421333034242956e-01 5.471176405981390684e-02
7.307951395343962986e+01 9.998970299968085174e-01 5.467015982905931715e-02
7.378902379769948539e+01 1.000057435751356305e+00 5.462506271253406848e-02
7.449853364195971039e+01 1.000873721402921968e+00 5.459396499395741814e-02
7.520804348621985014e+01 1.000792695930023735e+00 5.457873339518190536e-02
7.591755333048008936e+01 9.992602355684073734e-01 5.462670122510625975e-02
7.662706317474032858e+01 1.000053142520016092e+00 5.464833340146987850e-02
7.733657301899988568e+01 1.000065349138751447e+00 5.459285380225468304e-02
7.804608286300205577e+01 9.993987706063363063e-01 5.463128550903349062e-02
7.875559270700460957e+01 9.996583899982232069e-01 5.458833084171672151e-02
7.946510255100751863e+01 9.995786631925781540e-01 5.454508364312357638e-02
8.017461239501010084e+01 9.990151297164361344e-01 5.455670868389766309e-02
8.088412223901222831e+01 9.998824000617232421e-01 5.449818504540934749e-02
8.159363208301478210e+01 1.000433979071435386e+00 5.453877897947424086e-02
8.230314192701770537e+01 9.999607441129854113e-01 5.456837590270480903e-02
8.301265177102028758e+01 9.999606733830621597e-01 5.454182372035568799e-02
8.372216161502237242e+01 9.997791699760789630e-01 5.458914931863213110e-02
8.443167145902496884e+01 9.992544476865354852e-01 5.462307340081466039e-02
8.514118130302787790e+01 9.995783046190084287e-01 5.466167606859906325e-02
8.585069114703047433e+01 1.001139516476388991e+00 5.456601427543489313e-02
8.656020099103254495e+01 1.000775732538452090e+00 5.458887727961788533e-02
8.726971083503514137e+01 9.997664891576542034e-01 5.465515856766898356e-02
8.797922067903806465e+01 9.993012479500478218e-01 5.462738221026867264e-02
8.868873052304068949e+01 9.996939949024671312e-01 5.462348810850802677e-02
8.939824036704268906e+01 9.994165014583789031e-01 5.468158494055552071e-02
9.010775021104531390e+01 9.999589999959772602e-01 5.466187978681035647e-02
9.081726005504825139e+01 1.000368526681309822e+00 5.461540396541911951e-02
9.152676989905087623e+01 1.000901370885511676e+00 5.461618539106403297e-02
9.223627974305286159e+01 1.000190028727655056e+00 5.470078436899846602e-02
9.294578958705548644e+01 1.000604482573239640e+00 5.467135722272161574e-02
9.365529943105842392e+01 9.993273401011294466e-01 5.477173612811436082e-02
9.436480927506107719e+01 1.000370781198641756e+00 5.466020726574830763e-02
9.507431911906301991e+01 9.999850929259714860e-01 5.468452577647135021e-02
9.578382896306565897e+01 9.985090802633942442e-01 5.480229153048398610e-02
9.649333880706859645e+01 9.997271847897319930e-01 5.468197019592192093e-02
9.720284865107126393e+01 1.001038956397843238e+00 5.463154576571887383e-02
9.791235849507317823e+01 1.000458979501116730e+00 5.463294322992005153e-02
9.862186833907583150e+01 1.000125040751904226e+00 5.466033550825968174e-02
9.933137818307878320e+01 9.998403196655109015e-01 5.465625039221961440e-02
1.000408880270814507e+02 1.000853026193523787e+00 5.456599138401146964e-02
1.007503978710833366e+02 1.000102302094961315e+00 5.460920225044740145e-02
1.014599077150860182e+02 1.000653698036995998e+00 5.458872172247556526e-02
1.021694175590889557e+02 1.000994550017379137e+00 5.451516987397278524e-02
1.028789274030916374e+02 1.000686134880445000e+00 5.453932494837634981e-02
1.035884372470934949e+02 9.998980860089431433e-01 5.462395118099255126e-02
1.042979470910962050e+02 1.000883336257061273e+00 5.460146147347180040e-02
1.050074569350990856e+02 1.000089644679970080e+00 5.460556934396134515e-02
1.057169667791018384e+02 1.000266832806081752e+00 5.462603177377562541e-02
1.064264766231036674e+02 9.989537013662900256e-01 5.473044519289089332e-02
