0.000000000000000000e+00 1.501189236269433236e+00 1.000000000000000000e+00 -1.846971420591050255e-03 -3.150084583207364390e-03 9.527750613679830129e-05
1.782035861175651492e-01 1.426519867395700469e+00 1.055732451847634978e+00 -9.858216512854402550e-03 3.981608842680271765e-02 1.381191073476133006e-02
3.556971977884434977e-01 1.358431739894336410e+00 1.102805727745396647e+00 -1.517216911707789870e-02 7.601940904291577816e-02 2.113999478097694507e-02
5.331908094593217351e-01 1.302201702183703125e+00 1.156419655568560856e+00 -1.849275380420983481e-02 9.435179493317825961e-02 2.367970160948369013e-02
7.106844211302021375e-01 1.255084581573429947e+00 1.211829092407014308e+00 -2.036003030745733508e-02 1.186135737757018638e-01 2.326082364721347370e-02
8.881780328010784320e-01 1.214706078636567099e+00 1.267114501911843272e+00 -2.087592389400095769e-02 1.363468208100155621e-01 2.975028757250177194e-02
1.065671644471959389e+00 1.181221599529440169e+00 1.325880617552496865e+00 -2.090341275052017694e-02 1.431208273195980207e-01 2.729156407566151951e-02
1.243165256142858111e+00 1.151671612347938467e+00 1.379153590404597951e+00 -1.862629970305901619e-02 1.509201815501088340e-01 2.675286508325623938e-02
1.419948893367078524e+00 1.126325760510746399e+00 1.435896860920242268e+00 -2.024782828237314466e-02 1.566119316132152939e-01 2.198328144886117774e-02
1.597442505037991456e+00 1.105509927871877851e+00 1.491083983186055839e+00 -2.061220095767180363e-02 1.620449778711482713e-01 2.438708215135784035e-02
1.774936116708900391e+00 1.087623644569044590e+00 1.541298835994143968e+00 -2.137855322340297473e-02 1.690406431194837467e-01 2.492368525975320950e-02
1.952429728379811325e+00 1.071896981351219802e+00 1.588864338175122404e+00 -2.020977097893913305e-02 1.661539351300284906e-01 2.477543192365540270e-02
2.129923340050718927e+00 1.059375017655627804e+00 1.636316526472419985e+00 -2.145576289741334131e-02 1.691168810187436700e-01 2.412501061478684872e-02
2.307416951721621867e+00 1.049179133807859321e+00 1.685326973146977547e+00 -2.180212644581671147e-02 1.690025489564816463e-01 2.203994057848641941e-02
2.484910563392471960e+00 1.040722567121285191e+00 1.728396786819571318e+00 -2.119583389983314969e-02 1.714567203626924385e-01 2.446305740557501787e-02
2.662404175063307843e+00 1.034151350868422359e+00 1.774324186812376469e+00 -2.133449769759898987e-02 1.805353239187091063e-01 2.202477069322545181e-02
2.839897786734155716e+00 1.026939238862030201e+00 1.813394482567233901e+00 -2.166844734324226487e-02 1.726500028890970984e-01 1.895086902456125794e-02
3.017391398405001368e+00 1.022837861506878721e+00 1.850508115967025580e+00 -1.973887216764712987e-02 1.724677729163819340e-01 1.778948299557618282e-02
3.195594984522539761e+00 1.018022722569589256e+00 1.885249729103345206e+00 -1.879995110449555681e-02 1.751459493600196760e-01 1.398396051271591153e-02
3.373088596193391187e+00 1.013858344885282703e+00 1.913815966416139824e+00 -1.783085825617840292e-02 1.737848759193713344e-01 1.436393499816402547e-02
3.550582207864222628e+00 1.010462364370523280e+00 1.939020961704479129e+00 -1.674251631634701004e-02 1.787516720496153122e-01 9.446558448879061390e-03
3.728075819535078939e+00 1.008649255178558635e+00 1.971397027043228389e+00 -1.919765833085897155e-02 1.869738325822032365e-01 1.129196410677105709e-02
3.905569431205920594e+00 1.005786192515401689e+00 1.992744254070095478e+00 -1.831944697737618657e-02 1.953225489933127779e-01 1.184329905046308147e-02
4.083063042876776016e+00 1.003760374041449133e+00 2.017071437804864864e+00 -1.886696919368956518e-02 1.919069470109024123e-01 1.144285602527644885e-02
4.260556654547616340e+00 1.003639824706306749e+00 2.041092222220013408e+00 -1.885432395446208845e-02 1.938312067435613573e-01 1.114678462668307335e-02
4.438050266218477979e+00 1.003089607816138207e+00 2.062494470712257222e+00 -1.765557119913598733e-02 1.935607557668795609e-01 1.048143912589913698e-02
4.615543877889375146e+00 1.001387013142255755e+00 2.078191871073023389e+00 -1.717470911576726017e-02 1.957719101322893396e-01 9.493624760615897509e-03
4.793037489560331821e+00 1.001017270754790633e+00 2.092486886144282909e+00 -1.834216066132378711e-02 1.959752125171435877e-01 8.723469885447358851e-03
4.970531101231319582e+00 1.000494944299060274e+00 2.105825621035311457e+00 -1.917594763425325977e-02 2.002277437870939314e-01 7.344629517086381613e-03
5.147314738455590621e+00 9.990862641138331668e-01 2.118912782856485322e+00 -1.799583846291277767e-02 2.030341726975753158e-01 1.059533629745360549e-02
5.324808350126581047e+00 9.985855207946016110e-01 2.126125060785180043e+00 -1.778581135273300459e-02 2.008803216512614065e-01 7.992520194481411364e-03
5.502301961797545715e+00 9.973357679189320812e-01 2.129444721329423640e+00 -1.784111380035797653e-02 1.986754803936244262e-01 1.015239210866916188e-02
5.679795573468506831e+00 9.985395489425991089e-01 2.140304248655525488e+00 -1.655010278376873797e-02 1.957326830820287633e-01 1.110756546057461991e-02
5.857289185139499033e+00 9.993853896946499615e-01 2.154700030031944991e+00 -1.776848029795513248e-02 1.933821393063172023e-01 9.575332310683973974e-03
6.034782796810456595e+00 9.999829898971990261e-01 2.164336377319356686e+00 -1.882254766109597854e-02 1.926808419180911225e-01 9.773526100325525059e-03
6.212276408481444356e+00 1.000588631237860016e+00 2.172867550480681587e+00 -1.741690010841474498e-02 1.881357210362376575e-01 9.917040590217895621e-03
6.389770020152409913e+00 9.986517776695704729e-01 2.169365177468644212e+00 -1.687519726558734875e-02 1.902859388144719777e-01 7.046444451358158979e-03
6.567263631823378134e+00 9.995607410376531332e-01 2.177949453388675405e+00 -1.624665271618096207e-02 1.945095011140903218e-01 6.160147528211071602e-03
6.744757243494355237e+00 9.997363553064930741e-01 2.191246118379171381e+00 -1.768707611117428802e-02 2.005126255064978713e-01 6.766602883462756977e-03
6.922250855165324346e+00 9.993920048291554670e-01 2.192184617454933093e+00 -1.650234523136098752e-02 2.004738041356415590e-01 1.141702277424217968e-02
7.099744466836314771e+00 1.000172352377642460e+00 2.190691628874015251e+00 -1.498138529785384906e-02 2.000666160237062341e-01 1.193754658047615352e-02
7.277238078507286545e+00 9.991480664476490858e-01 2.189580248357497982e+00 -1.616765061234833392e-02 2.010841584787568248e-01 1.277689007806030036e-02
7.454731690178232562e+00 9.987916632803284234e-01 2.193637129471222469e+00 -1.774658025384657709e-02 2.062609479436092463e-01 1.225136001862628908e-02
7.632225301849229204e+00 9.996041491250708955e-01 2.197144268618813179e+00 -1.600738668789857683e-02 2.015141384570674488e-01 7.659616496806032244e-03
7.809718913520203643e+00 1.000471964394828328e+00 2.201800736852932872e+00 -1.792166753551750757e-02 2.117957894527879859e-01 6.092576368489720229e-03
7.987212525191161205e+00 1.001017532428898349e+00 2.207865123947283514e+00 -1.807693865097913244e-02 2.084378306833789274e-01 8.878239656320242520e-03
8.164706136862136532e+00 1.000996268683359336e+00 2.207866063189494632e+00 -1.615870129046028184e-02 2.092107620121577138e-01 9.831518907962251419e-03
8.342199748533134951e+00 1.001015300997895263e+00 2.207812021804579139e+00 -1.609961996964141134e-02 2.063945054404570378e-01 8.201069712406201806e-03
8.519693360204072974e+00 1.000261309702811463e+00 2.208402644975122175e+00 -1.970819101654091091e-02 1.976410756445204642e-01 9.961295075292548457e-03
8.697186971875050077e+00 1.000035569851972506e+00 2.209682165361742889e+00 -1.869018783736802261e-02 1.974397068842046743e-01 1.259142115453068013e-02
8.874680583546044943e+00 9.993974581677448343e-01 2.213928068730141696e+00 -1.834631060021568033e-02 1.968105918134259447e-01 1.145968953043827697e-02
9.052174195217023822e+00 9.979024075027501661e-01 2.211296818095420225e+00 -1.901302121163772271e-02 1.921015431980986343e-01 1.145466538155370285e-02
9.229667806887785986e+00 9.977985161713124329e-01 2.215220919758575047e+00 -1.820523818360867546e-02 1.935266563151040731e-01 1.365399299884594887e-02
9.407161418558478871e+00 9.981116207059084200e-01 2.217570556594513409e+00 -1.760164980313685956e-02 1.947300744711467635e-01 1.001193836682088938e-02
9.584655030229201955e+00 9.976377012658977916e-01 2.219728379472583946e+00 -1.525320501011929314e-02 1.960349854251827451e-01 1.076044101131948608e-02
9.762148641899944579e+00 9.981514469331949080e-01 2.218836620494894163e+00 -1.446210592687736940e-02 1.984301472291420954e-01 8.844312451337415365e-03
9.939642253570672992e+00 9.969812974545684270e-01 2.211757273609655350e+00 -1.480930296279066305e-02 1.949860620412829648e-01 8.905382881303483197e-03
1.011713586524136055e+01 9.967487858570668324e-01 2.209551939257422770e+00 -1.478233531694708378e-02 1.985914629665999631e-01 8.467572777652919089e-03
1.029462947691208541e+01 9.966992113981515411e-01 2.213196725645061758e+00 -1.562643427679196589e-02 1.986274442488507319e-01 1.204154383852887485e-02
1.047212308858282803e+01 9.964601089086122521e-01 2.211235600302452475e+00 -1.527907416901634445e-02 2.008198371509884450e-01 6.990696079613397708e-03
1.064961670025355822e+01 9.967344883530143695e-01 2.212554142355009912e+00 -1.547272010777097848e-02 1.939269603464729985e-01 9.720290647274957077e-03
1.082711031192424223e+01 9.965606461906070246e-01 2.209997399179250088e+00 -1.439155089970523688e-02 1.909992354652156887e-01 1.081925618653250924e-02
1.100460392359496886e+01 9.969879743070571010e-01 2.206618269294031709e+00 -1.444276102154428559e-02 1.922214474543205431e-01 7.136186052225747256e-03
1.118209753526571149e+01 9.981862207828055000e-01 2.209811391991992835e+00 -1.561036724729722262e-02 1.933120887482340233e-01 3.721151624851929546e-03
1.136030112138313619e+01 9.981551025730380777e-01 2.210146097581488167e+00 -1.703675236442503751e-02 2.056273391243678972e-01 7.272283112050132239e-03
1.153779473305381664e+01 9.999448306377785034e-01 2.214862069022831559e+00 -1.687612783131740499e-02 2.133509968186312333e-01 9.841617076663294189e-03
1.171528834472454506e+01 1.001222181393635724e+00 2.215969790169322273e+00 -1.770408935448022913e-02 2.088733990878009206e-01 1.033896894888109916e-02
1.189278195639528590e+01 1.001792306570583158e+00 2.218652687740526819e+00 -1.660137931593609617e-02 2.062405481506791594e-01 1.006369107685450674e-02
1.207027556806601964e+01 1.002421717496233322e+00 2.221123502574205766e+00 -1.738007653574915462e-02 2.034678197863520055e-01 1.505299828738936377e-02
1.224776917973670010e+01 1.001898115561953961e+00 2.223712433379808395e+00 -1.638014882778758216e-02 2.004789434196019016e-01 1.368550994914030129e-02
1.242526279140743739e+01 1.000438371533223902e+00 2.219718189957170740e+00 -1.589380456128378083e-02 1.972963976491096949e-01 1.189746008557594076e-02
1.260275640307817291e+01 1.001018716391674612e+00 2.223871301968547876e+00 -1.417419602789429106e-02 1.974796693465056263e-01 1.088380877680069671e-02
1.278025001474889599e+01 1.000872661751864623e+00 2.223073869078052045e+00 -1.204562222655527516e-02 1.972898017575569485e-01 7.473499139084690580e-03
1.295774362641959421e+01 1.000408855714768119e+00 2.224187971299049327e+00 -1.476589529501610987e-02 1.953887765896646367e-01 4.644934140656028360e-03
1.313523723809031196e+01 1.001331904782282178e+00 2.227259807282132797e+00 -1.463475142814318203e-02 1.940387482299203437e-01 1.155593044168936809e-02
1.331273084976104037e+01 1.000359880207143615e+00 2.222162637916627492e+00 -1.471870115399883869e-02 1.940753414946363720e-01 9.008344561156659061e-03
1.349022446143178833e+01 9.987223159329434719e-01 2.215845047390381239e+00 -1.477397877185562293e-02 2.004375415438188757e-01 1.016287287120637949e-02
1.366771807310246523e+01 9.982047348118704422e-01 2.215002467965098365e+00 -1.471030941491527182e-02 1.947770819337334147e-01 9.748196817416834511e-03
1.384521168477321496e+01 9.986308003241443076e-01 2.212986054354670884e+00 -1.590138072358997928e-02 1.918447235201365397e-01 1.366439931240820242e-02
1.402270529644394159e+01 9.995601410621491878e-01 2.215727553322595522e+00 -1.563849928644233528e-02 1.909065464896672060e-01 1.273771962014802299e-02
1.420019890811465224e+01 9.989797314030394171e-01 2.215806752077042141e+00 -1.490428899071848459e-02 1.933064471228021775e-01 1.559753898545842427e-02
1.437769251978537000e+01 9.983016519150618162e-01 2.211242656399072803e+00 -1.547573864708579050e-02 1.928332560963255671e-01 1.404060264007271977e-02
1.455518613145607887e+01 9.980740424753820061e-01 2.211057299103654561e+00 -1.734087181800222227e-02 1.953833478667805768e-01 1.460495535529780439e-02
1.473267974312679662e+01 9.987404708024633093e-01 2.213595144220237732e+00 -1.626349077152116837e-02 2.034376246129970811e-01 1.734340533548353255e-02
1.491017335479755701e+01 9.993114797620967771e-01 2.213288449662415669e+00 -1.633296400890448322e-02 2.002212239748151490e-01 1.476546666973586018e-02
1.508766696646822858e+01 1.000031959575982121e+00 2.211091890973949425e+00 -1.672358174215198001e-02 1.961203577155146427e-01 1.155181069265393684e-02
1.526516057813899074e+01 1.001003947014375228e+00 2.214772233309255878e+00 -1.776615792873892027e-02 1.953415104511747324e-01 8.753034628713957446e-03
1.544265418980970850e+01 1.000416584627020766e+00 2.214085426388144207e+00 -1.690454087406123226e-02 1.976252781343458276e-01 1.146373150426405023e-02
1.562014780148041027e+01 1.000660343934729246e+00 2.214754294375135935e+00 -1.571276767711278846e-02 1.904233773641140215e-01 1.273177645618720280e-02
1.579764141315114578e+01 1.000420956276016460e+00 2.210722985474265823e+00 -1.425208754150722804e-02 1.991405566967719698e-01 9.151606639084900949e-03
1.597513502482184578e+01 1.001366516145100194e+00 2.219918033286492953e+00 -1.461551896802514017e-02 2.051055244228525143e-01 5.904259966583764660e-03
1.615262863649255820e+01 9.997979239493895998e-01 2.209355255544723118e+00 -1.415954876616806919e-02 1.984256852530109916e-01 1.113772422938122050e-02
1.633012224816332747e+01 9.983379637935292372e-01 2.207622094862577100e+00 -1.469965234030410489e-02 1.976008015331021939e-01 1.149230532865205129e-02
1.650761585983399371e+01 9.987769766589703613e-01 2.211900702069212521e+00 -1.451028331166147323e-02 1.961904167007842426e-01 9.885993027415988788e-03
1.668510947150477008e+01 9.986253567882509286e-01 2.211756171527231363e+00 -1.536791640528534231e-02 1.928244626971998832e-01 6.266315321038643318e-03
1.686260308317547540e+01 9.988084814063669103e-01 2.217296894955856246e+00 -1.679407560095406635e-02 1.972701499274236436e-01 7.253110939016104569e-03
1.704009669484617362e+01 9.997128279882401269e-01 2.221346176960643515e+00 -1.651744822900576976e-02 2.040822476723412882e-01 8.576187504537710962e-03
1.721759030651691802e+01 9.995532168653291638e-01 2.216445779096106961e+00 -1.639564271008388252e-02 2.020557054897688387e-01 1.159299498266385189e-02
1.739508391818761268e+01 1.000577238749674747e+00 2.216889658664423557e+00 -1.737524997226565227e-02 2.026010052057916899e-01 9.035337280413193589e-03
1.757257752985831800e+01 9.995848035803507337e-01 2.208827081009217874e+00 -1.889669139277373386e-02 2.078430625892821459e-01 5.796044108466927476e-03
1.775007114152909793e+01 1.000182131618470027e+00 2.212149746496823166e+00 -1.962098210007937743e-02 2.059595655200337216e-01 8.273616712992761316e-03
1.792756475319976062e+01 9.990240386824452701e-01 2.205724275557093605e+00 -1.968189071840745208e-02 2.065180742380136880e-01 6.874018616019082935e-03
1.810505836487054054e+01 1.000309846356324250e+00 2.209687738927233358e+00 -1.773180279383249416e-02 2.038944030340180957e-01 8.820935241424396334e-03
1.828255197654124586e+01 1.000204296770565993e+00 2.206796264379113470e+00 -1.651199446233392668e-02 1.999621540324281188e-01 8.222106075076330428e-03
1.846004558821193342e+01 1.000512707205845953e+00 2.205135026765112194e+00 -1.647823423303917956e-02 1.990590195563310960e-01 6.580527688122947590e-03
1.863753919988268848e+01 1.002550858346225038e+00 2.214161999888310639e+00 -1.622109139533235364e-02 1.975966772955259632e-01 7.496458323246244122e-03
1.881503281155338314e+01 1.002563120101144012e+00 2.210822046438471578e+00 -1.563514147852669567e-02 2.056313157782478085e-01 9.076580698606295100e-03
1.899252642322407780e+01 1.000997735184685933e+00 2.212514406632624109e+00 -1.528776195091345255e-02 2.030801965421822064e-01 9.341627579122657732e-03
1.917002003489486839e+01 1.000308466785634343e+00 2.208598934522710611e+00 -1.613928210434504087e-02 2.067463079672875736e-01 6.508265368156204364e-03
1.934751364656552397e+01 9.989421335897414878e-01 2.210178091285578628e+00 -1.652127724749283960e-02 2.085631994045215876e-01 8.935158692675722672e-03
1.952500725823631456e+01 9.993538415711258338e-01 2.216591682369831506e+00 -1.550574220581018951e-02 2.054684441668207795e-01 1.139871817269658485e-02
1.970250086990701277e+01 9.982898948860855493e-01 2.207232653322841909e+00 -1.322707383542699212e-02 2.073360246052552147e-01 1.058209529770009517e-02
1.987999448157769677e+01 9.974484310960707312e-01 2.205852790391673146e+00 -1.218630023574436214e-02 2.047676798442471802e-01 1.340161075353192739e-02
2.005748809324846249e+01 9.981031456454780848e-01 2.210029396756012510e+00 -1.340323957396474461e-02 2.014427421128528461e-01 1.410750019444945158e-02
2.023498170491915005e+01 9.991040609137961104e-01 2.217217904568100195e+00 -1.346007584113729193e-02 1.935832520025697057e-01 9.995008912584006297e-03
2.041247531658983760e+01 9.991652158026340658e-01 2.219514450938382844e+00 -1.468500010833221313e-02 1.978595451142994566e-01 1.020881315500041416e-02
2.058996892826063529e+01 9.992045634857993353e-01 2.222184384559072079e+00 -1.480166043303399008e-02 2.008095025447313442e-01 8.610972545551293100e-03
2.076746253993129088e+01 1.000198888216657700e+00 2.221939819861054488e+00 -1.547588495444549538e-02 2.059385483174505926e-01 9.415967771318823828e-03
2.094495615160208857e+01 1.000352068479422485e+00 2.224034989685101493e+00 -1.436024039673427372e-02 2.055833763654993374e-01 1.424275786999373329e-02
2.112244976327277968e+01 9.998337274852333589e-01 2.223645506591376719e+00 -1.412614596071695532e-02 2.065504286267997036e-01 1.675451115207623326e-02
2.129994337494346013e+01 9.994826325436252379e-01 2.221348386327726132e+00 -1.536907947293375022e-02 2.001344561632724950e-01 1.408456123507011507e-02
2.147743698661423295e+01 1.000624941662952905e+00 2.226970784798581793e+00 -1.515101623322372831e-02 1.952894467095298014e-01 1.233996135404012012e-02
2.165493059828491695e+01 1.001634971702786370e+00 2.231831783470966890e+00 -1.652825937798511891e-02 1.973302445390494875e-01 1.187234883872780034e-02
2.183242420995560096e+01 1.002532552737843474e+00 2.230104044866356716e+00 -1.569354232399367693e-02 2.031903209228826113e-01 9.825393186284501687e-03
2.200991782162640220e+01 1.002101523385749759e+00 2.225561073833863368e+00 -1.500812918840176667e-02 2.025250933140808896e-01 6.544175455910169158e-03
2.218741143329705778e+01 1.001937236619579341e+00 2.219193181421401206e+00 -1.600010044534981232e-02 2.049379971216837015e-01 5.926962421473162823e-03
2.236490504496785547e+01 1.002394542693375135e+00 2.224150709817797722e+00 -1.680812849883538129e-02 2.034939988791565346e-01 4.461700919380516897e-03
2.254239865663854658e+01 1.002186157778315989e+00 2.218871044193155839e+00 -1.638480127652391233e-02 1.973862522919651585e-01 7.910535177821748434e-03
2.271989226830922703e+01 1.001908652839911706e+00 2.217934010457701888e+00 -1.665166227521824513e-02 2.001457846064835788e-01 8.398692041704208799e-03
2.289738587998000341e+01 1.000947493083776729e+00 2.220249821276936153e+00 -1.741133890856476699e-02 2.013727072576473598e-01 9.075793719794911577e-03
2.307487949165068386e+01 1.001213070346718137e+00 2.217486821009778897e+00 -1.671070822629626071e-02 2.018695149145242895e-01 1.071422268824272044e-02
2.325237310332136431e+01 1.002761647595905581e+00 2.214790847404746188e+00 -1.523796301829143975e-02 1.979658442015559960e-01 1.435638328622800518e-02
2.342986671499216911e+01 1.002147744468241841e+00 2.216240828597110024e+00 -1.602130214144405207e-02 1.999173454444843345e-01 1.312901531551135398e-02
2.360736032666282469e+01 1.001852622703905737e+00 2.215169818736336449e+00 -1.665842091145252127e-02 1.972981699160654134e-01 1.193046701648647900e-02
2.378485393833363304e+01 1.002192783393043518e+00 2.219695320532413696e+00 -1.539920813965446611e-02 1.997906115392946158e-01 8.171218873638651931e-03
2.396234755000430283e+01 1.000541611766017525e+00 2.213254535530168265e+00 -1.510655743771755627e-02 2.033542512827643256e-01 6.336721546545739242e-03
2.413984116167499394e+01 1.001698340967801748e+00 2.216108576026840193e+00 -1.632329211974114722e-02 2.033433927901585614e-01 6.378035308738264769e-03
2.431733477334577032e+01 1.000180658517479948e+00 2.207599686542239592e+00 -1.591026760706371057e-02 2.016961778720014198e-01 8.978856805032806379e-03
2.449482838501646143e+01 1.001170225213067200e+00 2.208524464859471070e+00 -1.500603322357677363e-02 2.083583452878935982e-01 1.032364212604346132e-02
2.467232199668712767e+01 1.001010465454273968e+00 2.209213782085457378e+00 -1.699623689525463568e-02 2.054854503024658996e-01 1.289165687372809642e-02
2.484981560835793601e+01 1.001064917170915614e+00 2.211506292293372145e+00 -1.527030627073428480e-02 2.033218298669180746e-01 1.014275532060462774e-02
2.502730922002860936e+01 1.000615718804221288e+00 2.205575015305939246e+00 -1.656702589321627089e-02 2.026763497096338573e-01 1.008505554125524104e-02
2.520480283169938218e+01 9.995751165712130071e-01 2.209853991402102924e+00 -1.523781071850049962e-02 2.031419205152426577e-01 6.878870884090837468e-03
2.538229644337008040e+01 9.995499981114658317e-01 2.211071920278674607e+00 -1.588757223423699350e-02 2.004264068181090819e-01 3.395001134856153943e-03
2.555979005504077506e+01 9.992743341374530353e-01 2.213350737786924149e+00 -1.693867052102371665e-02 1.979375457637010394e-01 7.953058120718422067e-03
2.573728366671151591e+01 1.000331256366544075e+00 2.217101378314759508e+00 -1.678398743266903276e-02 1.990509675421441582e-01 7.783065088237995505e-03
2.591477727838221767e+01 1.000655786718366969e+00 2.219959907451365400e+00 -1.572136505170858289e-02 1.989176231920279092e-01 8.787197088113809715e-03
2.609227089005291944e+01 9.997988118986796957e-01 2.217433516548755090e+00 -1.590459648947933902e-02 1.994247421648571439e-01 5.589284103430725709e-03
2.626976450172367095e+01 1.000645518464486017e+00 2.223598956849663466e+00 -1.428681254764773388e-02 2.035601498231485451e-01 7.943813099710371126e-03
2.644725811339435850e+01 9.999083191509157142e-01 2.222775582458876631e+00 -1.409814033059261958e-02 2.067770209391738556e-01 8.684044442714807660e-03
2.662475172506517040e+01 1.000822493411913872e+00 2.225046244611412316e+00 -1.439550729185398899e-02 2.016585235027466561e-01 1.025038142287729333e-02
2.680224533673581533e+01 1.000867279144831645e+00 2.229199230938187615e+00 -1.495532756389680341e-02 2.062918222936877544e-01 1.166248579341552620e-02
2.697973894840652420e+01 1.001321248206641368e+00 2.225953375637101495e+00 -1.457926081254466710e-02 2.064990681362499358e-01 1.039227398912665259e-02
2.715723256007730768e+01 1.001050060879411285e+00 2.223232461397190107e+00 -1.441513391195202963e-02 2.025864005368492038e-01 1.448443759473456646e-02
2.733472617174802011e+01 1.001346268095376635e+00 2.229264239620488919e+00 -1.546784444974881080e-02 1.981704883004161144e-01 1.004191304064955270e-02
2.751221978341865793e+01 1.001758462543392181e+00 2.231514107708816308e+00 -1.635540029799079087e-02 1.921029801165498319e-01 1.096019669800134266e-02
2.768971339508946983e+01 1.003415247143189637e+00 2.231962479018664514e+00 -1.565763055692877617e-02 1.902703092852723321e-01 1.053358260653250791e-02
2.786720700676016449e+01 1.002823612961129429e+00 2.228091414688458727e+00 -1.581698625589844295e-02 1.908556858961389102e-01 1.058799351700221922e-02
2.804470061843089468e+01 1.002984825938507907e+00 2.223555176324318428e+00 -1.678089355514971945e-02 1.990590373385437983e-01 1.214759165156530096e-02
2.822219423010161421e+01 1.001260443863820182e+00 2.216818879303973144e+00 -1.706008822522672025e-02 1.957776904557859410e-01 1.181276222363962340e-02
2.839968784177233019e+01 1.001243235077888150e+00 2.213920747375443199e+00 -1.663186146319740530e-02 1.996533616097505015e-01 1.195665631397207877e-02
2.857718145344303551e+01 1.001139599167385486e+00 2.220155274344688401e+00 -1.634852407382908143e-02 2.048289219321177412e-01 1.022065294846202614e-02
2.875467506511375149e+01 1.001999051525122697e+00 2.221370698035201485e+00 -1.493060569475816550e-02 2.100108774368141251e-01 1.373744781457323857e-02
2.893216867678446746e+01 1.001501922602990646e+00 2.221958818040381978e+00 -1.585980845765920175e-02 2.043809691284234065e-01 1.381788915782108593e-02
2.910966228845518700e+01 1.001446702799275501e+00 2.219681934265297585e+00 -1.614624703238040637e-02 2.029328375213151070e-01 1.042085451473512454e-02
2.928715590012588876e+01 1.000468488483743812e+00 2.216210162349158797e+00 -1.894936337450202693e-02 2.094165922899126064e-01 8.803513533153551479e-03
2.946464951179670777e+01 9.993732498739293924e-01 2.210505940151163973e+00 -1.747793038744645602e-02 2.079688602270946818e-01 1.208228672685579715e-02
2.964214312346732783e+01 9.982339032958005287e-01 2.207314051888339179e+00 -1.786372814862155142e-02 2.092010926712825347e-01 1.210656986804454528e-02
2.981963673513804736e+01 9.983536014461629193e-01 2.204289758303363378e+00 -1.697308716332121548e-02 2.048435254795476779e-01 1.017638020350576655e-02
2.999713034680884860e+01 9.968565558286958117e-01 2.201246380567841054e+00 -1.608795488625753764e-02 2.070871531206938398e-01 9.556572713044919273e-03
3.017462395847957524e+01 9.981081095665139680e-01 2.211116366458249161e+00 -1.620590254843395223e-02 2.060896177973356169e-01 1.114802527101374161e-02
3.035211757015018819e+01 9.988490574499239161e-01 2.213673013864028150e+00 -1.757195747249466755e-02 2.001769793258241503e-01 1.333893278243651961e-02
3.052961118182100364e+01 9.981698784612410558e-01 2.212812849615823918e+00 -1.626017372001020353e-02 1.978877129265454449e-01 1.198750315053028967e-02
3.070710479349171607e+01 9.976393485944442530e-01 2.205005317806428611e+00 -1.557465829846963086e-02 1.936845318077136391e-01 1.354504260995066656e-02
3.088459840516241783e+01 9.970013275124746110e-01 2.209491092103110788e+00 -1.606318723887830216e-02 2.003435361850149088e-01 1.071597169804612559e-02
3.106209201683314802e+01 9.974351205309142099e-01 2.209247711707912565e+00 -1.899423355328422325e-02 1.994670738192084736e-01 9.944616096509156442e-03
3.123958562850388176e+01 9.977704291358570066e-01 2.213687739551528200e+00 -1.716784661461584136e-02 2.049689821047442073e-01 9.853893886802484597e-03
3.141707924017455156e+01 9.988756347521430268e-01 2.214472318443939436e+00 -1.664086115732311272e-02 2.080569450371271556e-01 1.183731509568036050e-02
3.159457285184528530e+01 9.976239702206698423e-01 2.209403216745162268e+00 -1.644089890135913903e-02 2.003351929634243356e-01 1.075383759798119454e-02
3.177206646351601904e+01 9.965297563300017369e-01 2.203342905853800548e+00 -1.763567631811326086e-02 1.990958666624947360e-01 9.322380177523608563e-03
3.194956007518670660e+01 9.965611615377750754e-01 2.204323072202284628e+00 -1.807331672057074790e-02 1.988543939951884498e-01 1.129415470702606686e-02
3.212705368685742258e+01 9.975412082402654868e-01 2.206815805721868973e+00 -1.624843487298250483e-02 1.970891398371905079e-01 1.135863142053362106e-02
3.230454729852824869e+01 9.979699076317471995e-01 2.206865975974920513e+00 -1.678140068972651042e-02 1.948817774505732237e-01 1.138675323537097217e-02
3.248204091019884032e+01 9.977744504626236965e-01 2.208843934766790529e+00 -1.879280240737725080e-02 2.016561498118337459e-01 1.029982983682095274e-02
3.265953452186958117e+01 9.975177182548478072e-01 2.209798077935658522e+00 -1.942027364879162984e-02 1.945892759833071639e-01 1.258790264694022859e-02
3.283702813354038597e+01 9.978569286521252746e-01 2.211160092527912902e+00 -1.831007970456361572e-02 1.934762455531287562e-01 1.042302288320779563e-02
3.301452174521112681e+01 9.974416103020679047e-01 2.215722523703810953e+00 -1.724907274466924365e-02 1.993531340048442790e-01 1.174492265536038887e-02
3.319201535688171845e+01 9.987465913478335011e-01 2.221756290270080036e+00 -1.589191412879380899e-02 2.040878161792701873e-01 1.108987904157816146e-02
3.336950896855254456e+01 9.990297170084376788e-01 2.225281726873885368e+00 -1.740006886654849386e-02 2.044291953831131048e-01 1.069573689353469324e-02
3.354700258022327120e+01 9.994277625201732906e-01 2.224639605382581653e+00 -1.712618522105271990e-02 2.070809899407226595e-01 1.116035079385611570e-02
3.372449619189393388e+01 9.992905604073808457e-01 2.226923365743673777e+00 -1.817369961965016600e-02 2.087738218211305508e-01 9.735196713750289554e-03
3.390198980356468184e+01 9.996725962847067271e-01 2.228076380988874838e+00 -1.654715966901823196e-02 2.058992161987555358e-01 9.085031930040286460e-03
3.407948341523542268e+01 9.996980949645427605e-01 2.225518369143902664e+00 -1.571147518214121089e-02 1.978227253083329196e-01 1.109434922112218815e-02
3.425697702690607116e+01 9.992007265399779348e-01 2.218289030027091435e+00 -1.855886897936845359e-02 2.019104072457937604e-01 7.256629863113978410e-03
3.443447063857681911e+01 9.982117588879999559e-01 2.216347205680708310e+00 -1.810992341146816856e-02 1.999016467601460734e-01 8.787427936272651854e-03
3.461196425024756707e+01 9.993925428542889122e-01 2.218910037460387397e+00 -1.913293280405212182e-02 2.024402611825109333e-01 1.069776393115075448e-02
3.478945786191822265e+01 9.988066869435000550e-01 2.221078459417600737e+00 -1.779053841533260322e-02 1.989275532176064676e-01 1.265080539504893908e-02
3.496695147358895639e+01 1.000077036367137406e+00 2.223470818880455280e+00 -1.655276615460888820e-02 1.964501456138130486e-01 1.297748310213006802e-02
3.514444508525978961e+01 1.000544818678345438e+00 2.227197702279781755e+00 -1.612448563047872568e-02 1.945910678448332931e-01 1.036319173480039664e-02
3.532193869693035992e+01 1.000380412178831779e+00 2.223585982242285208e+00 -1.403417223774594547e-02 1.995453608277531765e-01 1.229709522954286482e-02
