0.000000000000000000e+00 1.498773764202698811e+00 1.000000000000000000e+00 -6.655176870557755718e-04 -5.860851977294221499e-03 3.711744408353778528e-04
2.558282825283809125e-01 1.450088662943741280e+00 9.651593621812272206e-01 -1.040416331331787264e-02 1.000029690094968345e-02 -1.593037245625538193e-03
5.106373288713850211e-01 1.403371410379320006e+00 9.324241947287450483e-01 -1.692988905149539480e-02 2.262395908238452186e-02 -4.026296532086086517e-03
7.654463752143890742e-01 1.360966134768421876e+00 9.024298241894416206e-01 -1.954606938546843073e-02 3.835989206752105779e-02 -4.414955012769204885e-03
1.020255421557396014e+00 1.324629150244026388e+00 8.740069500694408466e-01 -2.153122764911465439e-02 4.943754051477641798e-02 -5.439900041324952258e-03
1.275064467900397291e+00 1.292268811452382149e+00 8.460624175361914912e-01 -2.191019800780077617e-02 5.558663000332739884e-02 -4.673781595350384559e-03
1.529873514243405230e+00 1.264161804690660640e+00 8.224115502145613599e-01 -2.130400429798034317e-02 6.451692976960682335e-02 -5.749067359495621705e-03
1.784682560586438482e+00 1.236898627546055174e+00 8.008067882541517468e-01 -2.127611593272902418e-02 7.355475481562225026e-02 -2.616332774469284569e-03
2.038472370744107476e+00 1.214436838282152653e+00 7.810316950396446467e-01 -2.249141667183495938e-02 8.189405293673258923e-02 -1.025454297718719765e-03
2.293281417087161156e+00 1.193354033244764079e+00 7.623842300665185645e-01 -2.331294718395466453e-02 9.025736432878259108e-02 -3.981478876802966270e-03
2.548090463430209507e+00 1.174206735032087723e+00 7.454454697722053824e-01 -2.516577007222063622e-02 9.246837641530233909e-02 -1.634740761583135509e-03
2.802899509773260078e+00 1.157217472529014746e+00 7.308317230712858548e-01 -2.533620894003604795e-02 9.833634709308856914e-02 -2.548946975477736198e-03
3.057708556116306653e+00 1.142131539439430910e+00 7.160607372288474437e-01 -2.481346320735745500e-02 1.007657875794528146e-01 -3.851399456156724514e-03
3.312517602459345678e+00 1.127486274535202559e+00 7.024405704020731944e-01 -2.463624091770171345e-02 1.045690130228529441e-01 -3.458758334066492929e-03
3.567326648802309208e+00 1.115085628759280745e+00 6.911911967587356376e-01 -2.422048582633139560e-02 1.067599112392082494e-01 -2.274518180455673520e-03
3.822135695145252310e+00 1.104336099849224651e+00 6.811833650517363781e-01 -2.485742189581417044e-02 1.034191600034858466e-01 -1.116295671784856046e-03
4.076944741488213175e+00 1.093479758464007690e+00 6.711087372136852469e-01 -2.421836447790976649e-02 1.037640202327172051e-01 -3.655806525498063193e-03
4.331753787831170044e+00 1.084907014031379902e+00 6.614865548395809647e-01 -2.437206919416555831e-02 1.037832661106206783e-01 -1.102836019824872046e-03
4.587582070359512265e+00 1.077770316073114909e+00 6.536320459308860853e-01 -2.531034403680793368e-02 1.010097667090004286e-01 -8.901300655012456394e-04
4.842391116702478016e+00 1.070762409094937251e+00 6.452456253512970363e-01 -2.538054718127803408e-02 9.967480089429255063e-02 -4.195258111416663542e-03
5.097200163045414456e+00 1.064174332614318264e+00 6.388864015352809789e-01 -2.459318622411639510e-02 9.986185542555674199e-02 -6.464259585097487364e-04
5.352009209388387312e+00 1.057739495775339655e+00 6.337227251203162437e-01 -2.391308614281131145e-02 9.760858899837138170e-02 1.545704160452436885e-03
5.606818255731338851e+00 1.052944789500693590e+00 6.275543303654196325e-01 -2.365156108657840914e-02 9.670224233389312918e-02 -4.468714193000666705e-04
5.861627302074309931e+00 1.048726078457819622e+00 6.226450845131749068e-01 -2.350681991878422403e-02 9.860824449173914708e-02 4.135914348993041689e-04
6.116436348417259694e+00 1.043880066243002336e+00 6.182216393790962439e-01 -2.382891744048711360e-02 9.450879986560495327e-02 -1.724616875344525593e-03
6.371245394760239655e+00 1.040301008687584794e+00 6.128807745402631291e-01 -2.360615601824901308e-02 9.281161868182431773e-02 -4.333723777553710917e-03
6.626054441103271131e+00 1.035947320818835005e+00 6.089855517970382826e-01 -2.406748712267440041e-02 9.216980401730877348e-02 -3.306524061689488508e-03
6.880863487446386983e+00 1.032828599515849932e+00 6.048411218885018092e-01 -2.333809964891899250e-02 9.466120572755874762e-02 -1.700013216843238029e-03
7.135672533789549021e+00 1.029519528876709389e+00 6.006668896452257433e-01 -2.242758453517031125e-02 9.483231190676079392e-02 -2.024687670260246885e-03
7.389462343947290179e+00 1.028063012035798529e+00 5.979627828944313883e-01 -2.487230231252174004e-02 9.327726578298964344e-02 -1.261169620470504755e-03
7.644271390290455770e+00 1.025001759285643743e+00 5.944561724250780888e-01 -2.412234567441818092e-02 8.869043380886820760e-02 -1.976280477851919456e-03
7.899080436633584057e+00 1.021974671793892897e+00 5.928221421317708684e-01 -2.391512890489144727e-02 8.823861772423351180e-02 9.096918370039308067e-04
8.153889482976707015e+00 1.020027269207802956e+00 5.901776937460928574e-01 -2.444842981699283518e-02 8.924560301657544215e-02 1.962495905973943300e-03
8.408698529319874382e+00 1.019047533032948483e+00 5.879599453361992190e-01 -2.389045095957370232e-02 8.989029048362322249e-02 -6.254955637667858597e-04
8.663507575662992011e+00 1.017034773784738499e+00 5.867983538334046179e-01 -2.418451016119917141e-02 8.913747437009175711e-02 -5.546412845246384733e-04
8.918316622006154049e+00 1.015442289260721997e+00 5.852613990945395583e-01 -2.224428403965374515e-02 8.890177115720256096e-02 1.682115889073894019e-03
9.173125668349282336e+00 1.014547463249337866e+00 5.827253606091975513e-01 -2.477733256427707212e-02 9.016237939434576520e-02 -4.019651961779468845e-04
9.427934714692414175e+00 1.013422102133634928e+00 5.832626098051533203e-01 -2.269107905089874297e-02 9.004661252146328732e-02 -3.021344363316625942e-03
9.682743761035560226e+00 1.011966572869096082e+00 5.816712652921111060e-01 -2.187797670761580313e-02 8.872937148597420665e-02 -5.370908127804168049e-03
9.937552807378695618e+00 1.010459296516374783e+00 5.821637169817827084e-01 -2.207215301170798588e-02 8.490671265913997401e-02 -4.925256080006197232e-03
1.019236185372186121e+01 1.010790065403552207e+00 5.804645080948619418e-01 -2.454468006176075898e-02 8.601379557845778567e-02 -4.302190940329872135e-03
1.044717090006499838e+01 1.009393663993468193e+00 5.793644266182000901e-01 -2.286188514535422364e-02 8.221265598895360904e-02 -6.822349107844844288e-03
1.070197994640810002e+01 1.009450755581393411e+00 5.776574423459378549e-01 -2.485485058195425687e-02 7.878666981450091478e-02 -6.425024490766995285e-03
1.095678899275127449e+01 1.008298488468297061e+00 5.778062373131828133e-01 -2.652966836041432616e-02 7.729192435092087365e-02 -2.801151332221235753e-03
1.121159803909441699e+01 1.006629391985363275e+00 5.774892545659346954e-01 -2.750999026156003210e-02 7.832190951504826304e-02 -4.814889090662806403e-03
1.146640708543753462e+01 1.005562862352695097e+00 5.762286642197401720e-01 -2.606542647934966331e-02 7.666550622334965259e-02 -5.419466455798391605e-03
1.172121613178067712e+01 1.005866477975820628e+00 5.750420954004208385e-01 -2.566736481964037100e-02 7.424493852788349724e-02 -6.315611346280241949e-03
1.197602517812385514e+01 1.005505841820066859e+00 5.754773525144255553e-01 -2.485786078656729292e-02 7.664715153460376074e-02 -4.251814219364618078e-03
1.223083422446694435e+01 1.005494792782963831e+00 5.743982664235077751e-01 -2.609708575906177774e-02 7.425394801933536681e-02 -3.258554631311057128e-03
1.248564327081009040e+01 1.005892449790327436e+00 5.742411233027252537e-01 -2.725337665491862210e-02 7.202126881284752480e-02 9.802380846956725968e-05
1.274045231715325954e+01 1.004373027655254491e+00 5.733067667346569696e-01 -2.616355800774930462e-02 7.248591609445577399e-02 -1.653133203874255141e-03
1.299526136349640915e+01 1.004429739898717866e+00 5.725768892782067132e-01 -2.465735174856675468e-02 7.301951725332596344e-02 -1.793903610252116539e-03
1.325007040983924789e+01 1.003342188794690504e+00 5.716728776198882755e-01 -2.648555631094486051e-02 7.375127316933925703e-02 -3.133207266211686208e-03
1.350487945618198538e+01 1.002245431577975410e+00 5.703080522265410179e-01 -2.400166581676038344e-02 7.581758630131460452e-02 -4.256861354081586881e-04
1.375968850252476727e+01 1.001991165739166689e+00 5.698138663069801657e-01 -2.454636672396365640e-02 7.733878707898823868e-02 -1.638164406537445639e-04
1.401449754886757582e+01 1.002235699236055044e+00 5.696174279889968384e-01 -2.512489323385272769e-02 7.561428658965378691e-02 8.119671605490485838e-04
1.426930659521036304e+01 1.001714189574603342e+00 5.700176655443345286e-01 -2.542582083806877238e-02 7.420182928375623765e-02 -3.592486742190936951e-03
1.452411564155309520e+01 1.002101604590984962e+00 5.690806550307139222e-01 -2.506644867543892513e-02 7.589075157201158328e-02 -2.677115225445061367e-03
1.477892468789587888e+01 1.002189613462471707e+00 5.679603594892930207e-01 -2.291657952022599712e-02 7.364730963649690487e-02 -4.741111227202057625e-03
1.503373373423868919e+01 1.002358521086555099e+00 5.669198677153434174e-01 -2.511372468351269135e-02 7.638701183988927390e-02 -2.431171726605899780e-03
1.528854278058147820e+01 1.002197737562634305e+00 5.674676506375128104e-01 -2.542325855269183740e-02 7.698635515039022048e-02 -4.844798411433791537e-03
1.554335182692420503e+01 1.002495788015007827e+00 5.667659886887704834e-01 -2.469163930026392270e-02 7.599461322934378260e-02 -3.514813666008140877e-03
1.579816087326699048e+01 1.002011137842340638e+00 5.664482640804211488e-01 -2.551132842911237736e-02 7.523708932303824204e-02 -1.315061108531855342e-03
1.605296991960980080e+01 1.002279886940205866e+00 5.683007278896888836e-01 -2.559744751852437508e-02 7.269359967242249032e-02 -1.287865874552463017e-03
1.630879820213797871e+01 1.001233774622364514e+00 5.682958299565691318e-01 -2.425640082899530384e-02 7.260698135131204989e-02 -7.081745982065679396e-04
1.656360724848070021e+01 1.001028306260063783e+00 5.684464407874790792e-01 -2.374890394965595980e-02 7.568131860328980443e-02 4.198841791526997081e-04
1.681841629482348921e+01 1.000658005392676353e+00 5.690595665762585575e-01 -2.358599785864727572e-02 7.250208421584455887e-02 -3.371765911280606622e-03
1.707322534116629598e+01 1.000146860313250619e+00 5.703917369871860377e-01 -2.192442154683385547e-02 7.510232846874634327e-02 -1.374187389316582249e-03
1.732803438750909208e+01 1.000074343249298447e+00 5.701050874710962280e-01 -2.333027281350015525e-02 7.669485368058030772e-02 -5.267577406077550775e-03
1.758284343385181003e+01 1.000659256519279339e+00 5.693354785223949666e-01 -2.304232988884676037e-02 7.435992766979467039e-02 -5.165157856576635224e-03
1.783765248019461325e+01 1.000795858224940105e+00 5.697085251918055926e-01 -2.478621349275397096e-02 7.645856249506788327e-02 -1.211577709766961056e-03
1.809246152653741291e+01 1.001139468775458452e+00 5.681459627819870351e-01 -2.520563358200664933e-02 7.523703908021911468e-02 -6.407917562607912251e-04
1.834727057288019125e+01 1.001220908468656745e+00 5.680876229912658060e-01 -2.439592270057048401e-02 7.734675727224450681e-02 1.309891088279890761e-04
1.860207961922293762e+01 1.001787621739524292e+00 5.690898584693707685e-01 -2.418019779012942419e-02 7.751506349879729030e-02 -3.431139150108209000e-03
1.885688866556571242e+01 1.000235392860211014e+00 5.689748124368655402e-01 -2.284230429527627296e-02 7.810992832820697063e-02 -2.264513565924332252e-03
1.911169771190850142e+01 1.000312622669275786e+00 5.689537880528919844e-01 -2.401599130358986200e-02 7.526548885990808069e-02 -3.364715593422281693e-03
1.936650675825131884e+01 1.000955888830718843e+00 5.686253052467212799e-01 -2.240606252092538359e-02 7.413470853146446327e-02 -3.890082103886736021e-03
1.962131580459403324e+01 1.000717304772254401e+00 5.673140847506202844e-01 -2.265705424410684871e-02 7.383126823950197926e-02 -4.574192231566996843e-03
1.987612485093685066e+01 9.999938246812128950e-01 5.678933622867108344e-01 -2.350765694564446728e-02 7.988209336668766758e-02 -3.658770821527624999e-03
2.013093389727963967e+01 1.001043029586340172e+00 5.682177209014379615e-01 -2.311555651740076350e-02 8.205751093287971809e-02 4.315466309835369905e-05
2.038574294362240380e+01 1.000403822012853716e+00 5.680416565704918819e-01 -2.351415425064800821e-02 8.342982075772770179e-02 -4.511560604052433903e-04
2.064055198996517859e+01 1.000112281404378800e+00 5.687717430410725861e-01 -2.472018091284955768e-02 8.175495053883535812e-02 -2.977554578935488402e-03
2.089536103630793917e+01 9.998552602623508312e-01 5.683480974601913260e-01 -2.496574829001053583e-02 8.185568675430406060e-02 -5.225005713324648061e-04
2.115017008265071041e+01 1.000117467710018637e+00 5.685356526276802436e-01 -2.434048133158287636e-02 7.975537562944233494e-02 -3.750517533315510330e-03
2.140497912899354560e+01 9.992623558831110753e-01 5.676130311239016013e-01 -2.408162854918289089e-02 8.100964549430159090e-02 -4.445648855400738918e-03
2.165978817533625289e+01 9.991517273533140342e-01 5.685557599802382178e-01 -2.591275829140215689e-02 8.123645057125905566e-02 -3.753047663755769772e-03
2.191459722167909163e+01 1.000422324821892639e+00 5.693569615186255817e-01 -2.381089211207288239e-02 7.980503841551894739e-02 -5.755169201980840990e-03
2.216940626802186287e+01 1.000962129254287625e+00 5.686089124064549472e-01 -2.331249697477767724e-02 8.050628826479362676e-02 -1.276143581624293848e-03
2.242421531436461635e+01 1.000016185972407490e+00 5.691724379161617886e-01 -2.379765960572656838e-02 8.019638480215739162e-02 1.803908195858108278e-03
2.267902436070741246e+01 1.000420982109987200e+00 5.693360458018147385e-01 -2.537187153444256382e-02 8.071454182890679119e-02 7.383046503524748469e-04
2.293383340705016238e+01 1.000737143169772470e+00 5.685109515140345238e-01 -2.620456401369862520e-02 8.260024052559394869e-02 1.200059595849213350e-03
2.318864245339292651e+01 9.995110757956950920e-01 5.674015886216118298e-01 -2.504685496119527996e-02 7.979285597991948864e-02 1.142277216597031896e-04
2.344345149973577236e+01 9.993969145851040459e-01 5.686168845785567472e-01 -2.605166669137498961e-02 7.823752744902483236e-02 -1.453186032643316572e-04
2.369826054607847254e+01 9.996034946850348435e-01 5.678093272957663862e-01 -2.490210918863595274e-02 7.864125628214811703e-02 -1.341172801131884531e-04
2.395306959242132905e+01 1.000592144530421557e+00 5.676644819253042762e-01 -2.550823668118259654e-02 7.534839250765816565e-02 3.865773210338945345e-03
2.420787863876408963e+01 1.000311108838181084e+00 5.666645131935151847e-01 -2.579381028310107765e-02 7.458583790878678399e-02 5.903817303405467856e-04
2.446268768510683245e+01 1.000249521285061505e+00 5.676603620319981003e-01 -2.511540490665696221e-02 7.699406281231607752e-02 3.568462848350358822e-03
2.471749673144964277e+01 9.989484181087862069e-01 5.686994489887654547e-01 -2.506869816491394398e-02 7.617111176180214882e-02 7.893800944648420980e-04
2.497230577779238914e+01 9.989276040180459226e-01 5.697085083292597885e-01 -2.671779807921678337e-02 7.660267702494423514e-02 6.657394824342677091e-04
2.522711482413513906e+01 9.994874107765686633e-01 5.677705885150154952e-01 -2.562739050179214245e-02 7.610626915056790953e-02 -2.140456119744483642e-03
2.548192387047800267e+01 9.997196816366130667e-01 5.681813438791238902e-01 -2.449418399247074024e-02 7.796862494240727748e-02 -1.284809250488017085e-03
2.573673291682069930e+01 1.000059451615928685e+00 5.667322782673503978e-01 -2.511502291265415091e-02 7.796193109842218527e-02 1.045514255265047590e-03
2.599154196316356291e+01 1.000875292430158714e+00 5.671681457960158212e-01 -2.650605610144887020e-02 7.413275895790763514e-02 -4.092286983455952626e-03
2.624635100950631639e+01 1.000170711123741674e+00 5.665934556061277272e-01 -2.686069882405575995e-02 7.883289476108425176e-02 -2.458790815429030482e-03
2.650116005584904855e+01 9.993674044220236530e-01 5.678556183429964710e-01 -2.814143751822590495e-02 7.830381819645831909e-02 -1.399417937650376852e-03
2.675596910219187663e+01 9.981993119576488827e-01 5.676433474589904771e-01 -2.795531368346031512e-02 8.160430515997775525e-02 -4.902240366777547986e-03
2.701077814853461589e+01 9.982645176351410132e-01 5.672997423395510497e-01 -2.749958181400636095e-02 8.205053388809695203e-02 1.174959531704755579e-04
2.726558719487735871e+01 9.986861402996033421e-01 5.668236514604264586e-01 -2.431815013442939835e-02 7.964064605780234174e-02 -2.201741142891558076e-03
2.752039624122023298e+01 9.986730847843661163e-01 5.665808773102807283e-01 -2.427471482621539056e-02 8.225833396537433895e-02 -2.931977300415042776e-03
2.777520528756291895e+01 9.997079359810897570e-01 5.677747363971177297e-01 -2.506774397690171574e-02 8.104366560932171892e-02 -1.584090290591178094e-03
2.803001433390579678e+01 9.998458107983140275e-01 5.691512209465310335e-01 -2.347285328033149251e-02 8.105096883127656249e-02 -4.013103902662375037e-03
2.828482338024853959e+01 9.990985531882898840e-01 5.689033381429788871e-01 -2.364083223163469111e-02 7.974570654354522226e-02 -7.607429496234836830e-03
2.853963242659126465e+01 9.998654326161439121e-01 5.681315686361442241e-01 -2.604754151837321632e-02 7.973796172532034154e-02 -5.370103658505113488e-03
2.879444147293410694e+01 9.998849263716163005e-01 5.681200255601048799e-01 -2.604265153005813280e-02 8.134344948266894471e-02 -3.024590392427436644e-03
2.904925051927683910e+01 1.000480869187223121e+00 5.678816832200337394e-01 -2.698841462658053622e-02 7.795032271012533598e-02 -1.790870513646846155e-03
2.930405956561957126e+01 1.000357263951431985e+00 5.682211375754717686e-01 -2.660991054523856314e-02 7.371113962335799907e-02 5.325004330751670508e-05
2.955886861196245974e+01 1.000240094841317040e+00 5.689898067866389075e-01 -2.661771574529150919e-02 7.467679161850970804e-02 -2.213498231042386553e-03
2.981367765830514571e+01 9.995118546701973195e-01 5.695287722161122002e-01 -2.352546395067579843e-02 7.455018299074596400e-02 -2.299090554491589524e-03
3.006848670464803419e+01 9.998743066274103919e-01 5.699927215247779788e-01 -2.244208056245589403e-02 7.499274346586534690e-02 -2.092508133199777465e-03
3.032329575099076280e+01 1.000668792440524646e+00 5.697278108098597915e-01 -2.249211565112866490e-02 7.380527225611621667e-02 -1.590452294428930033e-03
3.057810479733348430e+01 9.998660263167672424e-01 5.695249969578912719e-01 -2.439332426758561781e-02 7.556449074587470727e-02 -3.965421785626314227e-03
3.083291384367633725e+01 9.995416765235103362e-01 5.691750896908160939e-01 -2.571990736487130350e-02 7.449515827954235336e-02 -4.354971737106213756e-03
3.108772289001906231e+01 1.000625955999761452e+00 5.694213970333399377e-01 -2.602366047880389291e-02 7.369686225556204562e-02 -2.532994350511388361e-03
3.134253193636179091e+01 1.001392518289068390e+00 5.685301876280202116e-01 -2.591153191030824005e-02 7.489628766328855491e-02 -3.006751419660516188e-03
3.159734098270468294e+01 1.001633391801457940e+00 5.684844388658200076e-01 -2.474783975267002070e-02 7.475203744132830064e-02 -2.441588182038115663e-03
3.185215002904736892e+01 1.002454291843399403e+00 5.680800016743158265e-01 -2.518172625818280649e-02 7.312026698416801418e-02 -4.107751593937452803e-03
3.210695907539025740e+01 1.002409685113673676e+00 5.680691102618158350e-01 -2.696537832473520566e-02 7.449468475943961387e-02 -3.913249995429888412e-03
3.236176812173298600e+01 1.001702046657935607e+00 5.685737221542824793e-01 -2.696717191294651858e-02 7.511460932990834949e-02 -5.462396004221903648e-03
3.261657716807570750e+01 1.001537383497949740e+00 5.684908760420588347e-01 -2.663244436969082474e-02 7.344095093490478343e-02 -4.322394676533462300e-03
3.287138621441857111e+01 1.001075911335172375e+00 5.680248418035118707e-01 -2.677136504136994055e-02 7.587753292056424737e-02 -3.883679693217583287e-03
3.312619526076128551e+01 1.001451616198706152e+00 5.693529265294123842e-01 -2.514690517217700594e-02 7.726124782941605484e-02 1.714577050361129010e-03
3.338100430710400701e+01 1.001649428443368350e+00 5.687032746832115793e-01 -2.371873211431377651e-02 7.689097372625984528e-02 3.257317451645092010e-04
3.363581335344690615e+01 9.999280396526838421e-01 5.676636263200571797e-01 -2.263331758222717621e-02 7.573509258595172156e-02 -1.014794979650518545e-03
3.389062239978959212e+01 9.994917717259250711e-01 5.679150398440953040e-01 -2.395305555398967792e-02 7.669767536043765876e-02 -3.911965387160347939e-03
3.414543144613249126e+01 1.000067335486275466e+00 5.680049435069729480e-01 -2.273406619748729110e-02 7.891025093786292743e-02 5.748424084713777034e-04
3.440024049247519855e+01 1.000446620479884530e+00 5.681166907721979520e-01 -2.189084460679640784e-02 8.144804552994835967e-02 1.450815696607502632e-03
3.465504953881793426e+01 9.995617856325932360e-01 5.682515915862252909e-01 -2.328880199018208003e-02 7.931639376643594141e-02 -3.643146337757932184e-03
3.490985858516079077e+01 9.998814990763222887e-01 5.688728814909892462e-01 -2.273590333824658874e-02 7.848316126561125095e-02 -3.124453947747930609e-03
3.516466763150353358e+01 9.996778690908150189e-01 5.693009920912137645e-01 -2.416759017169615303e-02 7.782667954514503605e-02 -2.109105253915137621e-03
3.541947667784622666e+01 9.997086644909064512e-01 5.689863604197692437e-01 -2.598955621560176954e-02 7.762482821741975569e-02 -1.500812321370258336e-03
3.567428572418913291e+01 9.990303325675495838e-01 5.693554316589125586e-01 -2.515107201458862546e-02 7.783089127921090367e-02 -4.702135390487527378e-03
3.592909477053184020e+01 9.997736308430030805e-01 5.693879905129874963e-01 -2.507510500688021546e-02 7.999165232147632809e-02 -5.513854206859414254e-04
3.618390381687469670e+01 9.995158763533907864e-01 5.697750624509692052e-01 -2.289547592285751457e-02 8.285870446467269446e-02 1.185338232513168848e-03
3.643871286321743952e+01 9.998179484130536032e-01 5.705580681432118606e-01 -2.372887775150498910e-02 8.429472129288308191e-02 -1.227215640244949755e-04
3.669352190956018234e+01 1.000352596662003268e+00 5.703054677450072329e-01 -2.500475191385612139e-02 8.393345477658563369e-02 -1.191852420404085865e-03
3.694833095590298910e+01 1.000413814749206542e+00 5.707884097983282334e-01 -2.415164041497388364e-02 8.340704623491904113e-02 1.358123185184811855e-03
3.720314000224573903e+01 9.997657036639944206e-01 5.706527499560463124e-01 -2.188775526636942484e-02 8.263280516740492687e-02 -4.561994481732012559e-04
3.745794904858848895e+01 9.994364988275690198e-01 5.686106732981689449e-01 -2.425179370234934600e-02 8.228933880965552672e-02 -2.277302425138824030e-03
3.771275809493130993e+01 9.995018965704574043e-01 5.680104789577983260e-01 -2.213006919334501582e-02 8.415978006825163005e-02 -8.548591845195430052e-04
3.796756714127404564e+01 9.996222542898195451e-01 5.692927137142885785e-01 -2.363345013365030986e-02 8.078169967948353736e-02 -2.872858995632957425e-03
3.822237618761695188e+01 9.993138285859669567e-01 5.698597288723779020e-01 -2.174070151969391754e-02 7.974787217639923986e-02 5.829474847741566903e-04
3.847718523395961654e+01 1.000251193563986174e+00 5.690962377858370669e-01 -2.141787600560180610e-02 7.665657414237657397e-02 1.297268941283468129e-03
3.873199428030238067e+01 1.000535905497361711e+00 5.693516911868000685e-01 -2.101419920577861020e-02 7.614140546163197798e-02 -2.424259866436484522e-04
3.898680332664525139e+01 9.998167629004104384e-01 5.697094344309892033e-01 -2.256797290942773315e-02 7.430931978770070889e-02 7.892935173033155741e-04
3.924161237298801552e+01 9.994707570946267383e-01 5.695627865074598395e-01 -2.344172725026024556e-02 7.466716561086651771e-02 2.105247630614281908e-04
3.949642141933067307e+01 9.996860956378795793e-01 5.683550722621117934e-01 -2.467786899534218578e-02 7.427232768441079103e-02 1.731404141549993704e-03
3.975123046567357932e+01 9.992208472659434015e-01 5.665503701901651867e-01 -2.524025741759912053e-02 7.240982388331547448e-02 -3.056371106976501009e-03
4.000603951201632213e+01 9.996158177527441069e-01 5.673555962393030949e-01 -2.639403064238388108e-02 7.236581745949405287e-02 1.731006605869970291e-03
4.026084855835911469e+01 1.000232680074436775e+00 5.668504118015906812e-01 -2.606474711167791614e-02 7.103787327662047790e-02 6.201987885904102849e-04
4.051565760470188593e+01 9.996408990626123314e-01 5.673181746284111648e-01 -2.660385095333826777e-02 7.574954323580013194e-02 -2.796180338094711622e-03
4.077046665104465717e+01 9.993175741954738456e-01 5.680611458100554012e-01 -2.584221907823155626e-02 7.244870374538621427e-02 -5.077223027865038034e-03
4.102527569738741420e+01 9.989084981573301825e-01 5.674441128242784238e-01 -2.672717670605270074e-02 6.900855481564355243e-02 -2.333340713822438378e-03
4.128008474373018544e+01 9.996195335645385871e-01 5.676412710450843280e-01 -2.584684938828274089e-02 7.154947729255738131e-02 -5.969765958127148942e-03
4.153489379007295668e+01 9.991384496305665275e-01 5.667114150074221701e-01 -2.720537695115291671e-02 7.345864382095744494e-02 -5.374245025791191815e-03
4.178970283641572792e+01 1.000347065916805667e+00 5.653743016323428128e-01 -2.440942894054833404e-02 7.505268252997984724e-02 -3.714739874601686968e-03
4.204451188275848494e+01 1.000039562468641563e+00 5.653643653493748422e-01 -2.468629838635435711e-02 7.671263446761777960e-02 -4.497811651790322232e-03
4.229932092910140540e+01 1.000216145861715811e+00 5.664466095105106236e-01 -2.352560970263960216e-02 7.800965595996142699e-02 -1.184967913373960978e-03
4.255412997544403453e+01 1.000811500025497347e+00 5.670433130938324906e-01 -2.410693759007563608e-02 7.921442656287402961e-02 8.751071553922252057e-04
4.280893902178681287e+01 1.000938340002139437e+00 5.664381070464407086e-01 -2.359086217600974908e-02 8.189757071442135827e-02 1.820920077735907949e-03
4.306374806812971201e+01 9.993408946681403560e-01 5.665528287186403222e-01 -2.413733413035615630e-02 8.142725994808693024e-02 6.908413387522327346e-04
4.331855711447249035e+01 1.000089612037154518e+00 5.672962883610312979e-01 -2.341285014013486793e-02 8.112970510973287197e-02 2.251293918763056651e-03
4.357336616081511238e+01 1.000868236798226230e+00 5.669225237099284609e-01 -2.375952250144212213e-02 8.215175331397998881e-02 -1.007016651717735885e-03
4.382817520715803283e+01 1.001172231674061663e+00 5.673197610836245852e-01 -2.312928534732358252e-02 8.328442145610345793e-02 -3.277483659791414951e-03
4.408298425350079697e+01 1.000716049175397249e+00 5.674142806809949757e-01 -2.189740579542713908e-02 8.311977297705293311e-02 -4.361688445102350660e-03
4.433779329984354689e+01 1.000627980307923215e+00 5.676045337829341841e-01 -2.288286747907844823e-02 8.259369819306933147e-02 -3.375689831745721636e-03
4.459260234618633945e+01 1.000915153993082951e+00 5.667330769107286059e-01 -2.360948925657062672e-02 8.100978302494910022e-02 -2.624737055840655701e-03
4.484741139252913200e+01 1.000843993168083257e+00 5.676733017728771147e-01 -2.165604699410840842e-02 8.203422613364175220e-02 -7.322424152367390093e-04
4.510222043887183929e+01 1.001023194442869801e+00 5.681885200925367307e-01 -2.369872744300076731e-02 8.430929770914341592e-02 -5.439318277472215621e-04
4.535702948521463895e+01 1.000938485934588229e+00 5.687355888774927593e-01 -2.409103072488013794e-02 8.371520159212876566e-02 -2.893400265811696295e-04
4.561183853155743151e+01 1.000224740833948633e+00 5.697236111216503751e-01 -2.461292106693472453e-02 8.175554214835571709e-02 6.075594127972205882e-04
4.586664757790016012e+01 1.000051910880617623e+00 5.685272069555317165e-01 -2.666127468653761365e-02 7.733714804812211185e-02 -3.205243339710590802e-03
4.612145662424293846e+01 9.998543836734553603e-01 5.687743266172100576e-01 -2.382361817311411112e-02 7.829995271165668402e-02 -2.368527410220355560e-03
4.637626567058585891e+01 9.991114160323233406e-01 5.682655999065613361e-01 -2.417915314283096764e-02 7.821143109245298763e-02 -1.530519966721799550e-03
4.663107471692845962e+01 9.994854093342909751e-01 5.677984213218684184e-01 -2.707249313217121450e-02 7.751446319248282701e-02 -2.353380866541504753e-03
4.688588376327125928e+01 1.000206704325767193e+00 5.667966817881096020e-01 -2.531711806749581406e-02 7.651180227007986501e-02 7.591564596096090321e-04
4.714069280961416553e+01 1.000004662344201600e+00 5.662431306487905047e-01 -2.249980021010692527e-02 7.767167622743391397e-02 -2.090511975702241849e-03
4.739550185595696519e+01 9.998814749483814213e-01 5.662546708724314204e-01 -2.515017108343853627e-02 7.694518146096517019e-02 -7.483028236583239186e-03
4.765031090229956590e+01 9.995434297011487335e-01 5.667666370948011290e-01 -2.418370412853232398e-02 7.820167912344914984e-02 -6.529748604746016434e-03
4.790511994864248635e+01 1.000470538148081623e+00 5.661123013009650151e-01 -2.346340254158847671e-02 7.676340226056674321e-02 -4.163814180858844451e-03
4.815992899498527180e+01 1.000244863824847341e+00 5.667263381820083490e-01 -2.245123440871958989e-02 7.632070715819044837e-02 -7.017591284307468300e-03
4.841473804132797198e+01 1.000038970117105963e+00 5.665772974481667612e-01 -2.267395332516789624e-02 7.694176451825526786e-02 -5.888419526741450576e-03
4.866954708767078586e+01 9.997730141446996566e-01 5.679589712126144052e-01 -2.440332182499839117e-02 7.662894153873649195e-02 -5.959769578709927379e-03
4.892435613401359262e+01 9.993415172241465472e-01 5.686759634265909913e-01 -2.491981883870957037e-02 7.413407383751033364e-02 -1.711094259603552874e-03
4.917916518035627149e+01 9.995401948901374567e-01 5.682714171766148903e-01 -2.386137204219971469e-02 7.693478184100198403e-02 7.407894449752838858e-04
4.943397422669908536e+01 9.989658848228359922e-01 5.685386260052526231e-01 -2.361106512135245986e-02 7.767264670876836141e-02 -8.610682665390290104e-04
4.968878327304189924e+01 9.982815985179065432e-01 5.689802995863058044e-01 -2.245674033622933538e-02 7.693254439141190837e-02 -2.712887389420352933e-03
4.994359231938459232e+01 9.990458061958810143e-01 5.692575036561594581e-01 -2.488680254802296682e-02 7.583432552946872685e-02 -9.437920511751196357e-04
5.019840136572738487e+01 9.982645814536690310e-01 5.689234760868377982e-01 -2.401108908160828892e-02 7.443541302615383493e-02 -1.306858019120905531e-03
5.045321041207031953e+01 9.992576665152953508e-01 5.694788818855752721e-01 -2.513619976650464938e-02 7.355363874712428363e-02 -4.156588317786591436e-03
5.070801945841288472e+01 9.998684354380683592e-01 5.696679117713004947e-01 -2.391022970234181477e-02 7.680860803658831615e-02 -6.555095553086930787e-03
