0.000000000000000000e+00 9.931442995569540466e-01 1.000000000000000000e+00 -2.771538116223576376e-03 6.250218443734398277e-03 5.905044646156515364e-03
4.865394353193963628e-01 8.958582530282628298e-01 1.215778236948928948e+00 -3.022281333498084976e-02 4.717468747602571177e-02 -8.653598764895437112e-04
9.730788706371822361e-01 8.266132922705035080e-01 1.509180088549418874e+00 -3.341652375736310632e-02 6.627611380656628359e-02 -1.442718214748878180e-02
1.459618305957932405e+00 7.794381028274215417e-01 1.860840851023968678e+00 -3.484724778570073844e-02 7.018468326196336537e-02 -5.831332187229310016e-03
1.946157741279039621e+00 7.475173058964095230e-01 2.278769140856721442e+00 -2.694204074390242620e-02 6.967188169059751468e-02 -3.593970993199371855e-03
2.432697176600146616e+00 7.233900058417475076e-01 2.739013674563388179e+00 -3.443383677845114621e-02 7.351001320401678862e-02 -9.252003166544064960e-03
2.919236611921254276e+00 7.096916360630031173e-01 3.236315424029825305e+00 -3.460655272314665243e-02 6.513718858042563675e-02 -8.237034745159937943e-03
3.405776047242360605e+00 6.989343206772598016e-01 3.766429290576014832e+00 -3.288498280390522721e-02 7.556037417107216991e-02 2.813623690632427454e-03
3.892315482563467821e+00 6.881194162441961470e-01 4.307988277377179820e+00 -3.346212293076342159e-02 8.605051227940427316e-02 1.434708124091035875e-03
4.378854917876649822e+00 6.832385989790576986e-01 4.834831919427443836e+00 -3.402201893904271968e-02 7.817413727978655968e-02 1.010077256318774042e-02
4.865394353184114173e+00 6.781469399000947806e-01 5.344691451320096043e+00 -2.808905089888560913e-02 8.376357177763860129e-02 -4.008472509458987920e-03
5.351933788491578525e+00 6.736362634642001357e-01 5.830951659320482428e+00 -3.039020519524249231e-02 7.816331433891138269e-02 -7.215120316140521961e-04
5.838473223799042877e+00 6.701226413131196047e-01 6.255886748794183383e+00 -2.621086852632141528e-02 7.859457085097701357e-02 8.731198988997324051e-03
6.325012659106507229e+00 6.691357821661154670e-01 6.698582939726843044e+00 -2.065545552201673851e-02 8.026262178084017651e-02 1.284168984913444667e-03
6.811552094413971581e+00 6.682072837803753051e-01 7.107896877619887199e+00 -2.408701788939755783e-02 8.777453419063621642e-02 4.645499769471483908e-03
7.298091529721435933e+00 6.661634547569984521e-01 7.409276752553899392e+00 -2.294685191201931151e-02 8.135303259082457550e-02 1.800328190329145150e-02
7.784630965028900285e+00 6.681227411596440957e-01 7.709515463160296456e+00 -2.185206151385185591e-02 8.671950262244371155e-02 1.060822110776403482e-02
8.271170400340784212e+00 6.660147467977054481e-01 7.994719129026563564e+00 -2.113912958394401076e-02 7.077092695772257969e-02 1.061668670148321891e-02
8.757709835675534293e+00 6.647880891411797055e-01 8.213045940567155867e+00 -2.190536844302333475e-02 7.696559461671872993e-02 3.049527218061398592e-03
9.244249271010284374e+00 6.642620299915670268e-01 8.406634581299236686e+00 -2.489522278143549427e-02 7.987981786975550946e-02 -1.159420170384256599e-03
9.730788706345034456e+00 6.658706256429955950e-01 8.580318708565906505e+00 -1.936943282844443004e-02 7.505349898194005331e-02 7.908625987212258845e-03
1.021732814167978454e+01 6.656775584195933071e-01 8.762977741434692547e+00 -2.104504526078641857e-02 7.316919035093227830e-02 1.544002439742056532e-02
1.070386757701453462e+01 6.645016655014776008e-01 8.885106824384486401e+00 -1.873961771740688398e-02 6.984000746892332634e-02 1.305295861089234011e-02
1.119040701234928648e+01 6.672192923820273736e-01 9.022774279263391151e+00 -1.610321260419832201e-02 7.387711463287746638e-02 1.190005034956514995e-02
1.167694644768403656e+01 6.666127172065604567e-01 9.113704048468250107e+00 -1.152441015135079183e-02 7.779029328171893631e-02 4.788418762172258480e-03
1.216348588301878664e+01 6.633501358126012715e-01 9.201046448815617396e+00 -1.401363828610560636e-02 8.322495781049096819e-02 1.266631190181048694e-02
1.265002531835353672e+01 6.612488902806840096e-01 9.243004133877519735e+00 -1.551962066823625586e-02 8.036573855257853061e-02 1.350299435935486958e-02
1.313656475368828680e+01 6.630143849054707106e-01 9.248631208000858805e+00 -1.788953599645555503e-02 8.747068177203765060e-02 1.629966994969160587e-02
1.362310418902303688e+01 6.628933551622231413e-01 9.283896315039980252e+00 -1.812780460169384489e-02 8.527366268181377218e-02 9.549442501186639065e-03
1.410964362435778696e+01 6.635632878898394260e-01 9.328358053627811231e+00 -1.905757540849757625e-02 9.185899080042689291e-02 1.750588204032044182e-02
1.459618305969253882e+01 6.641854385336918298e-01 9.371680733414514464e+00 -1.502380354544413654e-02 9.345254286556572976e-02 1.344739688814081124e-02
1.508272249502728890e+01 6.657118074818298981e-01 9.414225843191069032e+00 -1.660294042737801845e-02 9.502712567339680061e-02 1.477557398094357655e-02
1.556926193036203898e+01 6.683371491791462171e-01 9.409561760377886941e+00 -1.726711624525899269e-02 9.311710619011157042e-02 1.461768456431675189e-02
1.605580136569678729e+01 6.685806701228603766e-01 9.409234954568477249e+00 -1.509170536879109181e-02 1.018553425210249053e-01 1.039050249437412088e-02
1.654234080101386084e+01 6.665380950288258832e-01 9.449173387944322045e+00 -1.703930287221484818e-02 1.026506864024321897e-01 9.628949979449866192e-03
1.702888023629403946e+01 6.631903614696077476e-01 9.466359945650998142e+00 -1.732786787032918052e-02 1.174207791817009627e-01 1.380426316616731319e-02
1.751541967157421809e+01 6.635144371931039897e-01 9.489451713783736864e+00 -1.686565934078650131e-02 1.236406642653691823e-01 1.142925665705701865e-03
1.800195910685439316e+01 6.629952789677245883e-01 9.504125853820696079e+00 -1.556665673084019208e-02 1.116188826680753476e-01 1.200433300615660892e-02
1.848849854213457178e+01 6.618011040865412475e-01 9.532840752812321128e+00 -1.670656998690391026e-02 1.007383293188429674e-01 4.720976546672500662e-03
1.897503797741475040e+01 6.621073618008066486e-01 9.532438723409185855e+00 -1.294830796680390694e-02 1.023064179848308386e-01 7.396212893027678814e-03
1.946157741269492902e+01 6.608593198743185626e-01 9.458747171005482457e+00 -1.495058445750799270e-02 1.113403875006223065e-01 1.053683970100272038e-02
1.994811684797510765e+01 6.630579013445280223e-01 9.512179207277446480e+00 -1.981055703357244291e-02 9.661245229966983206e-02 1.704898391923269363e-02
2.043465628325528627e+01 6.616929057853880858e-01 9.490946099148192872e+00 -2.070702030414509065e-02 9.205638673782690073e-02 1.865555047052183668e-02
2.092119571853546489e+01 6.624634460790488344e-01 9.447012143053612476e+00 -2.445726398425236703e-02 1.000619851500104129e-01 1.237319514453730229e-02
2.140773515381564351e+01 6.634963978922590044e-01 9.391967417364938342e+00 -2.085836438668212112e-02 1.074338727864403154e-01 1.748496871896022820e-02
2.189427458909582214e+01 6.635585689001574083e-01 9.376032183239217943e+00 -1.926975111681802910e-02 1.056080139050337707e-01 1.496373662092326251e-02
2.238081402437600076e+01 6.614956442565614880e-01 9.392154778280387362e+00 -2.426254923997750446e-02 9.966735692245326517e-02 1.250124522477803757e-02
2.286735345965617938e+01 6.617090053807751504e-01 9.440161563809889245e+00 -2.334776423890619346e-02 1.024733057284525073e-01 7.412260318454419461e-03
2.335389289493635800e+01 6.644419614785563866e-01 9.480033803588581165e+00 -1.996046108430675481e-02 1.070548657982575425e-01 5.686190754451911356e-03
2.384043233021653663e+01 6.645076370658249409e-01 9.420387521848887502e+00 -1.996417347616612215e-02 1.004937496490695970e-01 1.022659677710374693e-02
2.432697176549671170e+01 6.658599741071254963e-01 9.455905856194045001e+00 -2.134419730272635318e-02 8.616636513354403171e-02 9.445715423751221973e-03
2.481351120077689032e+01 6.680624573927543830e-01 9.391623983010930488e+00 -1.653106352944672119e-02 8.371483809162058587e-02 1.820030552108724275e-02
2.530005063605706894e+01 6.652999826125425287e-01 9.398468713089810578e+00 -2.018051401341551532e-02 7.460086241095692516e-02 1.742712286758885121e-02
2.578659007133724756e+01 6.648327580800973413e-01 9.378732642498105676e+00 -1.707809439428568943e-02 7.267596690017558148e-02 1.677566769974159211e-02
2.627312950661742619e+01 6.644039249221448395e-01 9.418366073726470944e+00 -1.294395155243309448e-02 7.804767716208871331e-02 1.268276167660631337e-02
2.675966894189760481e+01 6.625110819851873778e-01 9.459982963976909076e+00 -1.368846409364146699e-02 8.062231604323319423e-02 2.267313082182607908e-02
2.724620837717778343e+01 6.616296599068786088e-01 9.507249798132043850e+00 -2.006558659066817740e-02 8.873828897136060156e-02 2.239177752644197494e-02
2.773274781245796206e+01 6.620809666744755795e-01 9.522970662619975712e+00 -1.971303968076022761e-02 8.315884393661546192e-02 1.632765888585849257e-02
2.821928724773814068e+01 6.630448251527182313e-01 9.490823552507610117e+00 -1.890606999013101641e-02 8.861220928812368891e-02 1.349139585936023900e-02
2.870582668301831930e+01 6.644361806790578528e-01 9.481910450527418988e+00 -1.558397512621359504e-02 9.576556826192436644e-02 1.382714515279349909e-02
2.919236611829849792e+01 6.653683117720976536e-01 9.491709829606021387e+00 -1.783100284743803499e-02 9.630138151044959072e-02 1.146777298508988574e-02
2.967890555357867655e+01 6.649162236558079364e-01 9.467953922019315627e+00 -1.667181129888546665e-02 8.802913273553955587e-02 1.008445555931217208e-02
3.016544498885885517e+01 6.660477500176724686e-01 9.422435999729026790e+00 -1.905856170761030532e-02 9.360458529980597575e-02 6.134183849696675517e-03
3.065198442413903024e+01 6.638819951343262193e-01 9.433883775057903875e+00 -1.713768803927451234e-02 8.774768604511865022e-02 7.261659288541874591e-03
3.113852385941920886e+01 6.650399851447927890e-01 9.432243711506922423e+00 -1.990182917395845463e-02 8.406881136094737639e-02 1.170181058945796160e-02
3.162506329469938748e+01 6.649576404284583964e-01 9.386461182856663754e+00 -2.319915357604050710e-02 7.950315670987129213e-02 2.837498607192665001e-03
3.211160272997956611e+01 6.639081925204362022e-01 9.414998968205667396e+00 -1.857382386782523154e-02 7.424995962870015176e-02 8.531310433765426637e-03
3.259814216525974473e+01 6.629791717845763266e-01 9.408829987984908882e+00 -1.992170076835676762e-02 7.172315821668198699e-02 1.202930831203319340e-02
3.308468160061065078e+01 6.632698324455487127e-01 9.396140797995943927e+00 -1.664394813638331305e-02 7.052163563865476714e-02 4.748122484536806964e-03
3.357122103599997587e+01 6.633441107644134638e-01 9.401462271285907946e+00 -2.100256827361479672e-02 8.443407539300598619e-02 8.601721432397874123e-03
3.405776047138929385e+01 6.628162018296074320e-01 9.444899225148947863e+00 -1.854197431497245363e-02 8.507843439207626868e-02 7.271982989971226274e-03
3.454429990677861895e+01 6.636485502180409224e-01 9.377149275928587713e+00 -1.957807888238027871e-02 9.282823596356692963e-02 1.581331135889280093e-02
3.503083934216794404e+01 6.647020100515139696e-01 9.340849608456258224e+00 -2.223066143688637308e-02 8.788140969665300672e-02 2.076454662381346794e-02
3.551737877755726203e+01 6.632554679340874060e-01 9.322317300993180567e+00 -1.642373627977490591e-02 8.587121365934136108e-02 1.267015188233673595e-02
3.600391821294658712e+01 6.620630073184023967e-01 9.361772772202627380e+00 -1.453968177783400428e-02 8.976393286278744332e-02 1.371453453400266198e-02
3.649045764833591221e+01 6.615969662954211961e-01 9.368744652365180059e+00 -1.713950407836606349e-02 1.010724921009168165e-01 1.489310364369482442e-02
3.697699708372523020e+01 6.627319835152670757e-01 9.327173989419771161e+00 -1.807187126061739202e-02 9.660839738244195174e-02 1.340187056586768233e-02
3.746353651911455529e+01 6.626619120938169738e-01 9.311406414398549103e+00 -2.280825518000617613e-02 1.001110298879547833e-01 2.889105469408534410e-02
3.795007595450387328e+01 6.656705835168963414e-01 9.315018014462319584e+00 -1.734846144505892973e-02 9.243413800979954908e-02 1.897363210136636391e-02
3.843661538989319837e+01 6.650127138225156997e-01 9.338553117078449262e+00 -1.655392860653823184e-02 8.852480100158313658e-02 1.205185449432327749e-02
3.892315482528252346e+01 6.654979105211377144e-01 9.339888602910574988e+00 -2.098854221150532606e-02 8.799305715067384792e-02 1.077775005467124236e-02
3.940969426067184145e+01 6.654868863595940764e-01 9.366182969055724783e+00 -2.024422650281371139e-02 8.519898090028535376e-02 1.805121524227533414e-02
3.989623369606116654e+01 6.673567214187654528e-01 9.407382254463888316e+00 -1.611592678928208677e-02 7.261678645564365042e-02 1.359357437315475425e-02
4.038277313145048453e+01 6.667772161169149836e-01 9.356870844075512395e+00 -1.823959886540689468e-02 7.590997730688719969e-02 1.056242966625128843e-02
4.086931256683980962e+01 6.655977959288453816e-01 9.409356913484380414e+00 -1.597583993216020182e-02 8.418753772462131413e-02 1.620789430748380278e-02
4.135585200222913471e+01 6.655972830489754744e-01 9.420932694771195770e+00 -1.187159005856745775e-02 7.569879938165610667e-02 5.694464612628707956e-03
4.184239143761845270e+01 6.676850290782117003e-01 9.477624901553911130e+00 -1.478264850951845066e-02 9.202691172396959551e-02 1.818365904746638284e-02
4.232893087300777779e+01 6.682229204833673997e-01 9.507060326009243667e+00 -1.774258831781855283e-02 8.856650504562352255e-02 1.373328755638586474e-02
4.281547030839709578e+01 6.667939209263820111e-01 9.484031182678396732e+00 -1.706301975768767520e-02 8.474802920664051276e-02 1.670424232875417081e-02
4.330200974378642087e+01 6.656690435039139819e-01 9.492608721851883757e+00 -1.784747145376101851e-02 9.104673963346590626e-02 1.132285772626819009e-02
4.378854917917574596e+01 6.641060106732220580e-01 9.503584807015085900e+00 -1.653547284184385402e-02 1.016662517903460239e-01 1.172840791298433716e-02
4.427508861456506395e+01 6.645374819432469105e-01 9.504662853720247995e+00 -1.109171734931189979e-02 9.092968462716788380e-02 1.668390077539472216e-02
4.476162804995438904e+01 6.627260027394594744e-01 9.515955611126344138e+00 -1.586400551946647031e-02 8.689142305122607435e-02 5.427470684391394462e-03
4.524816748534370703e+01 6.635170027414352134e-01 9.493712932175942143e+00 -1.676387124109145199e-02 8.197487137814793434e-02 1.102960921115654636e-02
4.573470692073303212e+01 6.617802588932134578e-01 9.526725356869405914e+00 -1.676216399705511562e-02 7.731406072840912858e-02 1.026259928557014811e-02
4.622124635612235721e+01 6.644342404991515627e-01 9.527098316321163551e+00 -1.444595206924358111e-02 9.265233273245418455e-02 7.990815998142539178e-03
4.670778579151167520e+01 6.636771041087234924e-01 9.488576868791700036e+00 -1.175176655398867120e-02 9.989856175233036151e-02 7.282593566976636179e-03
4.719432522690100029e+01 6.650394826169491180e-01 9.425694529585403103e+00 -1.195512167031130557e-02 9.095582174117530783e-02 5.633334616235441406e-03
4.768086466229032538e+01 6.658965597348192045e-01 9.503663346638040466e+00 -1.663369712371812192e-02 8.791658156356449427e-02 1.118537240075374861e-02
4.816740409767964337e+01 6.665883652420282468e-01 9.470277758973491444e+00 -1.838124447317467103e-02 9.334444205953867923e-02 1.063900561303549042e-02
4.865394353306896846e+01 6.685163882563778248e-01 9.534613750761753437e+00 -1.910919892899294592e-02 8.805235084116158628e-02 1.192880418777100826e-02
4.914048296845828645e+01 6.670423338329611873e-01 9.524501176025729876e+00 -1.581541694515853358e-02 8.326131360737976106e-02 7.386570748997442482e-03
4.962702240384761154e+01 6.660820508692892883e-01 9.487589888251054759e+00 -1.455733387129118372e-02 9.249077945421740887e-02 1.020765537676221468e-02
5.011356183923693663e+01 6.672845488756564691e-01 9.483518065208372150e+00 -2.157524668493861209e-02 8.454919675740280027e-02 1.150822855411164081e-02
5.060010127462625462e+01 6.650614824190757002e-01 9.493718650780863300e+00 -1.846747033804004012e-02 9.844898753216707599e-02 1.059744782306462629e-02
5.108664071001557971e+01 6.648584407085285086e-01 9.474433762304419915e+00 -1.717048548637227501e-02 9.202935383522450885e-02 1.742073436364835470e-02
5.157318014540489770e+01 6.630546350510192477e-01 9.439801189244258595e+00 -1.816975704231406363e-02 1.019093704895739916e-01 1.122814864799531742e-02
5.205971958079422279e+01 6.613214489643828298e-01 9.459011723759447321e+00 -1.491798166946424475e-02 1.101959832755895763e-01 5.229074268533667746e-03
5.254625901618354789e+01 6.619818211639034722e-01 9.513215365568141735e+00 -1.693719924217475248e-02 1.143038038403992596e-01 3.241308964135339310e-03
5.303279845157286587e+01 6.624197202628210324e-01 9.540500224216057035e+00 -2.446698300882725607e-02 1.175988027085020093e-01 8.442991497239746290e-03
5.351933788696219096e+01 6.622612728092167611e-01 9.531913954618286056e+00 -1.908873513895840979e-02 1.096219997372293031e-01 1.294942637523328888e-02
5.400587732235150895e+01 6.630173986180796231e-01 9.477932441053976476e+00 -1.914332477927592480e-02 1.015902078925403906e-01 1.368082212353766147e-02
5.449241675774083404e+01 6.636367543497874166e-01 9.408342558515577991e+00 -1.739967669016309615e-02 9.740251114730874571e-02 1.900915841891623326e-02
5.497895619313015914e+01 6.628526154265783621e-01 9.334890082069886574e+00 -1.429523693101145132e-02 8.979308611394845596e-02 1.843834843662268963e-02
5.546549562851947712e+01 6.614756276621737152e-01 9.344420618851138727e+00 -1.224404845304759293e-02 9.007069358043010010e-02 1.387369266830554282e-02
5.595203506390880221e+01 6.619691989179361524e-01 9.369288460089393311e+00 -2.092509673513283375e-02 8.656459477711592188e-02 9.858851136641644253e-03
5.643857449929812020e+01 6.630537732968994069e-01 9.330414770388385293e+00 -2.088214264719143176e-02 8.179747722264338328e-02 1.004016575919622345e-02
5.692511393468744529e+01 6.622267682666669320e-01 9.328963137643530246e+00 -1.754571123175859004e-02 8.719923786393268816e-02 1.307414826802849595e-02
5.741165337007677039e+01 6.628799445901921716e-01 9.387918130392943539e+00 -1.454289173214126651e-02 9.576924160299821187e-02 1.625112262687219977e-02
5.789819280546608837e+01 6.631750300969901923e-01 9.415937722388008524e+00 -1.507199910390769060e-02 9.087229804644925135e-02 7.092025110173913460e-03
5.838473224085541347e+01 6.642570937699532330e-01 9.449029057836504819e+00 -1.190378946049844289e-02 8.970513732393620154e-02 7.314740976039985076e-03
5.887127167624473145e+01 6.624506607582597573e-01 9.469218172258496935e+00 -1.611086093348035320e-02 9.577904774700515822e-02 1.469732649178373540e-02
5.935781111163405654e+01 6.658055909171270992e-01 9.454787515041788382e+00 -1.698485966460105967e-02 9.990444064881903730e-02 1.513121489679371268e-02
5.984435054702338164e+01 6.668511422471892214e-01 9.482855669332012738e+00 -1.672153388538946683e-02 9.514333845861433492e-02 1.401111666826991564e-02
6.033088998241269962e+01 6.666226534495951483e-01 9.484403832107799914e+00 -1.616689830319259502e-02 1.020938657847989539e-01 2.391177756985113367e-02
6.081742941780202472e+01 6.668278810192823647e-01 9.485797358777329435e+00 -1.974296344635556588e-02 9.183165855513258924e-02 2.010230427754142180e-02
6.130396885319134981e+01 6.666348688906906794e-01 9.467734399757979702e+00 -1.728013545350350066e-02 8.427574593028375194e-02 1.350389743136180820e-02
6.179050828858066780e+01 6.631008095668446956e-01 9.442154271523010678e+00 -1.883822008404203996e-02 9.270141567574644026e-02 1.714465134827011794e-02
6.227704772396999289e+01 6.630432292925367843e-01 9.448214865372838389e+00 -1.630505210833001206e-02 8.188539186986182328e-02 1.181500804175052155e-02
6.276358715935931087e+01 6.636871610024540624e-01 9.472430633801554478e+00 -1.564744011593283135e-02 8.265934078716141720e-02 1.998487702189036264e-02
6.325012659474863597e+01 6.639636656269500836e-01 9.477896744225581926e+00 -2.108741730667430814e-02 8.531804104257889598e-02 2.456929800530585628e-02
6.373666603013796106e+01 6.618798130020058235e-01 9.395026831108042487e+00 -1.755895718408859163e-02 9.264108439425247643e-02 1.458549189403982038e-02
6.422320546552728615e+01 6.629227246980446964e-01 9.402509595160520206e+00 -1.900025763558553515e-02 8.256253853114201013e-02 1.641797709023415375e-02
6.470974490091660414e+01 6.660693943114038840e-01 9.365216743004424416e+00 -1.971521662882391723e-02 8.513651281090059419e-02 4.101029726604768499e-03
6.519628433630592212e+01 6.689727968184356888e-01 9.313088851119792011e+00 -1.361452209587321605e-02 9.115989538209029464e-02 3.388823613247257671e-03
6.568282377169524011e+01 6.686902044850118187e-01 9.366613333173306799e+00 -1.455990633444870230e-02 8.793075910706543707e-02 2.217159194723608562e-03
6.616936320708455810e+01 6.675669307730768276e-01 9.386342029206272031e+00 -1.844107591808100133e-02 7.597117129468466956e-02 1.053859808184091917e-02
6.665590264247389030e+01 6.649068634059575045e-01 9.386171800899880679e+00 -2.452973639957693741e-02 7.653373234796026492e-02 8.817772322501180038e-03
6.714244207786320828e+01 6.641885162785952090e-01 9.402671348671322704e+00 -1.761121877125271240e-02 9.185916824110468282e-02 8.388455120733731563e-03
6.762898151325252627e+01 6.640771087836111475e-01 9.416467356679348200e+00 -1.903051522003423868e-02 8.257716352317306940e-02 1.016401258201445057e-02
6.811552094864185847e+01 6.650788512146335041e-01 9.427108326145480888e+00 -1.851930715112620751e-02 8.943157753249419972e-02 1.343083203517334012e-02
6.860206038403117645e+01 6.664499626715516545e-01 9.444710358787434146e+00 -1.781073489822281031e-02 9.749508713394100523e-02 4.882649622594339989e-03
6.908859981942049444e+01 6.631666553203517944e-01 9.532284193662064808e+00 -1.189945458013205726e-02 1.008174992339600784e-01 7.551858093691840579e-03
6.957513925480981243e+01 6.624220742515959381e-01 9.522109289227305595e+00 -1.747378183272621510e-02 1.026671013972536850e-01 1.135625903125921099e-02
7.006167869019914463e+01 6.619687273517314008e-01 9.460360939850087192e+00 -1.358624203994744650e-02 9.798504359662996155e-02 1.018120186601295662e-02
7.054821812558846261e+01 6.612576123993966215e-01 9.463112657454599841e+00 -2.157205541659336367e-02 8.895628167884761517e-02 7.353910299602667289e-03
7.103475756097778060e+01 6.616593250448279395e-01 9.467055633673179926e+00 -2.624978665760796526e-02 8.392244786846139726e-02 1.277208209704558395e-02
7.152129699636711280e+01 6.635019012367155966e-01 9.471887581377863796e+00 -2.447396504042739784e-02 8.082897480058670592e-02 1.058896566870594358e-02
7.200783643175643078e+01 6.668031066944556384e-01 9.443784012322838706e+00 -2.162172296270489791e-02 8.599426938841339685e-02 6.669319130849948873e-03
7.249437586714574877e+01 6.668975444700570021e-01 9.478992988400221975e+00 -1.913289324203293340e-02 9.289471327249360089e-02 3.963649869317659169e-03
7.298091530253508097e+01 6.659186632886910928e-01 9.470559873504486248e+00 -1.482751081646402347e-02 8.838448293129724798e-02 1.542657050517171058e-02
