0.000000000000000000e+00 1.494484187370110684e+00 9.999999999999998890e-01
9.122414716417047709e-01 1.363811726158107529e+00 7.316883415708651528e-01
1.824482943281774183e+00 1.265662729630841810e+00 5.426014129903633521e-01
2.736724414923359383e+00 1.190865671636867518e+00 4.078452030843978671e-01
3.648965886570172401e+00 1.137591963560961927e+00 3.098308374902831730e-01
4.561207358216984531e+00 1.100563282446506808e+00 2.386710166011541401e-01
5.473448829852507025e+00 1.072430500294586420e+00 1.872325726671000834e-01
6.385690301483220033e+00 1.050911719270903433e+00 1.507758566375004827e-01
7.297931773113933041e+00 1.041982283244121454e+00 1.237754650631804482e-01
8.210173244744646937e+00 1.029559564841466823e+00 1.043503595634329983e-01
9.122414716375359944e+00 1.023166263531939180e+00 9.016438308853363948e-02
1.003465618800607295e+01 1.012814460893517232e+00 8.028181003915221825e-02
1.094689765963678596e+01 1.012681695270339022e+00 7.291851775897972843e-02
1.185913913126749897e+01 1.011825495403519959e+00 6.719322504008320984e-02
1.277138060289821198e+01 1.012408635560982484e+00 6.338700209021472243e-02
1.368362207452892498e+01 1.007970431125474908e+00 6.106444970361203650e-02
1.459586354615963799e+01 1.002652989269828598e+00 5.956746071120379987e-02
1.550810501779035100e+01 1.002705512551772982e+00 5.846320182117466929e-02
1.642034648942106401e+01 1.000719558016915922e+00 5.750932160776815738e-02
1.733258796105177879e+01 9.986244172912156492e-01 5.673624421082359287e-02
1.824482943268249002e+01 9.978586391138638545e-01 5.601068143922987436e-02
1.915707090431320481e+01 1.000125918842715622e+00 5.562119010330211777e-02
2.006931237599574658e+01 9.986211596414935610e-01 5.506458524808306026e-02
2.098155384769085785e+01 1.001346969384288244e+00 5.515908391472319067e-02
2.189379531938596912e+01 9.983394148686033365e-01 5.526134364174919988e-02
2.280603679108108039e+01 9.987117267590748249e-01 5.505124017859900493e-02
2.371827826277619522e+01 1.001041932296647285e+00 5.447582251742335430e-02
2.463051973447130649e+01 9.998728078612446613e-01 5.430499534186397637e-02
2.554276120616641776e+01 1.001068840123945369e+00 5.421302516037677932e-02
2.645500267786153259e+01 1.002952018132933665e+00 5.398450041478655703e-02
2.736724414955664386e+01 1.002466590246002820e+00 5.446986791820008361e-02
2.827948562125175513e+01 1.004671727492714384e+00 5.433735782998423691e-02
2.919172709294686996e+01 1.002340872219750212e+00 5.447839128608203407e-02
3.010396856464198123e+01 9.995171520055249337e-01 5.470521213409225425e-02
3.101621003633709250e+01 1.003375042760029201e+00 5.451549882010506970e-02
3.192845150803220378e+01 1.005671048478341323e+00 5.476757453229348649e-02
3.284069297972731505e+01 1.008132402716849674e+00 5.483903855747102735e-02
3.375293445142242632e+01 1.008219278014738762e+00 5.469818838624861124e-02
3.466517592311753759e+01 1.004656253424694778e+00 5.491835558966667863e-02
3.557741739481264887e+01 1.002168297934615149e+00 5.496207508532510722e-02
3.648965886650776014e+01 1.000906021264786672e+00 5.511712823662075905e-02
3.740190033820287141e+01 1.003629550021572614e+00 5.436300486099334556e-02
3.831414180989798979e+01 1.005867148816810497e+00 5.458891048333937290e-02
3.922638328151456477e+01 1.001811715296359262e+00 5.471931771768784314e-02
4.013862475308088307e+01 1.001361220013171405e+00 5.456432039680645524e-02
4.105086622464719426e+01 9.995310080574313361e-01 5.447364810145162439e-02
4.196310769621350545e+01 1.001703633215847766e+00 5.442712867848648745e-02
4.287534916777982374e+01 9.984668281923482214e-01 5.458630225617463333e-02
4.378759063934613494e+01 9.962923373860275156e-01 5.435026356414003612e-02
4.469983211091245323e+01 1.000944460088564636e+00 5.409800892334198918e-02
4.561207358247876442e+01 1.001614941964059646e+00 5.413717825211139534e-02
4.652431505404508272e+01 1.001967520916195120e+00 5.431619251413685734e-02
4.743655652561139391e+01 1.004373488633481859e+00 5.433348575538409636e-02
4.834879799717770510e+01 1.002041196421432856e+00 5.455156811496754410e-02
4.926103946874402340e+01 1.000907909465908574e+00 5.441277478574145510e-02
5.017328094031033459e+01 9.991022121332178152e-01 5.455154158794915664e-02
5.108552241187665288e+01 9.993528638535011943e-01 5.449888362884718757e-02
5.199776388344297118e+01 9.966488480992168331e-01 5.452153648871384956e-02
5.291000535500928947e+01 9.966506491324600425e-01 5.415988361597064149e-02
5.382224682657560066e+01 9.992231828185854647e-01 5.418759515948310540e-02
5.473448829814191896e+01 1.001402412796047026e+00 5.414838837289204232e-02
5.564672976970823015e+01 1.007658121136820517e+00 5.402708946301737480e-02
5.655897124127454134e+01 1.009720625366030022e+00 5.389215313369206950e-02
5.747121271284085964e+01 1.005185500874490101e+00 5.448518792606473621e-02
5.838345418440717083e+01 1.001056549067259827e+00 5.484618876615319355e-02
5.929569565597348912e+01 9.992501212767284091e-01 5.455667434485904355e-02
6.020793712753980031e+01 1.000056038078987575e+00 5.432104106030952173e-02
6.112017859910611861e+01 1.001180586435590714e+00 5.439869564599697505e-02
6.203242007067242980e+01 1.003660439720859276e+00 5.454295814126982472e-02
6.294466154223874099e+01 9.999873673032462218e-01 5.465447469578402911e-02
6.385690301380505929e+01 9.967307065984070125e-01 5.493381262858268443e-02
6.476914448537137048e+01 9.991099916045520501e-01 5.427871082442496664e-02
6.568138595693768877e+01 9.997371870648754655e-01 5.431192215985881228e-02
6.659362742850400707e+01 9.995774834742416903e-01 5.425389627966895056e-02
6.750586890007031116e+01 1.001209642862632476e+00 5.398285283077627894e-02
6.841811037163662945e+01 1.002728577218858996e+00 5.387309671190867316e-02
6.933035184320294775e+01 9.994166358817969664e-01 5.403797817435164463e-02
7.024259331476925183e+01 9.986966460816218971e-01 5.466466618265820171e-02
7.115483478633557013e+01 1.001672906414784459e+00 5.451600233224596082e-02
7.206707625790188843e+01 1.002462016366142628e+00 5.430014267972971265e-02
7.297931772946820672e+01 1.002149066884683970e+00 5.415838481594394821e-02
7.389155920103451081e+01 9.998303594820097118e-01 5.412624230083264154e-02
7.480380067260082910e+01 9.976991330958939752e-01 5.453005051172182122e-02
7.571604214416714740e+01 1.000397361281000430e+00 5.408739491508963992e-02
7.662828361573345148e+01 1.002183974059104310e+00 5.425282714242537357e-02
7.754052508729976978e+01 1.000299680593571550e+00 5.403187732132891385e-02
7.845276655886608808e+01 1.001646057756659491e+00 5.418698911083812825e-02
7.936500803043239216e+01 9.970108131565442733e-01 5.445820799322051431e-02
8.027724950199871046e+01 9.975134468228792350e-01 5.433110458920084596e-02
8.118949097356502875e+01 1.001405955992826557e+00 5.421918050854746679e-02
8.210173244513134705e+01 1.003116339806471746e+00 5.417942876193843071e-02
8.301397391669765113e+01 1.002255539856806488e+00 5.431826314762233654e-02
8.392621538826396943e+01 1.000811202442223102e+00 5.450878520540169969e-02
8.483845685983028773e+01 1.006335145804868825e+00 5.396021695463852630e-02
8.575069833139659181e+01 1.006365905246784820e+00 5.381694550273551092e-02
8.666293980296291011e+01 1.004383248833620179e+00 5.443055188295996272e-02
8.757518127452922840e+01 1.004286270215160481e+00 5.424794016895764792e-02
8.848742274609554670e+01 1.006273335607100750e+00 5.450333373206064230e-02
8.939966421766185078e+01 1.001369869851191030e+00 5.481432202325368236e-02
9.031190568922816908e+01 1.006591792435316046e+00 5.445622258204074750e-02
9.122414716079448738e+01 1.004698007567703444e+00 5.457864325330957778e-02
9.213638863236079146e+01 1.003639257173597477e+00 5.491024406368639338e-02
9.304863010392710976e+01 1.005760948854389047e+00 5.449731730251626549e-02
9.396087157549342805e+01 1.003886345691235027e+00 5.425528944746434157e-02
9.487311304705974635e+01 1.001114042632361478e+00 5.411266587521086635e-02
9.578535451862605044e+01 1.001157397663264392e+00 5.435064384712005869e-02
9.669759599019236873e+01 9.996326273270565999e-01 5.467848456296096893e-02
9.760983746175868703e+01 9.995507094240614343e-01 5.463064774249977440e-02
9.852207893332499111e+01 9.990623156310404207e-01 5.476791108102793681e-02
9.943432040489130941e+01 9.969669762654398415e-01 5.463069835403052549e-02
1.003465618764576277e+02 9.988038027445917955e-01 5.447990786836979377e-02
1.012588033480239460e+02 1.001113570061645586e+00 5.427821123273077197e-02
1.021710448195902501e+02 9.947287115649168232e-01 5.449503464962966726e-02
1.030832862911565684e+02 9.967710686720604452e-01 5.451997638485527042e-02
1.039955277627228583e+02 9.981528088480943195e-01 5.441818782760839135e-02
1.049077692342891766e+02 9.988661864657937262e-01 5.443683030942417928e-02
1.058200107058554948e+02 9.985590089930160840e-01 5.409064079985105578e-02
1.067322521774218131e+02 9.966270798419802901e-01 5.436548534136620425e-02
1.076444936489881172e+02 1.002533998544470784e+00 5.399757505040247291e-02
1.085567351205544355e+02 1.000576571747243237e+00 5.415151888528922652e-02
1.094689765921207538e+02 9.999059336121541852e-01 5.414813044702420503e-02
1.103812180636870579e+02 1.004486141902817709e+00 5.398639328654701586e-02
1.112934595352533762e+02 1.004332368995363822e+00 5.406987618265925860e-02
1.122057010068196945e+02 1.000801363075485062e+00 5.427548347741233126e-02
1.131179424783860128e+02 1.003187321152856137e+00 5.420305468240241981e-02
1.140301839499523169e+02 1.002580677855991365e+00 5.438684181677794216e-02
1.149424254215186352e+02 9.998532420783674546e-01 5.437328565189564894e-02
1.158546668930849535e+02 9.985315953319905402e-01 5.437202274617165126e-02
1.167669083646512576e+02 9.994031301201002915e-01 5.467078690009567060e-02
1.176791498362175759e+02 1.000635358646306594e+00 5.450956245629170333e-02
1.185913913077838941e+02 9.973227371192494584e-01 5.444647057847414734e-02
1.195036327793502124e+02 9.936201769303004694e-01 5.439492805999216613e-02
1.204158742509165165e+02 9.962817295865000755e-01 5.411864151996326200e-02
1.213281157224828348e+02 9.952586571747034094e-01 5.435854236775736897e-02
1.222403571940491531e+02 9.899397546620201105e-01 5.454978334151212166e-02
1.231525986656154572e+02 9.934767632475062227e-01 5.437170593734050317e-02
1.240648401371817755e+02 1.000286408324996934e+00 5.409944018541301691e-02
1.249770816087480938e+02 9.987928251032629490e-01 5.453453362793728859e-02
1.258893230803144121e+02 1.001251441189019209e+00 5.420506387462915160e-02
1.268015645518807162e+02 1.000547850151818130e+00 5.416663191467227523e-02
1.277138060234470345e+02 1.003172812011823289e+00 5.412145683789605644e-02
1.286260474950133528e+02 1.001710405974917562e+00 5.405780684304210826e-02
1.295382889665796711e+02 9.999958532814151591e-01 5.441898967634489770e-02
1.304505304381459894e+02 1.002793132899097328e+00 5.381849241246119964e-02
1.313627719097122792e+02 1.004533873980514747e+00 5.385868495532468436e-02
1.322750133812785975e+02 1.002130473039761105e+00 5.400868514983945406e-02
1.331872548528449158e+02 1.001818985918245142e+00 5.396785974126959429e-02
1.340994963244112341e+02 1.001521103612873054e+00 5.425810321320796020e-02
1.350117377959775524e+02 9.985826312158591067e-01 5.452345397385691128e-02
1.359239792675438707e+02 1.003021949574526950e+00 5.433969041738218736e-02
1.368362207391101890e+02 9.980218665161929570e-01 5.434039797957655737e-02
