0.000000000000000000e+00 1.484981198648123613e+00 1.000000000000000000e+00 5.174392915733871424e-04 -1.143377874988482629e-04 6.130913462783049554e-05
4.091458325743505542e-01 1.096949710596677896e+00 1.641998079537986488e+00 1.112543902387475199e-02 1.126258179854889019e-01 6.797995158789853221e-02
8.182916651485392379e-01 9.410728296179809993e-01 2.445809474461882349e+00 1.273251852085789844e-02 1.443303906821028493e-01 6.977730572865299685e-02
1.227437497723575799e+00 8.833767499002123103e-01 3.356020382033143346e+00 1.236689244834026334e-02 1.611415831696529355e-01 5.836159780378655931e-02
1.636583330301544459e+00 8.702138703056303548e-01 4.279133950956140353e+00 2.198917722714983577e-02 1.677078394087642144e-01 4.802868355338191925e-02
2.045729162879509122e+00 8.795176606331712721e-01 5.135827988385962328e+00 3.379895459479254766e-02 1.745915241011698482e-01 3.763441712696792563e-02
2.454874995454082942e+00 8.957842159399380666e-01 5.846417340554658004e+00 5.052524953374991357e-02 1.818421917471902682e-01 2.638098851943587383e-02
2.864020828024481435e+00 9.154168545303502658e-01 6.404735522764835487e+00 6.904159707202095486e-02 1.950358321694917185e-01 1.830230904970685246e-02
3.273166660594891919e+00 9.366883481845030834e-01 6.837999907455814430e+00 8.518153636681385921e-02 2.070519744408958196e-01 1.114950532372863297e-02
3.682312493165298850e+00 9.545507794931659129e-01 7.108485439328569910e+00 9.984932655531399137e-02 2.169813033429370819e-01 7.937693683972173175e-03
4.091458325735707113e+00 9.682061211932156963e-01 7.276963500713998556e+00 1.087291381226232895e-01 2.212728322435123518e-01 5.903848223833244209e-03
4.500604158306102498e+00 9.792562986918368351e-01 7.368048521877315515e+00 1.139140385906880215e-01 2.273476924921152831e-01 3.493367398265522384e-03
4.909749990876505876e+00 9.851874551827346504e-01 7.386295613813457450e+00 1.209627408540053378e-01 2.372725135104883087e-01 -1.209080669419955196e-03
5.318895823446927018e+00 9.914807511611321011e-01 7.420062014890126179e+00 1.212573227390571634e-01 2.429967960181887987e-01 -2.273912045877382083e-03
5.728041656017330396e+00 9.969049436950151444e-01 7.444142085704498868e+00 1.208191707359623362e-01 2.458542938830186597e-01 1.182870446503625505e-04
6.137187488587724005e+00 9.988345970900729398e-01 7.422483745134131894e+00 1.211649189547314986e-01 2.499410192136991005e-01 -1.679497244942164055e-03
6.546333321158123830e+00 1.000287354238323267e+00 7.395249091296306254e+00 1.230212193813873672e-01 2.515826998597245900e-01 5.838460592165084804e-05
6.955479153728542308e+00 1.001861799837840739e+00 7.394909803628211264e+00 1.241695338607483046e-01 2.537692888800315849e-01 1.474250270683282729e-03
7.364624986298937692e+00 1.001497270300609310e+00 7.358109058945603742e+00 1.242294257483206182e-01 2.498876224548516600e-01 1.234481122040596108e-03
7.773770818869361499e+00 1.001591972068735181e+00 7.346965823751903990e+00 1.218559107093607347e-01 2.481141060072014071e-01 2.563592769856221261e-03
8.182916651439761324e+00 1.003145379066007870e+00 7.341944715900629248e+00 1.202307310089876097e-01 2.492045526592835958e-01 3.362057646902279033e-03
8.592062484010176249e+00 1.002995759288767941e+00 7.339469153680712843e+00 1.228884252768847607e-01 2.612393932425562948e-01 -3.174385009804303365e-04
9.001208316580573410e+00 1.002173170411911673e+00 7.330843809781725007e+00 1.239333707672248264e-01 2.590023547257647163e-01 5.519872821771905184e-03
9.410354149175114813e+00 1.001989069172366964e+00 7.325002800265250080e+00 1.230945628711142409e-01 2.584888986152598656e-01 2.420027712708554442e-03
9.819499981775818398e+00 1.000514437639756782e+00 7.304112684585710724e+00 1.247110710290341568e-01 2.526560772470560212e-01 4.610185393190136850e-03
1.022864581437643139e+01 9.977433271223048461e-01 7.281969825038492772e+00 1.214717685766935756e-01 2.510828164575247268e-01 1.747326019894823636e-03
1.063779164697714030e+01 9.983347146376004844e-01 7.292270407135110766e+00 1.201982294542555119e-01 2.494125820695782259e-01 2.006340456245703284e-04
1.104693747957775152e+01 9.978439835780220646e-01 7.279228589128917015e+00 1.220828167343792764e-01 2.497974784945711513e-01 8.958941349034555378e-04
1.145608331217845866e+01 9.966368373937186664e-01 7.291361425067402813e+00 1.191877068087009994e-01 2.482282182650546454e-01 7.313480177339315566e-04
1.186522914477907165e+01 9.978176374087965872e-01 7.305072340894262162e+00 1.201914399662367267e-01 2.507807834928901802e-01 -7.470148369897234338e-05
1.227437497737977168e+01 1.000827484408192580e+00 7.337552259544488642e+00 1.196776684515702682e-01 2.496612882413037637e-01 1.229002363277075177e-03
1.268352080998040066e+01 9.998886708273011514e-01 7.311564390592832474e+00 1.217444750106331935e-01 2.545790940107544587e-01 -6.609793049005330051e-04
1.309266664258109891e+01 1.001324830710789149e+00 7.329629721983503821e+00 1.205890794260525145e-01 2.565488981373083011e-01 -2.821167709385629958e-04
1.350181247518171013e+01 1.000214034343320124e+00 7.303478428217655249e+00 1.207471275436304697e-01 2.533815156599627527e-01 4.064066491335530280e-03
1.391095830778239772e+01 9.989255755536916581e-01 7.298885858712178987e+00 1.213497756876879830e-01 2.611445269487088217e-01 3.683156903913881175e-03
1.432010414038305157e+01 1.000659367423351931e+00 7.317718671899297256e+00 1.189467647847297499e-01 2.539663250300131514e-01 1.646037984809921480e-03
1.472924997298373739e+01 1.002002753123429235e+00 7.333139607850622355e+00 1.213152482726742309e-01 2.563519901074780005e-01 2.428381391098079125e-03
1.513839580558434861e+01 1.002062726481805388e+00 7.317428239093516140e+00 1.235207354043873218e-01 2.538979706800628122e-01 4.958596536386365022e-03
1.554754163818502555e+01 1.001947420522023569e+00 7.310271359179256301e+00 1.248948626130640671e-01 2.461549789710592573e-01 7.088085954865847027e-03
1.595668747078570071e+01 1.001794540413416312e+00 7.320186895458234311e+00 1.213000392160330232e-01 2.489545062009936860e-01 -8.546585948989459704e-04
1.636583330338637765e+01 1.001532134900445348e+00 7.327260652729290946e+00 1.207112472710749895e-01 2.468243084857291714e-01 1.657803261328865026e-03
1.677497913598698887e+01 1.000123368319022044e+00 7.309038934193559989e+00 1.194891418031105018e-01 2.491703753799797139e-01 -3.569702879411118372e-04
1.718412496858765692e+01 9.998914537599782326e-01 7.307709689825511390e+00 1.216337473611161651e-01 2.474323538013456503e-01 3.867213089472862700e-03
1.759327080118834630e+01 1.000393642733897304e+00 7.328468461885300655e+00 1.222357551216618488e-01 2.469036477105565064e-01 1.457940859163869840e-03
1.800241663378901791e+01 1.000648617140414531e+00 7.333555444023508230e+00 1.215801290543302021e-01 2.507430669129646073e-01 3.355935930093578972e-04
1.841156246638962202e+01 1.002014686458745141e+00 7.332346363413547508e+00 1.238776858876839831e-01 2.558216138586278943e-01 -1.651714393912404521e-03
1.882070829899029007e+01 1.002889580942036618e+00 7.328778464036949991e+00 1.234408235006091425e-01 2.555412789092265657e-01 -7.048356847161984639e-04
1.922985413159099366e+01 1.003264482395232360e+00 7.321490424851072376e+00 1.216341188714110122e-01 2.502287014132851262e-01 2.333342432841514335e-03
1.963899996419165817e+01 1.002149157748840169e+00 7.327570457547836646e+00 1.212027034608421650e-01 2.547002405196496788e-01 1.804115815649037693e-03
2.004814579679226227e+01 1.001822617392279957e+00 7.312851317522542693e+00 1.217119835383260323e-01 2.561912952216369721e-01 -2.741790214060746585e-04
2.045729162939291967e+01 1.001826446393305536e+00 7.317458099829212692e+00 1.201961870851059599e-01 2.518860197475798479e-01 3.565621270454289110e-04
2.086643746199363747e+01 1.000479199996540114e+00 7.309063601753231332e+00 1.192099085260012181e-01 2.495417522692976731e-01 -2.187606981912815088e-04
2.127558329459429487e+01 1.000041381374132454e+00 7.308774334175108578e+00 1.218602292630749095e-01 2.515355744924239745e-01 2.850382216107461182e-03
2.168472912719489898e+01 9.996418365420668417e-01 7.290543479234146140e+00 1.201497252679674804e-01 2.537788974626978833e-01 1.620139852292114095e-03
2.209387495979555283e+01 9.984176746346564713e-01 7.289902351910654943e+00 1.207266836898037016e-01 2.520660311093435024e-01 -3.917388377205155512e-04
2.250302079239628483e+01 9.985034872303243381e-01 7.307675572286376209e+00 1.196896155982811460e-01 2.496748598056584278e-01 1.775229311798790476e-03
2.291216662499693513e+01 1.001425113797592470e+00 7.340091595826811144e+00 1.236557778271166058e-01 2.485034475166940093e-01 1.344472975938540904e-03
2.332131245759753924e+01 1.001956180767543225e+00 7.335047407526824159e+00 1.211794763325095003e-01 2.529354535486208477e-01 8.667601965857685536e-04
2.373045829019819664e+01 1.002484757867253773e+00 7.340075376979013022e+00 1.207552859293120479e-01 2.585869811477760627e-01 1.118098464858198254e-03
2.413960412279892154e+01 1.003245014618970199e+00 7.341501714296446046e+00 1.226860849783468072e-01 2.548825144922713393e-01 -1.128308234500252725e-03
2.454874995539957538e+01 1.001518822043083512e+00 7.327203867750958999e+00 1.227943919954367774e-01 2.478366260892666262e-01 6.641601289175169719e-04
2.495789578800017594e+01 1.000463742084517049e+00 7.327493929591248900e+00 1.194835479582698201e-01 2.515956364342477047e-01 2.258814431936191289e-03
2.536704162060082623e+01 1.001074820358775375e+00 7.326174274768792571e+00 1.229746204837096207e-01 2.530248897849084466e-01 1.014971912425071190e-03
2.577618745320154403e+01 1.002013038455064953e+00 7.323172014192095070e+00 1.188793142440281031e-01 2.542919869812335643e-01 -1.261239737862787083e-03
2.618533328580218011e+01 1.000734032671902307e+00 7.298658267108013575e+00 1.229772746949491236e-01 2.462064266317259553e-01 3.321902518198017757e-03
2.659447911840284817e+01 1.001344811246185351e+00 7.318939799654530454e+00 1.202333607596358239e-01 2.387246166225806820e-01 5.730019366879631967e-03
2.700362495100349491e+01 1.001266499101809870e+00 7.311876279079818630e+00 1.209449781260397011e-01 2.399190313170327105e-01 3.575257158085840513e-03
2.741277078360420916e+01 9.994044011626161961e-01 7.279339119644623324e+00 1.196828157823792843e-01 2.448733312124710126e-01 2.458575052340994556e-03
2.782191661620485235e+01 9.978183903630041263e-01 7.267624418023632238e+00 1.191432821441900936e-01 2.422037669375854130e-01 4.659632673267999218e-04
2.823106244880545646e+01 1.000051726018761356e+00 7.303841476867206417e+00 1.187719549355413240e-01 2.478566528787908008e-01 1.601056154941878995e-03
2.864020828140609964e+01 9.997043299718307852e-01 7.294916396826047311e+00 1.191661267001555696e-01 2.429927966025657304e-01 8.084110201540995085e-04
2.904935411400680323e+01 1.000484831396476482e+00 7.297470251178026501e+00 1.189565262883898050e-01 2.527819563398786551e-01 8.207027136967414663e-05
2.945849994660743221e+01 1.000659007757670471e+00 7.303839578859086856e+00 1.219650901078517397e-01 2.487712537465774920e-01 7.478210650329508886e-04
2.986764577920815000e+01 1.000774864815471288e+00 7.318298928802435377e+00 1.184876850235379170e-01 2.493372336857040128e-01 6.133299885162402402e-04
3.027679161180879319e+01 1.002405298215226948e+00 7.326455835292994934e+00 1.235508767633390070e-01 2.497366099483577795e-01 4.727632345276852957e-03
3.068593744440948967e+01 1.000740236707360564e+00 7.309713774556433563e+00 1.209122291613932976e-01 2.524304824929320401e-01 2.322370783134939526e-03
3.109508327701012931e+01 1.000601466485826041e+00 7.315662785206066943e+00 1.182984122719237668e-01 2.489658650480147672e-01 1.027534544699047021e-03
3.150422910961073342e+01 1.001293368847335330e+00 7.316252019135302653e+00 1.210959476884754388e-01 2.534399080313330943e-01 -3.615778701055792892e-03
3.191337494221137305e+01 1.002172063914056332e+00 7.326757745022109525e+00 1.207057284232569278e-01 2.541127437187238880e-01 -6.194463603309374559e-04
3.232252077481206243e+01 1.001149019425039643e+00 7.322738335727612125e+00 1.208611001163176490e-01 2.616175067625198802e-01 -5.847945648957187151e-05
3.273166660741269851e+01 9.996099094432071563e-01 7.299888650769955412e+00 1.215837222924672639e-01 2.525710423027644480e-01 -1.318510810948095953e-03
3.314081244001344118e+01 9.993055054981224705e-01 7.284789989596082371e+00 1.209377851750312316e-01 2.519090044598717992e-01 1.790545771570908233e-03
3.354995827261407726e+01 9.987740971160917747e-01 7.282258540149793014e+00 1.215690880262048634e-01 2.505567581743088357e-01 3.860526031392069908e-03
3.395910410521477729e+01 9.972462402101824885e-01 7.287553233002424413e+00 1.198446790715757271e-01 2.457639744893121148e-01 5.999402229278654256e-03
3.436824993781540627e+01 9.985866670891280217e-01 7.319184595976615526e+00 1.195063655391279539e-01 2.499250686545874955e-01 -1.187187874944612993e-03
3.477739577041600683e+01 1.001237607494906978e+00 7.337277775844127881e+00 1.209931125332017327e-01 2.512534172374008001e-01 1.799400147600333042e-03
3.518654160301664291e+01 9.996021400448800165e-01 7.310972102739372147e+00 1.207991130910862215e-01 2.484306216102933618e-01 1.686486562803390975e-03
3.559568743561732873e+01 1.001475849624556158e+00 7.340517944519629800e+00 1.189103923269044377e-01 2.448122580663895376e-01 -2.482650407057542929e-03
3.600483326821795771e+01 1.001632921342678451e+00 7.330032707849102991e+00 1.214161891637517560e-01 2.520320087318283497e-01 -2.489797300897288613e-03
3.641397910079514588e+01 9.999136753795858645e-01 7.314321956845350137e+00 1.207272953283313327e-01 2.513432684530823580e-01 2.207997935859173965e-04
3.682312493327476943e+01 9.998965506554957638e-01 7.302578959067390407e+00 1.212757209738413028e-01 2.480382170969029632e-01 3.802727669149501537e-03
3.723227076575432903e+01 9.991925489926279935e-01 7.288776577689621838e+00 1.197074173130951991e-01 2.498013887188974269e-01 3.034449894544873766e-03
3.764141659823395969e+01 9.988984120334031269e-01 7.286243005307625253e+00 1.196659259372166301e-01 2.530320107019732867e-01 -1.046281053430724289e-03
3.805056243071371114e+01 9.992611826487162174e-01 7.294222968695838638e+00 1.201420309422410182e-01 2.449231070022167833e-01 3.424085308457570573e-03
3.845970826319334890e+01 9.980316802462613213e-01 7.296380327505171515e+00 1.179308458280814292e-01 2.462882654331740306e-01 3.085978468107709784e-03
3.886885409567289429e+01 9.986727792341075771e-01 7.298784952052451480e+00 1.220633871646228524e-01 2.453572162908804755e-01 2.941733197052986970e-03
3.927799992815252494e+01 1.000325986572961234e+00 7.310996521662138647e+00 1.194260298541567483e-01 2.440876746791786900e-01 3.084023903264830960e-03
3.968714576063228350e+01 1.000619415781302646e+00 7.315787981398736761e+00 1.169212496028567139e-01 2.482778628130304088e-01 8.800041990422813407e-04
4.009629159311192836e+01 1.000732399097163050e+00 7.311615125803201387e+00 1.168445831351206388e-01 2.498486175556621225e-01 -4.987780370816563905e-04
4.050543742559145244e+01 1.001860718731812039e+00 7.330716358127623344e+00 1.201061931902913521e-01 2.447166170217391357e-01 2.799065392823303286e-03
4.091458325807109730e+01 1.000055334526183115e+00 7.297190594710931677e+00 1.222340201610040422e-01 2.490960388402470582e-01 1.421763886762897854e-03
4.132372909055084875e+01 1.001087241125671712e+00 7.312000217231942933e+00 1.219556445025466451e-01 2.468306977405826663e-01 1.494507941324182401e-03
4.173287492303049362e+01 1.002627931690251106e+00 7.313436888752326226e+00 1.206261594396116632e-01 2.503586540921085013e-01 1.401369803785722408e-03
4.214202075551002480e+01 1.001283464414681523e+00 7.304292572644798476e+00 1.209847098554747147e-01 2.476778338911709842e-01 3.450016011392992212e-03
4.255116658798966967e+01 1.000752778668685838e+00 7.297028971837582034e+00 1.176789007703834822e-01 2.510373295304593189e-01 2.456408633719494618e-03
4.296031242046942111e+01 9.995188403093323570e-01 7.304150243337070414e+00 1.183837979514515137e-01 2.497003195877354753e-01 2.693341399112066884e-03
4.336945825294907308e+01 9.996204697698357622e-01 7.296745147392266873e+00 1.192663407921260021e-01 2.578743763773443387e-01 -6.375840091799466923e-04
4.377860408542858295e+01 9.994018769034039851e-01 7.296869225328382669e+00 1.189845743842766618e-01 2.525671451171663806e-01 -7.443873541382073659e-04
4.418774991790823492e+01 1.000566300668432662e+00 7.313881128286424449e+00 1.178008327566429647e-01 2.567928739471314614e-01 1.594812086234707015e-03
4.459689575038799347e+01 1.001862606953149548e+00 7.330747046722080107e+00 1.172103749069703799e-01 2.613999563620072464e-01 1.605858631333785319e-03
4.500604158286765255e+01 1.003158598952889724e+00 7.339439870419684375e+00 1.213368698955200609e-01 2.569750234618780604e-01 1.413098522372290174e-03
4.541518741534714820e+01 1.002336467206215831e+00 7.322998859150674278e+00 1.234705601684543963e-01 2.551942669154828036e-01 3.259358010832021004e-03
4.582433324782680728e+01 1.003368157015684714e+00 7.348567452340026840e+00 1.227888856001191076e-01 2.521023047010999552e-01 1.025159508307559334e-03
4.623347908030655873e+01 1.002858554276889302e+00 7.338603602594511166e+00 1.213190902503008678e-01 2.490987559214653813e-01 6.036038644662033471e-04
4.664262491278621781e+01 1.002814053047988763e+00 7.322645658170763738e+00 1.211141783290544949e-01 2.542626250817598410e-01 3.366464042366656951e-04
4.705177074526571346e+01 1.002265594362428569e+00 7.306152804744198370e+00 1.208678313961841500e-01 2.609695527130015402e-01 2.220874489046875764e-03
4.746091657774539385e+01 9.996380494479316647e-01 7.278090907247846353e+00 1.223252633494722325e-01 2.521080581010102240e-01 4.521795487819407593e-03
4.787006241022511688e+01 9.989559749344970596e-01 7.276280985773825982e+00 1.224635105224878145e-01 2.533827290779784858e-01 -1.839680763317208491e-04
4.827920824270477596e+01 9.991043676287346686e-01 7.273974972021893137e+00 1.209430789169316650e-01 2.454740557977136139e-01 1.630244193561338709e-03
4.868835407518427871e+01 9.983843522220451350e-01 7.281879286691649966e+00 1.206617867592791743e-01 2.472907948141492840e-01 4.052540372597062020e-03
4.909749990766394490e+01 9.976195524488953303e-01 7.280265396660540844e+00 1.221615285782066407e-01 2.486284250733101775e-01 -5.026469448866877033e-04
4.950664574014370345e+01 9.975947089944496859e-01 7.308785768170276143e+00 1.186284625008049987e-01 2.565834035992782813e-01 2.265719360551199339e-05
4.991579157262336963e+01 9.971284022501359923e-01 7.302245876406176173e+00 1.224519030355469273e-01 2.568175493233860740e-01 1.897930887528982528e-03
5.032493740510288660e+01 9.974598339531707270e-01 7.308026289026737565e+00 1.230174509022086277e-01 2.559186906127087213e-01 2.888501936623837432e-03
5.073408323758255278e+01 9.987545354369772310e-01 7.319189171572258346e+00 1.189413019108625513e-01 2.518843183642038852e-01 1.188893092679296206e-03
5.114322907006221186e+01 9.982325113662892102e-01 7.307986221730399912e+00 1.178735133990434780e-01 2.508131686022016527e-01 9.193119337989131071e-04
5.155237490254189936e+01 9.990223345208818495e-01 7.336588228362868058e+00 1.165613994943690557e-01 2.578590156017132595e-01 -9.029321088465469634e-04
5.196152073502141633e+01 9.992366939515905377e-01 7.335627553336470541e+00 1.194571154905304383e-01 2.497336273567255516e-01 4.852753148236818234e-03
5.237066656750108251e+01 9.994936242466631038e-01 7.326378046704741465e+00 1.206909716207436450e-01 2.491859245265848621e-01 2.477634116745751781e-03
5.277981239998084106e+01 9.987866627101312789e-01 7.320425710131021724e+00 1.218992943775813603e-01 2.470854223622833135e-01 5.289608011387270797e-03
5.318895823246051435e+01 9.995584624192834777e-01 7.328542390970961939e+00 1.216099738937337499e-01 2.475567284167904392e-01 3.343885480321149174e-03
5.359810406494005264e+01 1.000302339629824289e+00 7.323295035506738770e+00 1.226259267916076645e-01 2.551281336589497073e-01 1.275884813267091824e-03
5.400724989741972593e+01 9.991243184297838864e-01 7.311779738627515179e+00 1.212245221631707004e-01 2.533566610752597259e-01 3.005097194253149133e-03
5.441639572989933527e+01 9.999985632513871403e-01 7.314950452843095974e+00 1.184029797291746011e-01 2.596634794910575028e-01 9.225555900931770460e-04
5.482554156237900145e+01 1.000680653946878884e+00 7.316919618808855219e+00 1.215651959907640550e-01 2.521887727187304140e-01 2.242809936847445351e-05
5.523468739485854684e+01 9.998097922567652507e-01 7.311753003030020182e+00 1.216282106060506546e-01 2.496569744901487309e-01 1.848521245528342771e-03
5.564383322733822013e+01 1.000714817070258666e+00 7.313682866087176215e+00 1.181435297487341135e-01 2.488883293763158866e-01 3.567720951792420405e-03
5.605297905981797868e+01 9.992778580380131670e-01 7.292389232762904960e+00 1.194279101494783862e-01 2.437756986111253021e-01 1.845450835413795431e-03
5.646212489229765197e+01 9.977845172787104255e-01 7.290039013560059011e+00 1.196024917504471818e-01 2.517578116022736734e-01 -8.129674755059112818e-04
5.687127072477720446e+01 9.992128292887643148e-01 7.308092553555881388e+00 1.189202466451128731e-01 2.505381329467021856e-01 1.497676940238108594e-03
5.728041655725689196e+01 9.997917618083328462e-01 7.326552409549565326e+00 1.188056376206250986e-01 2.533315504286226538e-01 2.339391418098996089e-03
5.768956238973644446e+01 1.001084607432249030e+00 7.332343286020900130e+00 1.160558056362377272e-01 2.629169867419764994e-01 -1.436376854483656363e-04
5.809870822221613196e+01 9.993585953367942754e-01 7.299702977759465305e+00 1.236504769887880467e-01 2.585698290145377332e-01 4.239041120015349905e-03
5.850785405469567735e+01 1.000709127350067007e+00 7.319598906157754215e+00 1.220399711929656544e-01 2.578480376459288959e-01 2.465730745124491367e-03
5.891699988717536485e+01 1.002209641792992212e+00 7.344059390651691110e+00 1.234286191175323621e-01 2.597219352628359901e-01 6.658245510853482048e-03
5.932614571965511630e+01 1.000904834681237254e+00 7.311653374827332463e+00 1.228972486435611217e-01 2.531693619165345521e-01 4.456710609165756044e-03
5.973529155213480379e+01 9.985717540041985085e-01 7.274989497339281463e+00 1.220897005596478374e-01 2.497023855477724652e-01 5.413473859991867893e-03
6.014443738461436340e+01 9.993123618586744472e-01 7.281996883861396874e+00 1.196885834258994280e-01 2.438863469794746441e-01 3.623840246509888591e-03
6.055358321709405800e+01 1.000322978259629680e+00 7.285786045275144396e+00 1.220633081866373953e-01 2.455353541443243970e-01 -1.562485724801205775e-03
6.096272904957356076e+01 9.991925193499338054e-01 7.285786300345656663e+00 1.208533854264777774e-01 2.477097745928052985e-01 -8.113107803215524735e-04
6.137187488205324826e+01 9.990877925120958958e-01 7.292702297955605317e+00 1.193835951810532925e-01 2.440298546402600022e-01 3.345331838158743798e-03
