0.000000000000000000e+00 1.491841581765690261e+00 1.000000000000000000e+00 7.455130376525265527e-04 -1.535381366342191117e-03 -3.595444168472039428e-04
4.948841119565186020e-01 1.250866313573259614e+00 1.317375927007325531e+00 -1.630350755568316448e-02 1.135224728131360855e-01 1.974168975317264207e-02
9.897682239132281623e-01 1.115464580839873321e+00 1.669166360443607555e+00 -2.314692504657082928e-02 1.525625965346421309e-01 2.246172487257325559e-02
1.484652335869938611e+00 1.038166958584413324e+00 2.041329404647624912e+00 -2.384366061246776664e-02 1.695069762926246781e-01 1.547881298304668203e-02
1.979536447826642620e+00 9.970800061306671624e-01 2.426213667634255167e+00 -2.067844424055232874e-02 1.792623230588819838e-01 1.103506258478533994e-02
2.474420559783351514e+00 9.763915395319687773e-01 2.789642793948324151e+00 -1.657028131790636363e-02 1.879868534920273448e-01 6.463976778689694072e-03
2.969304671740067292e+00 9.681569456440689558e-01 3.121428572874078711e+00 -1.230106723731764183e-02 1.962332437734829738e-01 1.446593420035566799e-03
3.464188783696775076e+00 9.662832186324654682e-01 3.402426932857019803e+00 -5.304926199618318142e-03 2.001818601479225523e-01 -4.631022571342613241e-03
3.959072895653480639e+00 9.691587689250035220e-01 3.634866230960790201e+00 -5.542643943959757214e-05 2.130585217589155145e-01 -7.250403469294409639e-03
4.453957007610189756e+00 9.737614392801708929e-01 3.824781879839778131e+00 6.431829353976577235e-03 2.156336761839426075e-01 -9.500263551830465114e-03
4.948841119566906421e+00 9.790644660078886563e-01 3.967499295588100772e+00 1.215992728158775231e-02 2.244569200712660251e-01 -1.329383347258850795e-02
5.443725231523610653e+00 9.839785911232947768e-01 4.073093342440996523e+00 1.490411234512279380e-02 2.280998782692485460e-01 -1.330203890021727266e-02
5.938609343465433454e+00 9.866208826410366450e-01 4.142945348129364547e+00 1.787688787715630695e-02 2.316885087174995750e-01 -1.706916109638023996e-02
6.433493455403706207e+00 9.885419979491969489e-01 4.178146195821319964e+00 2.044798769708239955e-02 2.371055968291591320e-01 -1.802552548956476777e-02
6.928377567341969190e+00 9.909133609298931278e-01 4.210458021538697082e+00 2.228243295884099404e-02 2.313298617557096315e-01 -1.554803817994043595e-02
7.423261679280206415e+00 9.927414133032678167e-01 4.227124403307849221e+00 2.669328860603225120e-02 2.380232479441875548e-01 -1.640134299844017707e-02
7.918145791218477392e+00 9.954217723171039367e-01 4.255443086890061899e+00 2.423760056804909885e-02 2.431423015332326298e-01 -1.831300030821303090e-02
8.413029903156729716e+00 9.973178426441099420e-01 4.268926578343239520e+00 2.450925748247312699e-02 2.375424372677444884e-01 -1.747473017724763406e-02
8.907914015094991811e+00 9.979838490737419354e-01 4.270304248236678646e+00 2.582924341346607214e-02 2.303579190436520763e-01 -1.718407122720736965e-02
9.402798127033236142e+00 9.974563149950435026e-01 4.259615001824778702e+00 2.658975042213405221e-02 2.405604996077828073e-01 -1.822067527560286559e-02
9.897682238971503565e+00 9.991857197637555865e-01 4.274841412807122154e+00 2.644612152296567029e-02 2.340559990256141365e-01 -1.783573663530803322e-02
1.039256635090977809e+01 1.000303437098105652e+00 4.284740145186010984e+00 2.530358233731138176e-02 2.381783052143941481e-01 -1.725096461310487647e-02
1.088745046284804729e+01 1.001061373096633345e+00 4.279598491355205425e+00 2.662036627917972395e-02 2.418134697065180139e-01 -1.785280674731012929e-02
1.138233457480889221e+01 9.998976080875583428e-01 4.260060527236025685e+00 2.633148997482441869e-02 2.417940326438464960e-01 -1.846208435359848396e-02
1.187721868678408477e+01 1.000246780819115777e+00 4.259182499342998973e+00 2.673906472435897200e-02 2.358497324713129117e-01 -1.899311296887679426e-02
1.237210279875924002e+01 9.995751454819953308e-01 4.253162724289479613e+00 2.728185863297945962e-02 2.379934817258752833e-01 -1.963540034769233056e-02
1.286698691073437217e+01 9.989840100400401157e-01 4.243872868598652204e+00 2.784817803123445373e-02 2.341902005585000945e-01 -1.963575659862920944e-02
1.336187102270952387e+01 9.993132875769271672e-01 4.250226717259747211e+00 2.628254979001233907e-02 2.355883808007583347e-01 -1.675702150116035322e-02
1.385675513468472886e+01 9.995642014200876169e-01 4.252263860569983400e+00 2.612182506640080282e-02 2.353570318957478591e-01 -1.889748181759327850e-02
1.435163924665987523e+01 9.991382873293097600e-01 4.255802622090921083e+00 2.759446974909932418e-02 2.430759042686652938e-01 -2.128751874511720238e-02
1.484652335863501449e+01 9.986871874362233115e-01 4.254176868010420165e+00 2.575193237174221161e-02 2.435032088955035035e-01 -1.893452072975101291e-02
1.534140747061016619e+01 9.985101874494319851e-01 4.253085911027523203e+00 2.538173909226950145e-02 2.370742189748273610e-01 -1.943326934362307745e-02
1.583629158258536762e+01 9.967515634277837044e-01 4.242929147317111571e+00 2.402257152801978712e-02 2.280488946972236974e-01 -1.790928463549299257e-02
1.633117569456051399e+01 9.974016014194786450e-01 4.247875459734498982e+00 2.600312861686109034e-02 2.291523799132273997e-01 -1.674627843423385012e-02
1.682605980653564259e+01 9.970279435080644514e-01 4.248020613305925508e+00 2.518617887177540191e-02 2.302689990524028896e-01 -1.951156727359228821e-02
1.732094391851078541e+01 9.983408039538231860e-01 4.255437864772057210e+00 2.656743991919943010e-02 2.357661539389885597e-01 -1.812078441828056732e-02
1.781582803048597441e+01 9.989726228063090518e-01 4.260001060788392913e+00 2.481817998598236444e-02 2.388864720310401313e-01 -1.888275139561781252e-02
1.831071214246111722e+01 9.980632026823997860e-01 4.249665842521166859e+00 2.507166509349678662e-02 2.406028260741061575e-01 -1.873487659647231698e-02
1.880559625443632044e+01 9.983731201640295705e-01 4.256074474183244583e+00 2.488213270280962425e-02 2.352410529045517451e-01 -1.938949113396780735e-02
1.930048036641146325e+01 9.986896999225964855e-01 4.260340697308410363e+00 2.397299855337313435e-02 2.369023637825450612e-01 -1.854360371764152138e-02
1.979536447838664515e+01 9.982718312874293565e-01 4.256409540340487574e+00 2.384643073248331191e-02 2.407512100149578893e-01 -2.071197908963741049e-02
2.029024859036178796e+01 9.998354521445035337e-01 4.263916670729270386e+00 2.613864686097214923e-02 2.393886345926427850e-01 -1.569539015671765278e-02
2.078513270233691657e+01 9.993155128712685187e-01 4.263414915902859370e+00 2.619241006051426304e-02 2.424744812529981419e-01 -1.949840738826142186e-02
2.128001681431205583e+01 9.972497397349440185e-01 4.242993003693499077e+00 2.854825587441901791e-02 2.358482069450427987e-01 -1.884716718399786703e-02
2.177490092628723062e+01 9.972596785012532994e-01 4.247051866449304214e+00 2.700749103200372758e-02 2.320434363095460750e-01 -1.826890443256439303e-02
2.226978503824567568e+01 9.981250436120048253e-01 4.249900819083288539e+00 2.662122981326722065e-02 2.367411793143734677e-01 -1.747426093849478029e-02
2.276466915014703929e+01 9.963264268965691395e-01 4.243715174143644298e+00 2.637815205246989841e-02 2.359077605884926376e-01 -1.897861633686187197e-02
2.325955326204845264e+01 9.978175997841460809e-01 4.262380040550953986e+00 2.539460494923311690e-02 2.412246657344547518e-01 -1.766806064330976936e-02
2.375443737394982335e+01 9.983582893215732224e-01 4.262138959140403749e+00 2.413824754324733410e-02 2.413294713276908920e-01 -1.875664651932221552e-02
2.424932148585110170e+01 9.997006183817755964e-01 4.276633809218782112e+00 2.405127011887637015e-02 2.419779143936356680e-01 -2.036192124064961639e-02
2.474420559775247597e+01 1.000975379468147297e+00 4.281342954159333303e+00 2.490763367682745713e-02 2.400357245495673419e-01 -1.887152614309766177e-02
2.523908970965388932e+01 1.000871465872151145e+00 4.271077893854369201e+00 2.672698283365684130e-02 2.415814578974468663e-01 -1.857024623826016019e-02
2.573397382155526003e+01 1.001625419769334391e+00 4.276396948303935908e+00 2.671928858079571784e-02 2.318421668220970178e-01 -1.773907562023977272e-02
2.622885793345653838e+01 1.001484846102145276e+00 4.275210233671803195e+00 2.570647980050567993e-02 2.406400881861780749e-01 -1.858401048513341758e-02
2.672374204535790554e+01 1.001694616872544463e+00 4.272795180162058948e+00 2.638521272099653842e-02 2.392538796112665400e-01 -1.941434315525792514e-02
2.721862615725932244e+01 1.002084563402679596e+00 4.267695894071763973e+00 2.616846929665919697e-02 2.359006606438874831e-01 -1.831102720430112171e-02
2.771351026916070026e+01 1.002308149399219639e+00 4.263550748505240406e+00 2.779289216713510743e-02 2.426836165194203310e-01 -1.611957200722235681e-02
2.820839438106196084e+01 1.001663838427404585e+00 4.261618194140246452e+00 2.665894458673017178e-02 2.418581654226408528e-01 -1.465840806129359297e-02
2.870327849296334577e+01 1.000587255330368075e+00 4.255298382414731684e+00 2.551250307582530671e-02 2.491266228487194201e-01 -1.800834522664273088e-02
2.919816260486474846e+01 9.991625057094662976e-01 4.255348964547560620e+00 2.313890494248333624e-02 2.451924977210271361e-01 -1.814471359703096268e-02
2.969304671676612628e+01 9.995558398906655428e-01 4.267523601444645820e+00 2.656691442252997332e-02 2.408702106407868970e-01 -1.880606392310078465e-02
3.018793082866739041e+01 1.000298043913984358e+00 4.266494301231073649e+00 2.680750481933792326e-02 2.403006814115010714e-01 -1.814784023150117429e-02
3.068281494056877889e+01 1.000413261412354204e+00 4.269338451826796721e+00 2.523956610758008867e-02 2.418354552997704354e-01 -2.009097910160238462e-02
3.117769905247019224e+01 1.000893838840654304e+00 4.269199766751794023e+00 2.622082383483495538e-02 2.355804489466132301e-01 -1.768370492673298003e-02
3.167258316437157362e+01 1.000325355408592465e+00 4.253424913080813496e+00 2.423057768403595602e-02 2.338685043724512136e-01 -1.765087450399794797e-02
3.216746727627285196e+01 9.995617932806090122e-01 4.247582777852525027e+00 2.391796288472827076e-02 2.355789500335901121e-01 -1.867321891932232497e-02
3.266235138817425110e+01 9.999173918915071901e-01 4.243555629013204822e+00 2.605006581777799535e-02 2.291869845093817970e-01 -1.812430091761177767e-02
3.315723550007557918e+01 9.994115286248805852e-01 4.240778658655240285e+00 2.661415126632848613e-02 2.334446823512462410e-01 -1.698809837020029412e-02
3.365211961197697121e+01 1.000905088920502894e+00 4.258698034840329605e+00 2.409614859878386056e-02 2.391623174177976707e-01 -1.974278863982484311e-02
3.414700372387825666e+01 1.002118743320685068e+00 4.263161035017215994e+00 2.615885039775332765e-02 2.397604568339589681e-01 -1.782960365435323769e-02
3.464188783577964159e+01 1.001077840798215046e+00 4.254162897578254388e+00 2.735150723519937793e-02 2.446602379180969622e-01 -2.014332958115275587e-02
3.513677194768106204e+01 1.000202533627675860e+00 4.248846486143013301e+00 2.689293158541834761e-02 2.424780751549253099e-01 -1.867650000888991177e-02
3.563165605958245408e+01 9.989985783277646192e-01 4.242969270877502197e+00 2.626243941107309077e-02 2.395567991381647721e-01 -1.719886605870293156e-02
3.612654017148375374e+01 9.979558380955279029e-01 4.244106747519070133e+00 2.587575129986286263e-02 2.319248906436245927e-01 -1.613726099047371743e-02
3.662142428338514577e+01 9.995701401639917050e-01 4.258668058345163487e+00 2.612501923996984540e-02 2.349105840620413221e-01 -1.697869806339515758e-02
3.711630839528642412e+01 9.978488018417790428e-01 4.249919189115712648e+00 2.487449449375293137e-02 2.390048206822792676e-01 -2.033861022908105276e-02
3.761119250718780904e+01 9.991069953786098079e-01 4.255970697413368420e+00 2.620297066120289009e-02 2.379847806448233405e-01 -2.044198323146183272e-02
3.810607661908912291e+01 9.993218089330098142e-01 4.259957248965587695e+00 2.468882871865085704e-02 2.424919174609400097e-01 -1.973073333687380693e-02
3.860096073099051495e+01 9.997793123540809068e-01 4.265197670158042520e+00 2.604221014342408130e-02 2.336034655737667942e-01 -2.154107593395683529e-02
3.909584484289192829e+01 9.994759517293009266e-01 4.262240989074745023e+00 2.519918184211724158e-02 2.376689028631982781e-01 -1.629379641154771186e-02
3.959072895479332743e+01 9.995210949280066703e-01 4.260805409184587056e+00 2.716895076616884092e-02 2.395111593902179981e-01 -1.748880964459646747e-02
4.008561306669463420e+01 1.000553518966547539e+00 4.264809898999335047e+00 2.672626376359057976e-02 2.312885416031904284e-01 -1.863901068152819945e-02
4.058049717859604044e+01 1.000373643584301586e+00 4.267445684820834195e+00 2.533498199704485587e-02 2.381141809775720042e-01 -2.011027326792331343e-02
4.107538129049726905e+01 1.000794933427333167e+00 4.268899418301751680e+00 2.591718371815695740e-02 2.420084637099158553e-01 -1.690850790526964714e-02
4.157026540239866108e+01 1.002091016548291469e+00 4.276285677608774094e+00 2.590607053653455269e-02 2.366313947104133064e-01 -1.958163907089685574e-02
4.206514951429998206e+01 1.000363333175105396e+00 4.260714219119412505e+00 2.607890354272231204e-02 2.329815307907717459e-01 -1.938554229150836125e-02
4.256003362620138120e+01 1.000138723449341516e+00 4.265228087408025281e+00 2.546194378892671639e-02 2.365645065963102034e-01 -1.948189271695552338e-02
4.305491773810280165e+01 9.999314629159986589e-01 4.258855398783190083e+00 2.712918752793733179e-02 2.314582565089728372e-01 -1.655807034640638734e-02
4.354980185000420079e+01 1.001431917359959289e+00 4.272094750871069380e+00 2.521158982665000145e-02 2.331813838874902123e-01 -1.837548565052143576e-02
4.404468596190552176e+01 1.002191648932594825e+00 4.272389441976576663e+00 2.627050257842525674e-02 2.423789328269405907e-01 -1.988530160139347774e-02
4.453957007387368350e+01 1.002020065173546470e+00 4.270774564082342017e+00 2.699296373093559159e-02 2.424402294664567414e-01 -1.990271466078473092e-02
4.503445418592266236e+01 1.001458303358701452e+00 4.264895824586554696e+00 2.674732804868654168e-02 2.416855336020924117e-01 -1.752984024897466173e-02
4.552933829797148491e+01 1.000168341910489422e+00 4.257727676171342956e+00 2.625435000862968646e-02 2.435270397927337127e-01 -1.482187771196264055e-02
4.602422241002046377e+01 1.001159299407810899e+00 4.264263096605708014e+00 2.701984609688062519e-02 2.417074114646297622e-01 -1.662677838762829235e-02
4.651910652206953500e+01 1.000779463123872892e+00 4.254327599473872290e+00 2.792697917327299079e-02 2.382390913250137521e-01 -1.917285927568714368e-02
4.701399063411849966e+01 1.000548994945078762e+00 4.252637674000688150e+00 2.612055229656070482e-02 2.391178488594946638e-01 -2.121357608490139629e-02
4.750887474616732220e+01 1.000713998664818138e+00 4.253618964901127342e+00 2.450150454190071908e-02 2.451610226826707317e-01 -1.982509542116880907e-02
4.800375885821629396e+01 1.000192734974135300e+00 4.242974066129415078e+00 2.446751460153594182e-02 2.361407351741005578e-01 -1.828798881522842104e-02
4.849864297026537940e+01 1.000160808565300874e+00 4.244654430771140241e+00 2.382197909918512546e-02 2.347097126619596408e-01 -1.798737985393602731e-02
4.899352708231433695e+01 1.000662480258447617e+00 4.244281182209528325e+00 2.580848760439878251e-02 2.376414466250958979e-01 -2.018164511485926252e-02
4.948841119436315950e+01 1.000828006507880730e+00 4.243579007529688418e+00 2.582272236236664298e-02 2.375455045104332974e-01 -1.593262481224204732e-02
4.998329530641211704e+01 1.000423542489048190e+00 4.241811429638329578e+00 2.708969564851154005e-02 2.379329154952347647e-01 -1.875370977477366224e-02
5.047817941846121670e+01 9.993854598260571986e-01 4.237675990693503536e+00 2.507063277286092351e-02 2.325891806151383079e-01 -1.874003397797866649e-02
5.097306353051017425e+01 9.997858305401740031e-01 4.247720928101250237e+00 2.611733218946470786e-02 2.344476215232966509e-01 -1.944354480462476276e-02
5.146794764255899679e+01 9.983072966149529881e-01 4.240475705337773960e+00 2.539221963957221870e-02 2.363403929403948278e-01 -2.009371421935116087e-02
5.196283175460794723e+01 9.981639501264070180e-01 4.238172820307480215e+00 2.653617113184430706e-02 2.377421963271474648e-01 -1.754586028819618906e-02
5.245771586665706820e+01 1.001094339702345737e+00 4.260882199765705813e+00 2.581289722037329037e-02 2.400514845789661622e-01 -1.977321723741892398e-02
5.295259997870601154e+01 1.000175699349529657e+00 4.255020962805621920e+00 2.441629802147840533e-02 2.373836087976868847e-01 -1.993185295017374514e-02
5.344748409075483409e+01 1.000932655066190335e+00 4.269258779964973272e+00 2.475923968916032142e-02 2.377145773587979738e-01 -2.038815034487336669e-02
5.394236820280377742e+01 1.002227492084246663e+00 4.277837853411498692e+00 2.528914262809724492e-02 2.427462152223384684e-01 -2.051358474352528438e-02
5.443725231485291260e+01 1.002592738107142667e+00 4.276525008879395351e+00 2.345144237562502357e-02 2.368695517019130670e-01 -1.857764811575269084e-02
5.493213642690184884e+01 1.002852779652798398e+00 4.269012492004208958e+00 2.407386296017725164e-02 2.364340209617999122e-01 -1.970998375509810246e-02
5.542702053895067138e+01 1.002909142615816540e+00 4.272604197340353238e+00 2.401295646424981417e-02 2.390088657468433242e-01 -1.912430821441784418e-02
5.592190465099961472e+01 1.002355942792514609e+00 4.265539758633551060e+00 2.588052739891158471e-02 2.384340676281049287e-01 -2.019710575063270522e-02
5.641678876304874990e+01 1.003334623814718274e+00 4.275832499231085215e+00 2.469536949545426963e-02 2.465624830352146080e-01 -1.933951316701649353e-02
5.691167287509768613e+01 1.002318211941291670e+00 4.264561437791356546e+00 2.676389320465927951e-02 2.401869722441411226e-01 -1.735557422127920538e-02
5.740655698714650867e+01 1.001460234852749043e+00 4.264115312903097532e+00 2.619868488791620223e-02 2.481446944443993496e-01 -2.077658264115732345e-02
5.790144109919545201e+01 1.000254277294148286e+00 4.258856868623769998e+00 2.533523837475285326e-02 2.503551902495400605e-01 -1.865191693280951468e-02
5.839632521124456588e+01 9.990038271632758482e-01 4.252159657641850998e+00 2.630038128738660524e-02 2.491963390279829660e-01 -1.823171351608285362e-02
5.889120932329349500e+01 9.983785816993789863e-01 4.244501415600021588e+00 2.782786173947469563e-02 2.470702719600136044e-01 -1.576524165841864875e-02
5.938609343534238150e+01 9.994966702805108127e-01 4.252145304402352721e+00 2.639194745250838733e-02 2.393880564603553529e-01 -1.738598933374361707e-02
5.988097754739131773e+01 9.996955415460441197e-01 4.250055082573513054e+00 2.542599145278981454e-02 2.416063608930839601e-01 -1.900042695647423743e-02
6.037586165944043870e+01 1.000283324949610142e+00 4.254759392386307404e+00 2.602033613284465002e-02 2.413972604884527529e-01 -1.436221609492531470e-02
6.087074577148936783e+01 1.001037895602317596e+00 4.263716424609888200e+00 2.627347282501760889e-02 2.390492491690423549e-01 -2.097824478872550163e-02
6.136562988353818326e+01 1.000446998509120444e+00 4.256655454551021123e+00 2.355739926389416664e-02 2.416747855647514986e-01 -1.812884028012025708e-02
6.186051399558711950e+01 9.987530379391375002e-01 4.237188875811961353e+00 2.496273843873879697e-02 2.351980170903079093e-01 -1.962959322390417372e-02
6.235539810763622626e+01 9.995302641358296825e-01 4.246167990354980937e+00 2.279651061808966178e-02 2.382276039200499906e-01 -1.571677643058444485e-02
6.285028221968513407e+01 9.995396233102217254e-01 4.255600436004630005e+00 2.118071109385014431e-02 2.382198793943123838e-01 -1.512315532919739081e-02
6.334516633173409161e+01 9.993534997516807517e-01 4.256660195236722011e+00 2.490245213085616471e-02 2.372927128504601357e-01 -1.606494286633991520e-02
6.384005044378301363e+01 9.985810457277495278e-01 4.255768300619500621e+00 2.491894688720544884e-02 2.336360698579847406e-01 -1.961602714513145662e-02
6.433493455583210618e+01 9.993792886214737381e-01 4.264098469753007770e+00 2.506583576437198396e-02 2.333001258302977443e-01 -2.147574650098350857e-02
6.482981866788104242e+01 9.987635706797669544e-01 4.262793241051386239e+00 2.425532159193584392e-02 2.341900508723754049e-01 -1.735125280583550700e-02
6.532470277992986496e+01 9.981624235294177527e-01 4.259254473128132545e+00 2.432935808706148881e-02 2.323153488717149828e-01 -1.898886601477542749e-02
6.581958689197878698e+01 9.985025788907910815e-01 4.263160511709747524e+00 2.499659477507738467e-02 2.349642673754102074e-01 -2.002941461074677840e-02
6.631447100402786532e+01 9.987689793435121643e-01 4.261867383831352996e+00 2.619220076331207556e-02 2.350461124420518966e-01 -1.914786521473019892e-02
6.680935511607677313e+01 9.996350217556068118e-01 4.263428330545052880e+00 2.541686785810685217e-02 2.404198843646203898e-01 -1.764915531695456646e-02
6.730423922812580884e+01 9.997262293147274326e-01 4.260119354784394297e+00 2.712554933706605442e-02 2.408645341320482247e-01 -1.904431957930223518e-02
6.779912334017471665e+01 9.983921891839483420e-01 4.247120024062610355e+00 2.800944766704048863e-02 2.354126424958164765e-01 -1.696277438987439656e-02
6.829400745222379499e+01 9.986077991585904368e-01 4.255448505223225375e+00 2.558618999278504391e-02 2.334170273678045637e-01 -1.955786147223287710e-02
6.878889156427271701e+01 9.994409992663583209e-01 4.259011993744599600e+00 2.546875108441786287e-02 2.342709386290932339e-01 -1.748836994410723697e-02
6.928377567632153955e+01 9.996780656690211764e-01 4.260885659929431135e+00 2.549803057115329272e-02 2.374078502287357839e-01 -2.016769985424470349e-02
6.977865978837046157e+01 9.985654456076987762e-01 4.255318977192806607e+00 2.448461329933274491e-02 2.354952645242082421e-01 -1.744917238443345620e-02
7.027354390041952570e+01 9.991894930213714998e-01 4.255438451716682557e+00 2.390049000236256493e-02 2.375704759893160767e-01 -1.750875873377933864e-02
7.076842801246841930e+01 9.995415582657730669e-01 4.254270569507451860e+00 2.479680843501563467e-02 2.413390978656108077e-01 -1.903626476982842042e-02
7.126331212451749764e+01 9.992054250733605203e-01 4.257676967655363853e+00 2.561138655307821851e-02 2.427833145194882025e-01 -1.792433636804674144e-02
7.175819623656640545e+01 1.000272544783238793e+00 4.260162808474195373e+00 2.529305540017413867e-02 2.407979269036781278e-01 -1.752677235256341198e-02
7.225308034861548379e+01 1.000979836283300006e+00 4.266454182219015401e+00 2.559086889713904633e-02 2.407333614043068726e-01 -1.774675559819797327e-02
7.274796446066439159e+01 9.993185157574961952e-01 4.253337323850979956e+00 2.637203271699733315e-02 2.400082985416987502e-01 -1.943154625791031209e-02
7.324284857271321414e+01 9.993866802775658309e-01 4.257873929646180500e+00 2.592023011391808920e-02 2.379305102745518929e-01 -2.076210726067504592e-02
7.373773268476212195e+01 9.997300786162774955e-01 4.261954547484961608e+00 2.554977785308995206e-02 2.349210405407717306e-01 -1.826532956760586190e-02
7.423261679681117187e+01 1.001250742907806579e+00 4.269863472895461420e+00 2.543646634014840383e-02 2.351421781843309189e-01 -1.605166441184268863e-02
