0.000000000000000000e+00 1.509572065406207697e+00 1.000000000000000000e+00
4.857021734813614100e-01 1.179520357586406609e+00 1.482523472017305499e+00
9.714043469632335226e-01 1.040016733070327382e+00 1.979621181491448612e+00
1.457106520446329379e+00 9.837315122980262450e-01 2.441781410509107353e+00
1.942808693929422903e+00 9.654350633091308698e-01 2.823943646842431487e+00
2.428510867412509988e+00 9.622928657018375853e-01 3.105923861272052111e+00
2.914213040895604845e+00 9.671851996206977109e-01 3.308620879906181145e+00
3.399915214369070071e+00 9.743145910746217053e-01 3.450027264238639368e+00
3.885617387842435821e+00 9.809932602482103192e-01 3.534164164911641759e+00
4.371319561315812230e+00 9.858846822614011352e-01 3.594002250666275877e+00
4.857021734789180201e+00 9.911685339858693489e-01 3.625238845106571794e+00
5.342723908262565935e+00 9.954670031882913994e-01 3.634745257933005735e+00
5.828426081735941011e+00 9.980128103510046422e-01 3.641075443657706856e+00
6.314128255209298324e+00 9.976995946396067794e-01 3.628006314836872193e+00
6.799830428682673400e+00 9.991014237115531937e-01 3.634740566993849065e+00
7.285532602156060911e+00 9.997831486636813425e-01 3.639415076382966685e+00
7.771234775629436875e+00 9.997073367005806510e-01 3.642065577176867297e+00
8.256936949102792411e+00 9.997155219080222643e-01 3.642725323767353363e+00
8.742639122576166599e+00 1.000246705037959094e+00 3.637066221873182403e+00
9.228341296049539011e+00 9.993358246627924713e-01 3.627365816182426261e+00
9.714043469522936292e+00 9.986096759280176371e-01 3.629562492425975950e+00
1.019974564299627495e+01 9.976898497535704458e-01 3.628127627017752488e+00
1.068544781646968289e+01 9.988678735143600163e-01 3.640406395216438273e+00
1.117114998994304820e+01 1.000612526036404271e+00 3.640522310898450797e+00
1.165685216341640285e+01 9.985966266447641182e-01 3.635943810774692420e+00
1.214255433692733277e+01 1.000822881427502420e+00 3.646840415226114906e+00
1.262825651043961450e+01 1.000412218573469181e+00 3.642165211716204443e+00
1.311395868395187314e+01 1.000869723478834628e+00 3.641356505158240164e+00
1.359966085746408204e+01 1.001737346736285117e+00 3.650053698375174793e+00
1.408536303097634601e+01 1.001168464280102421e+00 3.649320137053290392e+00
1.457106520448862952e+01 1.001087154370534638e+00 3.643208555186922659e+00
1.505676737800089526e+01 1.001279264710888350e+00 3.638881578494916003e+00
1.554246955151309884e+01 1.001084890896950519e+00 3.637825776782515064e+00
1.602817172502536991e+01 1.001425781388381786e+00 3.634951352967941141e+00
1.651387389853762855e+01 9.998062489131067654e-01 3.627305879353317497e+00
1.699957607204989074e+01 1.000797646880671410e+00 3.641311038810694178e+00
1.748527824556210319e+01 1.001089151411654443e+00 3.644554390680967426e+00
1.797098041907437604e+01 1.001518970002512887e+00 3.637753112823981283e+00
1.845668259258665600e+01 1.001822197077951948e+00 3.639911168586742019e+00
1.894238476609892885e+01 1.002013735489934332e+00 3.646165218131463881e+00
1.942808693961115196e+01 1.001859532514135287e+00 3.655207839599398767e+00
1.991378911312342836e+01 1.001634858410981321e+00 3.648989244429402756e+00
2.039949128663563016e+01 1.000637426880368164e+00 3.645990368026427841e+00
2.088519346014789946e+01 1.001085643973474548e+00 3.646596649601355100e+00
2.137089563366012968e+01 1.000317223646212117e+00 3.634292930833199708e+00
2.185659780717240253e+01 9.994245784701530910e-01 3.631020835563024907e+00
2.234229998068468603e+01 9.966721692426314672e-01 3.616633151288642267e+00
2.282800215419696244e+01 9.971907249800564532e-01 3.626258719070306835e+00
2.331370432770919976e+01 9.982165237002668112e-01 3.630972557769129416e+00
2.379940650114892620e+01 9.987019147343584313e-01 3.639769117198873527e+00
2.428510867458347988e+01 9.988543789036492537e-01 3.641796737063211165e+00
2.477081084801790922e+01 9.992393292789873982e-01 3.640995696929184788e+00
2.525651302145247001e+01 1.000061083355002545e+00 3.643799455480939642e+00
2.574221519488689580e+01 1.001349556708488908e+00 3.656380048275523986e+00
2.622791736832146015e+01 1.000475246523847339e+00 3.647100915911260621e+00
2.671361954175588238e+01 9.995041445365649979e-01 3.634646340332878811e+00
2.719932171519045383e+01 9.985323718173746421e-01 3.630586412533912011e+00
2.768502388862486896e+01 9.986639642000419981e-01 3.625269725513928787e+00
2.817072606205943686e+01 9.977465008664510027e-01 3.628355414239412546e+00
2.865642823549385199e+01 9.977148244553278866e-01 3.624770381168767486e+00
2.914213040892843054e+01 9.983490114992616959e-01 3.626661130670147060e+00
2.962783258236283856e+01 9.972298255630578367e-01 3.626990427033895958e+00
3.011353475579741357e+01 9.972794549785006790e-01 3.628296072837358555e+00
3.059923692923182514e+01 9.993873816704125224e-01 3.635859410586519402e+00
3.108493910266638949e+01 9.988129427618904765e-01 3.638708674855952729e+00
3.157064127610082949e+01 9.999678549473509648e-01 3.648679168975927034e+00
3.205634344953539028e+01 1.000825988977856129e+00 3.648021857235946630e+00
3.254204562296979475e+01 1.000150939214808687e+00 3.641812947163464820e+00
3.302774779640434843e+01 9.987407996692017065e-01 3.637925446391752970e+00
3.351344996983881686e+01 9.995875253088801760e-01 3.639426971033497438e+00
3.399915214327337054e+01 9.998149694877421778e-01 3.644639121323717035e+00
3.448485431670776791e+01 9.987057930681352280e-01 3.636584652268682216e+00
3.497055649014230738e+01 9.995363130480611202e-01 3.637468144391819980e+00
3.545625866357681133e+01 9.983326820573616978e-01 3.639971048638778850e+00
3.594196083701133659e+01 9.992111394750552433e-01 3.645204000000996203e+00
3.642766301044574107e+01 9.998570107641263638e-01 3.638440206083147554e+00
3.691336518388026633e+01 9.976875754277455544e-01 3.627390277083811121e+00
3.739906735731479159e+01 9.978760757733855513e-01 3.632264359669981513e+00
3.788476953074931686e+01 9.988025928910542195e-01 3.639029760772475974e+00
3.837047170418370712e+01 9.981994781818857021e-01 3.638746298582743233e+00
3.885617387761822528e+01 1.000979127131264690e+00 3.647274584367480088e+00
3.934187605105277896e+01 1.000589282303364413e+00 3.645264846681314452e+00
3.982757822448729002e+01 1.001030310420991443e+00 3.643887133620873353e+00
4.031328039792168028e+01 1.000826869439308764e+00 3.648178369305058677e+00
4.079898257135619133e+01 1.001101478173041182e+00 3.651985975422910702e+00
4.128468474479075923e+01 1.000929374038293851e+00 3.640230323445822869e+00
4.177038691822525607e+01 1.001031885561062040e+00 3.644787798229431441e+00
4.225608909165965343e+01 9.991953435201946787e-01 3.629656468623211563e+00
4.274179126509415738e+01 1.001569718723885671e+00 3.649671037000820739e+00
4.322749343852873949e+01 9.997444579761125549e-01 3.631474778050497676e+00
4.371319561196323633e+01 9.989570903289476389e-01 3.635510368066335207e+00
4.419889778539762659e+01 9.996494639910783464e-01 3.639832574784220398e+00
4.468459995883210922e+01 9.984548239283637106e-01 3.638567639141949250e+00
4.517030213226671975e+01 9.991383071670244531e-01 3.645679493220112199e+00
4.565600430570120949e+01 1.000447897300358768e+00 3.647431296503400144e+00
4.614170647913559264e+01 1.001656562069410894e+00 3.654676910033254345e+00
4.662740865257008238e+01 1.001179102600693094e+00 3.649218611139632085e+00
4.711311082600470002e+01 9.993698310835411602e-01 3.635059777340594156e+00
4.759881299943918265e+01 9.987663955950439876e-01 3.635458917321827244e+00
4.808451517287357291e+01 9.982643851685849556e-01 3.629871132833193403e+00
4.857021734630804133e+01 1.000149455660394926e+00 3.638356235780241477e+00
4.905591951974268028e+01 1.000582510350249255e+00 3.643416783972817097e+00
4.954162169317716291e+01 9.991902152208196330e-01 3.637383625665309594e+00
5.002732386661154607e+01 9.971543337003223595e-01 3.630269188562351701e+00
5.051302604004601449e+01 9.971720267444917907e-01 3.628522207930007681e+00
5.099872821348065344e+01 9.979247568025166881e-01 3.636118508102155200e+00
5.148443038691513607e+01 9.986850075580987474e-01 3.629732180940625330e+00
5.197013256034951212e+01 1.000175907983623880e+00 3.636956861699376820e+00
5.245583473378397343e+01 1.000980224971062427e+00 3.644154927453447712e+00
5.294153690721863370e+01 9.981929437284727813e-01 3.625566743870559883e+00
5.342723908065310923e+01 9.982217990546702335e-01 3.628209075696815500e+00
5.391294125408748528e+01 9.999781325226404505e-01 3.639860121971241647e+00
5.439864342752193949e+01 1.000561564892950672e+00 3.641242802027464975e+00
5.488434560095661396e+01 1.000283068273974507e+00 3.639635948305347757e+00
5.537004777439107528e+01 1.001448874965143565e+00 3.645992241470696005e+00
5.585574994782545843e+01 1.001296807392964672e+00 3.641340048139359631e+00
5.634145212125990554e+01 9.997769938700232784e-01 3.637729640384648189e+00
5.682715429469458712e+01 9.997180663179692228e-01 3.645948668455514685e+00
5.731285646812904844e+01 1.000536450213579176e+00 3.643847877707512506e+00
5.779855864156343159e+01 1.000407530718067539e+00 3.639590684533700937e+00
5.828426081499787870e+01 9.997370025728512521e-01 3.624679410631992837e+00
5.876996298843256739e+01 9.990328444541827224e-01 3.620932041238840604e+00
5.925566516186702160e+01 1.000203109202403295e+00 3.634641791611889605e+00
5.974136733530139765e+01 1.000990516166754718e+00 3.645403670716993449e+00
6.022706950873585185e+01 1.000370313180486637e+00 3.635286772266107302e+00
6.071277168217054765e+01 9.994581447038903832e-01 3.633988010312818151e+00
6.119847385560499475e+01 9.993925647575083726e-01 3.636290037879985171e+00
6.168417602903937080e+01 1.001049664754524393e+00 3.638251996826896484e+00
6.216987820247382501e+01 1.002337831698485671e+00 3.643219710744208584e+00
6.265558037590849239e+01 1.002198547265111817e+00 3.644659709527179547e+00
6.314128254934292528e+01 1.001636957668700756e+00 3.640563525845865733e+00
6.362698472277738659e+01 1.000354342023966225e+00 3.635569390835232895e+00
6.411268689621181238e+01 9.997856116643838442e-01 3.634716952377326393e+00
6.459838906964648686e+01 9.998747240591815411e-01 3.634984829608625123e+00
6.508409124308093396e+01 9.986813064862372080e-01 3.634027070659280767e+00
6.556979341651531001e+01 9.990644200554890109e-01 3.635014564835046258e+00
6.605549558994975712e+01 9.998161379637936497e-01 3.632001536892352167e+00
6.654119776338441739e+01 9.988741894765177376e-01 3.624005167825838480e+00
6.702689993681885028e+01 9.997445536374692798e-01 3.639742446521735175e+00
6.751260211025335423e+01 9.999804975579571487e-01 3.640852337219621315e+00
6.799830428368780133e+01 9.996549313310045815e-01 3.634941149911164793e+00
6.848400645712244739e+01 1.000781587162418607e+00 3.636667395516397949e+00
6.896970863055688028e+01 1.000664527410656923e+00 3.634659563182189412e+00
6.945541080399125633e+01 1.001400151655621906e+00 3.643747018997178788e+00
6.994111297742567501e+01 1.000051596304656787e+00 3.626991756616314788e+00
7.042681515086032107e+01 1.001211628012203425e+00 3.640618814632701206e+00
7.091251732429475396e+01 1.000011748498845332e+00 3.630470415463477263e+00
7.139821949772934317e+01 1.000644796420134153e+00 3.636433730246774854e+00
7.188392167116374765e+01 9.995250388915013495e-01 3.628515342563606083e+00
7.236962384459839370e+01 9.998158759071098522e-01 3.630012379913162057e+00
7.285532601803282660e+01 1.001218168113928053e+00 3.643005650870262180e+00
