0.000000000000000000e+00 1.512903674032072043e+00 1.000000000000000000e+00
3.485144799323102172e-01 1.143162568764312548e+00 1.183371166927815077e+00
6.970289598645618145e-01 9.289114232779108749e-01 1.448284944141059460e+00
1.045543439796813523e+00 8.041909115530723184e-01 1.825356116312573107e+00
1.394057919730717909e+00 7.277600982299465837e-01 2.300489360092438318e+00
1.742572399667154048e+00 6.803960603964369636e-01 2.885758337364203285e+00
2.091086879603590631e+00 6.582333687290892188e-01 3.595147637721593181e+00
2.439601359540026770e+00 6.426525228574652138e-01 4.366652566792635248e+00
2.788115839476462909e+00 6.397284651958009549e-01 5.267791198967395339e+00
3.136630319412899048e+00 6.406622707626825619e-01 6.238783647593101556e+00
3.485144799349334743e+00 6.522491060169893773e-01 7.359653541088895246e+00
3.833659279285771326e+00 6.640172154131245286e-01 8.519214617483202190e+00
4.182173759222207465e+00 6.817635358215801133e-01 9.814241093391919080e+00
4.530688239158643604e+00 7.001462825027464643e-01 1.114843507757786867e+01
4.879202719095079743e+00 7.164297563764034926e-01 1.244761844260134964e+01
5.227717199031515882e+00 7.340522475696141802e-01 1.379731544053394465e+01
5.576231678967952909e+00 7.507833728992359124e-01 1.509611094176647583e+01
5.924746158904389048e+00 7.688411571298935376e-01 1.640340535418312484e+01
6.273260638840825187e+00 7.865225101022219611e-01 1.765237885977352406e+01
6.621775118777261326e+00 8.026765364167589567e-01 1.883366238899348843e+01
6.970289598713699242e+00 8.196390470439376408e-01 1.998484764568652139e+01
7.318804078650135381e+00 8.338786954497650061e-01 2.101173257628208546e+01
7.667318558586571520e+00 8.492120293462244174e-01 2.202720829572472283e+01
8.015833038523007659e+00 8.654758391309064214e-01 2.289908996916312134e+01
8.364347518459444686e+00 8.819542645248921175e-01 2.383207386591212185e+01
8.712861998395879937e+00 8.942096704307813670e-01 2.460567307905389711e+01
9.061376478332316964e+00 9.062518362854918852e-01 2.530468005102118667e+01
9.409890958268752215e+00 9.199105578627108093e-01 2.606455588016154579e+01
9.758405438205189242e+00 9.288774607365392066e-01 2.653840190847849811e+01
1.010691991814162094e+01 9.384891602839189328e-01 2.700603602682672033e+01
1.045543439807805797e+01 9.429729254016335771e-01 2.726712676685808034e+01
1.080394887801449322e+01 9.515758200680419776e-01 2.763723581375108651e+01
1.115246335795093025e+01 9.597285650191418327e-01 2.795989450468287885e+01
1.150097783788736550e+01 9.667418825147165995e-01 2.822973854425768891e+01
1.184949231782380252e+01 9.720249432724845651e-01 2.834477886123515589e+01
1.219800679776023955e+01 9.772928510322866913e-01 2.844240179074107289e+01
1.254652127769667480e+01 9.810871004110399696e-01 2.849883968583299776e+01
1.289503575763311183e+01 9.821638854492614756e-01 2.843355511549300374e+01
1.324355023756954708e+01 9.847462358068951316e-01 2.847251055169124356e+01
1.359206471750598411e+01 9.889535425473859886e-01 2.864003818124260903e+01
1.394057919744242113e+01 9.912745982388139199e-01 2.869054316740651700e+01
1.428909367737885638e+01 9.926827277197993737e-01 2.866585823161339519e+01
1.463760815731529341e+01 1.000460333058492246e+00 2.883907830074624812e+01
1.498612263725172866e+01 9.960165159292069248e-01 2.860572996852646455e+01
1.533463711718816569e+01 9.951047338953804555e-01 2.855404686737546527e+01
1.568315159712460272e+01 9.944287674280197775e-01 2.852934609711770264e+01
1.603166607706103974e+01 9.965027832265827001e-01 2.852732811791153367e+01
1.638018055699747322e+01 9.976807396843943021e-01 2.853461402446738049e+01
1.672869503693391025e+01 9.968541063199654051e-01 2.848391360041176412e+01
1.707720951687034727e+01 1.001043387744187996e+00 2.860855701774376669e+01
1.742572399680678430e+01 1.000214713584335113e+00 2.852481835369283658e+01
1.777423847674322133e+01 1.005183837847297701e+00 2.877406287900363679e+01
1.812275295667965480e+01 1.004204153690420265e+00 2.872564006172798301e+01
1.847126743661609183e+01 1.001016702562535832e+00 2.858670556236364746e+01
1.881978191655252886e+01 9.999736306630029326e-01 2.855790440835568234e+01
1.916829639648896588e+01 9.989878357543539034e-01 2.846922665946519970e+01
1.951681087642540291e+01 9.983651300664065920e-01 2.848344799590215004e+01
1.986532535636183638e+01 1.000084699880070760e+00 2.850008915988521352e+01
2.021383983629827696e+01 9.995920753668947611e-01 2.852374457493224469e+01
2.056235431623471399e+01 1.002788926152403004e+00 2.857000352902701223e+01
2.091086879617114747e+01 1.006338970712284508e+00 2.864299161221106615e+01
2.125938327610758449e+01 1.004924082801403218e+00 2.859412825150629800e+01
2.160789775604402152e+01 1.006095754970984357e+00 2.856763634827968446e+01
2.195641223598045855e+01 1.008406134314326019e+00 2.861383431586869008e+01
2.230492671591689557e+01 1.005525672425707562e+00 2.848201173440807210e+01
2.265344119585332905e+01 1.005117792591877279e+00 2.836941834898454218e+01
2.300195567578976608e+01 1.003994632987100566e+00 2.828046606714672606e+01
2.335047015572620310e+01 1.003080667371063495e+00 2.825936108674901703e+01
2.369898463566264013e+01 1.006118628313508623e+00 2.834560502057348685e+01
2.404749911559907716e+01 1.004302849817527488e+00 2.818986634485608178e+01
2.439601359553551063e+01 1.005339972048444386e+00 2.824389089015340559e+01
2.474452807547194766e+01 1.004932619416633921e+00 2.820335218840254754e+01
2.509304255540838469e+01 1.004129839374297450e+00 2.833258029489628171e+01
2.544155703534482171e+01 1.006325283181691121e+00 2.844809222242188085e+01
2.579007151528125874e+01 1.008569344121857281e+00 2.857637555656820183e+01
2.613858599521769221e+01 1.008319674264877897e+00 2.848223666641898433e+01
2.648710047515412924e+01 1.009586620529826950e+00 2.856647474307036561e+01
2.683561495509056627e+01 1.007923414493888892e+00 2.840867317095753819e+01
2.718412943502700330e+01 1.005351252321144084e+00 2.833841784770811500e+01
2.753264391496343677e+01 1.004148066404358275e+00 2.827726946440705547e+01
2.788115839489987380e+01 1.000338368285226709e+00 2.816516084212277349e+01
2.822967287483631083e+01 9.990312128970126881e-01 2.821494643435545058e+01
2.857818735477274785e+01 9.949094930580014706e-01 2.809349300535966520e+01
2.892670183470918488e+01 9.995069413716879403e-01 2.819611481328040270e+01
2.927521631464561835e+01 1.000563107010657093e+00 2.834816469676691852e+01
2.962373079458205538e+01 1.002253505773943676e+00 2.832728847619118895e+01
2.997224527451849241e+01 1.004574902586565788e+00 2.846114306843065123e+01
3.032075975445492944e+01 1.004900632218072687e+00 2.837764857069718616e+01
3.066927423439136646e+01 1.001132348332881561e+00 2.827331862933503714e+01
3.101778871432779994e+01 9.989078505301022259e-01 2.817457855454596682e+01
3.136630319426423696e+01 9.992991827885393530e-01 2.818137551271217944e+01
3.171481767420067399e+01 9.991111759760712419e-01 2.813613461671669569e+01
3.206333215413710747e+01 9.965953029713322531e-01 2.809795602226721201e+01
3.241184663407354805e+01 9.968664392311999967e-01 2.807654935544400487e+01
3.276036111400998152e+01 9.955988528500204771e-01 2.798959456984976057e+01
3.310887559394642210e+01 9.952389066624635072e-01 2.798722328791834002e+01
3.345739007388285557e+01 9.929351985437724348e-01 2.799365605523240319e+01
3.380590455381928905e+01 9.876597783637898198e-01 2.795129329520418082e+01
3.415441903375572963e+01 9.900200448278162479e-01 2.795519307002611953e+01
3.450293351369216310e+01 9.908303441859696026e-01 2.790207437491456233e+01
3.485144799362860368e+01 9.948983512003648499e-01 2.800437457082049519e+01
3.519996247356503716e+01 9.935524813950228351e-01 2.800372958737226625e+01
3.554847695350147063e+01 9.945810414250060294e-01 2.811249242417806116e+01
3.589699143343791121e+01 9.914559279981415285e-01 2.796031088569139555e+01
3.624550591337434469e+01 9.925727703963552750e-01 2.801726498357304607e+01
3.659402039331078527e+01 9.950418394503254271e-01 2.810514871757085942e+01
3.694253487324721874e+01 9.955891106352684483e-01 2.817360938656312541e+01
3.729104935318365222e+01 9.983942352749074489e-01 2.827475887759797502e+01
3.763956383312009280e+01 9.980131071117006591e-01 2.829700253197653836e+01
3.798807831305652627e+01 9.972281967191116703e-01 2.834477567700751877e+01
3.833659279299296685e+01 9.978708707896984942e-01 2.827084755563124219e+01
3.868510727292940032e+01 9.966808839451364310e-01 2.821422901492788782e+01
3.903362175286583380e+01 9.961473040912295351e-01 2.821844358590107404e+01
3.938213623280227438e+01 9.969524803528342360e-01 2.834196588728751465e+01
3.973065071273870785e+01 9.967436402954621411e-01 2.835189670351069324e+01
4.007916519267514843e+01 9.955128007881318686e-01 2.828820293369256689e+01
4.042767967261157480e+01 9.972083392478313657e-01 2.832991921987701645e+01
4.077619415254801538e+01 9.979465172801100792e-01 2.832116979406880830e+01
4.112470863248444886e+01 1.002207280646235654e+00 2.850108821189508390e+01
4.147322311242088944e+01 1.001425173864443741e+00 2.850410970920605536e+01
4.182173759235732291e+01 1.001127243900704622e+00 2.852519089281160092e+01
4.217025207229375638e+01 1.001008170332380542e+00 2.859766246902921694e+01
4.251876655223019696e+01 1.004027603801567192e+00 2.866914446019983487e+01
4.286728103216663044e+01 1.002066162647993863e+00 2.858331372425429961e+01
4.321579551210307102e+01 9.996065511211577048e-01 2.848430527173032800e+01
4.356430999203950449e+01 9.978577373392636396e-01 2.839967530425509068e+01
4.391282447197593797e+01 9.989495019303085144e-01 2.846447141081383592e+01
4.426133895191237855e+01 1.000349685916362974e+00 2.843067309994389902e+01
4.460985343184881202e+01 1.004177018128850518e+00 2.855554017708114500e+01
4.495836791178525260e+01 1.002409712119431751e+00 2.844735634114768175e+01
4.530688239172168608e+01 1.003629798887588187e+00 2.850497409393419801e+01
4.565539687165811955e+01 1.002520597924210222e+00 2.846028565279840095e+01
4.600391135159456013e+01 1.004566947777590036e+00 2.867513682401374453e+01
4.635242583153099361e+01 1.006573865951236213e+00 2.865177487210905838e+01
4.670094031146742708e+01 1.006340382884874707e+00 2.863282882620140413e+01
4.704945479140386766e+01 1.009637966160205069e+00 2.874582382966474370e+01
4.739796927134030113e+01 1.006212298793810245e+00 2.860276460202342363e+01
4.774648375127674171e+01 1.002291522000797741e+00 2.848827391165685086e+01
4.809499823121317519e+01 9.959150360501666244e-01 2.820744791765828907e+01
4.844351271114960866e+01 9.969713795163811509e-01 2.826162517428006282e+01
4.879202719108604924e+01 9.985979934957174287e-01 2.830534496587447890e+01
4.914054167102248272e+01 9.980929469437553880e-01 2.834357253682657429e+01
4.948905615095892330e+01 9.976689236499985958e-01 2.838030732515290921e+01
4.983757063089535677e+01 9.974197301958562800e-01 2.839225433080461158e+01
5.018608511083179025e+01 9.972193340915955773e-01 2.842666497374001722e+01
5.053459959076823083e+01 1.002131188084559810e+00 2.861532131708639426e+01
5.088311407070466430e+01 1.005527994165629657e+00 2.862171990471771821e+01
5.123162855064110488e+01 1.004667240137512962e+00 2.864912044970620997e+01
5.158014303057753835e+01 1.005311064058444614e+00 2.868109411015894139e+01
5.192865751051397183e+01 1.009034139483358405e+00 2.883546001078735088e+01
5.227717199045041241e+01 1.008067909601363166e+00 2.868540848571319302e+01
