0.000000000000000000e+00 1.504931623808539509e+00 1.000000000000000000e+00 5.409368160520311788e-04 5.240112183398431753e-03 4.192950914802757827e-03
1.986258639037469242e-01 1.429499200680206528e+00 1.036386637582241477e+00 3.107845793711205623e-04 1.644283104764394238e-02 8.631865821412808282e-03
3.964603897042880409e-01 1.360557195850996992e+00 1.067377424119999363e+00 5.661187225441698979e-04 2.547130293123495842e-02 1.151211253358737016e-02
5.942949155048290466e-01 1.305822820697068787e+00 1.092208287928415400e+00 -2.425566978423554618e-04 3.728183272630488515e-02 1.547027644604055154e-02
7.921294413053723282e-01 1.260331669950019329e+00 1.111166729024769539e+00 2.901335709659405137e-03 4.486471018044110859e-02 1.834120302755485807e-02
9.899639671059110579e-01 1.220943080568237304e+00 1.129360415372597570e+00 5.832175193076804751e-03 5.281382778417866020e-02 2.273963718268325052e-02
1.187798492906455117e+00 1.188301189571345340e+00 1.146650563871024486e+00 4.626722878358252231e-03 5.813625938659473108e-02 2.174076123738557381e-02
1.385633018707018715e+00 1.160734008253896610e+00 1.159406756593970300e+00 2.943249861620379423e-03 6.102913299959127069e-02 1.917183793655620125e-02
1.582676206404386443e+00 1.138948438359043580e+00 1.168998765974122334e+00 2.215779451857308267e-03 6.585915004554381003e-02 2.074794724565149837e-02
1.780510732204966029e+00 1.118352844005635616e+00 1.177209217428736965e+00 1.784840144988622014e-03 6.775787242778080754e-02 1.890128475681428569e-02
1.978345258005541174e+00 1.102855980223908849e+00 1.182334831295437372e+00 2.191192581828045171e-03 7.114745834655919476e-02 2.159298007823869103e-02
2.176179783806118540e+00 1.087901307737552781e+00 1.187825903305727904e+00 1.851065335542589852e-03 7.455878821154349190e-02 2.252976235121702253e-02
2.374014309606692574e+00 1.077095462840109930e+00 1.189757319550497572e+00 -3.781714346480658114e-04 7.625590666348877611e-02 1.908619020833236812e-02
2.571848835407260836e+00 1.067621900849696548e+00 1.191867563715929723e+00 -1.218207375115236630e-03 8.100066894724018696e-02 1.795002466450232662e-02
2.769683361207770034e+00 1.058863456771858003e+00 1.193130349541568380e+00 -2.146291362751016982e-03 8.139053917704865138e-02 1.575762227729702106e-02
2.967517887008264132e+00 1.052549247815863342e+00 1.195006596108151520e+00 1.644430338147939664e-04 7.749390620743108749e-02 1.156700809527412555e-02
3.165352412808771110e+00 1.047842663400484708e+00 1.195580953775049249e+00 3.307485174331048386e-04 8.106923514015601517e-02 1.482763961655014784e-02
3.363186938609275867e+00 1.041709054685696634e+00 1.194912946027841372e+00 7.769796880122692971e-06 7.935152500143051457e-02 1.964412346222653080e-02
3.561812802512992704e+00 1.037162940238319120e+00 1.191820758456655360e+00 1.787984605439219053e-04 8.045667163349311257e-02 2.015001524784799589e-02
3.759647328313504122e+00 1.033333874176391998e+00 1.190190267079040298e+00 -7.752719028220056430e-05 7.939016810445755079e-02 2.587887116515916880e-02
3.957481854113992892e+00 1.030877524830068559e+00 1.186083365679031498e+00 3.228832037866654747e-03 7.915471227061808557e-02 2.213842951281448646e-02
4.155316379914509639e+00 1.028088778475673593e+00 1.182930225376292332e+00 3.118997410757115042e-03 8.107009919931450204e-02 2.717401654974521338e-02
4.353150905715009067e+00 1.025581746363813718e+00 1.181999003795348946e+00 2.965396850363179963e-03 8.305963956345518984e-02 2.429416732157942127e-02
4.550985431515525370e+00 1.021799484361393118e+00 1.179302791151758401e+00 1.477245594192342325e-03 7.885654703226102624e-02 2.192761820478771051e-02
4.748819957316023910e+00 1.020745568534997094e+00 1.177319056739748904e+00 3.255915581541523988e-03 7.666089756282096213e-02 2.111301044956379047e-02
4.946654483116545542e+00 1.017798854014996035e+00 1.173001868472872022e+00 2.840066479266767255e-04 7.998866829192440020e-02 2.044762820211638160e-02
5.144489008917108919e+00 1.016699894723956943e+00 1.170087974360378258e+00 -8.712241053789637800e-04 7.926036522139286167e-02 2.317123092202114445e-02
5.342323534717736244e+00 1.014584596806866301e+00 1.170025536289041046e+00 7.493210404664340813e-04 7.846522105273635861e-02 2.481693547141551257e-02
5.540158060518399985e+00 1.013228719499893682e+00 1.167197988917649143e+00 3.283037708217206928e-04 7.853413985128659958e-02 2.237164644532752336e-02
5.737201248215823668e+00 1.011599940613703730e+00 1.167044660794166022e+00 1.626260373238152005e-03 8.079451652920383031e-02 1.542044599438242326e-02
5.935035774016490073e+00 1.010263389895077024e+00 1.165355352604589001e+00 4.528269162395134363e-03 8.222073060656680255e-02 1.434895503542274811e-02
6.132870299817127169e+00 1.008754577609283443e+00 1.168384736223912146e+00 1.619468378036527205e-03 8.228448042983572963e-02 1.902852634898896667e-02
6.330704825617760712e+00 1.007605260168531469e+00 1.166274220555648888e+00 1.396521621664489378e-03 8.454282251849537522e-02 1.993065349848313975e-02
6.528539351418428893e+00 1.007206617626771106e+00 1.165496977930318812e+00 3.188950599772848431e-03 8.676428383721800086e-02 1.843062716862538947e-02
6.726373877219057107e+00 1.005870028973717467e+00 1.164569061248224680e+00 2.466616912386563470e-03 8.437451731818133849e-02 2.138619628258356734e-02
6.924208403019720848e+00 1.005593604324110713e+00 1.162517442248163224e+00 3.554618063687770176e-03 8.531662124293504235e-02 1.952837767601100019e-02
7.122042928820358831e+00 1.006062018082372722e+00 1.160337169823829395e+00 1.611672171105826747e-03 8.600859495132771870e-02 2.280896708470964498e-02
7.319877454620999480e+00 1.004403545290319055e+00 1.159584122639857773e+00 1.903347070313177267e-03 8.344049338909580171e-02 2.211014859191999873e-02
7.517711980421650786e+00 1.003915336975236272e+00 1.161020528931786977e+00 3.045658060770152064e-03 8.631464540196467916e-02 2.152003214916967805e-02
7.715546506222293210e+00 1.004436391474144097e+00 1.161068080642677636e+00 3.205670208248565401e-03 8.774241212009824264e-02 2.083803287567488616e-02
7.913381032022960504e+00 1.003783924583324882e+00 1.159112711052592060e+00 5.066122607312381967e-03 8.768430210206876185e-02 1.703834435466322281e-02
8.111215557823603817e+00 1.003688351767966225e+00 1.157803337226279039e+00 3.230448065358535337e-03 8.719762178264911512e-02 1.480378218448716830e-02
8.309050083624221372e+00 1.003395260332838879e+00 1.158085321605157647e+00 3.850185326392240384e-03 8.487620777501160563e-02 1.806219100630945470e-02
8.506884609424893995e+00 1.003925862243909561e+00 1.156960653346096990e+00 2.561485885275034333e-03 8.455000411369889557e-02 1.689168113688454056e-02
8.704719135225541748e+00 1.003725881802422837e+00 1.155873604246692166e+00 3.149203763038094239e-03 8.308126237035150241e-02 1.585559906542231140e-02
8.902553661026171739e+00 1.004403168957028747e+00 1.155497668674029921e+00 1.916884460108661016e-03 8.209145969904707574e-02 1.930007494809510629e-02
9.100388186826821268e+00 1.004064010637880644e+00 1.155290100600323333e+00 4.382940074709417572e-03 8.080679818740631182e-02 1.710011157992068209e-02
9.298222712627495667e+00 1.003167436713421345e+00 1.154828085220737988e+00 4.982567955547586615e-03 7.957269480755894964e-02 1.511717316128194551e-02
9.496057238428104341e+00 1.001424703263043003e+00 1.154249574916500709e+00 4.266720951818725287e-03 7.781437625235941569e-02 1.623262666115251468e-02
9.693891764228753871e+00 1.001982751988003795e+00 1.154728007393549527e+00 4.383850105953106431e-03 8.225904825470553572e-02 1.398429415625198485e-02
9.891726290029424717e+00 1.000374316067982550e+00 1.155346966956477761e+00 2.165956492638161299e-03 8.459729138875260457e-02 1.896680643476594125e-02
1.008956081583007780e+01 9.993798345630214852e-01 1.155987842115942410e+00 4.895737596464666986e-04 8.520698956790501155e-02 2.061102603593401375e-02
1.028739534163049107e+01 1.000888684620928615e+00 1.153903570189971806e+00 -1.322498307239937561e-03 8.754581395918185904e-02 1.979734807879576092e-02
1.048522986743082441e+01 1.000402870388209964e+00 1.152505291117197794e+00 1.782423474056460313e-04 8.611917650154063408e-02 2.005767480823019214e-02
1.068306439323119328e+01 1.002160307949146789e+00 1.151720060366250742e+00 1.747401623046557261e-03 8.619252269925041510e-02 1.922919126367160156e-02
1.088089891903158346e+01 1.002375954489124199e+00 1.149550319893551054e+00 3.456812425418053294e-03 8.818854002252866919e-02 1.957066159803715066e-02
1.107873344483195588e+01 1.002910564356119583e+00 1.150757043042513805e+00 4.074562827253812650e-03 8.867625467309526999e-02 2.071664135700667861e-02
1.127656797063228566e+01 1.002720795250261032e+00 1.150348819015331259e+00 2.489096968945557573e-03 8.936229648658468305e-02 2.137156816530532202e-02
1.147440249643265453e+01 1.002444688271777906e+00 1.149345152740868015e+00 1.498360930653876892e-03 8.720377746460354629e-02 2.349998032155139333e-02
1.167223702223304649e+01 1.002518197556885982e+00 1.147222646104980814e+00 2.095230018571614308e-03 8.534817114497661450e-02 2.289273498611925708e-02
1.187007154803342068e+01 1.002345105238893863e+00 1.148429703637601440e+00 1.284060039501180384e-03 8.896302403398376191e-02 1.814511597742045693e-02
1.206790607383374514e+01 1.002338293391179080e+00 1.149875957750180033e+00 1.170304763827181242e-03 8.798968584639878243e-02 1.942828021970486457e-02
1.226574059963411756e+01 1.001830248038864113e+00 1.151062886892477488e+00 2.063892549908210444e-03 8.606932856994038705e-02 1.719773914390301459e-02
1.246357512543450774e+01 1.002556783637359894e+00 1.150526782252978553e+00 3.389863839723577035e-03 8.411259816225298558e-02 1.709905074263889935e-02
1.266220098933809801e+01 1.001730008664752480e+00 1.151075557981214414e+00 3.411600248396014137e-03 8.448914132358741058e-02 1.722347044094376528e-02
1.286003551513841714e+01 1.001564114511562575e+00 1.151462331802411310e+00 1.638774851784855499e-03 8.345487676341457883e-02 1.597558209306859309e-02
1.305787004093879311e+01 1.001711463845355699e+00 1.152567214162236064e+00 2.612824323725329231e-03 8.501360781387747034e-02 1.464405714126437545e-02
1.325570456673917974e+01 1.001384189183607054e+00 1.152170982376389707e+00 2.115272020664302807e-03 8.599631202173860234e-02 1.169680219519089216e-02
1.345353909253955926e+01 1.002193001182590804e+00 1.151311897378037408e+00 3.230180175543025892e-03 8.467818261737637686e-02 1.208105836597923172e-02
1.365137361833988017e+01 1.001727403636465175e+00 1.154332002914711719e+00 1.961111207909349650e-03 8.485434477470640835e-02 1.493159005009846163e-02
1.384920814414026324e+01 1.002314372335842751e+00 1.152328772180536420e+00 8.810340498060765212e-04 8.587165000475051324e-02 1.100613018248817847e-02
1.404704266994064454e+01 1.002664164999349294e+00 1.151925503753800983e+00 -7.164235424755371418e-04 8.212808121183087784e-02 1.538909862733034949e-02
1.424487719574101341e+01 1.002043749663659167e+00 1.152329850207020501e+00 4.189463359112932574e-04 7.924681057638195691e-02 1.639392213176242910e-02
1.444271172154135385e+01 1.003491652230295905e+00 1.150260159528120774e+00 1.168426171395441429e-03 8.036514027000722649e-02 1.744005827537620928e-02
1.464054624734171739e+01 1.003358837337240406e+00 1.150118567522057100e+00 -2.875838252680007479e-04 7.975584422598630541e-02 2.051578163698392770e-02
1.483838077314208981e+01 1.003878834671381171e+00 1.150184395775934121e+00 -1.741638650335285404e-03 7.904704675759954835e-02 1.857691426811052329e-02
1.503621529894248710e+01 1.003659994691354473e+00 1.150702449263226512e+00 -1.009007832175588988e-03 7.892995396065088931e-02 2.096819049727096165e-02
1.523404982474280267e+01 1.002274173887618414e+00 1.149598527404979142e+00 -1.224555847567643241e-05 8.185070523422072197e-02 2.408490628956753976e-02
1.543188435054319996e+01 1.001311728424790992e+00 1.147910043347355691e+00 9.155453697313009447e-04 8.138075052257695563e-02 2.071052018962031907e-02
1.562971887634357238e+01 1.000519083144321364e+00 1.149265288895533477e+00 -1.918516923523893095e-03 7.917511343238350929e-02 1.986533966237937626e-02
1.582755340214392703e+01 1.000920776299022208e+00 1.149423710628016959e+00 -1.067050612881110822e-03 8.094903004794996859e-02 1.777167536406011605e-02
1.602538792794429057e+01 1.000605180742338174e+00 1.149617630370529220e+00 -2.212214390729498777e-03 8.110465733774269159e-02 1.849949824568831655e-02
1.622322245374463989e+01 1.000179545915120372e+00 1.151051643168863103e+00 -2.066366888887548672e-03 8.160030822781326465e-02 2.218653041192972242e-02
1.642105697954500343e+01 1.001005701233258938e+00 1.150881412489187072e+00 -3.000359214313838997e-03 7.823852843241449473e-02 2.113004662824870608e-02
1.661889150534541315e+01 1.000486337806776094e+00 1.149007439493380245e+00 3.301177194760629256e-04 7.922315885068480223e-02 1.782421601449126966e-02
1.681672603114572340e+01 9.993254623450328333e-01 1.151429984416200591e+00 -4.316045151094926951e-04 7.907177315885600966e-02 1.814107631289761657e-02
1.701456055694613667e+01 9.987146292431722250e-01 1.149173461160281073e+00 4.983713956077206846e-04 7.844424118618968655e-02 1.468259232109369629e-02
1.721239508274649666e+01 9.986541207054496772e-01 1.147241966853240536e+00 2.931456936618261934e-03 8.211186496816842706e-02 1.908450064845653577e-02
1.741022960854684243e+01 9.988237973114320045e-01 1.149278996400586283e+00 1.275361461804699328e-03 8.222290125416793771e-02 1.861217008192604314e-02
1.760806413434722373e+01 9.983579024947455416e-01 1.149419607984983438e+00 -8.917964373942577870e-04 8.125029465639706239e-02 1.590889915886272224e-02
1.780589866014756595e+01 9.987275904503223334e-01 1.150753199524810810e+00 1.888309338043728768e-03 8.564322577798988423e-02 1.897705606334575482e-02
1.800373318594791883e+01 9.986249834445291018e-01 1.151194189343339502e+00 2.457307285272537518e-03 8.677181729458206816e-02 1.789944040630009683e-02
1.820156771174833921e+01 9.986221178551297761e-01 1.152131175080236991e+00 3.191875514089646988e-03 8.461991087318937454e-02 1.551098587606135164e-02
1.839940223754864590e+01 9.983870012317657139e-01 1.153723249849611943e+00 2.080753161714742148e-03 8.640933818899901309e-02 1.654106108277280524e-02
1.859723676334906983e+01 9.984931898177464848e-01 1.153088908724635431e+00 -8.549895607991719751e-04 8.415820260205617021e-02 1.591924830129568674e-02
1.879507128914942271e+01 9.999829541317796222e-01 1.153811075397998653e+00 7.584802835873627556e-04 8.625204578967006486e-02 1.590578134506738170e-02
1.899290581494975783e+01 1.000945851422209598e+00 1.152955632928832852e+00 2.205184009556233633e-03 8.498828345791969996e-02 1.807554146947218388e-02
1.919074034075015334e+01 1.001382303332771784e+00 1.152094093009375708e+00 1.644972109359336227e-03 8.421760202244485405e-02 1.876953176668628986e-02
1.938857486655049200e+01 1.002439911618367541e+00 1.151898277253891489e+00 1.475702313555219509e-03 8.046980614778409535e-02 1.718489312476562461e-02
1.958640939235083422e+01 1.001044231742695079e+00 1.153445980097797641e+00 -1.112748040607134401e-03 8.267831169522857349e-02 1.779941782575292925e-02
1.978424391815126882e+01 1.001138801786432886e+00 1.154624368645463361e+00 -2.148419307688633623e-03 8.255241915536121189e-02 1.919603596471318452e-02
1.998207844395156840e+01 1.002127146360574761e+00 1.153296253609442212e+00 1.193803811054693249e-03 8.518226243490252536e-02 1.653490968328391250e-02
2.017991296975200299e+01 1.000735569912680312e+00 1.152578007300096186e+00 2.397448470580198880e-03 8.503855951551619885e-02 1.699050109030077194e-02
2.037774749555234877e+01 1.001529252210722198e+00 1.150452451593819037e+00 3.640630504371464900e-03 8.191194801416161464e-02 2.037711675675253284e-02
2.057558202135267678e+01 1.001511166926628560e+00 1.149079829304504807e+00 6.530376291281050558e-03 8.062055185268914015e-02 1.872623414111942303e-02
2.077341654715308294e+01 1.001347759685086158e+00 1.151187641873406386e+00 3.793626211463361174e-03 8.235174205767657740e-02 1.943014693011387711e-02
2.097125107295341806e+01 9.996009776844374528e-01 1.152970695943453805e+00 4.155820327500605801e-03 8.188829255975557664e-02 1.685284183587738502e-02
2.116908559875375673e+01 9.999004443388355146e-01 1.153270571068724992e+00 4.902665386611401374e-03 8.467039767015041574e-02 1.897287092966265867e-02
2.136692012455419842e+01 1.000020337377015567e+00 1.153344564545021322e+00 1.675598856958808750e-03 8.121532165967976225e-02 2.029851893323578529e-02
2.156475465035449091e+01 1.000299709221125877e+00 1.151776655736032273e+00 2.828438059634181666e-03 8.488609636363263211e-02 2.109990544057871453e-02
2.176258917615493260e+01 1.001126546218369828e+00 1.154444031729239262e+00 3.406625582256584024e-03 8.224548306401828490e-02 1.986844882438518894e-02
2.196042370195527127e+01 1.001596682670355731e+00 1.154957476944645567e+00 1.427559149670431984e-03 8.204920043884361691e-02 2.122682017474961796e-02
2.215825822775559573e+01 1.001226210479982504e+00 1.156511775583259460e+00 4.302552167561922956e-03 7.937881504516930420e-02 2.033610044680790596e-02
2.235609275355601255e+01 1.001356640329305936e+00 1.157748475975379776e+00 4.812237803563494849e-03 7.929896900133991122e-02 1.735141723688872137e-02
2.255392727935634056e+01 1.000679228184927050e+00 1.159745170169748318e+00 3.479714414215282371e-03 7.934170579736615769e-02 2.040387872941839750e-02
2.275176180515667212e+01 1.000814794187536050e+00 1.157612774096347774e+00 3.348617822471173979e-03 7.875174046097266345e-02 1.828852142096357852e-02
2.294959633095712093e+01 1.002591772918262514e+00 1.157335520950532048e+00 3.704526801216025036e-03 7.842597689540058148e-02 1.848409483620191973e-02
2.314743085675741696e+01 1.002894832985868456e+00 1.158044741316383242e+00 2.474401571673355994e-03 8.214337197391163858e-02 2.055443059393078503e-02
2.334526538255786576e+01 1.003072213452124162e+00 1.158552213778721640e+00 2.472887293752913489e-03 8.013562348646806333e-02 1.781059167672621388e-02
2.354309990835819733e+01 1.004083083712800972e+00 1.156260830207153534e+00 3.789047560157148345e-03 7.956039273874712658e-02 1.840924286414443931e-02
2.374093443415851823e+01 1.003978730093736393e+00 1.154662559304960645e+00 4.422137669692353251e-03 7.864300901644941111e-02 1.852426429934106097e-02
2.393876895995894216e+01 1.003965840577482060e+00 1.157845992267248381e+00 2.515266388163880321e-03 8.103025766607904745e-02 1.882572740572874617e-02
2.413660348575926662e+01 1.003566000126007385e+00 1.156955716829584313e+00 2.468167989273263412e-03 8.116593022808057944e-02 2.124398324914734612e-02
2.433443801155959108e+01 1.002275254494266132e+00 1.156753990106282437e+00 4.902073236611867967e-03 8.328094956493321821e-02 1.958326797182999984e-02
2.453227253736004698e+01 1.002765819122866331e+00 1.155332078759020220e+00 4.921637131172190704e-03 8.615965465428467029e-02 1.653942222071519072e-02
2.473010706316033946e+01 1.002523334582004821e+00 1.155669979916179146e+00 5.229051908245185626e-04 8.438648950221706857e-02 1.854877061887044362e-02
2.492794158896079182e+01 1.002141131719628930e+00 1.155793454377413765e+00 1.184452284996578755e-03 8.498653202812263274e-02 2.073584151990205335e-02
2.512577611476111983e+01 1.001897980200467719e+00 1.155109505270362158e+00 -5.838128051285917941e-04 8.717669370934126583e-02 2.362149463654036885e-02
2.532361064056144073e+01 1.001387503074917529e+00 1.154602816047538116e+00 7.863310611896123271e-04 8.346405450910891755e-02 2.151516012604413539e-02
2.552144516636187177e+01 1.000841036834134945e+00 1.152631975981551093e+00 -1.524944212754003516e-03 8.380838191062350839e-02 2.080253427986584677e-02
2.571927969216219267e+01 1.001262544175614444e+00 1.152453303569054732e+00 2.509126618575618656e-04 8.355759904174896169e-02 1.705442403421757180e-02
2.591711421796251003e+01 1.000857725674110466e+00 1.152102591503483042e+00 5.010489539498297513e-04 8.294122998667326219e-02 1.692100947312389497e-02
2.611494874376297304e+01 1.001093014891230482e+00 1.151113409009504318e+00 1.428088395183320196e-03 8.358408994919092061e-02 2.295925592353707453e-02
2.631278326956326552e+01 1.001778026392359910e+00 1.149761064911399622e+00 2.748955062965718985e-03 8.237923160602965422e-02 2.237941959535548128e-02
2.651061779536372498e+01 1.001932910996611303e+00 1.148493573815496660e+00 3.251097157496940721e-04 8.185283824234733385e-02 1.978241285652332718e-02
2.670845232116403523e+01 1.000891007608275318e+00 1.148055945656847321e+00 8.832375920782031299e-04 8.112515190948882404e-02 1.836457276437705038e-02
2.690628684696436679e+01 1.001485294687514349e+00 1.148617558803602279e+00 9.466758213346138312e-04 8.179988105424501610e-02 1.711969143680976482e-02
2.710412137276479427e+01 1.001885384537779755e+00 1.148018713618065956e+00 -2.356772239134785521e-04 8.269268402090998449e-02 1.817972354239237934e-02
2.730195589856512939e+01 1.002114581604529597e+00 1.149406209859742178e+00 -4.402123084428066616e-04 7.842204679622497010e-02 1.978894735538041724e-02
2.749979042436543253e+01 1.000589513569909439e+00 1.148823873212602598e+00 -4.067889083854137056e-04 7.792348794709541560e-02 1.775423174062201390e-02
2.769762495016589554e+01 1.002438326003768809e+00 1.148794486295334982e+00 1.429787556356401125e-03 8.005969692953190942e-02 1.472848917623847259e-02
2.789545947596620934e+01 1.002307860077730650e+00 1.149969164765066276e+00 -2.500081426266897782e-04 8.077397978198951056e-02 1.468531433162117115e-02
2.809329400176663327e+01 1.002412334219727530e+00 1.148718990108498872e+00 1.213191966964619669e-03 7.879268921820696547e-02 1.649231345563025031e-02
2.829112852756697194e+01 1.003297030774636278e+00 1.147913186130713470e+00 2.956866663495172267e-03 7.654437283447591833e-02 1.703855264259697758e-02
2.848896305336731061e+01 1.001625861987758492e+00 1.148222945473225121e+00 2.714788491248941796e-03 7.394167407652807444e-02 1.851596478410503371e-02
2.868679757916769546e+01 1.002082157688885866e+00 1.146695114343495581e+00 1.522644204549748964e-03 7.328147258904665895e-02 1.739465288847293761e-02
2.888463210496804123e+01 1.003150834574271899e+00 1.146153987906020966e+00 7.138243230272623297e-04 7.235570370697272380e-02 1.636919933825312090e-02
2.908246663076838345e+01 1.002911644577751948e+00 1.146321091553075266e+00 1.199220939620321193e-03 7.741684441707168129e-02 1.909481073672815096e-02
2.928030115656878607e+01 1.003532031476513708e+00 1.147630615062686932e+00 4.195395513521984684e-03 7.249237355262409810e-02 2.013651625990699190e-02
2.947813568236911408e+01 1.002165096923676391e+00 1.145764679687272913e+00 3.702709654092277512e-03 7.431166206024926446e-02 1.734936777528634302e-02
2.967597020816957709e+01 1.001872467212706619e+00 1.149449644848258067e+00 5.059673507787557437e-03 7.342290544919582995e-02 2.045375878723138668e-02
2.987380473396985892e+01 1.001583696602951434e+00 1.150143453645291025e+00 4.843950802369705044e-03 7.253340056650534051e-02 1.870991205193987122e-02
3.007163925977021179e+01 1.001050917473361945e+00 1.148198598957184569e+00 4.428778082902805682e-03 7.534363870035037936e-02 1.942144553088798881e-02
3.026947378557064994e+01 9.999103057873561795e-01 1.150609401807406451e+00 2.891975604543385158e-03 7.760170813880359897e-02 2.013536528069216971e-02
3.046730831137100637e+01 9.999362049705041722e-01 1.148617684998050947e+00 1.247746841712770111e-03 7.969950110498075224e-02 2.086579032459275757e-02
3.066514283717127753e+01 1.000559695847142105e+00 1.148174717497059349e+00 2.245336317185000607e-03 8.064182259155176780e-02 1.685454839774032029e-02
3.086297736297174410e+01 1.001168248215391632e+00 1.148768686799720440e+00 1.618849182663069028e-03 7.750470461550590384e-02 2.050090609168194952e-02
3.106081188877207921e+01 1.001151853202779662e+00 1.148344673624988488e+00 2.308470937566598977e-03 7.653183860281589923e-02 1.965722223902737972e-02
3.125864641457245696e+01 1.000228994610936839e+00 1.148624423929533123e+00 1.557245214868431277e-03 7.227267730759806552e-02 1.405932485103992408e-02
3.145648094037282050e+01 1.001411389937567842e+00 1.148935212201410483e+00 3.558136397892028725e-03 7.416637802955809711e-02 1.531530855907403156e-02
3.165431546617318048e+01 1.000753210379016656e+00 1.148705134989593590e+00 2.340599685810199494e-03 7.129879622199228328e-02 1.657016716320701757e-02
3.185214999197352981e+01 1.000694208239229832e+00 1.149683773078665983e+00 2.076977386039239454e-03 7.132124439387031722e-02 1.832351991718714559e-02
3.204998451777388624e+01 1.001666748191995415e+00 1.150345938899677956e+00 2.840167346498002812e-03 7.124071771523596275e-02 1.714223081846508873e-02
3.224781904357425333e+01 1.002201082625027162e+00 1.149691409541616194e+00 -1.245620983292805540e-04 7.342412665947002648e-02 1.960334961154457795e-02
3.244565356937461331e+01 1.002575968480087010e+00 1.150016460021130005e+00 5.104609450658692191e-04 7.594175588494923856e-02 2.441402010989834892e-02
3.264348809517495908e+01 1.002619446230089473e+00 1.151033631271932700e+00 3.728928708419335623e-03 7.755744601345877787e-02 2.641916006917151283e-02
3.284132262097543276e+01 1.002599794361299201e+00 1.149957723190873526e+00 3.615809064528913239e-03 8.090434391101285205e-02 2.275720663127026727e-02
3.303915714677568616e+01 1.002163009266087590e+00 1.148615200700405792e+00 2.851347508474994918e-03 7.914912291145734247e-02 2.363241272465283968e-02
3.323699167257605325e+01 1.001818439532850658e+00 1.149884927685675517e+00 3.119448114927029191e-03 8.117686538213321479e-02 2.362115071432410382e-02
3.343482619837650560e+01 1.001563876673563280e+00 1.150495399992499390e+00 1.478540232505538669e-03 7.855968296520715599e-02 2.399131500530066533e-02
3.363266072417687980e+01 1.002242225619663918e+00 1.150645223247144688e+00 1.478363715537338481e-03 8.034758955391085866e-02 2.253786824500481414e-02
3.383049524997711899e+01 1.000484649393652559e+00 1.151564335667141226e+00 1.216489844063708319e-03 7.802294635758920405e-02 1.992264640487058022e-02
3.402832977577759266e+01 1.000417184192788245e+00 1.150516485305110193e+00 5.023777052751110224e-04 8.054489941000181341e-02 2.185238386786755513e-02
3.422616430157795264e+01 1.001415419422543085e+00 1.151318525686997774e+00 2.359471027758240722e-03 8.200568696778898214e-02 2.130296353369541193e-02
3.442399882737829131e+01 9.999592752782412441e-01 1.150509640091228913e+00 2.914851261286331967e-03 7.968833018402773916e-02 2.118824072551555790e-02
3.462183335317866550e+01 9.995515415032076856e-01 1.149975579452823915e+00 2.400389047796530791e-03 8.054806263284128298e-02 2.035805184627246731e-02
3.481966787897904680e+01 9.993881621093144707e-01 1.149446457863129600e+00 3.069457214034722065e-03 8.063111438582215573e-02 1.972921218305821386e-02
3.501750240477935705e+01 9.983910713468603371e-01 1.149250378774109960e+00 2.844373292347258681e-03 7.973033741792766305e-02 1.614701352388966255e-02
3.521533693057973835e+01 9.975808959863958769e-01 1.149954919385061114e+00 2.195400091723950179e-03 7.799516804406519954e-02 1.704567323105481494e-02
3.541317145638011965e+01 9.980296988386443413e-01 1.150446984643568982e+00 3.753989342720727342e-03 8.050583038030723060e-02 1.982707394832699394e-02
3.561100598218044411e+01 9.967858869190172610e-01 1.151019415286769432e+00 4.606263392585796534e-03 8.142353577342487103e-02 2.082306822948755756e-02
3.580884050798081120e+01 9.971401873064891230e-01 1.148571706898421141e+00 6.209734160318253204e-03 8.245158454575873819e-02 1.911109427165763944e-02
3.600667503378128487e+01 9.971637069049104074e-01 1.149015855422078625e+00 3.351675510180809198e-03 8.049477778590448385e-02 2.065716044421222336e-02
3.620450955958150985e+01 9.974199330265347552e-01 1.147428002697783667e+00 1.486770923226753398e-03 8.124962768322087359e-02 1.872553032849991889e-02
3.640234408538189825e+01 9.982312643867055080e-01 1.145870240281976704e+00 3.065290271061211699e-03 7.999630897227162640e-02 1.758307348024584771e-02
3.660017861118235771e+01 9.977794400708314138e-01 1.144775981102738038e+00 2.047899373119940053e-03 7.959479891668917728e-02 1.826687146846668261e-02
3.679801313698274612e+01 9.983154925798226609e-01 1.141796484471893747e+00 6.735658369069907501e-04 8.043329581559598151e-02 1.777717109654615088e-02
3.699584766278297110e+01 9.981823122421480399e-01 1.141346925373546872e+00 9.233097607605933888e-04 7.898308344182211616e-02 1.681295962702293589e-02
3.719368218858344477e+01 9.986803745765898688e-01 1.139992402147198103e+00 2.185802561038575551e-03 7.813151768101243844e-02 1.631353015800512604e-02
3.739151671438381896e+01 9.984089099803202805e-01 1.138436256188670725e+00 1.639322499847798483e-03 7.789103287090402838e-02 1.626452238930734678e-02
3.758935124018412210e+01 9.994494561857995008e-01 1.139061646255091098e+00 4.605323967165636349e-03 7.989636834735910909e-02 2.000616115045861579e-02
3.778718576598451762e+01 9.989039291196155634e-01 1.139975866928590209e+00 3.432233766255722313e-03 8.019781847369678029e-02 1.717082799682078179e-02
3.798502029178490602e+01 1.000059778843591873e+00 1.140845221129160647e+00 5.114391794444939771e-03 8.137418874650403922e-02 1.778490961552255112e-02
3.818285481758519495e+01 9.993967636690012091e-01 1.141410138175112055e+00 4.174843364903403631e-03 7.986431184808484574e-02 1.770226655749324376e-02
3.838068934338559046e+01 9.995939355931706682e-01 1.142883717626389295e+00 2.767114193343176310e-03 7.985394015265562251e-02 1.674977832886510865e-02
3.857852386918597887e+01 1.000210817476672176e+00 1.143207042684035724e+00 2.259199166703135166e-03 7.921986882842815825e-02 1.882959341632379352e-02
3.877635839498627490e+01 9.990556710311616628e-01 1.145870134914825478e+00 4.540068623340709746e-04 8.074331484090434274e-02 1.687120835326217164e-02
3.897419292078665620e+01 9.994693271065169249e-01 1.145169576576645643e+00 2.192700607873312568e-03 8.054471425651628380e-02 1.706907618209009200e-02
3.917202744658714408e+01 1.000085717633208082e+00 1.145788286502279041e+00 9.464208417069242202e-04 7.957209440127624434e-02 2.103654295156148421e-02
3.936986197238734064e+01 1.000677413816637662e+00 1.142452064651108712e+00 4.762000676905824535e-03 8.210933573026060750e-02 1.819683904000850977e-02
