0.000000000000000000e+00 1.501548880183462442e+00 1.000000000000000222e+00
2.173236008265650443e-01 1.467525341276584072e+00 9.320057757084341254e-01
4.337813705741358494e-01 1.429202439233678179e+00 8.680975443335013919e-01
6.502391403217064880e-01 1.396482913686091010e+00 8.075086026244105986e-01
8.666969100692797356e-01 1.366375273819522729e+00 7.515765818408071119e-01
1.083154679816847876e+00 1.337413836353945396e+00 7.002760568150505627e-01
1.299612449564421901e+00 1.312082783190082536e+00 6.521872630680862759e-01
1.516070219312017242e+00 1.289593895824328262e+00 6.075256285902314035e-01
1.731662157980629280e+00 1.268026157242280183e+00 5.656075894478594934e-01
1.948119927728241940e+00 1.247497658220311889e+00 5.274614115143403392e-01
2.164577697475850382e+00 1.227510792227904712e+00 4.933437599142946328e-01
2.381035467223460600e+00 1.210786485409615532e+00 4.601968655903554972e-01
2.597493236971067265e+00 1.195565245310296287e+00 4.295536824744275450e-01
2.813951006718667713e+00 1.181371234170075724e+00 4.010641260654340678e-01
3.030408776466203769e+00 1.168417732180955459e+00 3.751286090279227214e-01
3.246866546213722948e+00 1.155277240149516604e+00 3.513348736264858552e-01
3.463324315961256783e+00 1.142656615335749803e+00 3.291039756353481005e-01
3.679782085708787509e+00 1.130981037610984785e+00 3.085727627081351621e-01
3.897105686535319968e+00 1.120117144641709972e+00 2.895587634804633881e-01
4.113563456282857800e+00 1.111405854328768150e+00 2.716574505358850256e-01
4.330021226030371650e+00 1.102142428858206680e+00 2.556087143100596593e-01
4.546478995777915699e+00 1.094428236542356991e+00 2.406550379090120761e-01
4.762936765525441096e+00 1.088679107332182205e+00 2.261825187591176289e-01
4.979394535272984257e+00 1.081340722196849180e+00 2.137270055510936684e-01
5.195852305020508766e+00 1.075918283184197133e+00 2.017152922617780897e-01
5.412310074768058143e+00 1.070544860017213828e+00 1.908541154512383431e-01
5.628767844515652818e+00 1.064864097748134286e+00 1.806573834508467535e-01
5.845225614263318548e+00 1.059513690042366285e+00 1.713276042054158455e-01
6.061683384011023357e+00 1.054358130097502011e+00 1.626762092791953773e-01
6.277275322679696679e+00 1.051758271132896772e+00 1.544704093254776756e-01
6.493733092427404152e+00 1.047530595532465414e+00 1.471424120740672248e-01
6.710190862175080539e+00 1.043879007793856895e+00 1.402597874277152767e-01
6.926648631922751598e+00 1.040802046857003171e+00 1.339338511637082896e-01
7.143106401670461736e+00 1.036790618181498091e+00 1.281033151168597672e-01
7.359564171418128353e+00 1.035371182500045562e+00 1.225627094171287956e-01
7.576021941165833162e+00 1.030785321252760900e+00 1.177235515873532173e-01
7.792479710913509550e+00 1.028596524681208768e+00 1.130132845951267312e-01
8.008937480661190378e+00 1.028619237679479381e+00 1.082859543264489272e-01
8.225395250408880088e+00 1.026578897848326788e+00 1.041889121034558496e-01
8.441853020156562692e+00 1.025085083508251005e+00 1.004574824141891976e-01
8.658310789904270166e+00 1.024388536377550452e+00 9.676638575140869558e-02
8.874768559651954547e+00 1.022763763646868940e+00 9.365333382014158492e-02
9.091226329399606954e+00 1.020193940902198726e+00 9.082187837621728821e-02
9.307684099147323309e+00 1.019438358060475114e+00 8.804864744945616051e-02
9.524141868895011243e+00 1.017647289336953920e+00 8.559660556262405073e-02
9.740599638642679636e+00 1.015391353575350486e+00 8.340798401965035525e-02
9.957057408390367570e+00 1.015730547668378669e+00 8.109697527340165024e-02
1.017351517813808570e+01 1.014531813454600861e+00 7.912367689143993965e-02
1.038997294788572923e+01 1.012444904871494300e+00 7.741436926717892852e-02
1.060643071763341894e+01 1.012569316631212413e+00 7.563347979791938680e-02
1.082288848738113174e+01 1.013017982889554691e+00 7.406431754906737941e-02
1.103934625712882500e+01 1.010383821755671763e+00 7.272796514392765310e-02
1.125580402687625536e+01 1.008608515619053625e+00 7.160007200230504576e-02
1.147226179662360046e+01 1.009214600552355234e+00 7.019573141026617946e-02
1.168871956637098108e+01 1.008149888701222796e+00 6.907312686268528290e-02
1.190517733611838658e+01 1.004395999367208692e+00 6.823031223283199109e-02
1.212163510586577253e+01 1.003450103275581151e+00 6.721662603650958856e-02
1.233809287561311230e+01 1.003846657010867727e+00 6.625358091332804455e-02
1.255455064536049647e+01 1.003875525697472515e+00 6.538485363074421353e-02
1.277100841510790197e+01 1.004481549362381543e+00 6.443235003690349350e-02
1.298746618485528970e+01 1.004536956430173156e+00 6.361060655339463576e-02
1.320392395460262414e+01 1.003084259037817061e+00 6.303248771012540108e-02
1.342038172435001009e+01 1.002498608910859179e+00 6.250997344646690157e-02
1.363683949409741736e+01 1.002143156211023456e+00 6.195142434961774247e-02
1.385416309492380904e+01 1.001746359931681152e+00 6.144495431235880156e-02
1.407062086467113815e+01 1.001437985304219458e+00 6.097851879885850257e-02
1.428707863441852766e+01 1.001312430729186964e+00 6.054274319224230844e-02
1.450353640416593137e+01 1.002219097251796365e+00 6.000472835331896460e-02
1.471999417391332443e+01 1.000739624674764849e+00 5.973957831753692882e-02
1.493645194366065354e+01 1.001789043592982154e+00 5.929936732976665015e-02
1.515290971340805193e+01 1.001169815283461606e+00 5.885990980184756943e-02
1.536936748315544854e+01 1.000590587520312491e+00 5.861528578055179295e-02
1.558582525290282916e+01 1.000097714772839819e+00 5.821810978440614820e-02
1.580228302265018137e+01 9.998443332838271580e-01 5.801359250332786127e-02
1.601874079239755844e+01 1.000944174825882049e+00 5.770476838715224432e-02
1.623519856214494439e+01 9.999527967057678657e-01 5.758793353547943944e-02
1.645165633189235521e+01 9.996778055204503799e-01 5.743792638721333804e-02
1.666811410163968077e+01 9.980396323474391984e-01 5.728801541436839839e-02
1.688457187138709514e+01 9.977224509725793888e-01 5.712921740059167391e-02
1.710102964113448110e+01 9.984516537966117156e-01 5.691408589715424987e-02
1.731748741088184573e+01 9.993192413587568268e-01 5.669218334758798633e-02
1.753394518062922458e+01 9.995416518920781090e-01 5.651513753851385852e-02
1.775040295037658566e+01 9.982693751827882434e-01 5.639449919180680032e-02
1.796686072012396096e+01 9.984969120603734982e-01 5.624868855204592094e-02
1.818331848987138954e+01 9.987434615178181208e-01 5.606756121444742003e-02
1.839977625961870444e+01 9.958203484479485335e-01 5.606744582362013785e-02
1.861623402936613658e+01 9.972698976899462275e-01 5.593394322894790216e-02
1.883269179911350832e+01 9.966607665241399294e-01 5.586746629210834203e-02
1.904914956886086586e+01 9.975152935560454015e-01 5.570868783426419918e-02
1.926560733860826247e+01 9.980026458697283109e-01 5.561092258823862461e-02
1.948206510835561645e+01 9.986703646610373131e-01 5.544769824034336686e-02
1.969852287810298463e+01 9.984544626390510214e-01 5.540509391897504438e-02
1.991498064785042033e+01 9.981207560616642827e-01 5.540271656192559402e-02
2.013143841759773167e+01 9.970769223710724827e-01 5.545484781777521022e-02
2.034789618734517802e+01 9.965058557686671259e-01 5.556555577172637983e-02
2.056435395709253910e+01 9.957409606255003265e-01 5.550739838137882382e-02
2.078081172683988953e+01 9.960989110844933325e-01 5.545296370669411390e-02
2.099726949658729680e+01 9.972290697978849483e-01 5.534265115237362725e-02
2.121372726633464723e+01 9.971895252830457190e-01 5.522160011064466967e-02
2.143018503608200120e+01 9.959801808316490757e-01 5.522927400418872756e-02
2.164664280582945466e+01 9.962145106668116590e-01 5.520843340488076900e-02
2.186310057557676245e+01 9.987954476839512319e-01 5.506312818941801884e-02
2.207955834532421591e+01 9.988447024351952974e-01 5.488487502182350097e-02
2.229601611507157344e+01 9.976793026254251462e-01 5.490859048360739042e-02
2.251247388481890965e+01 9.987504496086011541e-01 5.476838757194719270e-02
2.272893165456633469e+01 9.989921110619395250e-01 5.469496928649029283e-02
2.294538942431367801e+01 1.000398906604898386e+00 5.448776655422190446e-02
2.316184719406102843e+01 1.000335385948118105e+00 5.441308153816221821e-02
2.337830496380848899e+01 1.001507333278282230e+00 5.430945954986041158e-02
2.359476273355578968e+01 9.998210339364584920e-01 5.443957437922196385e-02
2.381122050330325379e+01 9.991862371244130125e-01 5.451920060064082557e-02
2.402767827305060067e+01 9.989233893636245698e-01 5.451441111199894357e-02
2.424413604279793688e+01 1.000508060442583558e+00 5.443007265100869435e-02
2.446059381254536902e+01 1.000219849414126116e+00 5.450651061490063148e-02
2.467705158229270879e+01 1.001533458463294224e+00 5.440371001041600235e-02
2.489350935204004855e+01 1.002708439737056922e+00 5.437592311772398296e-02
2.510996712178751977e+01 1.000956216737524551e+00 5.447685417757711090e-02
2.532642489153482046e+01 1.000403324268233751e+00 5.455714811943251918e-02
2.554288266128229168e+01 1.000489697344485007e+00 5.454033789889472378e-02
2.575934043102963145e+01 1.001480476400178565e+00 5.449318617865005904e-02
2.597579820077696056e+01 1.001481758092253038e+00 5.453422225075147539e-02
2.619225597052440335e+01 1.000494735152589909e+00 5.460442353464917131e-02
2.640871374027173601e+01 1.001166722613925808e+00 5.454547019696078664e-02
2.662517151001907223e+01 1.001644208547479487e+00 5.441107884506513059e-02
2.684162927976655055e+01 1.002721794411725709e+00 5.447271123714313851e-02
2.705808704951384769e+01 1.004034021113718644e+00 5.433410530446618897e-02
2.727454481926132246e+01 1.002798332442096818e+00 5.435330003022187384e-02
2.749100258900866223e+01 1.002581553509329648e+00 5.438841972336343894e-02
2.770746035875599134e+01 1.001796613396936930e+00 5.442577782318901158e-02
2.792391812850343769e+01 1.002065063015932456e+00 5.435847754280449112e-02
2.814037589825076680e+01 1.002232605683267774e+00 5.440425331836786643e-02
2.835683366799809590e+01 1.003130583262727749e+00 5.430856034050318693e-02
2.857329143774557778e+01 1.002775340163875262e+00 5.434959290751355948e-02
2.878974920749287847e+01 1.002192075663594029e+00 5.444158756106897562e-02
2.900620697724036035e+01 1.001678421797035146e+00 5.454914006153183809e-02
2.922266474698768235e+01 9.988980917186682795e-01 5.474881715650121300e-02
2.943912251673501856e+01 9.995047412312262347e-01 5.472782963528673855e-02
2.965558028648246847e+01 9.990170483119183986e-01 5.471356571198732199e-02
2.987203805622981179e+01 9.991027705133315173e-01 5.478224546925476030e-02
3.008849582597712313e+01 9.990799817913410541e-01 5.478705513185774117e-02
3.030495359572460856e+01 9.980813647807788014e-01 5.489680030856913112e-02
3.052141136547192701e+01 9.986898400752736160e-01 5.481796040012540394e-02
3.073786913521936981e+01 9.991821091982314718e-01 5.482231093421525980e-02
3.095432690496672024e+01 9.997686590809746754e-01 5.491379835094977596e-02
3.117078467471407066e+01 1.002077638532859138e+00 5.480883783705341183e-02
3.138724244446147438e+01 1.002029494246303054e+00 5.476321514412097607e-02
3.160370021420882836e+01 1.002476163958130551e+00 5.468183893368169790e-02
3.182015798395618233e+01 1.002994014867935046e+00 5.464193605095069711e-02
3.203661575370360026e+01 1.001819807914688276e+00 5.480571477318384871e-02
3.225307352345093648e+01 1.001618968137410137e+00 5.487368673063321156e-02
3.246953129319842191e+01 1.001564320957873289e+00 5.494094070560688603e-02
3.268598906294570838e+01 1.001445533825794154e+00 5.492692477036843768e-02
3.290244683269307302e+01 1.000555071364722881e+00 5.484794327243802670e-02
3.311890460244053003e+01 1.001486776948514512e+00 5.470168166070570742e-02
3.333536237218790177e+01 1.000705472548845565e+00 5.476146823634225197e-02
3.355182014193517404e+01 9.993587063813138549e-01 5.482445172076819834e-02
3.376827791168266657e+01 1.000487484382462933e+00 5.478716087051752059e-02
3.398473568143000989e+01 9.992257527639387682e-01 5.479708833404140639e-02
3.420119345117740295e+01 9.994439003486964568e-01 5.475084875111178168e-02
3.441765122092478180e+01 1.000014381370189165e+00 5.478466156399149772e-02
3.463410899067215354e+01 1.001179383358641095e+00 5.472602485793775368e-02
3.485056676041951107e+01 9.997494911349636970e-01 5.473860072292786177e-02
3.506702453016688281e+01 9.999264408162161777e-01 5.472651107307117957e-02
3.528348229991426166e+01 1.000093161330321667e+00 5.468838912166062299e-02
3.549994006966163340e+01 9.994302959511284223e-01 5.467123015635815680e-02
3.571639783940899093e+01 9.997303532317799446e-01 5.457611729963466468e-02
3.593285560915649057e+01 9.986470476537112617e-01 5.466545952218832688e-02
3.614931337890374863e+01 9.979027150069903485e-01 5.478503469581039176e-02
3.636577114865112748e+01 9.980235038770004508e-01 5.474488189430087165e-02
3.658222891839859869e+01 9.974309799182932146e-01 5.482606886160176773e-02
3.679868668814598465e+01 9.987922962988434739e-01 5.472044249460412263e-02
3.701514445789322849e+01 9.996988174460329502e-01 5.464163653531661086e-02
3.723160222764072813e+01 9.984692908837536907e-01 5.472476236136288724e-02
3.744805999738809987e+01 9.996275975419045556e-01 5.460508896592559946e-02
3.766451776713545030e+01 1.000439334854835716e+00 5.466100358651204000e-02
3.788097553688283625e+01 1.000736922934540640e+00 5.470555856787352733e-02
3.809743330663022931e+01 1.000227555673270041e+00 5.470023732448745651e-02
3.831389107637755131e+01 9.981666145936367585e-01 5.474032066422943044e-02
3.853034884612494437e+01 9.985567109526450880e-01 5.469112765013749849e-02
3.874680661587233743e+01 9.990087754187699787e-01 5.472791526506059351e-02
3.896326438561968075e+01 9.974522565287072817e-01 5.487135830764247602e-02
3.917972215536705249e+01 9.992051316370597069e-01 5.471102488988892343e-02
3.939617992511455213e+01 9.993331605242938842e-01 5.471418317425872507e-02
3.961263769486178177e+01 1.000000673634163784e+00 5.474368554660827280e-02
3.982909546460918193e+01 1.000024337972705402e+00 5.473511932703856858e-02
4.004555323435666736e+01 9.999466837199589841e-01 5.477868313004580214e-02
4.026201100410406042e+01 9.991991295240667537e-01 5.480343558158892042e-02
4.047846877385129005e+01 1.001417811484041964e+00 5.464878194806292028e-02
4.069492654359878969e+01 1.002142370259025750e+00 5.457537841037441578e-02
4.091138431334617565e+01 1.002228502234561613e+00 5.454033007825355439e-02
4.112784208309349054e+01 1.002020710957922223e+00 5.456281682288647433e-02
4.134429985284089781e+01 1.000591114267042059e+00 5.468322904341130913e-02
4.156075762258830508e+01 1.000913957529819154e+00 5.466253056849856157e-02
4.177721539233559866e+01 1.000876666540598148e+00 5.471293878798551280e-02
4.199367316208300593e+01 1.000853302503887710e+00 5.466256235406145858e-02
4.221013093183041320e+01 1.000796417646916625e+00 5.455492152533802236e-02
4.242658870157772100e+01 1.001220409693068802e+00 5.448482804773031180e-02
4.264304647132511406e+01 1.000402314589842856e+00 5.453674450243016503e-02
4.285950424107262080e+01 1.000566812282042584e+00 5.463511806303614909e-02
4.307596201081982201e+01 1.000683546700647408e+00 5.464555047531569065e-02
