0.000000000000000000e+00 1.363959179196794658e+00 1.000000000000000000e+00 1.405131898256161077e-03 1.027307649872397739e-03 -5.404882845037849333e-03
1.520786814454552216e-01 1.300224547168040923e+00 1.097515122339909777e+00 -7.685896534685603305e-03 5.149721790192119536e-02 9.445335497844159142e-03
3.035514717297704279e-01 1.242370236241466364e+00 1.188641817206342211e+00 -1.469903893011031103e-02 8.284173384561885345e-02 1.824831742962773271e-02
4.550242620140855232e-01 1.192947301568959562e+00 1.286241297692575003e+00 -1.945618973557053377e-02 1.139146831491284623e-01 1.882797407899853420e-02
6.064970522984023393e-01 1.151390541219816210e+00 1.391082622616562459e+00 -2.080448361211648806e-02 1.306035650832566564e-01 1.960896303576444011e-02
7.579698425827157138e-01 1.116407812118747067e+00 1.495325494046941150e+00 -2.403316751738420257e-02 1.420319020355582107e-01 2.112418730042885454e-02
9.094426328670331960e-01 1.085781292878626347e+00 1.603720818515833368e+00 -2.513359132592662623e-02 1.422802847891163347e-01 2.294256402625580171e-02
1.060915423151365555e+00 1.059411393915795641e+00 1.715439028254727161e+00 -2.546837959130453244e-02 1.492480979373544681e-01 2.341375655337138081e-02
1.211782322274565615e+00 1.035601995099115102e+00 1.829729561446799213e+00 -2.635671028264375756e-02 1.461918134791551360e-01 1.942499206278808233e-02
1.363255112558910076e+00 1.018133472277646501e+00 1.946339244703857885e+00 -2.625243254806935295e-02 1.507460553928894331e-01 1.501648573540718783e-02
1.514727902843251428e+00 1.001831132842649907e+00 2.066312180604107152e+00 -2.639491283667419821e-02 1.589772414352722540e-01 1.182616022230213032e-02
1.666200693127594334e+00 9.887168636269134669e-01 2.185361546991537285e+00 -2.453611743451244998e-02 1.612812366586752200e-01 9.264150687489815586e-03
1.817673483411934576e+00 9.759521718412698110e-01 2.297428845029080513e+00 -2.369013621552744711e-02 1.664791809320885496e-01 7.395140710279435661e-03
1.969146273696270599e+00 9.655597809468572379e-01 2.414416400972395849e+00 -2.301729524838772370e-02 1.709884473056262899e-01 5.579710855195850645e-03
2.120619063980561769e+00 9.575315337077617839e-01 2.517742403324321199e+00 -2.209896309709881435e-02 1.744202394492802011e-01 4.910289445481900474e-03
2.272091854264840283e+00 9.505451789069784274e-01 2.626274380991734159e+00 -1.907459659645048544e-02 1.835452206324749702e-01 3.360065956315016079e-03
2.423564644549129898e+00 9.431856250851478052e-01 2.741569232791084776e+00 -1.833249352654228725e-02 1.840211383391069100e-01 4.073462944650340506e-03
2.575037434833416850e+00 9.390546442737991439e-01 2.846133699141236040e+00 -1.616919026180508104e-02 1.849313436327675864e-01 2.838856516238263787e-03
2.727116116278849312e+00 9.344201332039095975e-01 2.953841454015830426e+00 -1.483847933812430103e-02 1.942313788253459961e-01 9.157653070370752602e-04
2.878588906563141592e+00 9.313193360250426878e-01 3.062373705621536324e+00 -1.381286272956557676e-02 1.992564383006682482e-01 -1.410850781592873924e-03
3.030061696847416552e+00 9.278577478259739664e-01 3.150509620155387491e+00 -1.230108637758221476e-02 2.033203107061775927e-01 -1.999870389220491720e-03
3.181534487131713274e+00 9.253139345940700755e-01 3.234248455201540917e+00 -1.009343052661026800e-02 2.054534548199483390e-01 -5.470945348711420478e-03
3.333007277415996672e+00 9.224034700538430442e-01 3.320258954293833220e+00 -8.869056016105434856e-03 2.088245764822150297e-01 -6.771187123045634138e-03
3.484480067700292505e+00 9.192108676809757073e-01 3.396011691127778231e+00 -6.653559038956233067e-03 2.176292715975734204e-01 -6.735183932743421184e-03
3.635952857984575459e+00 9.180593382144911496e-01 3.471567702804509548e+00 -2.829998451866978532e-03 2.138330531346542829e-01 -5.633592569632188407e-03
3.787425648268875733e+00 9.156290609936551528e-01 3.546298002401007121e+00 -1.523212821050691328e-03 2.144724419847283403e-01 -5.667273905989022968e-03
3.938898438553207537e+00 9.148959145520901837e-01 3.619320090585305572e+00 -1.565619804420320584e-03 2.119952770715058665e-01 -6.287663387395781012e-03
4.090371228837589079e+00 9.142723118818885109e-01 3.681226289473262359e+00 1.154310656828186864e-03 2.146992739438263742e-01 -8.698666022834563097e-03
4.241844019121997711e+00 9.135892162387412307e-01 3.736962962573850078e+00 4.054168856864465154e-03 2.214034005717022413e-01 -8.973453082905145581e-03
4.392710918245240848e+00 9.123296074436970660e-01 3.791150989362535917e+00 5.544992262583054582e-03 2.205314481582668351e-01 -1.130869238480105773e-02
4.544183708529651256e+00 9.110344280359519153e-01 3.834817354090143571e+00 7.289996364051743588e-03 2.243533970455641180e-01 -1.199740250386989102e-02
4.695656498814041235e+00 9.110231046770390639e-01 3.874857642715805017e+00 8.204856766269891244e-03 2.244626207766026726e-01 -1.038978471125138157e-02
4.847129289098426774e+00 9.094735319245800254e-01 3.921609356406981828e+00 1.332916365409927278e-02 2.246760757069859726e-01 -1.170560322354527796e-02
4.998602079382838959e+00 9.103640945374995574e-01 3.958406566728924325e+00 1.351937325045605466e-02 2.211197074926453121e-01 -1.402274665188499130e-02
5.150074869667220945e+00 9.107313140727124612e-01 3.994726542487113008e+00 1.329846266115091227e-02 2.148504442105663992e-01 -1.424011046934598596e-02
5.301547659951630465e+00 9.098076282963654116e-01 4.023916019880779515e+00 1.242861341955505718e-02 2.163301800767666316e-01 -1.136170645650324065e-02
5.453020450236019556e+00 9.082839286291405356e-01 4.059453132200319558e+00 1.397956814308619865e-02 2.207695531983193404e-01 -1.327883644747648167e-02
5.604493240520411312e+00 9.082225027355206315e-01 4.087803877094285276e+00 1.640271694508754416e-02 2.254195183232944877e-01 -1.468079201419867329e-02
5.755966030804810174e+00 9.080111037432418986e-01 4.111510647901039484e+00 1.781668963651115989e-02 2.218416173427104621e-01 -1.617793087051097242e-02
5.907438821089202818e+00 9.074689319187591030e-01 4.133371405258760234e+00 1.805191100789029640e-02 2.217936396752490380e-01 -1.563601424578030599e-02
6.058911611373614114e+00 9.062809275548848742e-01 4.140908812047358722e+00 2.016095441649828554e-02 2.207998767319258593e-01 -1.682120959727256837e-02
6.210384401658008535e+00 9.064037391523128706e-01 4.157150932818870714e+00 2.083366938146047342e-02 2.239577856999817040e-01 -1.612566465632682758e-02
6.361857191942381640e+00 9.069380960149916460e-01 4.188118072092327004e+00 1.958021739882601087e-02 2.258605842631180860e-01 -1.677586104705674694e-02
6.513329982226798265e+00 9.076298738631453089e-01 4.189952686004859039e+00 1.884858384808811571e-02 2.307115398967549691e-01 -1.849466362700862010e-02
6.664802772511195350e+00 9.064634945073686279e-01 4.198801652881122948e+00 1.998190375229601592e-02 2.308670195335019715e-01 -1.544954614874643854e-02
6.816275562795578224e+00 9.063742027897928599e-01 4.202363828539120938e+00 2.200465173955886561e-02 2.246520504144988717e-01 -1.116801412348697800e-02
6.967748353079976198e+00 9.056225915642648339e-01 4.208772370098254001e+00 2.279614075350983385e-02 2.220298749844013264e-01 -1.472602637646325437e-02
7.119221143364393711e+00 9.058184901067724004e-01 4.214835535731575433e+00 2.259994972331350049e-02 2.208896303410602391e-01 -1.598105603121340382e-02
7.270693933648760598e+00 9.068471156001246536e-01 4.220296595222769120e+00 2.359760247913189959e-02 2.263711107409398793e-01 -1.299495709518042746e-02
7.422166723933158572e+00 9.052284062299799094e-01 4.220549414943745248e+00 2.198066955675545206e-02 2.314527099656778220e-01 -1.213061434592908883e-02
7.573639514217573421e+00 9.041600240474392258e-01 4.227947903280123043e+00 2.157729410931150810e-02 2.295398563468643571e-01 -1.686737239449985146e-02
7.725112304501974059e+00 9.034629707019171674e-01 4.234898168567813315e+00 2.289304091088996407e-02 2.251953111960024456e-01 -1.984812696641581956e-02
7.876585094786190844e+00 9.046355337643908756e-01 4.252138940220923757e+00 2.282643372746703120e-02 2.283800920212943342e-01 -2.311698044494953780e-02
8.028057885070348121e+00 9.053871760778632316e-01 4.270394139642142761e+00 2.257098132842249097e-02 2.309072811777567458e-01 -2.081979987229758827e-02
8.179530675354531155e+00 9.057526380417477707e-01 4.282805889786326148e+00 2.467919358418094872e-02 2.299582413809146408e-01 -1.946009189071291196e-02
8.331003465638730177e+00 9.053069071754505925e-01 4.290121064144717167e+00 2.597496457060679068e-02 2.331052310950224304e-01 -1.665677918464211066e-02
8.482476255922916764e+00 9.060354606598117755e-01 4.284542928366913195e+00 2.663608693224643956e-02 2.337288633843383201e-01 -1.871475466645367014e-02
8.633949046207069600e+00 9.067188141816805436e-01 4.268836799903255041e+00 2.435208553937702122e-02 2.302341075231787160e-01 -1.774970362712603375e-02
8.785421836491252634e+00 9.071062581682781678e-01 4.264305502647434132e+00 2.584977103977249835e-02 2.274404567747254913e-01 -1.545579033538438223e-02
8.936894626775453432e+00 9.071091826033760297e-01 4.269458528045816159e+00 2.836572312353640921e-02 2.292065272805798304e-01 -1.812897728308007078e-02
9.088367417059640019e+00 9.067175272959291377e-01 4.272574873681865171e+00 2.608749174301501147e-02 2.310056664682116900e-01 -2.484337604994936791e-02
9.239840207343791079e+00 9.065033472791318436e-01 4.277402611017904199e+00 2.433409758669140624e-02 2.329232274344308073e-01 -2.410430761820000350e-02
9.391312997627975889e+00 9.078306944201263162e-01 4.289667138863311635e+00 2.553217633803353884e-02 2.347481920667997823e-01 -2.215450108372412838e-02
9.542785787912176687e+00 9.074276575098684239e-01 4.290510988847803908e+00 2.698974822883332819e-02 2.418318947204113334e-01 -1.870378233039724641e-02
9.694864469357511894e+00 9.074768376277030368e-01 4.270599602829268981e+00 2.761715899304714034e-02 2.439039199578884598e-01 -1.554226236593344787e-02
9.846337259641657624e+00 9.073406270826180897e-01 4.287514016748783519e+00 2.635284702737438270e-02 2.427177897586926814e-01 -1.897226452866191196e-02
9.997810049925844211e+00 9.070048834296876583e-01 4.282153749203183146e+00 2.515814591133682179e-02 2.439479161342218150e-01 -1.738041244462663892e-02
1.014928284021004323e+01 9.064296610746309657e-01 4.264477814708760306e+00 2.704316071873180682e-02 2.425200508390746301e-01 -2.098083407111199852e-02
1.030075563049423337e+01 9.074320098263209955e-01 4.278163129694631195e+00 2.537422100306391953e-02 2.376882435582240716e-01 -2.026775605752364345e-02
1.045222842077838088e+01 9.069782440012958968e-01 4.276187795849348383e+00 2.320397375944231039e-02 2.444553207157825758e-01 -1.962415580655217998e-02
1.060370121106257457e+01 9.063807385535584960e-01 4.280946716316949896e+00 2.082258739427072028e-02 2.367535651963263710e-01 -1.610076208239778761e-02
1.075517400134676826e+01 9.059313851197927647e-01 4.288340525124040958e+00 2.253947456947956451e-02 2.396260132572115564e-01 -2.002409372218002387e-02
1.090664679163094952e+01 9.053950611819475691e-01 4.281975518789284507e+00 2.342489936324971059e-02 2.456377327794689591e-01 -1.961119717901105980e-02
1.105811958191511302e+01 9.050774656075734059e-01 4.285445467251895124e+00 2.411771790600062554e-02 2.452385130877031694e-01 -1.923192870138106317e-02
1.120959237219929072e+01 9.044748168684738632e-01 4.260416978190392889e+00 2.614806954435433539e-02 2.468641411932400165e-01 -1.908627033864247410e-02
1.136106516248347731e+01 9.037545841513743294e-01 4.263079540172962645e+00 2.669638712448173593e-02 2.457001609348847537e-01 -2.066823151836200828e-02
1.151253795276768166e+01 9.045138011403570655e-01 4.263190084303436933e+00 2.659479016714497851e-02 2.399922230359291253e-01 -2.018162943308934171e-02
1.166401074305182561e+01 9.042410984843963773e-01 4.263077172673494175e+00 2.844768539653374714e-02 2.381551468138321248e-01 -1.788865414369093798e-02
1.181548353333602996e+01 9.056934159218050784e-01 4.259355029953083793e+00 2.667019216695885181e-02 2.419156924799342745e-01 -1.855871876780437746e-02
1.196695632362021655e+01 9.055985973170040948e-01 4.253424777680821833e+00 2.670710767990639237e-02 2.415927533283717954e-01 -1.929840413015279643e-02
1.211842911390438715e+01 9.046160711184288994e-01 4.247396732334541625e+00 2.753478659476184948e-02 2.334689096890500137e-01 -1.718047674514620177e-02
1.226990190418856663e+01 9.051230525842752783e-01 4.262908555048127823e+00 2.640058733107402897e-02 2.364330213583739071e-01 -1.900335112603303289e-02
1.242137469447273723e+01 9.052425113001423274e-01 4.261320800106551232e+00 2.738418303785813274e-02 2.366606083203363353e-01 -2.051930040151326434e-02
1.257284748475691494e+01 9.056319348386920876e-01 4.272046341052740281e+00 2.574837522711299551e-02 2.334423075445465623e-01 -2.036591162007339237e-02
1.272432027504112995e+01 9.058904661972849715e-01 4.273042222004754365e+00 2.425516076262621001e-02 2.389697210932947846e-01 -1.747250061610930785e-02
1.287579306532526680e+01 9.057144028928464374e-01 4.261293831480109873e+00 2.450260060154780747e-02 2.403797743863105019e-01 -1.829222414125855969e-02
1.302726585560948536e+01 9.064681311633377980e-01 4.261553757805756959e+00 2.325877181263642443e-02 2.427203935278882951e-01 -1.797008786984572240e-02
1.317873864589366129e+01 9.064882292690787935e-01 4.273983072456095655e+00 2.427976279233631796e-02 2.431909019960243057e-01 -1.749086399297241495e-02
1.333021143617782656e+01 9.062646857820410018e-01 4.282540329240839050e+00 2.543313874277968595e-02 2.425698763492774024e-01 -1.726160902570592071e-02
1.348168422646202025e+01 9.046726684607493407e-01 4.273494730903557581e+00 2.289585036289774889e-02 2.422887807808241645e-01 -1.695077181655391466e-02
1.363315701674618374e+01 9.050894533932959396e-01 4.263044889073321464e+00 2.356332464460093520e-02 2.437897176003011035e-01 -1.662771977774346946e-02
1.378462980703035612e+01 9.042609056041936988e-01 4.265887433802626028e+00 2.412222450482771896e-02 2.422644320063311596e-01 -1.744730012845668518e-02
1.393610259731457823e+01 9.053853809912022488e-01 4.265569007399169443e+00 2.551980696381888139e-02 2.419061345564866850e-01 -1.847178487436627187e-02
1.408757538759871153e+01 9.040480045325135494e-01 4.267252196575596734e+00 2.523663910674317154e-02 2.406793804466638709e-01 -1.661943554219052002e-02
1.423904817788293897e+01 9.043954799223211660e-01 4.259386275197018179e+00 2.713209745849680735e-02 2.391508305123233313e-01 -1.748669754501898377e-02
1.439052096816710780e+01 9.045973448865182176e-01 4.266534413557377725e+00 2.577453888289942333e-02 2.430124395120996095e-01 -2.064470705441658060e-02
1.454199375845126774e+01 9.045480908032043077e-01 4.256808900921857486e+00 2.607992543326081644e-02 2.409539970002418097e-01 -2.171721894248065596e-02
1.469346654873547031e+01 9.036941949222004888e-01 4.251464211975982899e+00 2.578047673559497391e-02 2.387388876155817352e-01 -2.020570028321164863e-02
1.484493933901963025e+01 9.034426573001370642e-01 4.258247419070674944e+00 2.484464682202407876e-02 2.381504289598175006e-01 -2.091119462914325586e-02
1.499641212930379552e+01 9.025836362175910788e-01 4.246751698355204496e+00 2.439882186689719401e-02 2.342047767210473364e-01 -2.103009618453221749e-02
1.514788491958802830e+01 9.038045891752363170e-01 4.255986182933188644e+00 2.450044519265516529e-02 2.345617337496083421e-01 -1.704307861316749217e-02
1.529935770987215804e+01 9.032457160921004702e-01 4.254648709516080984e+00 2.605796959509316599e-02 2.337387776641598469e-01 -1.502500678909001776e-02
1.545083050015639081e+01 9.043555488060064373e-01 4.251110291079630343e+00 2.579173980862803708e-02 2.319971831101015902e-01 -1.633078156125760197e-02
1.560230329044055608e+01 9.042891564286670292e-01 4.248005028500457136e+00 2.661539151690506602e-02 2.352390051137106530e-01 -2.241566042187043487e-02
1.575377608072470892e+01 9.043773165586109775e-01 4.257280278827671793e+00 2.553447717861649646e-02 2.407321490961235044e-01 -1.849650425567225809e-02
1.590524887100892037e+01 9.035273122374325450e-01 4.259905997073873962e+00 2.677807741386428395e-02 2.426333371896879365e-01 -1.967844970196368573e-02
1.605672166129307854e+01 9.043122347815268913e-01 4.262436883269082877e+00 2.672782603087737671e-02 2.379286692011531590e-01 -1.838859356030406178e-02
1.620819445157723848e+01 9.041102092692698822e-01 4.266814547932087365e+00 2.737848634447659357e-02 2.310670495027198901e-01 -2.037701181266031794e-02
1.635966724186147658e+01 9.045182629529896490e-01 4.268436339165914362e+00 2.741676987347909170e-02 2.375417300818586375e-01 -1.986521422339497869e-02
1.651114003214560455e+01 9.046846868263603847e-01 4.273106873845341269e+00 2.653931605692001761e-02 2.434136752737697806e-01 -2.017635581022995950e-02
1.666261282242984265e+01 9.055287441173279772e-01 4.268503042359357735e+00 2.686939947112565452e-02 2.399728132308983630e-01 -2.047433028677059577e-02
1.681408561271400259e+01 9.056780496764303967e-01 4.261701522781851104e+00 2.508891975419606096e-02 2.409271324165876138e-01 -1.744439949794318254e-02
1.696555840299815188e+01 9.060194622438837442e-01 4.256790867029550007e+00 2.535595671801832776e-02 2.382681588310719412e-01 -2.161693368470109927e-02
1.711703119328237221e+01 9.059359197542273812e-01 4.246649910968163688e+00 2.594137072675648664e-02 2.326904245991624487e-01 -1.839019512923784419e-02
1.726850398356652505e+01 9.050540127966443249e-01 4.249455130065595831e+00 2.392804885449596741e-02 2.281063297269056711e-01 -1.772200265706635677e-02
1.741997677385067789e+01 9.036026821354794514e-01 4.264723876513848211e+00 2.361058852702192790e-02 2.346214671634975768e-01 -1.585751855111555003e-02
1.757144956413492309e+01 9.038926746124924527e-01 4.273533465141206911e+00 2.398538257927287920e-02 2.335729896477179435e-01 -1.768405191390781325e-02
1.772292235441904751e+01 9.043150367176261417e-01 4.267120541479390461e+00 2.691285998560878981e-02 2.312514385079437185e-01 -1.727195295712346743e-02
1.787439514470329627e+01 9.043702860621655182e-01 4.261855657986884260e+00 2.929708582945098061e-02 2.294235348343664771e-01 -1.627926954984304161e-02
1.802586793498744910e+01 9.053059094663769013e-01 4.255263503196271557e+00 2.592480959873547791e-02 2.185130496192911609e-01 -1.818188222746341953e-02
1.817734072527159483e+01 9.049849059198372681e-01 4.256901038377581159e+00 2.479380985179730282e-02 2.185533516026701151e-01 -1.936546317670243683e-02
1.832881351555581873e+01 9.054995940137692267e-01 4.251819956754046004e+00 2.432378623060766493e-02 2.175148217813505369e-01 -1.928431309236177879e-02
1.848028630583997156e+01 9.051547571879638987e-01 4.252925030704061804e+00 2.534377037952308120e-02 2.264069514142828532e-01 -1.889760177301080812e-02
1.863175909612412084e+01 9.067316254090308503e-01 4.242458065037218340e+00 2.624534427957511684e-02 2.270419233561856709e-01 -1.683040891928801880e-02
1.878323188640836960e+01 9.061910125501976276e-01 4.267547205660638276e+00 2.484555821290651903e-02 2.292039032615222904e-01 -2.111956779452108315e-02
1.893470467669249402e+01 9.063450930048888576e-01 4.265392762954125061e+00 2.397852736288485706e-02 2.310233058785364779e-01 -2.253747396472346315e-02
1.908617746697674278e+01 9.054400564022966336e-01 4.270636565479866142e+00 2.430275656041099713e-02 2.328781426476400074e-01 -2.477337941744251273e-02
1.923765025726089561e+01 9.051401159554280929e-01 4.278267262745865551e+00 2.209462058462462533e-02 2.311664109015845181e-01 -2.117998956824913154e-02
1.938912304754504135e+01 9.057575316118965381e-01 4.271533159927923151e+00 2.297030084205824857e-02 2.364191394827757364e-01 -1.888355952665535589e-02
1.954059583782926879e+01 9.061925938148699400e-01 4.269945540693131925e+00 2.426483274083744701e-02 2.276741358059347908e-01 -1.661320559829516930e-02
1.969206862811341452e+01 9.064010998001490460e-01 4.262518665012589913e+00 2.486446837068193375e-02 2.290469787808996627e-01 -1.661578871958136958e-02
1.984354141839756380e+01 9.064578074357453330e-01 4.258781342812048010e+00 2.702681796173594594e-02 2.300915749134435084e-01 -2.085039397216543675e-02
1.999501420868181611e+01 9.077220402279978506e-01 4.247737823004518631e+00 2.507165191296647014e-02 2.336989617001833386e-01 -2.132521106716445125e-02
2.014648699896594053e+01 9.073722329548314924e-01 4.241892000773659355e+00 2.380044629400593706e-02 2.310207854038512088e-01 -1.954372346135797855e-02
2.029795978925019284e+01 9.074190032721297650e-01 4.253424909460721715e+00 2.580628546973033968e-02 2.377235870302443488e-01 -1.857083368879007199e-02
2.044943257953433502e+01 9.081092551888690911e-01 4.269278246148324740e+00 2.476262629020349604e-02 2.418663093451143553e-01 -1.865134764363073072e-02
2.060090536981848786e+01 9.081023697418068030e-01 4.262274116663745893e+00 2.435354278414100446e-02 2.434134121590549316e-01 -1.795929429832776938e-02
2.075237816010271530e+01 9.072266963229306258e-01 4.264331502779179495e+00 2.348106693565003150e-02 2.480746086878800605e-01 -2.257966067905105290e-02
2.090385095038687169e+01 9.072510417503882874e-01 4.279237748430349875e+00 2.264595047650440340e-02 2.409406160943678432e-01 -2.554844192485772325e-02
2.105532374067100676e+01 9.079245451995049399e-01 4.278468010542750832e+00 2.065372097172316415e-02 2.384085367020419011e-01 -2.397724309728989367e-02
2.120679653095526263e+01 9.089177476687378965e-01 4.283470014576783669e+00 2.014881184736831699e-02 2.412121872604647277e-01 -2.223166034022743334e-02
2.135826932123940125e+01 9.097248869648457692e-01 4.286827601513282460e+00 2.180551675930967465e-02 2.389345019926555347e-01 -2.166245060081866541e-02
2.150974211152362514e+01 9.091851106762671719e-01 4.285092295355656944e+00 2.309016425450097568e-02 2.344766650083357773e-01 -1.757517706322181059e-02
2.166121490180778864e+01 9.076908174557485331e-01 4.293617717425608049e+00 2.305329982180526552e-02 2.369368733893329748e-01 -2.019185854655919723e-02
2.181268769209194858e+01 9.072203959947817697e-01 4.272787185990744696e+00 2.368518633720341146e-02 2.353645218589975052e-01 -2.171401387774135258e-02
2.196416048237614405e+01 9.065379050222693857e-01 4.285934606076211573e+00 2.334995188965771976e-02 2.348670672510075885e-01 -2.075830249402959432e-02
2.211563327266030754e+01 9.081611424738446070e-01 4.284110721498541885e+00 2.394169019438425333e-02 2.371739545472706379e-01 -1.933049539713785001e-02
2.226710606294447103e+01 9.091397063645753063e-01 4.281822801056867078e+00 2.481488844845839217e-02 2.370970691176079725e-01 -1.889449544428961972e-02
2.241857885322868071e+01 9.092442308046647659e-01 4.262989120173831914e+00 2.582611099066376564e-02 2.397830805586936842e-01 -1.679589184904963645e-02
2.257005164351283355e+01 9.084135607889533004e-01 4.240963497994433951e+00 2.701929445554889647e-02 2.410538850768065844e-01 -1.806404492833936851e-02
2.272152443379708942e+01 9.083945816894457570e-01 4.235394162510505822e+00 2.682388697749178014e-02 2.393560522399045820e-01 -1.537101677310578549e-02
2.287299722408120672e+01 9.083018124675024119e-01 4.235225989346602660e+00 2.759851153058669182e-02 2.341917558811361100e-01 -1.418791192311092027e-02
2.302447001436537732e+01 9.087723269268777049e-01 4.232414772603715569e+00 2.658997601603456384e-02 2.269375940531309643e-01 -1.573047039665670388e-02
2.317594280464961187e+01 9.093633338720080728e-01 4.228819896868145634e+00 2.829468019092282877e-02 2.330187572269147300e-01 -2.149815564013803776e-02
2.332741559493378602e+01 9.093214905203579335e-01 4.242028918581677743e+00 2.566410928825062568e-02 2.288818047008344125e-01 -1.962981621625413398e-02
2.347888838521789268e+01 9.087804423382263019e-01 4.235823514025458536e+00 2.634377210218814477e-02 2.281780469752621998e-01 -1.835288057192066904e-02
2.363036117550215565e+01 9.081089968761603126e-01 4.235156009425296020e+00 2.465850651977775573e-02 2.278599982884835506e-01 -2.199723147848001506e-02
2.378183396578631204e+01 9.077755842296819644e-01 4.232200837491181922e+00 2.547867571375259793e-02 2.316166125825103450e-01 -2.013358939912707896e-02
2.393330675607050040e+01 9.079076998299108192e-01 4.244565851167777737e+00 2.479474718397628105e-02 2.317282158296991024e-01 -1.846815366481636619e-02
2.408477954635467810e+01 9.080680164090341178e-01 4.249092598641226459e+00 2.499806619673234157e-02 2.328949031607846776e-01 -1.625026484739682323e-02
2.423625233663885581e+01 9.076560560273718714e-01 4.250585097892871644e+00 2.307755150903837565e-02 2.355731378210159099e-01 -1.874906993152055529e-02
2.438772512692302286e+01 9.067280980661778234e-01 4.256920135429223429e+00 2.115337712178188764e-02 2.343298179021456873e-01 -1.755423227224787303e-02
2.453919791720720056e+01 9.052835399092272750e-01 4.247858214364775620e+00 2.122475141432798515e-02 2.416233595797798450e-01 -1.988000204744657176e-02
2.469067070749137827e+01 9.052665454758991315e-01 4.248854624394578394e+00 2.394355203264791551e-02 2.389505369627700770e-01 -1.475848489067189094e-02
2.484214349777555597e+01 9.050607667861328975e-01 4.230919829065673099e+00 2.479502928841022941e-02 2.272196651693224045e-01 -1.248747299498849037e-02
2.499361628805972302e+01 9.051410065928449100e-01 4.231887112241091486e+00 2.709848460816243962e-02 2.304695905408458145e-01 -1.558619654980640187e-02
2.514508907834398599e+01 9.060276741379482690e-01 4.234795504808801958e+00 2.587704463895890150e-02 2.350856648948456973e-01 -2.087739068142495380e-02
2.529656186862808198e+01 9.068211644687871331e-01 4.232849668555128453e+00 2.553997194232325921e-02 2.301585001546742615e-01 -1.995466691574452819e-02
2.544803465891226324e+01 9.070546933549221702e-01 4.231513411689786786e+00 2.505600975856793131e-02 2.299554502450029125e-01 -1.942525536976389550e-02
2.559950744919651200e+01 9.056664569352049776e-01 4.225589537464363055e+00 2.379141601998755948e-02 2.344122603589196552e-01 -2.190778117742943690e-02
2.575098023948069681e+01 9.052493374955939975e-01 4.220830795843668604e+00 2.353778067479647684e-02 2.328793499029872260e-01 -1.823581518430407791e-02
2.590245302976478214e+01 9.036001652766718628e-01 4.219193569919760023e+00 2.311485336701985666e-02 2.310750204146941877e-01 -1.771629506836018900e-02
2.605392582004904511e+01 9.039114018933478434e-01 4.212476202084702415e+00 2.276798136682582976e-02 2.291203541431749702e-01 -1.308078234381668779e-02
2.620539861033321927e+01 9.046796994037900053e-01 4.226474748659454050e+00 2.205816551934440539e-02 2.305462165452202561e-01 -1.314730179331116168e-02
2.635687140061738276e+01 9.059258202283236860e-01 4.234237329879075418e+00 2.296695388026499460e-02 2.289752312745534368e-01 -1.559621845323070320e-02
2.650834419090157112e+01 9.058197357421339246e-01 4.229365164265636245e+00 2.336590013305856264e-02 2.277286263818036338e-01 -1.718884646378633294e-02
2.665981698118576304e+01 9.068703884239308621e-01 4.240639243078745402e+00 2.401330792449827417e-02 2.333919790213691281e-01 -1.698353658874528563e-02
2.681128977146990167e+01 9.070195816133260758e-01 4.240943973780196607e+00 2.393263913077140273e-02 2.383603457249822422e-01 -1.571535629255573635e-02
2.696276256175409358e+01 9.073382481151117673e-01 4.241302497045174036e+00 2.391567235176150774e-02 2.465371365102148604e-01 -1.819134218004840944e-02
2.711423535203828550e+01 9.068080834961088632e-01 4.248099831290975459e+00 2.545023238527940879e-02 2.430421112790511207e-01 -1.751698583376198881e-02
2.726570814232243833e+01 9.062669342899946079e-01 4.252425835209063365e+00 2.961195863267593320e-02 2.389082798927708029e-01 -1.774028082510589049e-02
2.741718093260661604e+01 9.065825688394003601e-01 4.257871642690123970e+00 2.899645860081918880e-02 2.422410802189317036e-01 -2.047496050057809325e-02
2.756865372289088256e+01 9.060677105324981273e-01 4.259047111074784731e+00 2.693586029104983251e-02 2.414251776677365791e-01 -1.946273295654077709e-02
2.772012651317495724e+01 9.053525883091809723e-01 4.254912439539531910e+00 2.415455954067661018e-02 2.380557705150929682e-01 -1.826522137886095118e-02
2.787159930345914916e+01 9.046367685541241155e-01 4.258387770729701316e+00 2.334739875986477364e-02 2.345771058011533183e-01 -1.685845243660600082e-02
2.802307209374340857e+01 9.045457842747881561e-01 4.243630373110995890e+00 2.474992409040995683e-02 2.261717580110313708e-01 -1.636054346112781471e-02
2.817454488402760049e+01 9.049738621005236627e-01 4.241599669492504887e+00 2.457509982760936601e-02 2.250725249205480782e-01 -1.906712986627225395e-02
2.832601767431167517e+01 9.053081419535423668e-01 4.253822364605696293e+00 2.443087049179236067e-02 2.294054150416832139e-01 -1.988602336142167998e-02
2.847749046459594169e+01 9.052489946213777561e-01 4.237093592611823389e+00 2.459355519922825153e-02 2.243374726239153460e-01 -1.846193653643933563e-02
2.862896325488012650e+01 9.059998254347411129e-01 4.237825116309407392e+00 2.487142629626409168e-02 2.265856397428046565e-01 -2.112168670674517690e-02
2.878043604516426157e+01 9.056272022766617136e-01 4.220838571850394239e+00 2.407383050494196070e-02 2.220617557257643648e-01 -1.896139251258531847e-02
2.893190883544846415e+01 9.055979466903434361e-01 4.226951092909684071e+00 2.452475426216853271e-02 2.203992731891953605e-01 -1.823802195076977550e-02
2.908338162573266317e+01 9.060852584486767114e-01 4.224709827850098520e+00 2.482784351204316009e-02 2.225270869981044453e-01 -1.901270795535758840e-02
2.923485441601678403e+01 9.063129382638366316e-01 4.218149529057121150e+00 2.631381887835797934e-02 2.231231220978693863e-01 -1.867912470342273853e-02
2.938632720630098660e+01 9.064336679232115612e-01 4.226853811446414255e+00 2.580012050566595286e-02 2.310793082038445911e-01 -1.845501995292187294e-02
2.953779999658518562e+01 9.067149382020592840e-01 4.235697552203939509e+00 2.465165550676143985e-02 2.305242664158716481e-01 -1.601633725178703421e-02
2.968927278686931714e+01 9.064384661402796750e-01 4.242115490290943036e+00 2.359830473448769686e-02 2.273615643122548213e-01 -1.697996437237533907e-02
2.984074557715350906e+01 9.064205377849932077e-01 4.248466497583036627e+00 2.442482607881710927e-02 2.324785056424422125e-01 -1.774685918518213029e-02
2.999221836743778269e+01 9.055349568615488343e-01 4.261131903748825778e+00 2.362027320053834700e-02 2.367709269713345333e-01 -1.666971686356537655e-02
3.014369115772183605e+01 9.061004684599771597e-01 4.270042050984227622e+00 2.474198621677074078e-02 2.343225705592645036e-01 -1.928812296917871774e-02
