0.000000000000000000e+00 1.501023204095979668e+00 1.000000000000000000e+00 -9.947428679282354236e-04 -1.977908131898789210e-03 2.000133441384055466e-03
7.696445129562182741e-01 1.298489208814162188e+00 6.674537490096872361e-01 -1.270863884756466382e-02 1.259316948376502099e-01 3.876947600900644553e-02
1.539289025913333386e+00 1.179393606740558376e+00 5.086950037589333951e-01 -1.341050240960609159e-02 1.474730596752888145e-01 6.133084211280086934e-02
2.308933538872205649e+00 1.109756349046892909e+00 4.303003660907605554e-01 -1.303252647484240065e-02 1.110859992132405272e-01 7.154706230501962916e-02
3.078578051831081019e+00 1.066603577550865101e+00 3.909751564469561846e-01 -1.207815367264052087e-02 7.192283209682592826e-02 7.557499828963995525e-02
3.848222564789956390e+00 1.041140046398254526e+00 3.708220683824726138e-01 -1.261857356255127911e-02 5.567636468782933418e-02 8.029774982441917341e-02
4.617867077748832649e+00 1.026742157781597831e+00 3.601622852143773756e-01 -1.225842457023639670e-02 4.412139200622204604e-02 7.864865037292810557e-02
5.387511590707709352e+00 1.015856078252917571e+00 3.549999702857700723e-01 -1.401202261656725630e-02 3.648474252467900220e-02 7.955230496280044084e-02
6.157156103666589608e+00 1.008881768192047890e+00 3.524038545301219627e-01 -1.277564750599048671e-02 3.435202234647921626e-02 8.309139424990848177e-02
6.926800616625461871e+00 1.005407224923468013e+00 3.502738236341325084e-01 -1.168958258131636875e-02 3.569084427442489188e-02 7.906785166785507135e-02
7.696445129584353673e+00 1.003182781852206995e+00 3.492146657586367442e-01 -1.334925401559824282e-02 3.155804757261426036e-02 7.947742209828950743e-02
8.466089642543215277e+00 1.002139512236926988e+00 3.485632246394811951e-01 -1.292505880843199811e-02 3.219881434531206288e-02 8.099302524576151852e-02
9.235734155502115073e+00 1.000911679143485333e+00 3.483526911852050656e-01 -1.261166770328747168e-02 3.031796999255179093e-02 8.056435704847322854e-02
1.000537866846096691e+01 1.000351540294369901e+00 3.486569770451973249e-01 -1.183678661177777793e-02 3.202751246056443485e-02 8.106511389685801261e-02
1.077502318141987381e+01 1.000757347305918810e+00 3.480833940211524591e-01 -1.032955733114154263e-02 3.516200357050358605e-02 8.204094899648320394e-02
1.154466769437872209e+01 1.000448924457368216e+00 3.487291636943893325e-01 -9.643282786160249295e-03 3.230243980992091035e-02 7.961130653131523460e-02
1.231431220733763254e+01 1.000983122816096804e+00 3.485382744847322356e-01 -1.073657597753863158e-02 3.132372949110223681e-02 7.757289678832397783e-02
1.308395672029649148e+01 1.000222269151828325e+00 3.489616951626846042e-01 -1.208225700987714153e-02 3.317083785003863833e-02 8.136551280312408208e-02
1.385360123325536819e+01 1.000504929226688766e+00 3.502174267429165044e-01 -1.144564626780510998e-02 3.627019122647669874e-02 7.872406242628353368e-02
1.462324574621422890e+01 1.000318907386677170e+00 3.498907214462942949e-01 -1.153346673343283273e-02 3.485477374494948960e-02 8.121360438635645551e-02
1.539289025917314291e+01 9.994118655651894612e-01 3.496140561996917140e-01 -1.087504067420833748e-02 3.415356026794524880e-02 8.205421474084642619e-02
1.616253477213201961e+01 1.000137002004024334e+00 3.485806439555578784e-01 -1.149057239166064760e-02 3.378477202564491438e-02 8.010507479733533498e-02
1.693217928509085723e+01 9.996008055990035501e-01 3.479048696794243001e-01 -1.121360516078749418e-02 3.084585570688610709e-02 7.743605838380941686e-02
1.770182379804973749e+01 9.993781720545122926e-01 3.484860568771814826e-01 -1.001399138184855438e-02 2.910145076245147788e-02 8.059806057956570013e-02
1.847146831100865327e+01 1.000503333434894282e+00 3.476802553145442176e-01 -1.099651444821420770e-02 3.035724084616189811e-02 7.671359405445821178e-02
1.924111282396754063e+01 9.995402922106386701e-01 3.487285295129827767e-01 -1.097672932524492058e-02 3.097128013882190223e-02 8.239770979793428762e-02
2.001075733692635694e+01 1.000486914334912658e+00 3.489875286613395855e-01 -1.123162362426621819e-02 3.230268005635549694e-02 8.201438313586022211e-02
2.078040184988524430e+01 9.999960060336534617e-01 3.485257949951686141e-01 -9.381625556948798919e-03 3.174260573286433185e-02 8.144243092164998865e-02
2.155004636284416719e+01 9.992302098491906426e-01 3.494067616480547867e-01 -9.941509858816484357e-03 3.007977574759219258e-02 8.253908667990735026e-02
2.231969087580305811e+01 9.995395660475301369e-01 3.489548263820899665e-01 -1.062407685158653185e-02 3.166960591861821273e-02 8.173143830354127892e-02
2.308933538876185665e+01 1.000154616403689189e+00 3.482401716262296665e-01 -1.051993375243376501e-02 3.204285101794063229e-02 8.268920111892272273e-02
2.385897990172076177e+01 1.001178746634467043e+00 3.490108770799842941e-01 -1.123321519361202003e-02 3.369621125517083260e-02 8.253694761506263911e-02
2.462862441467965624e+01 1.001274573070339180e+00 3.489157352628018405e-01 -1.119676958089524214e-02 3.438941445517301049e-02 8.100516576063598873e-02
2.539826892763855426e+01 1.001646778435116625e+00 3.496019612816824718e-01 -1.072661477666032176e-02 3.546814535328188245e-02 8.210029393056098024e-02
2.616791344059736346e+01 1.000703601332349590e+00 3.488857584484918450e-01 -1.068268404223421224e-02 3.360889204409309855e-02 7.898520706185205298e-02
2.693755795355625793e+01 1.000431882981950293e+00 3.496774169689299550e-01 -1.170510456386826027e-02 3.304532138967820887e-02 8.339059460780580413e-02
2.770720246651518082e+01 9.990488797241101615e-01 3.487012351031966717e-01 -1.110163616197779902e-02 3.180051090892712512e-02 7.971152815134396885e-02
2.847684697947408594e+01 9.981461718730826327e-01 3.494596960215917147e-01 -1.151833745408386254e-02 3.260462243256686404e-02 8.056378334087303805e-02
2.924649149243291291e+01 9.990716971161728299e-01 3.484930779463399353e-01 -9.179123554649700270e-03 2.919923415653301671e-02 8.103445054690255889e-02
3.001613600539182158e+01 9.992313514555961618e-01 3.494527778274115759e-01 -1.269200223264644635e-02 3.189607584315175270e-02 7.829147200656100258e-02
3.078578051835062723e+01 1.000292303389442861e+00 3.490259830023394461e-01 -1.151919546167949442e-02 3.349508238881795941e-02 7.797037614727145294e-02
3.155542503130953236e+01 1.001282079548066140e+00 3.481739075214672074e-01 -1.031931801871965003e-02 3.407279192433170650e-02 7.923178657792993851e-02
3.232506954426836643e+01 1.001572810090416210e+00 3.487963295032727173e-01 -1.034070177629326133e-02 3.055391156638756836e-02 8.263150043682160328e-02
3.309471405722727155e+01 1.001298678527518637e+00 3.488651802584583628e-01 -1.149372674934334704e-02 3.157297829700900921e-02 8.329278403331134839e-02
3.386435857018619799e+01 9.998271605884704316e-01 3.489674075908697493e-01 -1.121191941035277681e-02 3.574306525484067382e-02 8.487240222689461377e-02
3.463400308314511022e+01 1.000663180829158838e+00 3.491883920350897230e-01 -1.141786456373946115e-02 3.214006804872529544e-02 8.227507399888553397e-02
3.540364759610395140e+01 1.000640298157201791e+00 3.478827744791479493e-01 -9.633661116704099470e-03 3.313488130139016774e-02 7.962111010455301396e-02
3.617329210906137149e+01 1.001452573302783700e+00 3.482086871544152196e-01 -1.028272143342525216e-02 3.517009917265278424e-02 8.326589208735114822e-02
3.694293662189970462e+01 1.000326287348755727e+00 3.494056279238921814e-01 -9.563286330883647574e-03 3.349109394476619539e-02 8.126010983430273504e-02
3.771258113473822249e+01 9.993781551874572067e-01 3.508381689848545371e-01 -1.219603587232353549e-02 3.245789753915282599e-02 8.084495030439053931e-02
3.848222564757654851e+01 1.000447738587442403e+00 3.491028154367378233e-01 -1.075305893699737489e-02 3.368035379473798691e-02 8.218268903794730129e-02
3.925187016041508770e+01 9.992891407238497781e-01 3.488523706488985132e-01 -1.015206781277871832e-02 3.573671836236975985e-02 8.081793791039940111e-02
4.002151467325339951e+01 1.000129052769928695e+00 3.479974836908191205e-01 -1.105915763332309364e-02 3.544374303219080535e-02 8.160298905710292039e-02
4.079115918609193869e+01 1.001098697207000843e+00 3.478056897048396046e-01 -1.017381310341232067e-02 3.613389999281380743e-02 8.161071348298211403e-02
4.156080369893025050e+01 1.000435026271381700e+00 3.491752188819464697e-01 -1.085610902279038163e-02 3.384915313437148604e-02 8.176208964532126477e-02
4.233044821176879680e+01 1.001193712497711941e+00 3.493735701374131031e-01 -1.054250691607603804e-02 3.322163954286047605e-02 8.037360407275558061e-02
4.310009272460710150e+01 1.001049011585202431e+00 3.496542977853973611e-01 -9.227480806740625402e-03 3.440926325207975534e-02 7.895352881856571026e-02
4.386973723744565490e+01 1.000582377810840029e+00 3.491686029331695362e-01 -1.066719241315469864e-02 3.230248401927811319e-02 7.980676429004471273e-02
4.463938175028395960e+01 1.000629690193028276e+00 3.490127425989262844e-01 -1.227423398435394455e-02 3.308248483243596966e-02 7.917959531036759813e-02
4.540902626312251300e+01 1.000847413720313162e+00 3.479326074795261459e-01 -9.985238217688527373e-03 3.478048038759317534e-02 8.125003719702802996e-02
4.617867077596081060e+01 9.998881844642196759e-01 3.481173389470747503e-01 -1.151426340642545953e-02 3.038914380470711038e-02 7.839980782585391494e-02
4.694831528879935689e+01 1.000380096425990128e+00 3.498247018145509979e-01 -9.957623621506239350e-03 3.168933507984125764e-02 7.856636812418049676e-02
4.771795980163766870e+01 9.999428763832293177e-01 3.494048336392719944e-01 -1.005829964050128540e-02 3.285729545899623849e-02 7.736393434693512872e-02
4.848760431447620078e+01 1.000029951903860903e+00 3.485624413607155692e-01 -1.175158924663376181e-02 3.049888701236543043e-02 8.030560863502717028e-02
4.925724882731451260e+01 9.997632479737887934e-01 3.488821239125572959e-01 -1.163419532930047920e-02 3.077021964835732412e-02 8.235197991857870492e-02
5.002689334015307310e+01 9.997405196222192147e-01 3.490271573196057631e-01 -1.192978943263298466e-02 3.186845521941685661e-02 8.171906339528656193e-02
5.079653785299140623e+01 1.000785527665376762e+00 3.490952308827810491e-01 -1.160471872375729019e-02 3.194975195873137053e-02 8.014485539469115571e-02
5.156618236582987436e+01 9.995359685568309116e-01 3.488631520933078711e-01 -1.142312442258902432e-02 3.295129001434990434e-02 7.936847051995229996e-02
5.233582687866822170e+01 9.994203735875493155e-01 3.472668851164707471e-01 -1.098440048857054346e-02 2.980938144145342875e-02 7.785017936365751234e-02
5.310547139150677509e+01 1.000300738580993887e+00 3.481706555381219870e-01 -1.099689266673754134e-02 3.353116732389367638e-02 8.126460320172140817e-02
5.387511590434514375e+01 1.000570257205147362e+00 3.492268183717887609e-01 -1.154500185554451636e-02 3.271354041549100894e-02 8.136764657458861461e-02
5.464476041718356214e+01 1.000051026440923474e+00 3.487948016970412457e-01 -1.049145312756823330e-02 3.249935137568385479e-02 8.009100450109524205e-02
5.541440493002192369e+01 1.000351804007606260e+00 3.498648481173862179e-01 -1.209470043969715879e-02 3.602438853067671531e-02 8.177283819611208537e-02
5.618404944286049840e+01 1.000309578916610320e+00 3.495251730250709121e-01 -9.153998589493466190e-03 3.473205399573262020e-02 8.011836312259697224e-02
5.695369395569886706e+01 1.000097623782654432e+00 3.487547011636371042e-01 -1.055013783024534232e-02 3.089148957168438500e-02 8.191332128647403621e-02
5.772333846853724282e+01 9.990214924381802808e-01 3.491963653614177376e-01 -9.855768514990162488e-03 3.390065305689596298e-02 8.007346465044441752e-02
5.849298298137563279e+01 9.991035878260432490e-01 3.496238097602620276e-01 -1.126662592526940856e-02 3.162713945483711098e-02 7.828074846033931944e-02
5.926262749421420040e+01 9.999593158069074450e-01 3.488801277699251080e-01 -1.296158767658300154e-02 3.374277361863524394e-02 7.726004264397313970e-02
6.003227200705259747e+01 9.992521717502631518e-01 3.490459859210176541e-01 -1.113342689121555457e-02 3.092944327233769844e-02 7.972564196635036071e-02
6.080191651989094481e+01 9.996869159197171451e-01 3.490646574329164809e-01 -1.204243500705868761e-02 2.651522666993838886e-02 8.149895465069301181e-02
6.157156103272933478e+01 9.990184837416222763e-01 3.489150356979122680e-01 -1.164688454946350739e-02 3.109794666694294316e-02 8.295177220194560608e-02
6.234120554556791660e+01 9.999812601658220057e-01 3.490748064335014167e-01 -1.228752197725242051e-02 2.909217698586857165e-02 8.009144142016870471e-02
6.311085005840632078e+01 9.992825992449050343e-01 3.491622878247987449e-01 -8.983440572473621114e-03 3.012723313354512267e-02 8.292394048618674518e-02
6.388049457124462549e+01 9.994796652254658298e-01 3.485981079952306105e-01 -1.054680988821934430e-02 3.113032818190178408e-02 8.376007090432695257e-02
6.465013908408303678e+01 9.993807819497404488e-01 3.484750557081424116e-01 -1.071500262843196050e-02 3.225299573062614944e-02 8.056826453270331256e-02
6.541978359692161860e+01 9.981835723122080006e-01 3.488559433914826258e-01 -1.004623020325514163e-02 3.344644592506839514e-02 7.914966080794196002e-02
6.618942810976004409e+01 9.986875626072529988e-01 3.490490209048544568e-01 -1.074702748979682564e-02 3.352678506735842084e-02 8.060177530841046434e-02
6.695907262259832748e+01 9.978751230689766327e-01 3.492524580147625124e-01 -1.160781121424406086e-02 3.115446283071925462e-02 8.076173611758948045e-02
6.772871713543673877e+01 9.987200838750756038e-01 3.490137951656601123e-01 -1.096820542251655296e-02 3.035485015727268712e-02 8.076462537488815485e-02
6.849836164827533480e+01 9.986369453252914585e-01 3.494934090886419598e-01 -1.153997442656550833e-02 3.221529955397921252e-02 7.978744727523064129e-02
6.926800616111376030e+01 9.981814261158687973e-01 3.495648576354264403e-01 -1.095190038252365390e-02 3.239954600110930144e-02 7.901833723793397213e-02
7.003765067395201527e+01 9.998672233699469336e-01 3.490977284746166753e-01 -1.064961157068524886e-02 3.087437705421501935e-02 8.081464773833500759e-02
7.080729518679044077e+01 1.000082052379218434e+00 3.489329419897711504e-01 -1.211184946974987187e-02 3.576267368235972605e-02 8.065794019377117707e-02
7.157693969962903680e+01 9.987701756594891123e-01 3.488343399201098705e-01 -1.084226157495005692e-02 3.022031077424966114e-02 7.998559751008091356e-02
7.234658421246749072e+01 9.986388746562244734e-01 3.494407141381647985e-01 -1.212953245128111160e-02 3.057455788352302431e-02 8.026066325487095365e-02
7.311622872530571726e+01 9.993413289708691361e-01 3.490380831658843053e-01 -8.786291554472983045e-03 3.451781679054716223e-02 8.052897716904496017e-02
7.388587323814414276e+01 9.996190074000200765e-01 3.486644839993695566e-01 -1.229397477843987598e-02 3.282813352367458526e-02 7.788126586913908522e-02
7.465551775098275300e+01 9.995091180788755469e-01 3.487034652824807512e-01 -1.219941184360379821e-02 3.449357554297147882e-02 8.092689825091650691e-02
7.542516226382119271e+01 9.991684632346117256e-01 3.485322305500414553e-01 -1.288067010572230449e-02 3.267281377116021401e-02 8.156922941605940225e-02
7.619480677665939083e+01 9.994687649754788739e-01 3.484520569903014620e-01 -1.239424773803437033e-02 3.588268979211699239e-02 8.252947147424924412e-02
7.696445128949784475e+01 1.000386088285919906e+00 3.490941125504348763e-01 -1.188235093863533251e-02 3.676932581028639901e-02 8.204064861606248649e-02
7.773409580233645499e+01 1.000336068836933379e+00 3.489610174040901347e-01 -1.004622452607377252e-02 3.146940137625117706e-02 8.043926924302410852e-02
7.850374031517492313e+01 9.993408888759501840e-01 3.492457557272822810e-01 -1.261212091864656257e-02 3.379859143091119844e-02 8.041116517943884545e-02
7.927338482801309283e+01 9.989484855305832411e-01 3.485352298206639277e-01 -1.099456108886931460e-02 3.441310134287409866e-02 7.533747762326375996e-02
8.004302934085156096e+01 9.992044463796229126e-01 3.485785256381677688e-01 -1.245886008001761101e-02 3.136619674400316360e-02 7.871489844671054892e-02
8.081267385369015699e+01 9.993289119600554660e-01 3.495811918901685078e-01 -1.426354501590253697e-02 3.381428211433915032e-02 7.844424497999458179e-02
8.158231836652863933e+01 9.999743276652521828e-01 3.490637062960237347e-01 -1.023811604729604925e-02 3.395331796935274066e-02 8.213072854236865006e-02
8.235196287936680903e+01 9.999272619914566507e-01 3.486848473466391818e-01 -1.063268069475326559e-02 3.473388407071066608e-02 8.018688932720831331e-02
8.312160739220526295e+01 9.985502087708871821e-01 3.503938342505733550e-01 -1.138936170749554715e-02 3.508867661533296434e-02 8.134385590181922310e-02
8.389125190504385898e+01 9.996794464937130975e-01 3.493603602702912703e-01 -1.281782220586524801e-02 3.142867169146006806e-02 8.092589185192319845e-02
8.466089641788234132e+01 1.000070163562954084e+00 3.493290796813661725e-01 -1.136611171583363361e-02 3.638092182496144994e-02 8.210994403968445432e-02
8.543054093072049682e+01 1.001260088561237716e+00 3.486964918041655648e-01 -1.083199487296854918e-02 3.184101447552509928e-02 8.202358842141416195e-02
8.620018544355896495e+01 1.000708100731117378e+00 3.485537633986315331e-01 -1.043438878308242286e-02 3.184473700609793262e-02 8.039842602076557876e-02
8.696982995639758940e+01 1.000930057048111443e+00 3.488599252791919070e-01 -1.166823432678055529e-02 3.709261812388917751e-02 8.000412957715218043e-02
8.773947446923605753e+01 1.001245934275018623e+00 3.486970586398126515e-01 -1.248269078162744274e-02 3.165636455297889812e-02 8.067232985086134067e-02
8.850911898207418460e+01 1.000692333369934905e+00 3.489778816208864431e-01 -1.233509657530228697e-02 3.116635960030614619e-02 7.962554234374079332e-02
8.927876349491266694e+01 1.001355423936262090e+00 3.484553036367489809e-01 -1.146127429326321973e-02 3.354946582826370816e-02 7.984008491573477140e-02
9.004840800775129139e+01 1.001220131344825903e+00 3.489844148920666633e-01 -1.219810440005951284e-02 3.211188938644737173e-02 8.230841285476157843e-02
9.081805252058978795e+01 1.001926640996727125e+00 3.476719924048064514e-01 -1.303977432669028817e-02 3.205444248773017812e-02 7.962251714925272505e-02
9.158769703342788659e+01 1.001104911810279496e+00 3.483382524293932581e-01 -1.238514221015031731e-02 3.378375472754239356e-02 8.440113894803361050e-02
9.235734154626638315e+01 1.001120128418925947e+00 3.491290399768810504e-01 -1.223747406630375928e-02 3.415863284236946018e-02 7.945325652661326676e-02
9.312698605910497918e+01 1.001123520262548139e+00 3.486217040126019517e-01 -1.162749237425718049e-02 3.684658299323306102e-02 8.080460267929794049e-02
9.389663057194348994e+01 1.001103597798317368e+00 3.494012958922398382e-01 -1.191476417334022715e-02 3.391374649211553738e-02 8.064841396238539573e-02
9.466627508478158859e+01 9.998966376188529459e-01 3.493283256440088969e-01 -1.129905356138393401e-02 3.101830056618892772e-02 7.882887534600144241e-02
9.543591959762011356e+01 9.997515581361190451e-01 3.494480911260133271e-01 -1.046283147142448508e-02 3.084945741066827743e-02 8.142530772015031670e-02
9.620556411045868117e+01 9.995944258840452346e-01 3.493433957221223629e-01 -1.117911239591419005e-02 3.186394709421711685e-02 8.053078126442567153e-02
9.697520862329716351e+01 9.997372704439934088e-01 3.490547786436629107e-01 -1.010948803687685728e-02 3.357334710708835546e-02 8.414502917918341429e-02
9.774485313613533322e+01 1.000278205419866673e+00 3.494224776263386012e-01 -1.171760155825453398e-02 3.441831479637798286e-02 8.009701502957268515e-02
9.851449764897378714e+01 9.996659928112774374e-01 3.493716511057868290e-01 -1.089703701875851388e-02 3.411972427225042764e-02 8.224418243723892463e-02
9.928414216181232632e+01 9.986549409326599402e-01 3.497156992263972253e-01 -1.250679219335177304e-02 3.422663243262328431e-02 8.222204140948587148e-02
1.000537866746509081e+02 9.994352459678954581e-01 3.493457681476055954e-01 -1.142021188169043550e-02 3.452476354316218188e-02 8.363971207211626235e-02
1.008234311874889926e+02 1.000605798980421346e+00 3.482293742442428841e-01 -1.012256804190142696e-02 3.287884775741507781e-02 8.275597497492272192e-02
1.015930757003275744e+02 9.995081705094547297e-01 3.482322615129082033e-01 -1.191390698973046267e-02 3.355182532918855876e-02 8.298376631914912427e-02
1.023627202131660994e+02 9.997012205271756935e-01 3.484625288659783937e-01 -1.182763260325540161e-02 3.349112772566222723e-02 8.205733023725329811e-02
1.031323647260045249e+02 1.000834650726140307e+00 3.483033588894943744e-01 -1.055112352844676110e-02 3.465844617296394425e-02 8.190451391612736665e-02
1.039020092388427940e+02 1.000767033425512098e+00 3.491598366340544213e-01 -1.187117807569513205e-02 3.523360598917600617e-02 8.137279009751113845e-02
1.046716537516812053e+02 1.000295090640111795e+00 3.488432335286646424e-01 -1.150727300451732070e-02 3.108809685420005006e-02 8.246324363813585523e-02
1.054412982645197019e+02 9.990646734888403158e-01 3.491873204849072487e-01 -1.169858540199994988e-02 2.990339446345801830e-02 7.972611779919230868e-02
1.062109427773583405e+02 9.989567744494749491e-01 3.488320005038676452e-01 -8.867015025610604576e-03 3.134349288582070903e-02 8.027876250226576027e-02
1.069805872901963966e+02 9.996318794078246084e-01 3.484502232070486594e-01 -1.180283079713830008e-02 3.412816931376669305e-02 7.928825526270850965e-02
1.077502318030350494e+02 9.994746196322294995e-01 3.482495080496796347e-01 -1.152912273049077306e-02 3.343511326065540246e-02 7.937696041063080354e-02
1.085198763158735176e+02 9.990022434289562714e-01 3.487304776327095901e-01 -1.128609555995234090e-02 3.517723270517169459e-02 8.150493222022371642e-02
1.092895208287118862e+02 1.000099000594495413e+00 3.487522734908901079e-01 -1.183699672226185516e-02 2.973844399703094721e-02 8.187908588507014640e-02
1.100591653415502265e+02 9.990838639837195112e-01 3.495336674686583267e-01 -1.070087842398391963e-02 3.260685673791614142e-02 7.930659264190605129e-02
1.108288098543886093e+02 9.983676880861385161e-01 3.495670329735262594e-01 -1.064371859011229923e-02 3.296731153319601426e-02 8.063602797099125863e-02
1.115984543672270490e+02 9.992224078615302707e-01 3.497918446591535280e-01 -1.138232664113996394e-02 2.965702849587055143e-02 8.121885850198674872e-02
1.123680988800657587e+02 9.988999367397649598e-01 3.484458096730139731e-01 -1.191504579575470429e-02 2.685865687286483061e-02 8.039232878478103084e-02
1.131377433929037721e+02 9.993205787376787663e-01 3.493339007992303791e-01 -1.178817308693835830e-02 2.949345311706466979e-02 8.170023228558737083e-02
1.139073879057425103e+02 9.998707608299194360e-01 3.481375147007647608e-01 -1.159714171246863275e-02 2.982069718195643621e-02 8.087924108448607541e-02
1.146770324185809358e+02 1.000464837963868536e+00 3.483777922584378461e-01 -1.272959894677937881e-02 3.115543638790001929e-02 8.065542830305146016e-02
1.154466769314192760e+02 1.000277325865405631e+00 3.491075304449203776e-01 -1.264911190939552350e-02 2.850603427362405351e-02 7.840802771175321706e-02
