0.000000000000000000e+00 1.413388206471085207e+00 1.000000000000000000e+00 5.707126396131789563e-04 -3.545709786614318140e-03 -1.392848339187255889e-03
5.424487751985971329e-01 1.224768495309418448e+00 1.246373985872788914e+00 -1.576719007047701002e-02 1.123283508649923074e-01 2.418872053784301701e-02
1.084897550397743604e+00 1.112831652903226498e+00 1.513105471360292498e+00 -2.143008484597943089e-02 1.549970027770060932e-01 2.368432308609811840e-02
1.627346325597997412e+00 1.046304586640088186e+00 1.772566582796777368e+00 -2.319299439182824496e-02 1.634381186802429664e-01 1.958569560112939298e-02
2.169795100798253884e+00 1.005677390673089810e+00 2.019924884996176839e+00 -2.296970266260534368e-02 1.788548405567945976e-01 1.665707036827725543e-02
2.712243875998516796e+00 9.811555533542620777e-01 2.244769813380784296e+00 -2.065707145713693155e-02 1.824496897933287343e-01 1.422689036527210321e-02
3.254692651195865150e+00 9.666641991621383045e-01 2.431266922836352595e+00 -1.668191910165052819e-02 1.873701928405956674e-01 1.137721522819655322e-02
3.797141426385794549e+00 9.571962490752286001e-01 2.587146282594946278e+00 -1.583003679262458274e-02 1.939904062928536621e-01 8.617529225429292061e-03
4.339590201575719952e+00 9.509575156084236758e-01 2.703428423683760684e+00 -1.320815312662615600e-02 1.967493813107328571e-01 3.502722649958459663e-03
4.882038976765627147e+00 9.480747217966369877e-01 2.794190201002452412e+00 -9.242148194320539203e-03 2.050402091998443088e-01 3.067706544437342770e-04
5.424487751955564541e+00 9.461013982175353609e-01 2.856424392804445933e+00 -7.453332778876054811e-03 2.118561468136982984e-01 1.258433914853005408e-03
5.966936527145484170e+00 9.431908108803146451e-01 2.903280323242386274e+00 -7.635692966440963195e-03 2.095692321343437803e-01 2.751021736542164260e-03
6.509385302346993640e+00 9.422992162286732976e-01 2.928602913687345932e+00 -6.558861238619099338e-03 2.066485224845564517e-01 -1.257213738681274215e-03
7.051834077557563418e+00 9.419259569966478285e-01 2.952491051723332482e+00 -6.140959282472531131e-03 2.132373440036607060e-01 1.081113139076829129e-03
7.594282852768156289e+00 9.416631857835680020e-01 2.973420046521464410e+00 -5.621654783562354124e-03 2.140505977611856514e-01 3.716636089600931000e-03
8.136731627978761594e+00 9.428946667182481756e-01 2.978438232855680656e+00 -6.744928871770837671e-03 2.135491662142628422e-01 2.464153918082203753e-03
8.679180403189359794e+00 9.421586224671320009e-01 2.981483640843689553e+00 -6.499103719256878013e-03 2.180801935817740789e-01 8.169909804166608025e-04
9.221629178399931348e+00 9.429493032672677799e-01 2.982514975018740966e+00 -5.420064331304481724e-03 2.207421480239937506e-01 3.463492265957815973e-03
9.764077953610533100e+00 9.433345686277972986e-01 2.982026462901389063e+00 -4.741062461811173384e-03 2.156388647207350961e-01 2.146474950664647476e-03
1.030652672882110465e+01 9.428047209112346838e-01 2.992503254332396168e+00 -4.897842277073897153e-03 2.209117833384334761e-01 1.018219828049116176e-04
1.084897550403170285e+01 9.434722795333729817e-01 3.000938047476429560e+00 -5.947781555115890829e-03 2.214114225841864736e-01 4.120073094353700338e-03
1.139142427924227974e+01 9.437063516395491902e-01 2.993417180679645018e+00 -5.483725222556873162e-03 2.217980997545382083e-01 2.294381831910176014e-03
1.193387305445287971e+01 9.439711334966446321e-01 2.992979559604315387e+00 -4.141455576914814148e-03 2.147423828209041596e-01 -1.065334015446449704e-03
1.247632182965850589e+01 9.427688891752118439e-01 2.986561745485772690e+00 -5.072283446243223276e-03 2.202700559216664300e-01 -1.606464733934542853e-03
1.301877060482772563e+01 9.427928602127414459e-01 2.990568810849081327e+00 -6.574060595507985431e-03 2.227277171912103171e-01 -5.045916744775647087e-04
1.356121937999701643e+01 9.412933134425581772e-01 2.988386995811053382e+00 -6.160396431750172347e-03 2.182000408844947392e-01 -1.924744996327683050e-03
1.410366815516623440e+01 9.411321870991351535e-01 2.991450541352944636e+00 -5.045199018740236137e-03 2.227723273178375818e-01 -1.165732408810049586e-04
1.464611693033552697e+01 9.418984648178814201e-01 2.988118288239880460e+00 -4.750595653969216271e-03 2.188456052652641148e-01 -3.020208130112544791e-03
1.518856570550474316e+01 9.416845055122542441e-01 2.985083726672050020e+00 -4.693720365869244807e-03 2.207320041521071696e-01 1.188085420421178739e-03
1.573101448067403929e+01 9.413972511427910472e-01 2.983326195862589625e+00 -5.191548127012846243e-03 2.183856050252453995e-01 -1.211145931668722347e-04
1.627346325584325015e+01 9.408170732924984181e-01 2.976185904661195814e+00 -4.760311872775008224e-03 2.203770256694109753e-01 -1.379508975832274354e-03
1.681591203101254806e+01 9.397723996122103740e-01 2.990605078224763957e+00 -3.449771388789871739e-03 2.250779917191287061e-01 -1.637638585683931546e-03
1.735836080618177490e+01 9.407199651901944071e-01 2.985886706525881618e+00 -4.027056026157752391e-03 2.196505504383422513e-01 1.746157314684856432e-03
1.790080958135104083e+01 9.418557673113076012e-01 2.995039286100509734e+00 -3.020056326183975359e-03 2.271860402613666008e-01 1.514739224353843852e-03
1.844325835652026768e+01 9.415722340727958883e-01 2.992699524029801328e+00 -4.775786243535834474e-03 2.163436793624629595e-01 4.765541998654448073e-03
1.898570713168956559e+01 9.416070045962503521e-01 2.996095799476051535e+00 -4.489915227910573799e-03 2.162994615131405840e-01 1.863088428376831127e-03
1.952815590685880309e+01 9.426401131736505956e-01 2.999625880187231086e+00 -6.456839651058908849e-03 2.201710238803535058e-01 1.542564370132815197e-03
2.007060468202804415e+01 9.418590343727289982e-01 2.992524089301084711e+00 -6.641622117345075300e-03 2.241740579326160498e-01 -1.899964576100280408e-03
2.061305345719728166e+01 9.424820201356740590e-01 2.987107291431422063e+00 -6.648681839906181099e-03 2.139355658452598841e-01 1.724506198865782835e-04
2.115550223236659022e+01 9.418854907315497016e-01 2.995036762085411475e+00 -4.584919467784231289e-03 2.123941950682087243e-01 2.460000880599198976e-03
2.169795100753583483e+01 9.423915523983128484e-01 2.991043363916380038e+00 -4.771599903680343729e-03 2.170075013128908992e-01 -7.464124360116319726e-04
2.224039978270505102e+01 9.409043905666016894e-01 2.989529007540893346e+00 -5.487740946578848790e-03 2.149933939731220600e-01 1.527341366184506964e-03
2.278284855787429919e+01 9.419615410530840505e-01 2.980486773025285085e+00 -5.822651846227384909e-03 2.145381108408929149e-01 2.004926914475113663e-04
2.332529733304360775e+01 9.425581287406873399e-01 2.992595880832016775e+00 -6.529318229750860798e-03 2.155478609605823992e-01 8.395310143873657791e-04
2.386774610821286657e+01 9.421920682315545470e-01 2.993875943248613059e+00 -5.872444939443183937e-03 2.212820366915551895e-01 2.865737069550744324e-04
2.441019488338205790e+01 9.429364061421052767e-01 2.979918972431449209e+00 -5.139848805109831914e-03 2.156614988966990276e-01 2.444481509817586669e-03
2.495264365855131317e+01 9.437565133514814741e-01 2.980529004003278803e+00 -6.233753686676800354e-03 2.176366628556855309e-01 -2.332181555237132758e-03
2.549509243372062883e+01 9.432220323023954300e-01 2.974096381341136741e+00 -5.612447885948342909e-03 2.182877565199765613e-01 -1.275324660271481847e-04
2.603754120888988766e+01 9.430995768281175140e-01 2.983242822106940473e+00 -7.116527335883975243e-03 2.168324813293518727e-01 3.069210587808558505e-03
2.657998998405906477e+01 9.424718798700063571e-01 2.984960734717367448e+00 -7.061493548258818836e-03 2.201001033540495033e-01 -1.524358513583800017e-03
2.712243875922833070e+01 9.425383400594925520e-01 2.989045542694835245e+00 -6.587148949977493506e-03 2.156706455348830764e-01 -1.803746078233032851e-03
2.766488753439764636e+01 9.432802459774890513e-01 2.984041232248939135e+00 -5.791312049164283604e-03 2.226715108245644614e-01 -8.313948454718123006e-04
2.820733630956691584e+01 9.428331906171761867e-01 2.986860175027658215e+00 -4.349563929028870193e-03 2.218341136337448338e-01 6.948310999392526223e-05
2.874978508473607519e+01 9.414194923643058877e-01 2.988231532738372387e+00 -4.325432257906421628e-03 2.176726630246413885e-01 1.330454632451840693e-03
2.929223385990534823e+01 9.410189194412661440e-01 2.988968833594572772e+00 -4.602208777478708143e-03 2.206758579690822619e-01 -6.981411323420583150e-04
2.983468263507466744e+01 9.408352299845824662e-01 2.983321806487074568e+00 -5.818708060150247323e-03 2.203069881430730070e-01 -5.254679465327405895e-04
3.037713141024394048e+01 9.419319722699681652e-01 2.987381501277844187e+00 -5.029714459485865388e-03 2.188032888515653307e-01 -1.109363102019800252e-04
3.091958018541308917e+01 9.422826567834542422e-01 2.981503935653227799e+00 -3.684621114079307102e-03 2.135465735485370942e-01 -6.332260300274028444e-04
3.146202896058236576e+01 9.422053198142305019e-01 2.990861537383886493e+00 -3.908034037183095478e-03 2.203265199576293631e-01 2.970151602888781734e-04
3.200447773575167787e+01 9.420356787919677011e-01 2.982372924034082384e+00 -4.360019902213307236e-03 2.164510558180313404e-01 -1.636567698881239352e-03
3.254692651092096156e+01 9.416519855744603928e-01 2.982570661488054498e+00 -4.920821227904373894e-03 2.201480508934146041e-01 -8.594018019096327527e-04
3.308937528609010315e+01 9.412847604758726172e-01 2.982739479141888417e+00 -4.227319937188643746e-03 2.178841903249202627e-01 1.090204228273948788e-03
3.363182406125940105e+01 9.423068922544843851e-01 2.984308765747883285e+00 -4.856837521847428250e-03 2.179233951864874841e-01 -5.027481740244988230e-04
3.417427283642869895e+01 9.420841039486629320e-01 2.984569384721067031e+00 -7.598595693726033738e-03 2.139986721972717276e-01 9.231279177124518615e-04
3.471672161159795422e+01 9.414021155356750992e-01 2.992660523198579003e+00 -6.016846023009865020e-03 2.203145348282855021e-01 -1.557769469761738270e-03
3.525917038676715265e+01 9.416046874546210033e-01 2.989520685541642742e+00 -6.393628974196331402e-03 2.125262783698619595e-01 -9.315592677208161545e-06
3.580161916193640081e+01 9.415010725712389394e-01 2.987235828754977174e+00 -3.769727459838618632e-03 2.261002512050045710e-01 -9.301490099738407786e-04
3.634406793710567740e+01 9.426240195614398187e-01 2.986167773218653565e+00 -6.271859209784130459e-03 2.214454158139847750e-01 8.811191876143798472e-04
3.688651671227500373e+01 9.421594861315674141e-01 2.991970659825170298e+00 -5.664217987396727785e-03 2.203229834943120358e-01 1.892363830744899725e-03
3.742896548744413110e+01 9.418912876645476606e-01 2.993315670651816252e+00 -3.545073228611269819e-03 2.172104093962803628e-01 1.340993286215974491e-03
3.797141426261347874e+01 9.424084993025124701e-01 2.986893037009472174e+00 -4.202561865426434999e-03 2.156633263992618066e-01 1.325213610335161966e-03
3.851386303778273401e+01 9.419351324497210465e-01 2.990642124257866019e+00 -5.506988933022810909e-03 2.163053420299291818e-01 -1.315600731844281893e-03
3.905631181295196086e+01 9.424973405082129885e-01 2.991041284934254918e+00 -7.080815126694670232e-03 2.158550161388059774e-01 1.579992001500035671e-03
3.959876058812120903e+01 9.419310115489817337e-01 2.981671570635616053e+00 -6.010692468247643555e-03 2.140453964591302327e-01 2.251598373625139995e-03
4.014120936329042877e+01 9.417563313755125121e-01 2.980507662652351009e+00 -5.889383430232294873e-03 2.156808328186169965e-01 8.065666859889686346e-04
4.068365813845967693e+01 9.412367889399910759e-01 2.981705824242617986e+00 -6.064172032340140600e-03 2.215926086894844660e-01 1.004457482851712873e-03
4.122610691362904589e+01 9.423773892095184124e-01 2.982429751216898239e+00 -6.161912873761650998e-03 2.198189014303278954e-01 1.357414310794180523e-04
4.176855568879815905e+01 9.422096741266908770e-01 2.989124590321732722e+00 -4.424107841750949364e-03 2.198744670785086064e-01 -2.174153207919974490e-03
4.231100446396753512e+01 9.434012348883058507e-01 2.986183731514050255e+00 -3.533293345906547613e-03 2.207295617903615448e-01 -1.462134650020322424e-03
4.285345323913676907e+01 9.427955110530781280e-01 2.987037444637284267e+00 -5.744405489503188154e-03 2.181751407072141657e-01 9.436970413229639996e-04
4.339590201430597460e+01 9.423777201981606844e-01 2.983806729669987501e+00 -5.546646149194766479e-03 2.181630366533691134e-01 -2.017711384356385418e-03
4.393835078947526540e+01 9.422992446478992701e-01 2.975291772509168542e+00 -6.033332550884121064e-03 2.158511673585983004e-01 6.475862823327526796e-04
4.448079956464446383e+01 9.421983780991705082e-01 2.975925714278976120e+00 -4.738606952808873708e-03 2.131025955491113177e-01 1.755685556269288546e-03
4.502324833981368357e+01 9.423407403162988860e-01 2.991712658999762020e+00 -5.944000912820589580e-03 2.101978916946432019e-01 -6.618627761679640341e-04
4.556569711498308806e+01 9.421200093943085108e-01 2.982476986291522358e+00 -4.612968889174612688e-03 2.176811003055774962e-01 -1.171401864595325104e-03
4.610814589015218701e+01 9.429820927751724202e-01 2.982978093862521440e+00 -4.674240965025503597e-03 2.195763185795640837e-01 1.821867453426553266e-03
4.665059466532158439e+01 9.415601614508274375e-01 2.978821254375241701e+00 -4.808334549712669527e-03 2.200236404209376662e-01 8.046477276034513619e-04
4.719304344049080413e+01 9.405415111155213115e-01 2.989648399643300092e+00 -6.749595155780174945e-03 2.159594389972921968e-01 1.363985101675478867e-03
4.773549221565998835e+01 9.412278138054845922e-01 2.995140525898531969e+00 -6.521820293413831647e-03 2.146688747066669012e-01 6.447671533815668623e-04
4.827794099082932178e+01 9.419258300575480414e-01 2.984492055246217301e+00 -6.102728448324125192e-03 2.156469161746283891e-01 -9.993306106695664433e-04
4.882038976599849889e+01 9.421898249346744025e-01 2.995457014852598299e+00 -6.213766371720905700e-03 2.182682867952014660e-01 3.181136769897080323e-03
4.936283854116770442e+01 9.417408665808775226e-01 2.991473257609419178e+00 -7.143852420220502507e-03 2.180363746729514773e-01 1.720125372579696128e-03
4.990528731641690996e+01 9.410581069536573251e-01 2.995908004778664591e+00 -4.923268042398085652e-03 2.116148168066757096e-01 1.093166146921624622e-03
5.044773609175161511e+01 9.418296458603840904e-01 2.992492138425035808e+00 -4.812136465392727672e-03 2.186682131864845779e-01 3.772313807443315996e-03
5.099018486708622788e+01 9.412451524472241760e-01 2.990805065163379517e+00 -4.197442972996159351e-03 2.164833360932918171e-01 1.881011544086971148e-03
5.153263364242068434e+01 9.422975597017574367e-01 2.989814276786209479e+00 -7.085724319849075886e-03 2.153202063465873839e-01 -1.073226687467150305e-03
5.207508241775530422e+01 9.414351093471651222e-01 2.988076699726375463e+00 -6.633569852990768047e-03 2.187977993020154832e-01 -9.557939525409287038e-05
5.261753119309001647e+01 9.411439062670298172e-01 2.985039121342412560e+00 -4.445737395095431151e-03 2.229797400092996540e-01 2.550888841121470504e-03
5.315997996842463635e+01 9.414207061487183115e-01 2.970643700426388811e+00 -6.423030962081386491e-03 2.209139603070066349e-01 1.593322371884924211e-03
5.370242874375907860e+01 9.427743841496022403e-01 2.978995143894522357e+00 -6.125136237185269464e-03 2.204120290235971058e-01 2.956919982848527233e-05
5.424487751909370559e+01 9.428443634220653458e-01 2.985021076069032997e+00 -4.808623907538397448e-03 2.200450166064483459e-01 -1.092839393251113711e-03
5.478732629442842494e+01 9.422147416241224427e-01 2.976727774820603134e+00 -4.761697278445586531e-03 2.184341207058743128e-01 3.052473912029929327e-04
5.532977506976304483e+01 9.420462199248117452e-01 2.986768313824160082e+00 -5.278437020009362629e-03 2.119421494474213186e-01 -4.239632423895456294e-04
5.587222384509745865e+01 9.422850993081464122e-01 2.992442550780777033e+00 -6.199410454622273671e-03 2.228605379821541888e-01 -3.137120188501932999e-03
5.641467262043209985e+01 9.430330371655534227e-01 2.987621142044377898e+00 -6.747607442368508228e-03 2.189133305662570028e-01 -1.521111147313620841e-03
5.695712139576681921e+01 9.418229472968949745e-01 2.989436524428842112e+00 -6.768550536168015282e-03 2.179394891857817373e-01 -6.769981311407324408e-04
5.749957017110145330e+01 9.414429152961155678e-01 2.989761713563725110e+00 -5.998062068416773300e-03 2.191202081746057850e-01 2.021345948573189961e-03
5.804201894643585291e+01 9.419701457103871745e-01 2.989179626411665680e+00 -6.714478186656256710e-03 2.273924932645124408e-01 -3.054153220255196016e-04
5.858446772177050121e+01 9.418168011416846452e-01 2.986548281760962098e+00 -5.327450522943968578e-03 2.235237844702627208e-01 -1.391787899527192549e-03
5.912691649710522057e+01 9.407394170614690188e-01 2.983271511967030332e+00 -4.556116509908032276e-03 2.182683272792557139e-01 1.703233005615155653e-03
5.966936527243984756e+01 9.415105741434822706e-01 2.984667880776699533e+00 -4.165678884804517763e-03 2.158909300132883791e-01 -2.259581888923667349e-04
6.021181404777425428e+01 9.409967339624111249e-01 2.988525628427188607e+00 -3.253013645618130049e-03 2.176709582021128520e-01 -1.837011540575062083e-03
6.075426282310889547e+01 9.419054139028651962e-01 2.989277083292772197e+00 -5.080592273615566930e-03 2.125664651926238713e-01 -8.940493684854666995e-04
6.129671159844361483e+01 9.427426116802412048e-01 2.986161103702761999e+00 -5.803738646935301462e-03 2.138529317249995287e-01 -2.624354759271396481e-04
6.183916037377825603e+01 9.422825458583572455e-01 2.979190052714823178e+00 -5.325585274432251964e-03 2.120446241386701736e-01 2.333813472343657797e-03
6.238160914911264143e+01 9.425522177681521230e-01 2.980592896920836843e+00 -4.979128325344237861e-03 2.147815909397272349e-01 2.951536186254315620e-03
6.292405792444728974e+01 9.415551942038025146e-01 2.989587476998853965e+00 -4.817473985444816961e-03 2.186445222822723522e-01 3.359263447708771126e-04
6.346650669978201620e+01 9.427136423473688742e-01 2.993209774478958529e+00 -4.828630590706027917e-03 2.180385468412944505e-01 -1.452231584461816192e-04
6.400895547511666450e+01 9.419938015497746342e-01 2.987156518084806311e+00 -4.774226461900276178e-03 2.190160532761421530e-01 -1.517831919179885069e-03
6.455140425045104280e+01 9.420768260270234729e-01 2.992132752207989910e+00 -6.105364105791721147e-03 2.166253329689666052e-01 1.549064446291182999e-03
6.509385302578569110e+01 9.431794692780115508e-01 2.988989020977450561e+00 -4.603525554539681340e-03 2.121553938358345381e-01 -1.085438133303150404e-03
6.563630180112038204e+01 9.425772129666675214e-01 2.986050250590400523e+00 -4.461615460944999556e-03 2.132089906193667950e-01 -1.271258557599768161e-03
6.617875057645505876e+01 9.427206003718890948e-01 2.984341838194318530e+00 -4.767138313737586883e-03 2.181007645067037370e-01 5.725045073134204859e-04
6.672119935178943706e+01 9.426462244944120439e-01 2.982038945377976980e+00 -3.057411219685289821e-03 2.175812710122506377e-01 1.030726446644945025e-03
6.726364812712411378e+01 9.427539390403243402e-01 2.982394028195212154e+00 -3.942813804451300586e-03 2.181548022964535372e-01 -7.783811521071870619e-04
6.780609690245880472e+01 9.417460685874945447e-01 2.983798509945535748e+00 -5.956003147896098658e-03 2.184305056810014189e-01 -1.099356774775288531e-03
6.834854567779342460e+01 9.405932752701374744e-01 2.984070850755455862e+00 -6.430640900037771363e-03 2.174603020251767438e-01 -1.884493662245989489e-03
6.889099445312788816e+01 9.420114431386475973e-01 2.980759444517593337e+00 -5.687405031567857247e-03 2.208431967880371272e-01 -3.165871004517714984e-03
6.943344322846247962e+01 9.422087196935943210e-01 2.980276971710173584e+00 -5.696569854776930945e-03 2.211614386769663321e-01 8.955724708034828660e-04
6.997589200379714214e+01 9.423570161691444680e-01 2.979019562899225093e+00 -5.606396485266760404e-03 2.194334103661752244e-01 2.960734660147035474e-04
7.051834077913187571e+01 9.423882368930270870e-01 2.971473338852919532e+00 -5.561544763216118639e-03 2.214776115672835166e-01 2.433461340638029980e-03
7.106078955446622558e+01 9.418105300548459402e-01 2.973977274636100621e+00 -3.464723415004882304e-03 2.181375565084988921e-01 -3.652728749044653720e-04
7.160323832980095915e+01 9.421227030435015415e-01 2.983738385908955681e+00 -3.937798905743032825e-03 2.150981419262831817e-01 7.245890526509246197e-04
7.214568710513560745e+01 9.423111991485342287e-01 2.982833464135426826e+00 -5.531314433916452097e-03 2.147998010972609340e-01 -9.624764759028780646e-04
7.268813588047018470e+01 9.419612263257958196e-01 2.984991654637552561e+00 -4.066016400237088685e-03 2.139122552663465515e-01 4.099162449405746827e-04
7.323058465580470511e+01 9.416325540796648408e-01 2.995237282510012200e+00 -5.096629246410671471e-03 2.218319371102243087e-01 3.601039962344065653e-04
7.377303343113928236e+01 9.416319079754796872e-01 2.990173193507523752e+00 -5.466504110352197500e-03 2.196232299949770761e-01 4.839267281239800832e-04
7.431548220647390224e+01 9.411578345974860316e-01 2.993151035599577181e+00 -4.386855237022193807e-03 2.173235278016363847e-01 -1.803393452154067257e-04
7.485793098180866423e+01 9.412415038165313774e-01 2.992892493347426797e+00 -5.135621841346819406e-03 2.127088077993990467e-01 -2.203838563823890012e-05
7.540037975714299989e+01 9.415905680548036782e-01 2.993050884555166213e+00 -5.279524676133726981e-03 2.175797516522411656e-01 1.830758712652074110e-03
7.594282853247780452e+01 9.416432393806731804e-01 2.986704918042525581e+00 -5.381890124190583449e-03 2.107636316610485006e-01 1.104149957014996996e-03
7.648527730781239597e+01 9.425219205192092442e-01 2.985841750439389042e+00 -5.390765409217107736e-03 2.140766064055806273e-01 -1.149338622727917808e-03
7.702772608314695901e+01 9.421680326219737944e-01 2.994673379775912636e+00 -4.836192097541316612e-03 2.157149541994041186e-01 -1.609611354459133861e-03
7.757017485848153626e+01 9.424123297940421029e-01 2.987004180529404973e+00 -4.519701223895840336e-03 2.178528633129080683e-01 -2.722809596020963133e-03
7.811262363381607088e+01 9.407461847924524223e-01 2.986120704459868325e+00 -5.355402891468055183e-03 2.201477593840110158e-01 -1.371051315340264835e-03
7.865507240915067655e+01 9.411489562509013362e-01 2.987794875354435220e+00 -4.570806642154781781e-03 2.185616019762688378e-01 -1.463216305823911156e-03
7.919752118448546696e+01 9.418996257283298590e-01 2.998357795847591767e+00 -5.288024070290779817e-03 2.222030732886079163e-01 -1.172759041294546556e-03
7.973996995981978841e+01 9.423271964445166793e-01 2.990239940402868779e+00 -6.116899485029736287e-03 2.230359269482165285e-01 -1.875474262231682137e-03
8.028241873515462146e+01 9.427044179833941051e-01 2.983103910445998430e+00 -6.776085246919459973e-03 2.210147795225111678e-01 4.851380872248756268e-04
8.082486751048919871e+01 9.424673013404626376e-01 2.986131398382328772e+00 -5.891412623907681112e-03 2.187919764372592279e-01 1.657586651943699935e-03
8.136731628582371911e+01 9.423148803916392424e-01 2.989796507000659354e+00 -4.697617416196663356e-03 2.228497097411243633e-01 3.655777939933268833e-04
