0.000000000000000000e+00 1.513057960072562436e+00 1.000000000000000000e+00 -6.200448861572415956e-04 -7.417991105811838756e-04 3.763369255126775090e-03
1.154768706673205553e-01 1.299302090272251853e+00 1.177737145866413426e+00 1.231859914968256404e-03 2.338334857898993757e-02 1.286608802947245174e-02
2.304936741208249706e-01 1.142912792645568887e+00 1.374826084022619410e+00 1.908864630741505817e-03 3.805530502523312569e-02 1.936671346353544682e-02
3.455104775743292889e-01 1.026310552192401193e+00 1.594538324750153668e+00 1.547424045845002859e-03 4.762772023843383357e-02 1.946664583909108945e-02
4.605272810278350226e-01 9.388105678652025610e-01 1.840055056755786733e+00 6.046592742842771609e-04 5.489479442577626517e-02 2.057755734742241355e-02
5.755440844813380918e-01 8.714434768386590813e-01 2.102867783390064638e+00 3.885633179666581299e-04 6.031549732450075529e-02 2.412894795534412107e-02
6.905608879348441587e-01 8.194533051570468407e-01 2.395156935239641793e+00 3.645938021878880803e-04 6.622505040101701879e-02 2.402020340213838548e-02
8.055776913883616608e-01 7.791200325151159678e-01 2.710366580327506991e+00 1.140350505636279418e-03 6.910743971533513108e-02 2.669153240737925231e-02
9.201344276280687406e-01 7.491701516556829032e-01 3.043289849106131317e+00 7.299056030022943497e-04 7.127191134469317013e-02 2.517573352938065612e-02
1.035151231081595569e+00 7.253200772390978601e-01 3.408761655238575994e+00 8.656936820030869872e-04 7.268247110426795388e-02 2.806839835468831826e-02
1.150168034535119732e+00 7.079930924477825238e-01 3.795593004947207305e+00 9.429723716374993495e-04 7.273523300468150155e-02 2.729276283767961137e-02
1.265184837988645228e+00 6.955336917184409273e-01 4.203638627020319873e+00 2.223302516754637262e-03 7.134732720582089016e-02 2.783016794603555485e-02
1.380201641442168725e+00 6.853228053452913304e-01 4.627286612122456511e+00 6.945807495025957097e-04 7.075217906795083778e-02 2.960552673415728364e-02
1.495218444895688892e+00 6.784782957783435098e-01 5.068122599877142420e+00 -7.458736715947511444e-04 6.791407374895271076e-02 2.878652062915536616e-02
1.610235248349174864e+00 6.742364056419535290e-01 5.518891717582984136e+00 4.837196778892238888e-04 6.928203883082179049e-02 3.092841949698333162e-02
1.725252051802651732e+00 6.735139772273807113e-01 5.988957840188691151e+00 2.627715914640516189e-03 6.917654830249488074e-02 3.285282964507773434e-02
1.840268855256136593e+00 6.732341833512266449e-01 6.465111508432941356e+00 4.022916271200904911e-04 6.697745122569868925e-02 3.795677901056941639e-02
1.955285658709619678e+00 6.747546319831880801e-01 6.955897961232603954e+00 6.526375345533452386e-04 6.329897475990275968e-02 3.525945618398311499e-02
2.070762529376922956e+00 6.780009256595785905e-01 7.448169900310846359e+00 9.089796819532603269e-04 6.609088732631630825e-02 3.397153843748665358e-02
2.185779332830410038e+00 6.812423314658823115e-01 7.939544261140359716e+00 9.920048409250180940e-04 6.706686833767404321e-02 3.476052985571862625e-02
2.300796136283883797e+00 6.868066666292684808e-01 8.451098846161066547e+00 1.375923525726628930e-03 6.461880469248537651e-02 3.634668229627774361e-02
2.415812939737373988e+00 6.920504149882329425e-01 8.934695382799652918e+00 9.505721474655970307e-04 6.251520487425626937e-02 3.567639261589333061e-02
2.530829743190854852e+00 6.978145084272946441e-01 9.418888059859479966e+00 2.105994466492403655e-03 6.135624666024223212e-02 3.797820793268475575e-02
2.645846546644344155e+00 7.048523137482518575e-01 9.905157133983191642e+00 2.156696288744378714e-03 5.813293739985272990e-02 3.655344950473322918e-02
2.760863350097824132e+00 7.101683284444512134e-01 1.037276567882720890e+01 2.000889416236582147e-03 5.463392751131935371e-02 3.398804826302959797e-02
2.875880153551317431e+00 7.180116168695368506e-01 1.085573803229447698e+01 2.644149005053590944e-03 5.728853332842129970e-02 3.721547989726845668e-02
2.990896957004834267e+00 7.245386612461023335e-01 1.129302736428812892e+01 4.851487610079663576e-04 5.758873899588570766e-02 3.657925852474279427e-02
3.105913760458389294e+00 7.314886012459310694e-01 1.171477755192444725e+01 -1.223465163593545580e-03 5.841505866125804025e-02 3.801565882408542568e-02
3.220930563911964750e+00 7.380091361616011314e-01 1.212489921908452217e+01 1.256087901477478301e-03 5.833107664453790475e-02 3.984912057380265299e-02
3.335487300151704471e+00 7.450141529136212748e-01 1.251857510149324426e+01 2.929298873380590390e-03 5.944918264624468596e-02 4.157572660872157350e-02
3.450504103605281259e+00 7.521702120326505536e-01 1.289610908185690619e+01 1.185277546740922706e-03 5.874390210698496317e-02 4.208397383081361603e-02
3.565520907058842059e+00 7.591455451159219159e-01 1.326784159302315835e+01 6.149963979460249062e-04 5.992866789261263455e-02 4.469096765678008676e-02
3.680537710512399752e+00 7.667993275967261990e-01 1.364742103955862973e+01 4.095493860521170777e-04 6.166820477939794626e-02 4.447192464111617699e-02
3.795554513965978316e+00 7.756388774361593352e-01 1.401751866113487566e+01 2.436947594212069811e-03 6.262877477999967413e-02 4.350982234228270573e-02
3.910571317419533344e+00 7.833314502265855683e-01 1.435631968626369215e+01 3.329619938244484517e-03 6.120775386729412904e-02 4.505389048020796289e-02
4.025588120873108799e+00 7.907445800129353497e-01 1.467575290062505289e+01 6.344026297580688395e-03 6.049511850779991373e-02 4.521189890850757509e-02
4.140604924326670044e+00 7.981405922513578055e-01 1.498836643674528091e+01 5.077078298875875931e-03 5.985302890240458418e-02 4.432241218195138999e-02
4.255621727780232177e+00 8.060554062030794720e-01 1.528667631934962756e+01 5.201313558563204313e-03 5.834565460213735760e-02 4.721082045894780393e-02
4.370638531233800528e+00 8.130653860827528057e-01 1.555726264630505895e+01 5.267248267470212193e-03 5.787563325617067073e-02 4.945896935344713113e-02
4.485655334687363549e+00 8.210138403359457104e-01 1.583322728663331702e+01 4.919589548384943611e-03 5.787463219306492046e-02 4.792375154206807153e-02
4.600672138140941669e+00 8.281940344217899597e-01 1.606993870824751625e+01 4.546147560918181209e-03 5.750828977554554161e-02 5.028944642697307649e-02
4.715688941594505579e+00 8.356599919645230079e-01 1.632214069996688721e+01 4.002570838456938861e-03 5.706942256740130809e-02 5.337759332232110132e-02
4.830705745048054389e+00 8.420784808923059694e-01 1.653784903106341986e+01 4.865465273406474785e-03 5.785659122964828538e-02 5.043732496028338619e-02
4.945722548501635174e+00 8.480492318857759670e-01 1.672490349901936568e+01 4.959873014676752928e-03 5.656557856919681299e-02 4.854754131004490603e-02
5.060739351955201748e+00 8.536333681120863437e-01 1.689470032692695867e+01 3.865327062653259749e-03 5.819036174391355870e-02 4.875529775313767328e-02
5.175756155408757664e+00 8.600798858801179669e-01 1.708058461658099958e+01 4.852360664612647909e-03 5.915705409045918239e-02 5.008209270520046913e-02
5.290772958862325126e+00 8.652577474227698406e-01 1.724854025315236328e+01 4.135758042823805061e-03 5.950667632960432440e-02 4.977835944165795445e-02
5.405789762315907687e+00 8.714183027693696015e-01 1.744111235854897402e+01 5.199547460933474224e-03 5.929338063002786291e-02 5.216448217881211602e-02
5.520806565769451169e+00 8.768839344378420719e-01 1.758906378413805172e+01 4.608296266580495966e-03 5.757751744787867332e-02 5.266920898863444028e-02
5.635823369223018631e+00 8.817608119881727990e-01 1.775337862037750725e+01 4.179843924127315397e-03 5.883209562467207193e-02 5.310451668897542277e-02
5.750840172676598527e+00 8.864992214543188087e-01 1.788532413500583829e+01 5.213497447411469948e-03 6.319834049117044328e-02 5.040126667583690739e-02
5.865856976130167766e+00 8.917332035336017482e-01 1.800559460455876959e+01 4.155837374398054992e-03 6.507232093658965599e-02 5.210006895552688616e-02
5.980873779583597560e+00 8.965249152370320385e-01 1.812832813368791562e+01 3.756988905421330092e-03 6.704667025913202405e-02 5.370523052751953463e-02
6.095890583036982058e+00 9.016088696271264968e-01 1.826149861452686096e+01 4.510175913470071234e-03 6.626319837963463855e-02 5.299230613856856231e-02
6.210907386490385207e+00 9.068818293296933009e-01 1.838064829289864122e+01 5.816900896280185335e-03 6.702555414831504188e-02 5.359133614452593619e-02
6.325924189943802567e+00 9.107522982526532473e-01 1.846676595867596760e+01 5.528393063269331116e-03 6.849837585274866358e-02 5.411389326278718409e-02
6.440940993397208381e+00 9.145143875665544542e-01 1.855371470761191688e+01 4.500572613470345262e-03 7.009203106298005082e-02 5.580697510785979226e-02
6.555957796850590213e+00 9.188953411614031452e-01 1.865534053082500421e+01 5.469317115455080841e-03 7.053288586740938393e-02 5.320242250736889611e-02
6.670974600303995139e+00 9.223521964531127271e-01 1.874826034630197569e+01 7.015390950809410192e-03 7.080108757103970030e-02 5.444577838796398062e-02
6.785991403757411611e+00 9.267647867787857097e-01 1.882519487439288497e+01 6.876184224258205351e-03 6.880098580066340563e-02 5.365243665453831717e-02
6.901008207210819201e+00 9.300101281772656936e-01 1.890225120290762817e+01 7.867412190551396553e-03 6.850709789179643128e-02 5.371910016682548278e-02
7.016025010664198369e+00 9.316402781866968130e-01 1.892766069343192470e+01 8.822121203571809192e-03 7.019346059691455864e-02 5.447271493772634643e-02
7.131041814117604183e+00 9.351190005223115609e-01 1.899661835420225842e+01 8.601803194815458783e-03 6.984047205348485610e-02 5.390107906454020409e-02
7.246058617571020655e+00 9.385960295804693931e-01 1.906499948137703626e+01 1.061112534132116307e-02 6.961585718425368496e-02 5.437404014769489646e-02
7.361535488238249769e+00 9.409606716774816526e-01 1.912648835400359459e+01 9.025801834313819383e-03 7.113029798716766217e-02 5.398937082260246018e-02
7.476552291691626273e+00 9.446205056226842922e-01 1.920576822805744044e+01 9.125303660077353426e-03 7.167579134856194578e-02 5.548829079695736383e-02
7.591569095145033863e+00 9.462092090624555363e-01 1.924521201964932260e+01 9.853327594654834320e-03 7.133221728835996422e-02 5.472935281751561964e-02
7.706585898598449447e+00 9.485984909434581613e-01 1.929206037589604250e+01 9.825388685687875406e-03 7.237517475556252966e-02 5.530535039812645853e-02
7.821602702051859701e+00 9.522308439095775734e-01 1.937247348951639481e+01 9.302012310614424934e-03 7.272423522890346381e-02 5.483976174929461322e-02
7.936619505505235317e+00 9.544112796813514210e-01 1.941825326579389710e+01 7.494322972954139440e-03 7.278990199941712258e-02 5.513270059602102396e-02
8.051636308958649124e+00 9.568923658798561549e-01 1.946303688103664342e+01 6.588411599901688835e-03 7.167655263010913602e-02 5.393714218292895018e-02
8.166653112412060267e+00 9.582484829290587314e-01 1.947592838768327184e+01 6.483657952598157782e-03 7.019211548735242168e-02 5.661743839831838432e-02
8.281669915865464304e+00 9.608353594963123800e-01 1.954115395407144717e+01 3.691052348118369856e-03 7.024350427103187577e-02 5.877569980007891354e-02
8.396686719318852354e+00 9.630981826537711177e-01 1.958823709983561301e+01 5.030793057649554818e-03 6.946687109993297804e-02 6.042235267937580423e-02
8.511703522772252839e+00 9.657477668075749033e-01 1.961801081335072183e+01 6.964225431946861194e-03 6.893852309977419046e-02 5.918511004022639771e-02
8.626720326225658653e+00 9.673340075785590297e-01 1.963938985509464885e+01 5.894213658763790623e-03 7.007985230506431906e-02 5.975516659892853022e-02
8.741737129679080454e+00 9.690560674520729556e-01 1.963390144732215248e+01 7.753926262842976945e-03 7.035673517378560060e-02 6.027499284639999122e-02
8.856753933132452516e+00 9.706789278066690896e-01 1.966163626152944488e+01 5.209151602903804544e-03 6.930113930231433794e-02 6.040644953589813931e-02
8.971770736585874317e+00 9.714397548687032646e-01 1.966393577171741214e+01 5.978410545354174987e-03 7.127926188086906867e-02 5.728925805796165893e-02
9.086787540039280131e+00 9.727683477167659021e-01 1.965731973183642722e+01 7.888824265535884089e-03 7.183463624459959784e-02 5.859397622025744323e-02
9.201804343492675287e+00 9.726196768947130700e-01 1.965294598739359344e+01 8.737123300229318254e-03 7.378963128825177797e-02 5.798498035562914960e-02
9.316821146946077548e+00 9.747214463123476946e-01 1.966196920561298001e+01 7.957989774800312832e-03 7.594783476220773322e-02 5.829103595208049576e-02
9.431837950399470927e+00 9.756321873001478906e-01 1.967420130954735313e+01 9.009052204752477158e-03 7.419524460799661880e-02 5.847614716239493693e-02
9.546854753852871411e+00 9.757402622124482505e-01 1.968134384639736467e+01 7.586857476634153823e-03 7.440639048828613655e-02 5.820359444818332811e-02
9.661871557306300318e+00 9.770731555481705355e-01 1.969873880402385424e+01 8.194761349961219785e-03 7.235027973634189369e-02 6.015257489524285933e-02
9.776888360759668828e+00 9.777865562343817096e-01 1.970253197996815331e+01 8.122055049417695183e-03 7.265056342578560256e-02 5.926536004756610687e-02
9.891905164213099511e+00 9.795953442060626459e-01 1.971729263617250538e+01 8.207436055179722148e-03 7.078103132154965615e-02 5.993405014736857828e-02
1.000692196766649822e+01 9.803488015967343205e-01 1.971715204321678883e+01 7.479779521281928849e-03 6.865237921164538126e-02 6.138828960921705047e-02
1.012193877111988982e+01 9.817910374147534869e-01 1.974910499622293614e+01 6.586733728563818648e-03 7.004936536994538221e-02 6.131658195271914163e-02
1.023695557457330096e+01 9.829711743074435182e-01 1.977087460285865106e+01 7.581040040975622028e-03 7.105854037853248650e-02 5.989776168531040640e-02
1.035197237802669079e+01 9.837215516133379634e-01 1.979191387459500007e+01 6.933465577007565626e-03 6.915753028955812232e-02 5.862683081516692485e-02
1.046698918148008595e+01 9.837204705306726860e-01 1.980097281172693968e+01 6.221446693189115751e-03 6.936229352089312572e-02 5.846081786686444653e-02
1.058200598493352018e+01 9.841945861881745694e-01 1.980569540411893215e+01 6.463664793451720167e-03 7.064863517431889395e-02 5.839545238650958869e-02
1.069702278838688692e+01 9.853749225586134752e-01 1.981583298973738394e+01 8.961290460280425113e-03 7.234460449043293717e-02 6.016022985488225089e-02
1.081203959184032470e+01 9.859191538461760107e-01 1.983013204496428727e+01 7.841845375678162255e-03 7.645089155196548025e-02 5.908981105237842008e-02
1.092705639529371808e+01 9.872135505304914238e-01 1.985440018581090627e+01 6.775591011702272043e-03 7.750336138683829035e-02 6.109129562110873074e-02
1.104207319874710436e+01 9.877166063818121344e-01 1.986819455710743298e+01 6.022843187723872851e-03 7.928611718780652351e-02 6.016081507966130476e-02
1.115709000220052260e+01 9.892966960909859164e-01 1.990366938921942364e+01 4.887073605424769804e-03 7.838911258664840731e-02 5.770955309525754862e-02
1.127210680565390888e+01 9.904278842324792942e-01 1.992977371667882380e+01 7.270488329161209004e-03 7.884448934744874016e-02 5.906717079208668314e-02
1.138712360910730048e+01 9.903167872227220947e-01 1.993286337172186151e+01 7.457435324511295545e-03 7.934456829333769168e-02 6.008709848906654272e-02
1.150214041256074182e+01 9.904569656532945521e-01 1.990626470116586688e+01 7.753984862374567813e-03 7.699825529346450426e-02 5.784492978153446541e-02
1.161715721601410500e+01 9.919723112598926029e-01 1.993812936562648375e+01 7.063071519568972674e-03 7.282733894729424839e-02 6.018704641984456288e-02
1.173217401946754812e+01 9.915742692367642830e-01 1.991374330281970728e+01 6.994759374974737591e-03 7.430809780910371809e-02 5.803774833288513624e-02
1.184719082292093795e+01 9.918384347322697359e-01 1.990984595541564417e+01 6.880381764146873032e-03 7.297513096402592769e-02 6.287495661538011760e-02
1.196220762637431889e+01 9.914815217455487106e-01 1.987521641554919327e+01 7.488516687392032800e-03 7.277483255112861260e-02 6.286844786708391253e-02
1.207722442982774602e+01 9.925340354339714510e-01 1.989623532617408586e+01 9.545747156546715087e-03 7.389006438748882410e-02 6.541539353283702674e-02
1.219224123328112874e+01 9.936046781203260458e-01 1.993273349728016086e+01 9.774876663204517396e-03 7.609715281105210172e-02 6.480050348873570010e-02
1.230725803673451679e+01 9.942884355226601079e-01 1.994904526570138970e+01 8.016001544965376674e-03 7.698995339700803742e-02 5.872144017943151106e-02
1.242227484018796346e+01 9.946792815149343436e-01 1.996987901425550049e+01 6.048056108967112682e-03 7.806266095795882931e-02 5.889351447364923192e-02
1.253729164364132309e+01 9.945969151119816720e-01 1.998606134577873306e+01 7.336956001772853078e-03 7.986000683196364802e-02 6.095031034282406834e-02
1.265230844709476976e+01 9.951767048598567644e-01 1.998766318687469123e+01 7.201671320005122862e-03 7.914435354824296553e-02 6.096224720290811111e-02
1.276732525054815603e+01 9.965448894930661883e-01 2.000130511585962267e+01 8.179214330858127976e-03 8.112694325558666986e-02 5.954717887078103677e-02
1.288234205400153520e+01 9.971582052902370208e-01 2.002953330347823169e+01 7.420007382500214826e-03 8.232417987613876997e-02 5.914513280657381078e-02
1.299735885745496589e+01 9.969880848811416563e-01 2.000052045842608450e+01 8.030326134134608759e-03 8.078527000881217945e-02 5.984228126021944039e-02
1.311237566090834861e+01 9.969075827215665431e-01 1.999564291936275495e+01 7.083696940458421645e-03 7.932478166164791400e-02 5.831837387601870176e-02
1.322739246436172955e+01 9.963193638141101260e-01 2.002317583281504909e+01 6.226309527373740348e-03 7.900023591793087219e-02 6.137108616710909570e-02
1.334240926781518155e+01 9.959732523280435679e-01 2.000610001625325296e+01 8.706561547356789915e-03 8.107186174213731888e-02 6.327381988366891086e-02
1.345742607126854296e+01 9.966611660535502626e-01 1.998763322576354540e+01 9.262310280818373057e-03 8.118882613452951813e-02 6.318038438522034783e-02
1.357244287472199495e+01 9.972160321893362989e-01 2.001452923620127322e+01 8.455470801217002119e-03 8.052339921060688854e-02 6.086378846812930815e-02
1.368745967817537590e+01 9.977975698872491028e-01 2.002533585132999860e+01 9.318298512034408829e-03 8.037702207963505485e-02 6.117905568405610645e-02
1.380247648162875151e+01 9.984164737706331394e-01 2.003739846350362441e+01 9.307711959930495965e-03 7.718629597059413483e-02 6.340350772697668502e-02
1.391749328508218753e+01 9.996750034792306616e-01 2.006781132233747655e+01 9.709971543990520565e-03 7.950153504846600716e-02 6.270696153930789551e-02
1.403251008853556669e+01 9.983184375723227477e-01 2.005829860871114079e+01 1.096871774789565795e-02 8.053488303841284390e-02 6.034956851416393292e-02
1.414752689198894586e+01 9.997957589849085780e-01 2.011767553194189162e+01 1.022630956646185252e-02 8.021455146201571240e-02 5.900301517119961592e-02
1.426254369544239964e+01 9.996930828439327676e-01 2.010739838938834723e+01 8.877971219452593377e-03 7.901174795815260610e-02 6.179950156452546084e-02
1.437756049889576104e+01 1.001182385685019494e+00 2.011979660866139596e+01 8.155031261459399355e-03 7.855453494503071565e-02 6.127319376458138095e-02
1.449257730234921304e+01 1.000636297509290840e+00 2.010233605268481227e+01 9.408008153417130384e-03 7.763495542452486520e-02 6.244880379463759595e-02
1.460759410580259399e+01 1.000507306972985067e+00 2.008918970288171124e+01 7.317817435366680973e-03 7.800038878183630786e-02 5.794497746428681900e-02
1.472261090925597138e+01 9.999249336103971375e-01 2.005969382151753777e+01 5.329187794793587701e-03 7.887612163433838086e-02 5.318704612169968676e-02
1.483762771270940917e+01 9.988675978418405377e-01 2.005703219638686363e+01 4.780366853853266172e-03 8.141474848581077561e-02 5.376115531261432823e-02
1.495264451616278656e+01 1.000060503712058235e+00 2.007347679242446503e+01 5.727252131317838932e-03 8.072362698691745719e-02 5.524708980510020101e-02
1.506766131961616217e+01 9.994990020022995747e-01 2.006408261094754764e+01 8.047195495448900698e-03 8.067321462021449785e-02 5.612401900644964359e-02
1.518267812306961950e+01 9.986713805427267499e-01 2.003452024157179068e+01 7.340929843234062814e-03 7.886110519301126054e-02 5.928205420925078406e-02
1.529769492652297913e+01 9.992176458727987098e-01 2.004319023150569734e+01 6.456211631136889173e-03 8.209658625500856899e-02 5.565214001568197927e-02
1.541271172997643646e+01 1.000439893790643575e+00 2.004064480923278069e+01 6.942940454468542535e-03 8.071858861367450788e-02 5.650150000256376481e-02
1.552772853342980852e+01 1.000451218565731715e+00 2.004773964438640022e+01 6.805327642501849371e-03 7.797528754217286640e-02 5.882091953814937851e-02
1.564274533688318947e+01 1.000233982809483724e+00 2.003388916277441822e+01 6.550543989958378110e-03 7.991709702645359570e-02 5.777881066908968632e-02
1.575776214033662903e+01 1.000277532699662464e+00 2.000903054545497639e+01 7.187461361543869519e-03 7.990732905318247148e-02 5.927290847723789419e-02
1.587277894379001175e+01 9.999913000669027330e-01 1.998916930054305041e+01 9.970667099650007761e-03 8.002677147676059977e-02 5.564083181628997482e-02
1.598779574724337849e+01 9.989616707691393316e-01 1.998312842830083724e+01 8.321069583219044621e-03 8.112465662901227614e-02 5.604879979688773273e-02
1.610281255069683937e+01 9.991478981482031507e-01 1.998900685988763470e+01 7.831549787691538880e-03 7.975258663844175810e-02 5.371096029796779137e-02
1.621782935415020788e+01 9.990689482135927113e-01 2.000413681896634444e+01 7.231499714247156818e-03 7.995263978842633013e-02 5.718975190543499482e-02
1.633284615760364389e+01 9.984629615720284068e-01 2.001931410005432710e+01 9.648210209369678658e-03 8.185927881013793650e-02 5.709301294565775897e-02
1.644786296105703371e+01 9.999317864761076979e-01 2.005039538403540078e+01 9.266681665686060665e-03 7.889709080693763088e-02 5.880208507157615172e-02
1.656287976451041999e+01 1.000496752313495330e+00 2.004337114065014447e+01 9.439715739577447459e-03 7.657233745512466438e-02 6.017687868017853464e-02
1.667789656796383468e+01 1.000349339936253079e+00 2.002775509213840266e+01 1.007983658968546539e-02 7.876090565437113278e-02 6.043360933346287461e-02
1.679291337141722451e+01 9.996622834621614606e-01 2.001490938822043120e+01 7.775159986208861340e-03 7.645998039376324107e-02 5.955324820607877517e-02
1.690793017487061434e+01 9.988865678086106259e-01 2.001494080504512141e+01 7.082583574057026675e-03 7.338943250400298268e-02 6.014445916719117491e-02
1.702294697832403614e+01 9.987962459199584142e-01 2.000806717332603668e+01 7.297148843467121497e-03 7.686082433190356833e-02 6.008466698568599995e-02
1.713796378177741886e+01 9.990327595729298071e-01 2.002524205623871367e+01 6.116737070026437469e-03 7.724203221526403096e-02 6.196367458335833023e-02
1.725298058523087619e+01 9.992134361060751591e-01 2.003844344656030430e+01 8.828737483506026579e-03 7.869512500553330070e-02 6.044778180709191318e-02
1.736799738868423049e+01 9.998972443681133360e-01 2.006829731632404901e+01 9.028159562859789170e-03 7.912916445825513012e-02 6.100663471408384469e-02
1.748301419213762387e+01 1.000164669485275493e+00 2.006032906539073579e+01 8.113689507543528356e-03 7.860858839294726508e-02 6.065407046048836015e-02
1.759803099559106698e+01 9.987243852340451644e-01 2.004128961038738765e+01 6.798186272310561586e-03 8.068073833392760963e-02 6.057434511932907606e-02
1.771304779904446747e+01 9.986797590160283455e-01 2.002826585109973578e+01 6.453595638591623496e-03 8.185319810691434050e-02 6.034915208994379165e-02
1.782806460249781466e+01 9.993263207532839809e-01 2.003823488256198360e+01 6.834405960215901576e-03 8.066750865673677495e-02 6.084577505186564844e-02
1.794308140595127554e+01 9.999900905694779629e-01 2.000992268526167805e+01 7.589587198655310153e-03 8.106531262945891603e-02 6.124794067625649596e-02
1.805809820940465826e+01 9.999164240719614627e-01 1.997345607758779451e+01 1.008143209400207477e-02 8.162272978745363505e-02 5.730385741616646211e-02
1.817311501285806941e+01 1.000311533146638121e+00 2.000743136122848043e+01 1.104830229247605322e-02 8.212814045428384890e-02 5.707449957330818641e-02
1.828813181631146989e+01 1.000027120646668433e+00 2.001334217733538168e+01 1.017238764230998099e-02 8.280965381527470581e-02 6.089132351641168145e-02
1.840314861976487038e+01 9.989897024220832922e-01 2.000085237930069582e+01 1.045964379419381078e-02 8.249863550317412808e-02 6.255670405333474404e-02
1.851816542321826020e+01 9.992242683261781666e-01 2.000539217462611319e+01 1.017656711128396216e-02 8.373802671482528936e-02 6.064387191039122271e-02
1.863318222667166069e+01 9.993155084013798373e-01 1.999590530233855290e+01 1.237770724398791662e-02 8.497230158759475072e-02 5.959210383428426711e-02
1.874819903012506117e+01 9.989368289284813462e-01 2.000687934495879716e+01 1.097358776324303294e-02 8.689909076741768323e-02 6.035755142110217630e-02
1.886321583357846166e+01 9.976670652692973817e-01 1.998552047664623288e+01 1.009236938814134926e-02 8.283811769614607412e-02 6.084519313872630009e-02
1.897823263703185148e+01 9.985673510053676427e-01 1.998427482167486957e+01 8.098415201312117451e-03 8.165681679843407592e-02 6.116590085008475480e-02
1.909324944048531592e+01 9.987812736527593716e-01 1.997547440595195312e+01 9.147078963145130817e-03 7.852090876886375082e-02 5.910319472636529209e-02
1.920826624393865600e+01 1.000363720930890876e+00 1.999303030848020057e+01 9.605437692600337848e-03 7.725045492579321604e-02 6.016473484993539733e-02
1.932328304739205649e+01 1.000664333386928062e+00 2.000419448230065100e+01 1.071848353007538376e-02 7.704580893203472058e-02 6.048233082331507665e-02
1.943829985084551026e+01 1.000898560241492818e+00 2.000099640623237818e+01 8.761985892090994738e-03 7.910980147208999946e-02 5.943477220941004169e-02
1.955331665429891785e+01 1.002835800643764097e+00 2.003613037282453035e+01 9.619094398265453510e-03 7.918801950334057593e-02 6.032790580113162049e-02
1.966833345775224728e+01 1.001601325504842821e+00 2.002669855613980232e+01 9.260766680355634814e-03 7.747422306125667513e-02 6.373487301527164250e-02
1.978335026120571172e+01 1.001929114844491764e+00 2.002330024722725454e+01 8.771951660275995391e-03 7.769032707050980979e-02 6.262771387051374594e-02
1.989836706465911220e+01 1.002034425276808527e+00 2.004027498678103214e+01 7.525806887550719887e-03 7.790282876024090530e-02 5.910359453452595363e-02
2.001338386811249848e+01 1.001083257168792651e+00 2.002553602952442446e+01 8.638583012251989379e-03 7.784876220400149816e-02 6.192443898836000327e-02
2.012840067156590607e+01 9.999699786227952414e-01 2.003975277288556356e+01 9.663102999857097961e-03 7.652807748583133340e-02 5.928510894785872509e-02
2.024341747501931721e+01 9.999709410585104763e-01 2.002475170248902003e+01 8.612041501191977644e-03 7.744162523647059315e-02 5.792282897103096656e-02
2.035843427847268927e+01 1.000128780775315862e+00 2.004693626068944923e+01 8.664792481592914139e-03 8.081532377077323137e-02 5.663923194727631810e-02
2.047345108192610041e+01 9.986001897691237916e-01 2.000392918108822826e+01 1.062581928919723723e-02 8.132783270948978904e-02 5.847290422780087454e-02
2.058846788537950800e+01 9.988541214887254327e-01 2.001251932122481136e+01 9.215678747142524649e-03 8.208298029225950809e-02 5.924228305835446684e-02
2.070348468883289073e+01 9.993464174225247243e-01 2.001135271169745877e+01 8.793492166791238782e-03 7.948175713058175385e-02 6.045235099142819840e-02
2.081850149228629121e+01 1.000144033059795490e+00 2.004773629635758425e+01 7.805511590900301132e-03 8.394396844097302968e-02 5.518183712442112365e-02
2.093351829573975920e+01 1.000384188454580325e+00 2.006435452457887791e+01 7.833462404618754538e-03 8.636171379967089168e-02 5.528605884790163683e-02
2.104853509919307797e+01 9.999650793410287397e-01 2.004053161967042129e+01 9.422633212425375604e-03 8.646782245286320501e-02 5.753237687974865205e-02
2.116355190264649266e+01 1.000156574155836253e+00 2.004659035440461423e+01 8.287803691725941987e-03 8.821430124025987640e-02 5.919300901065189385e-02
2.127856870609995354e+01 1.000904159139899274e+00 2.006727813959427209e+01 8.867923950993642987e-03 8.836994505037074066e-02 5.966691535336731550e-02
2.139358550955336469e+01 1.000690272691210803e+00 2.005103563914747156e+01 6.785264131062420517e-03 8.593279590471607221e-02 5.863020259847335353e-02
2.150860231300668701e+01 1.001662753022977359e+00 2.006701239138791948e+01 6.535981738511669088e-03 8.475272369981862175e-02 5.864521391898131625e-02
2.162361911646015500e+01 1.000966240407255903e+00 2.004379739210780187e+01 6.424536252393280543e-03 8.214773975387497373e-02 5.773683765161058412e-02
2.173863591991355904e+01 1.000540295600419238e+00 2.004697287749118217e+01 7.457289313655756507e-03 7.918278992020326423e-02 5.926500067948948375e-02
2.185365272336692755e+01 1.000138399348341922e+00 2.005014726026258032e+01 8.194054993321616895e-03 7.966735912182196233e-02 6.036521377356802304e-02
2.196866952682034579e+01 1.001193876594083543e+00 2.007434481913363555e+01 8.343031203084353906e-03 8.172598694732330360e-02 5.830458419508151996e-02
2.208368633027376049e+01 9.999428119149195160e-01 2.003095808871393047e+01 9.046979192996107075e-03 8.253664154054703161e-02 5.894808770634470119e-02
2.219870313372711834e+01 9.999141282464191205e-01 2.001216026190025588e+01 9.339501807127264382e-03 8.253713954201298553e-02 5.874624702819398331e-02
2.231371993718053659e+01 1.000222576772020089e+00 2.000506017594762653e+01 9.195110025200022019e-03 8.199149110608523749e-02 6.201930436966777982e-02
2.242873674063395484e+01 9.997066524226615458e-01 1.998959422241897954e+01 9.887987964864645637e-03 8.025784024679159800e-02 6.008813549876584892e-02
2.254375354408731624e+01 1.000223069263680209e+00 2.001622323976921436e+01 9.584175003768218709e-03 8.004385128540560113e-02 5.968703671687389939e-02
2.265877034754072739e+01 9.987606995461768555e-01 1.997114485140247453e+01 9.304320409025243835e-03 8.030655550190048120e-02 6.059413104558736274e-02
2.277378715099420248e+01 9.992891638204279836e-01 2.000166166884914887e+01 9.974947806421982643e-03 8.085919083622088166e-02 5.896028797166358998e-02
2.288880395444750704e+01 9.991810776601419697e-01 2.001490225936022327e+01 7.832044938843917350e-03 8.031226416567148474e-02 5.940901993430647288e-02
