0.000000000000000000e+00 1.499085724639682482e+00 1.000000000000000000e+00 3.971438824663380972e-04 5.823641410432125196e-04 -1.316067355917134932e-03
6.866713203395239384e-01 1.341707915426542108e+00 9.170831628665451207e-01 4.107402975235746774e-03 3.836631747558311156e-02 1.564757896273531387e-02
1.373342640680376814e+00 1.242674675279609398e+00 8.307039676431949848e-01 3.954162816623991300e-03 6.759016681482339639e-02 1.837133112097845758e-02
2.060013961023535511e+00 1.176644472904482264e+00 7.519865170435932056e-01 5.342085765042688811e-03 8.841862829522328937e-02 1.945182141508646281e-02
2.746685281366693321e+00 1.130741253109841082e+00 6.853246156132987155e-01 5.124074447671088731e-03 1.010268852709269999e-01 2.056048684886023145e-02
3.433356601709838696e+00 1.097093347536235663e+00 6.305284035435266832e-01 3.851520772978987012e-03 1.042133246634822236e-01 2.204461206682249361e-02
4.120027922053007607e+00 1.074905200224798518e+00 5.847855598759176265e-01 3.935129833374829099e-03 1.048099958066129878e-01 2.143174095966780476e-02
4.806699242388437376e+00 1.057549879838197704e+00 5.499667137414993023e-01 3.931752120738485345e-03 1.030575847181508520e-01 2.132509789800142788e-02
5.493370562716794581e+00 1.044584017737521853e+00 5.224118627131507653e-01 4.433585079652561760e-03 1.004931984056690181e-01 2.191485317270174329e-02
6.180041883045118034e+00 1.034613273732408079e+00 5.013104139142293691e-01 4.444604350910360234e-03 9.467268697596629978e-02 2.197384961151359339e-02
6.866713203373443264e+00 1.027166337009258745e+00 4.838276563404788067e-01 3.642002451982347035e-03 9.215690946050020260e-02 2.117535919924042054e-02
7.553384523701772046e+00 1.020300210694941256e+00 4.707182753938190523e-01 3.038488240494749762e-03 8.732300648039083291e-02 2.111340279307885939e-02
8.240055844030125698e+00 1.016639806036457205e+00 4.603454474231645221e-01 3.976263333404411564e-03 8.310939894784004356e-02 2.193879244915249507e-02
8.926727164358442934e+00 1.012726510397501833e+00 4.522389198564351620e-01 3.389031600874380882e-03 8.074975984011624475e-02 2.136534338288655424e-02
9.613398484686745959e+00 1.010372769656920688e+00 4.455549027387439298e-01 3.742023125299761156e-03 7.682029818005538246e-02 2.182309017616167537e-02
1.030006980501506142e+01 1.007582628884325482e+00 4.408455691374480456e-01 4.951832074806859253e-03 7.567373819984211936e-02 2.288314338545347978e-02
1.098674112534339464e+01 1.005817908066826805e+00 4.371487893123349178e-01 3.735777764532569652e-03 7.394788631980368787e-02 2.156308101374187006e-02
1.167341244567170300e+01 1.004856343361760773e+00 4.337522211999396693e-01 4.979140464814083011e-03 7.408312015936069361e-02 2.188518116739042105e-02
1.236008376600012326e+01 1.004125113694724902e+00 4.309294854905508232e-01 3.197210550483519254e-03 7.394037897202394849e-02 2.327871000205499960e-02
1.304675508632844405e+01 1.003319171884474281e+00 4.289234212731942164e-01 4.015714646855009749e-03 7.060098762705618869e-02 2.160886775156237519e-02
1.373342640665674175e+01 1.002063804088482835e+00 4.274901855260337946e-01 5.041627566668495028e-03 6.871490262274358718e-02 2.148897852576805642e-02
1.442009772698508563e+01 1.001486789483105211e+00 4.267186333922208807e-01 3.906854886600973596e-03 6.893011350202181420e-02 2.065397887408614366e-02
1.510676904731344194e+01 1.001887406945964010e+00 4.250653233938183617e-01 3.145112070059425096e-03 6.804873304050490512e-02 1.888895817376082600e-02
1.579344036764169878e+01 1.001348036931960728e+00 4.251059186398665202e-01 3.633422029435128247e-03 6.804686930623737862e-02 2.104401129085174335e-02
1.648011168797008708e+01 1.001229643557336679e+00 4.242069655139418249e-01 4.545775294470353646e-03 6.877728187800967452e-02 2.046910733647561847e-02
1.716678300829832793e+01 1.001406051603432878e+00 4.237341272660026248e-01 6.128338747267039581e-03 6.771418508946612513e-02 2.287114863897703534e-02
1.785345432863125126e+01 1.000955512081568521e+00 4.239207518152074416e-01 4.913706112955765724e-03 7.031537157155734463e-02 2.248523984280307794e-02
1.854012564901878335e+01 1.000825421281509975e+00 4.235566266133796165e-01 4.720941265407826992e-03 6.971882325614019160e-02 2.218035034592565416e-02
1.922679696940640781e+01 1.000126844118252256e+00 4.237945638539974413e-01 5.272706013754384184e-03 6.724065301778396619e-02 2.291253605872669089e-02
1.991346828979411399e+01 1.000635468911765580e+00 4.232533960703577236e-01 3.409145668024505648e-03 6.774077985441512295e-02 2.348707736520154118e-02
2.060013961018175266e+01 1.000373474206175173e+00 4.239340788624075818e-01 3.386709297137255673e-03 6.738504246436986811e-02 2.294152819852042849e-02
2.128681093056924567e+01 1.000464969669077941e+00 4.236152842406074037e-01 4.570693916471448882e-03 6.821510869840057001e-02 2.182719432230981194e-02
2.197348225095688434e+01 1.000320319406563296e+00 4.236039980206852129e-01 3.380114997394370688e-03 6.912697472636609997e-02 2.287733523843153358e-02
2.266015357134459407e+01 1.000047264245981893e+00 4.238375095290059513e-01 4.957053727343530350e-03 6.728846106171104680e-02 2.063156857787202744e-02
2.334682489173224695e+01 1.000177900150319710e+00 4.234626911948298766e-01 4.529371692172695814e-03 6.837670542230518678e-02 1.894454464347676559e-02
2.403349621211971865e+01 1.000501225807979511e+00 4.229406749272433541e-01 3.698871172994543446e-03 6.725011595743075887e-02 1.986476080821295356e-02
2.472016753250738574e+01 1.000375766951792977e+00 4.230578215801185649e-01 5.948119219888022696e-03 6.891777669179233179e-02 2.018576130010762970e-02
2.540683885289504218e+01 9.997081728353590657e-01 4.234613682250913946e-01 4.244743975200990747e-03 7.040738510670087325e-02 2.127239098216395299e-02
2.609351017328269506e+01 9.991704108697195830e-01 4.233429837013622521e-01 3.499503053392724865e-03 7.111451616119852936e-02 2.188822039924048432e-02
2.678018149367018452e+01 9.992779527623487645e-01 4.230039694512433557e-01 3.536727585792278760e-03 7.175473367607483610e-02 2.088545061263484895e-02
2.746685281405784806e+01 9.995372302542303578e-01 4.229796340517612552e-01 3.592576076859052212e-03 7.215745135431789192e-02 2.150204719579734344e-02
2.815352413444556490e+01 9.990603855764473851e-01 4.231425398582458475e-01 4.426919815985952064e-03 7.194678146697143506e-02 2.114688300096127446e-02
2.884019545483323199e+01 9.996388561239422099e-01 4.230774754329945098e-01 4.571356400163347281e-03 6.901060949586713955e-02 2.339111859499805671e-02
2.952686677522074987e+01 9.994501850849879521e-01 4.228808538378920900e-01 4.561758568041247679e-03 6.626827740001729750e-02 2.340116507695808035e-02
3.021353809560843118e+01 9.998617776893160558e-01 4.231764624512024953e-01 3.133329407382095741e-03 6.665926605568921193e-02 2.144459799264848351e-02
3.090020941599592774e+01 1.000258701189856270e+00 4.229082162493991159e-01 3.764726365174045439e-03 6.668732688329541414e-02 2.072759797590761552e-02
3.158688073638359484e+01 9.999814299232879788e-01 4.230032719342308734e-01 3.795963975691840544e-03 6.783735590102218938e-02 2.126378113941431239e-02
3.227355205677113048e+01 9.995420637874806724e-01 4.230397590307044542e-01 4.210362287603565574e-03 7.040838745201688509e-02 2.131413407851932840e-02
3.296022337715880468e+01 9.993963834594726814e-01 4.235536185569826473e-01 3.900731556387964510e-03 7.083128549915622407e-02 2.144908603456154375e-02
3.364689469754652862e+01 9.993334225903751644e-01 4.240419584309904621e-01 4.564626106596017183e-03 6.686964828495479962e-02 2.307218243383277537e-02
3.433356601793420992e+01 9.991927441689217870e-01 4.242164384374045305e-01 3.240197251405825627e-03 6.807939132206784760e-02 2.275301110779779853e-02
3.502023733832176333e+01 9.998893105402683057e-01 4.242221899573315191e-01 2.823106440338475891e-03 6.909331586939547465e-02 2.294072319037784510e-02
3.570690865870945885e+01 9.991060687049835298e-01 4.243760369487172279e-01 4.965049691168509603e-03 6.649606899274956850e-02 2.178458442919425572e-02
3.639357997909683462e+01 9.990602468280895820e-01 4.243221976683881902e-01 3.656682605504850761e-03 6.651691334868022054e-02 2.324394593782516324e-02
3.708025129948451593e+01 9.992440221681125889e-01 4.240250843942063863e-01 3.415014305300749162e-03 6.739122433796147782e-02 2.189077182400554419e-02
3.776692261987208354e+01 9.991097110520317237e-01 4.235878201199685389e-01 4.060268631267687119e-03 6.599738634713413210e-02 2.107122180263315547e-02
3.845359394025976485e+01 9.991032128110900468e-01 4.236271929701717620e-01 4.528265637687454992e-03 6.730368590671424733e-02 2.290329944050615088e-02
3.914026526064748879e+01 9.996009990831765668e-01 4.230967917395611066e-01 3.624466808668917652e-03 6.565137229111306372e-02 2.305925284260160538e-02
3.982693658103517720e+01 9.993178793733439313e-01 4.230958208921634101e-01 3.740777369786373648e-03 6.610225780828347941e-02 2.204404545974853954e-02
4.051360790142275903e+01 9.996439458811932077e-01 4.234237495737453449e-01 4.634179187288430847e-03 6.331662185575974433e-02 2.156465183135043359e-02
4.120027922181046165e+01 9.998936090234092910e-01 4.237045331397997217e-01 3.937071266605217390e-03 6.251620981151571887e-02 2.295022040690027076e-02
4.188695054219774505e+01 9.996890397564609509e-01 4.236084819689220349e-01 2.330520518923021294e-03 6.550212126901722165e-02 2.335255155383443235e-02
4.257362186258544767e+01 9.994023760969100723e-01 4.237220529512427114e-01 5.164606699477022715e-03 6.685267421352744655e-02 2.119857867410776878e-02
4.326029318297303661e+01 9.997984292350704516e-01 4.233300487269389123e-01 3.831102787119065531e-03 6.998898179171725298e-02 2.202548369232540035e-02
4.394696450336072502e+01 1.000345448955435979e+00 4.230373873191451417e-01 4.363261944347248192e-03 7.238611174645949442e-02 2.291305283640869203e-02
4.463363582374844896e+01 1.000978888265509514e+00 4.228312507136771647e-01 5.400971084519551151e-03 7.141702663435815779e-02 2.212133481385555531e-02
4.532030714413615158e+01 1.000212462514108225e+00 4.232043871737897756e-01 4.428611258420879146e-03 6.982125558343825478e-02 2.459073579126893824e-02
4.600697846452375472e+01 1.000297616122861388e+00 4.238856888799957257e-01 3.467249044955759973e-03 6.956726470025256792e-02 2.227383859110530426e-02
4.669364978491145735e+01 1.000674483963834627e+00 4.242590467908727292e-01 5.876593225260832824e-03 6.879604121737291356e-02 2.155210639647507989e-02
4.738032110529867680e+01 1.000566288592690478e+00 4.240071539431606862e-01 4.619847001148208974e-03 6.964235420755737760e-02 2.259157715424859811e-02
4.806699242568639363e+01 9.997822290419294822e-01 4.244984050649451279e-01 5.079322030225888462e-03 6.800389804707890340e-02 2.252377958251152931e-02
4.875366374607398967e+01 1.001028462609141689e+00 4.240790027053470967e-01 3.806104778493142170e-03 6.886559977553600997e-02 2.463806117531126480e-02
4.944033506646172782e+01 1.001099795902861356e+00 4.242035430590198608e-01 4.653587120146947774e-03 6.730569455762687447e-02 2.163385166275322638e-02
5.012700638684941623e+01 1.001206610018674059e+00 4.242256940753417194e-01 3.750425821469738959e-03 6.721225146095353986e-02 2.038386595844524085e-02
5.081367770723704780e+01 1.001011306585339655e+00 4.238372360485421209e-01 4.663656892694149902e-03 6.697281893724522928e-02 2.401493175942150463e-02
5.150034902762473621e+01 1.000979136096299404e+00 4.239857282667171545e-01 5.906901131446297415e-03 6.807430064958627791e-02 2.294515701822326045e-02
5.218702034801235357e+01 9.992826463821302685e-01 4.241531450378822066e-01 4.934206475302572482e-03 6.936619875202332253e-02 2.380094069030132264e-02
5.287369166839972223e+01 9.987722761469011168e-01 4.241935539998257787e-01 2.991424345288738046e-03 6.976560495580129417e-02 2.360879161317895256e-02
5.356036298878732538e+01 9.992796585095455875e-01 4.235253747886734144e-01 3.677696490030198107e-03 6.996281187948991120e-02 2.311915656462540380e-02
5.424703430917507774e+01 1.000349397463208057e+00 4.233889047913269033e-01 4.092019540425649235e-03 6.855921309026281885e-02 2.311181054299801807e-02
5.493370562956264536e+01 1.000126237823150577e+00 4.230628235597274078e-01 3.045164241096810862e-03 6.829668885417805591e-02 2.319059183358751497e-02
5.562037694995022719e+01 1.000619157480226784e+00 4.226612633296670807e-01 3.524787815066775503e-03 6.711271082908450147e-02 2.198127351811682284e-02
5.630704827033809323e+01 1.000986900207453845e+00 4.229382953643729959e-01 4.177590949491855922e-03 6.869924362357419934e-02 2.167897049201238449e-02
5.699371959072555427e+01 1.000628643996068101e+00 4.223556018507517162e-01 4.394065974510038587e-03 7.004263815437483665e-02 2.173800313295663408e-02
5.768039091111342742e+01 1.001043846719027464e+00 4.228493685164303462e-01 4.228854905279640954e-03 6.941694330338497865e-02 2.383821179246821756e-02
5.836706223150057582e+01 9.996173859343921997e-01 4.233025783129983899e-01 3.349668897985196275e-03 6.916645560334989951e-02 2.235945070022397896e-02
5.905373355188846318e+01 9.998579560124691845e-01 4.229944172434043637e-01 3.453675551830310848e-03 6.841403166411240411e-02 2.313525422717310417e-02
5.974040487227591001e+01 1.000019206178136111e+00 4.232867866214806152e-01 3.391358894470158664e-03 6.877478294295837069e-02 2.160772962751992751e-02
6.042707619266383290e+01 1.000944389574393911e+00 4.231869768360201900e-01 3.411665676990242434e-03 6.931838909686360850e-02 2.200152900772615536e-02
6.111374751305134367e+01 1.000241959647608869e+00 4.238501783931069578e-01 5.050470498798686862e-03 6.951182619299416110e-02 2.212914495416011887e-02
6.180041883343881892e+01 1.000079878427285740e+00 4.237150827069449677e-01 4.648377122916128208e-03 6.916889107086889033e-02 2.268482681332454828e-02
6.248709015382669207e+01 9.999313278075497857e-01 4.237821859129425328e-01 4.547996513953884989e-03 6.806490916866730911e-02 2.222105285901332383e-02
6.317376147421415311e+01 1.000099381808859045e+00 4.241051824141787718e-01 4.919949677030077684e-03 6.793766668951485566e-02 2.429814831943126127e-02
6.386043279460177047e+01 9.995594861845032986e-01 4.241645954434733468e-01 4.036229748550479966e-03 6.779306562081542642e-02 2.330659237094990718e-02
6.454710411498922440e+01 9.992470344037082119e-01 4.234227906859448498e-01 3.831208682905305665e-03 6.589723373929219641e-02 2.235539395473254420e-02
6.523377543537714018e+01 9.994227822018338925e-01 4.228807961303204244e-01 4.308402811923051599e-03 6.742120646091191716e-02 2.277876911105860755e-02
6.592044675576457280e+01 9.997353019069399327e-01 4.228089018861886927e-01 4.628195920054717187e-03 6.748894116442376301e-02 2.260231911645040059e-02
6.660711807615201963e+01 9.991936223540013318e-01 4.236905384353784609e-01 4.838242100458629673e-03 6.682248410996065313e-02 2.079514300094567961e-02
6.729378939654002068e+01 9.996954486889412239e-01 4.233453359166021168e-01 4.071819783358551596e-03 6.780543203268092622e-02 2.311530138294414990e-02
6.798046071692736803e+01 1.000206863569332860e+00 4.235693086012984332e-01 4.696713336826706213e-03 6.717454857113040745e-02 2.333917139865487878e-02
6.866713203731538329e+01 1.000562299142185418e+00 4.228800399022641376e-01 4.805350365431367357e-03 6.678554453643603672e-02 2.313203299550907824e-02
6.935380335770246063e+01 1.000686147102027190e+00 4.228406637957295433e-01 4.385751687385428324e-03 6.582649758147190999e-02 2.266630269608009215e-02
7.004047467809050431e+01 1.000395918818975272e+00 4.235060471687275840e-01 3.715682500597828480e-03 6.586121529398629437e-02 2.329501218012157773e-02
7.072714599847782324e+01 9.998063009404751789e-01 4.236464616229853597e-01 3.594416014513258234e-03 6.836522289901351968e-02 2.231625056727716896e-02
7.141381731879367578e+01 9.999554077344957603e-01 4.241049399639984507e-01 4.512636239316651122e-03 6.863503195016892877e-02 2.241852150258930032e-02
7.210048863894380133e+01 1.000034464999477457e+00 4.241718616878394355e-01 3.894921799709355134e-03 6.943437437627365816e-02 2.257296915038660076e-02
7.278715995909423953e+01 9.999457968744509540e-01 4.241385582098944895e-01 3.715756602482422639e-03 6.949863287296692560e-02 2.233371405017322772e-02
7.347383127924506141e+01 9.992143971307314576e-01 4.235391654739586453e-01 4.941760577228781169e-03 6.935953638098842078e-02 2.209210114093816332e-02
7.416050259939551381e+01 9.999938529189185132e-01 4.233007161135048935e-01 4.958793952646978198e-03 6.881780247339439049e-02 2.029824821446002403e-02
7.484717391954562515e+01 1.000173065399396766e+00 4.230379994420384038e-01 4.867732341389751152e-03 6.739138808563094329e-02 2.150703572230335328e-02
7.553384523969604913e+01 1.000008139212790192e+00 4.229432743723265387e-01 5.431758326313550038e-03 6.882201068952402412e-02 2.348286692642332849e-02
7.622051655984691365e+01 9.999125959291232935e-01 4.230260428354779556e-01 4.784009892113902374e-03 6.614470918696424562e-02 2.159818366710310536e-02
7.690718787999735184e+01 9.998461075437788947e-01 4.233508522609252811e-01 3.556901097129161818e-03 6.745075296139801946e-02 2.070449538822107666e-02
7.759385920014746318e+01 9.997873769609261219e-01 4.236516138092081829e-01 3.747599182108045986e-03 6.782846348814243476e-02 2.148371209682935212e-02
7.828053052029787295e+01 1.000471937388696109e+00 4.233091738720864416e-01 3.802963209054213093e-03 6.870666566945253517e-02 2.183300395134886093e-02
7.896720184044879431e+01 9.994272814531802718e-01 4.234860017315394409e-01 3.445090757351507074e-03 6.826850223251562655e-02 2.122967158141592092e-02
7.965387316059918987e+01 9.989815030869420021e-01 4.240776130889093998e-01 4.861701222244904294e-03 6.753445919434207523e-02 2.229159477774805831e-02
8.034054448074930121e+01 9.986113915177946554e-01 4.243547411755865251e-01 4.086538559896765906e-03 6.698959225692467656e-02 2.169470715176895562e-02
8.102721580089969677e+01 9.992784146119294553e-01 4.243631825576399952e-01 4.621498119205236753e-03 6.787430287497993320e-02 2.254070405225945192e-02
8.171388712105063235e+01 9.999560093666374216e-01 4.235464278330438037e-01 3.366380948501980497e-03 6.785372729666823421e-02 2.380740194529856399e-02
8.240055844120102790e+01 1.000265405163778709e+00 4.229719012796992472e-01 2.442876273164844552e-03 6.938803061168073716e-02 2.244941808903086131e-02
8.308722976135113925e+01 9.992385184954627464e-01 4.232274704378177765e-01 4.171450706375866811e-03 7.010534883632459080e-02 2.266197407842690525e-02
8.377390108150149217e+01 9.996510239875212589e-01 4.232765688176227670e-01 2.727807419704594057e-03 7.258099847398116755e-02 2.224197001834956819e-02
8.446057240165249880e+01 9.993318743656711689e-01 4.231086972302477989e-01 3.116492150217225598e-03 7.278743719263995604e-02 2.148074219982691255e-02
8.514724372180286593e+01 9.992518670491200572e-01 4.231112352162971768e-01 2.834275548356701008e-03 7.084650834545505593e-02 2.231188809301881334e-02
8.583391504195297728e+01 9.993952546322845132e-01 4.232535512555893331e-01 3.051518291147348443e-03 6.864819594861557017e-02 2.232113342303564466e-02
8.652058636210333020e+01 9.998035276911682034e-01 4.239885287226665134e-01 3.679310163506400999e-03 6.879311854133396409e-02 2.270432606583927190e-02
8.720725768225433683e+01 9.997776859396556581e-01 4.240944210247580837e-01 4.065767823419451192e-03 6.813026955628748160e-02 2.296235272811080266e-02
8.789392900240470397e+01 1.000824155425392492e+00 4.235493757206669763e-01 4.793793024904078985e-03 6.735574032815240531e-02 2.508297773457887625e-02
8.858060032255478689e+01 1.000558598200645744e+00 4.235191797742430819e-01 3.032845338311356952e-03 6.944884920902821834e-02 2.095607639985633264e-02
8.926727164270513981e+01 1.000351832398485241e+00 4.231228034138454497e-01 4.460522609779219057e-03 6.961927559538545751e-02 2.023679937942535201e-02
8.995394296285618907e+01 1.000290996238738073e+00 4.231586156428697731e-01 3.173757826152877586e-03 6.802401054396421676e-02 2.037775392522779561e-02
9.064061428300654200e+01 1.000431433760283317e+00 4.233132509237437779e-01 4.072568061002544530e-03 6.759382147406749197e-02 2.426640516233063982e-02
9.132728560315662492e+01 1.000222134973754784e+00 4.232054428870006269e-01 3.012071040754725395e-03 6.549538524566407560e-02 2.258472120203674008e-02
9.201395692330697784e+01 1.000283953354042188e+00 4.230753746944577176e-01 2.988107798517383989e-03 6.493415252894578493e-02 2.144704560485008113e-02
9.270062824345804131e+01 9.997189472899721263e-01 4.225692855975416440e-01 2.830345516012607379e-03 6.874075180493059711e-02 2.038219046230590678e-02
9.338729956360838003e+01 9.997519176807219132e-01 4.231943312194328954e-01 2.906145619823731572e-03 7.078250940004655878e-02 2.095835111444344090e-02
9.407397088375846295e+01 1.000912335305622847e+00 4.232912902596712157e-01 3.747425243466058053e-03 6.796829147361682644e-02 2.060849557960761289e-02
9.476064220390878745e+01 1.000386389607572646e+00 4.235405483436955332e-01 3.804148390819220554e-03 6.589133632866354950e-02 1.983935913542227147e-02
9.544731352405987934e+01 1.000311862498000526e+00 4.240762374231245579e-01 5.057801321573125557e-03 6.891214651984853279e-02 2.269871961704825192e-02
9.613398484421021806e+01 1.000951028048916891e+00 4.238150604197572502e-01 5.076192598028476770e-03 6.868715771267093484e-02 2.285984997404045052e-02
9.682065616436032940e+01 1.000937772036177620e+00 4.241421126639774442e-01 5.549035622880955053e-03 6.597090711256971274e-02 2.240134303897406420e-02
9.750732748451062548e+01 1.000825407388491906e+00 4.243498392461318436e-01 4.749563668763982609e-03 6.607889580363612847e-02 2.272105310589312907e-02
9.819399880466173158e+01 1.000152592736086143e+00 4.243420297635733807e-01 3.767767948178882189e-03 6.808342443504783459e-02 2.195016990320501279e-02
9.888067012481198503e+01 1.000020071613531236e+00 4.242841602615211039e-01 3.774133157267163096e-03 6.799204509575597355e-02 2.215982409126645084e-02
9.956734144496213901e+01 1.000022412557809881e+00 4.241154699250804794e-01 4.255860680369940273e-03 6.702687809911074546e-02 2.295258246650427533e-02
1.002540127651125346e+02 1.000244128983196701e+00 4.240057829671208256e-01 4.764065133535545088e-03 6.798108820353389314e-02 2.266358136827360467e-02
1.009406840852634559e+02 9.994229774927567700e-01 4.244072631767278891e-01 4.277579419329724693e-03 6.951688614742145000e-02 2.233107313752758297e-02
1.016273554054138941e+02 9.991391142766924416e-01 4.245149530680971117e-01 4.633045662059075663e-03 6.745948245816324462e-02 2.055253897255935464e-02
1.023140267255641049e+02 1.000042039835782992e+00 4.242537333563418667e-01 3.147019297424219833e-03 6.921653250801702850e-02 2.204344962181870038e-02
1.030006980457142731e+02 1.000434332839736928e+00 4.244318365160828499e-01 2.929176403065303705e-03 6.845812047653837551e-02 2.168663754294188062e-02
