0.000000000000000000e+00 1.109592978682939490e+00 9.999999999999997780e-01 -7.962521183840401418e-03 -4.390718837463780666e-03 -3.340897153004687703e-03
5.722313877815222716e-01 1.006734049611598403e+00 1.207231820244418330e+00 -2.567707797603903386e-02 3.580971697213977678e-02 1.153963401842497682e-03
1.144462775564889734e+00 9.296020927706730719e-01 1.463077196347619902e+00 -2.552330440757320795e-02 6.554580899391637683e-02 -1.091037971535632756e-02
1.716694163345348523e+00 8.787742974231452786e-01 1.742797737642590494e+00 -2.995389776944554217e-02 8.112907168663310853e-02 -3.325662894867228991e-03
2.288925551124687985e+00 8.389820168821376933e-01 2.040068481534750955e+00 -2.718087072632893730e-02 8.068822890912832890e-02 -6.835857334452230538e-03
2.861156938908167024e+00 8.124552474806325808e-01 2.367645587301928867e+00 -3.584005584280039458e-02 9.114570187659878919e-02 -6.441107941948118198e-03
3.433388326696120707e+00 7.923114854656203576e-01 2.701788794890027212e+00 -3.632987039035921739e-02 9.455814175198556937e-02 -8.284701183771753241e-03
4.005619714484074834e+00 7.774639381239704106e-01 3.002640063869974174e+00 -3.539393034904622648e-02 8.745602851142725287e-02 -5.508968289009902319e-03
4.577851102272028072e+00 7.701497591964953093e-01 3.286474640925833413e+00 -2.781348245427282817e-02 9.649927067857119733e-02 -8.133858661290849223e-03
5.150082490059982199e+00 7.642464225471977679e-01 3.544505132907711076e+00 -2.568548734858717986e-02 9.274630527323848850e-02 2.720924412419140070e-03
5.722313877847935437e+00 7.584005281040290258e-01 3.757918598505249896e+00 -2.375095729402722233e-02 8.561099217302087228e-02 -1.140156702428327118e-03
6.294545265635888676e+00 7.557000643454476752e-01 3.960202736861505368e+00 -2.505599733384065997e-02 9.004778865050716563e-02 -2.418122889574630952e-04
6.866776653423842802e+00 7.515042632699379110e-01 4.171132901819377459e+00 -2.963627964081964883e-02 8.716306080034008641e-02 -5.761256495958294588e-03
7.439008041211796929e+00 7.507617715047772977e-01 4.341086082902596566e+00 -2.523656839519861084e-02 8.418232653821053346e-02 1.155197867792695510e-03
8.011239428999751055e+00 7.469303812865224490e-01 4.489216894485311471e+00 -2.680835514404084075e-02 8.957683100391428122e-02 1.000387626051243983e-03
8.583470816787702518e+00 7.472872026058079431e-01 4.595074392203897240e+00 -1.911239308114384694e-02 8.311713266800571653e-02 8.314858676164479934e-03
9.155702204575655756e+00 7.465591827156197180e-01 4.723399078388656136e+00 -1.859284010133978315e-02 8.704415052517466833e-02 2.542349650916264636e-03
9.727933592363608994e+00 7.453329801803134647e-01 4.847010310058198712e+00 -2.194601318910209542e-02 9.590967261862509696e-02 2.366162821748882261e-03
1.030016498015156401e+01 7.441948611534447977e-01 4.913055158340158712e+00 -2.250766782404607647e-02 1.008827755383104596e-01 2.635182287361870213e-04
1.087239636793951725e+01 7.418790897173899168e-01 4.955516551010311410e+00 -2.759813274404336603e-02 8.428638925464312925e-02 -2.122487200087522230e-03
1.144462775572747049e+01 7.435705515133462784e-01 5.014681612536477928e+00 -2.004310268243263138e-02 7.729316502203406603e-02 7.400116054674180099e-03
1.201685914351542372e+01 7.408757968790882220e-01 5.066453078397717746e+00 -2.037705438855379192e-02 7.485659163540314687e-02 2.725487021434463975e-03
1.258909053130337874e+01 7.425443849984438849e-01 5.097991113497372773e+00 -1.944364026152675673e-02 8.635466447624359776e-02 3.709358767145051750e-03
1.316132191909133198e+01 7.444591258261999966e-01 5.117762662729989032e+00 -2.027478626273652995e-02 8.385594177227301271e-02 3.162380644793225115e-03
1.373355330687928522e+01 7.431472583807686716e-01 5.116918815377801799e+00 -2.492528317272836580e-02 8.984297365517163181e-02 6.558729048046760268e-03
1.430578469466724023e+01 7.444934130901526004e-01 5.127968921395123836e+00 -2.524092834178347233e-02 8.430142381089697490e-02 -5.267494773077113779e-03
1.487801608245519347e+01 7.429691351547248468e-01 5.125587390564702694e+00 -1.716631532561789519e-02 8.142215404387068145e-02 8.404698977025795714e-03
1.545024747024314671e+01 7.433650653094657779e-01 5.141400435969767813e+00 -1.963744029502424715e-02 8.395753945959588682e-02 9.578906208123003085e-03
1.602247885803109995e+01 7.412993069718187833e-01 5.165436426886257593e+00 -2.197614284956057873e-02 8.517241131107178287e-02 -4.027550618587172337e-04
1.659471024581905496e+01 7.425951712358478396e-01 5.184035886762632828e+00 -2.416832596078018203e-02 8.805593712800741102e-02 8.540809418986078372e-03
1.716694163360700998e+01 7.422387674524062451e-01 5.165854823144590213e+00 -2.290154019958376419e-02 8.249080855560317338e-02 -1.568407604780303055e-03
1.773917302139496144e+01 7.407689761658537986e-01 5.158234564013436163e+00 -2.129570170931793793e-02 8.662705200530404492e-02 4.400237856826319516e-03
1.831140440918291645e+01 7.401768278031296555e-01 5.157623310372876801e+00 -2.232120731967604521e-02 9.145209983207977511e-02 2.783961107087035147e-03
1.888363579697087147e+01 7.430159893527704673e-01 5.148968607381083196e+00 -1.812905317662719118e-02 8.667728629249249472e-02 -1.499842006212781520e-03
1.945586718475882293e+01 7.419045423372608861e-01 5.204254906381345691e+00 -1.692222457320087525e-02 7.963745405905767183e-02 -2.831381224606410729e-03
2.002809857254677794e+01 7.438980251134882371e-01 5.193342859009751677e+00 -2.020403568740912481e-02 7.551952028752442758e-02 9.812303407424532997e-03
2.060032996033473296e+01 7.442345781033625762e-01 5.171437253307445303e+00 -2.273472658682210157e-02 9.308766818181185565e-02 7.726735780646115659e-04
2.117256134812268797e+01 7.458185128672263353e-01 5.197731184664970527e+00 -2.149849214196118685e-02 1.012897165645762210e-01 1.120919706646029967e-02
2.174479273591063944e+01 7.435871992973331901e-01 5.205229231082491026e+00 -2.291464074499355297e-02 1.061239763443528883e-01 3.127343458788206521e-03
2.231702412369859445e+01 7.441565857444299992e-01 5.225336721956644226e+00 -2.355639645246830616e-02 1.164003738879844096e-01 8.281758895960042444e-03
2.288925551148654947e+01 7.401704034898065609e-01 5.213945045655875354e+00 -2.093114419206140719e-02 1.110965895058129149e-01 2.468632144870711032e-03
2.346148689927450093e+01 7.394105364046364981e-01 5.195334193922866994e+00 -1.869137453336258692e-02 1.068266501472930341e-01 3.779177285821069820e-03
2.403371828706245594e+01 7.405847331516419718e-01 5.160797019880963177e+00 -2.044469261309639352e-02 9.830162166256137257e-02 2.756440114819430631e-03
2.460594967485041096e+01 7.420540346620029259e-01 5.170804732405298587e+00 -2.086535433661967920e-02 9.431083964988254409e-02 3.808822005808037980e-03
2.517818106263836242e+01 7.424793320707796518e-01 5.179210646540757246e+00 -2.458988494345737408e-02 8.938728705601969859e-02 7.492899969990043929e-03
2.575041245042631743e+01 7.436021066041527128e-01 5.186826942924652073e+00 -1.891452892180732481e-02 8.356605053020690899e-02 3.956444387166441201e-03
2.632264383821427245e+01 7.429540395742383341e-01 5.181483279976960787e+00 -1.993558697039519989e-02 9.196346526417092937e-02 5.899729230145422942e-03
2.689487522600222391e+01 7.415090467988114664e-01 5.151948923135021730e+00 -1.559797597632271715e-02 8.523391845630029495e-02 7.646758948657114696e-03
2.746710661379017893e+01 7.435679175218370407e-01 5.158555393326177629e+00 -2.229472334575652304e-02 9.710969939482511082e-02 3.534991537443507581e-03
2.803933800157813394e+01 7.436482699331674606e-01 5.173273613136210258e+00 -2.458530713377617138e-02 9.693732216031317184e-02 6.915961062924164127e-03
2.861156938936608540e+01 7.414297282522894772e-01 5.181746114208062970e+00 -2.351329530598948725e-02 8.822313433446324349e-02 4.138347504220402095e-03
2.918380077715404042e+01 7.428505761558055198e-01 5.151360243673182460e+00 -2.299751952487695539e-02 9.011406727416787499e-02 4.569370033261951902e-03
2.975603216494199543e+01 7.403320722256793163e-01 5.157471737881254015e+00 -2.183704347223915099e-02 8.746479249296595926e-02 4.678019001538843979e-03
3.032826355272994689e+01 7.390576346740909131e-01 5.162694153602783054e+00 -1.645781997915285455e-02 9.829313537639655651e-02 8.487112122890425048e-03
3.090049494051790191e+01 7.396722466132401586e-01 5.178595438570908094e+00 -2.015283650308370700e-02 9.672621792145327801e-02 3.734969148844205500e-03
3.147272632830585692e+01 7.425734320403349908e-01 5.174621888973288897e+00 -2.008842107329898707e-02 9.934941136404121242e-02 -5.325936767089270441e-03
3.204495771609381194e+01 7.408313239230370773e-01 5.193537581533538727e+00 -2.043695835667151683e-02 9.468734902109296470e-02 -2.333168200108537427e-03
3.261718910388176340e+01 7.421791328661042630e-01 5.195266994897692392e+00 -1.544979210926354651e-02 9.102842190712892578e-02 8.430073432365389752e-03
3.318942049166971486e+01 7.438725401586230301e-01 5.232610944225495331e+00 -2.214771528487900765e-02 9.838950283595104818e-02 5.289851191325883883e-03
3.376165187945767343e+01 7.456539962426955714e-01 5.223796287518668535e+00 -3.111516416102801108e-02 1.070570767759538022e-01 1.005384338807098488e-02
3.433388326724562489e+01 7.450859323646776833e-01 5.201685846169566751e+00 -2.665383014034942988e-02 1.155722494980791493e-01 1.109506890182385130e-02
3.490611465503357635e+01 7.445178839312728281e-01 5.222833310170329035e+00 -3.223354683844989466e-02 1.079564782740403961e-01 -4.066687902956847567e-03
3.547834604282153492e+01 7.452637304814007102e-01 5.214639893535826687e+00 -3.100097609300515866e-02 8.392166949458035319e-02 -6.803040115947928124e-03
3.605057743060948638e+01 7.439334126927547031e-01 5.209429457995087276e+00 -2.385089678189979134e-02 8.859464285076304457e-02 4.257713164361742741e-03
3.662280881839743785e+01 7.439767552282078311e-01 5.231982783331738496e+00 -2.304797809586761614e-02 9.623492775526398813e-02 1.179270926973841060e-03
3.719504020618539641e+01 7.471248474418732410e-01 5.236645106247621584e+00 -2.115719332813906228e-02 9.870092202692051786e-02 1.074276529617286535e-02
3.776727159397334788e+01 7.465615684422302056e-01 5.226286525658534465e+00 -2.547971163192692956e-02 1.101235882080260908e-01 9.639902311014095226e-03
3.833950298176129934e+01 7.452051777038477542e-01 5.218201774766951573e+00 -2.441022293678501986e-02 1.081090961933147965e-01 6.021426142470337473e-03
3.891173436954925791e+01 7.446405872840404783e-01 5.216605272535170812e+00 -2.524465765922453975e-02 9.773474831941561525e-02 6.708938719092574776e-03
3.948396575733720937e+01 7.427348897297806340e-01 5.222344896749010701e+00 -2.458594876009677355e-02 9.348398928651147077e-02 5.352023733587937815e-03
4.005619714512516083e+01 7.405476675694556699e-01 5.199664842418325605e+00 -2.112974789131490116e-02 8.096065474759917002e-02 3.685227380188241253e-03
4.062842853291311229e+01 7.406649557328786049e-01 5.142176407869600396e+00 -2.176812842479658450e-02 8.321438480426365802e-02 7.430617959663543548e-03
4.120065992070107086e+01 7.410905201806856635e-01 5.143456860902125172e+00 -1.817185026785321511e-02 9.265071585126291587e-02 8.797895883821266194e-04
4.177289130848902232e+01 7.401868604917212213e-01 5.135531091596702069e+00 -1.960813823750554019e-02 9.115364040080903285e-02 1.923307169019297658e-03
4.234512269627697378e+01 7.397781181601065237e-01 5.144854681996554824e+00 -2.062139165326504209e-02 8.868533845453532849e-02 3.932226498318536212e-03
4.291735408406492525e+01 7.410605046308694766e-01 5.167414982351891339e+00 -1.830106105570768193e-02 9.129152358717318450e-02 8.414910979963718951e-03
4.348958547185287671e+01 7.448432059153823337e-01 5.165641410842676251e+00 -1.993804527247233782e-02 1.001655716876528879e-01 6.407220370208271953e-03
4.406181685964083528e+01 7.449280962246713766e-01 5.195558295982307229e+00 -2.452551920345125147e-02 1.030107847565689960e-01 9.845931675628444291e-03
4.463404824742878674e+01 7.436536271899583106e-01 5.234142994290809092e+00 -2.020610401772210407e-02 1.032426806269384767e-01 1.397831848540451172e-02
4.520627963521673820e+01 7.401371061943547991e-01 5.233740473778420998e+00 -2.169274705120374791e-02 8.835688152423507025e-02 9.435677476251402851e-03
4.577851102300469677e+01 7.398260860171131936e-01 5.225371390128521476e+00 -2.534524074254233816e-02 8.293027245720521745e-02 1.134663569875481171e-02
4.635074241079264823e+01 7.407058118728074847e-01 5.232021933800167446e+00 -2.746387801492720937e-02 8.848732994263647234e-02 3.684912429076647733e-03
4.692297379858059969e+01 7.407832166975124588e-01 5.207157875219945886e+00 -2.332989754860989584e-02 9.731510779600457961e-02 1.046130660023972259e-03
4.749520518636855826e+01 7.438168063233626670e-01 5.198663363984075581e+00 -2.033692730172875773e-02 9.308227711939220939e-02 9.618018982305284736e-03
4.806743657415650972e+01 7.441583251387855480e-01 5.193674733798433252e+00 -2.103145660952655815e-02 9.410372211593243108e-02 4.337274662963991334e-04
4.863966796194446118e+01 7.449828731727267117e-01 5.166293192059275619e+00 -1.961441757078592751e-02 1.001519179805402948e-01 -6.616613491969430827e-04
4.921189934973241975e+01 7.440932429543655191e-01 5.181869957358256507e+00 -1.769540919416967562e-02 9.618128540349865641e-02 -6.940772045521917399e-03
4.978413073752037121e+01 7.426262395562261975e-01 5.185167324682380396e+00 -1.525551683604189912e-02 9.279748016878094918e-02 -2.630119860533172704e-03
5.035636212530832267e+01 7.422588652773580709e-01 5.158826008673414343e+00 -2.115945204039390570e-02 9.016114648265438625e-02 3.357059673721782267e-03
5.092859351309628124e+01 7.424119341677267725e-01 5.164924756037276410e+00 -2.121822876650786283e-02 9.356548697486452570e-02 1.601662772125139744e-02
5.150082490088423270e+01 7.396387258364067741e-01 5.176611097935516881e+00 -2.150804854955594425e-02 9.279320658527040466e-02 9.864313390970366746e-03
5.207305628867218417e+01 7.399620108606888014e-01 5.185396682412604541e+00 -2.206898573591455082e-02 8.719385874853305407e-02 1.584345458314434518e-02
5.264528767646014273e+01 7.377451980102189832e-01 5.192848348042399031e+00 -2.345858718889361205e-02 9.289929561999910046e-02 7.307740606854865040e-03
5.321751906424809420e+01 7.374272390051664905e-01 5.178235384350203141e+00 -2.478470136392692258e-02 8.075934808801885079e-02 9.391973739180659031e-03
5.378975045203604566e+01 7.409006152544791446e-01 5.188298963862935764e+00 -2.186782641553010331e-02 8.568544994912030699e-02 8.654566598356561169e-03
5.436198183982400423e+01 7.427712297784739848e-01 5.175333639157975618e+00 -2.273061865938763582e-02 8.574921424007816984e-02 1.071987591098792769e-02
5.493421322761195569e+01 7.447706808324187078e-01 5.160643995658154459e+00 -1.809946279395949209e-02 9.146401746884758044e-02 8.379684158714637010e-03
5.550644461539990715e+01 7.462383459404331454e-01 5.152185245622596277e+00 -1.786152788600842145e-02 9.867221188854083391e-02 5.935182052924620200e-03
5.607867600318786572e+01 7.431024529536733869e-01 5.153387860092382589e+00 -1.983559349198095456e-02 9.528602134560443249e-02 3.011726180337903624e-03
5.665090739097581718e+01 7.412154266761679100e-01 5.145692939985991643e+00 -2.642378458203584191e-02 9.705055683984559201e-02 -1.845939120698525393e-03
5.722313877876376864e+01 7.422584253788965247e-01 5.148522234080117777e+00 -2.290191909129840608e-02 1.077865094785905586e-01 2.866042022600379102e-03
5.779537016655172721e+01 7.431989527052443867e-01 5.139042028156297626e+00 -2.110473488857245172e-02 1.044325545940904820e-01 2.357856814485664865e-04
5.836760155433967867e+01 7.476157904538498489e-01 5.134105186225987438e+00 -1.769922817974843576e-02 9.924688139769094475e-02 6.887334780222367780e-03
5.893983294212763013e+01 7.464267497342128577e-01 5.184880164351339360e+00 -2.607078536228658872e-02 1.005806981791768917e-01 2.039443227471168796e-03
5.951206432991558870e+01 7.430245207169872135e-01 5.221241516220771040e+00 -2.448829432946458828e-02 1.117927854645921482e-01 3.789652352821359926e-03
6.008429571770354016e+01 7.460088771545618780e-01 5.252673077296217130e+00 -1.993369071225996325e-02 9.858050609741683679e-02 6.120638165066194514e-03
6.065652710549149162e+01 7.482917261001892362e-01 5.258932210824017517e+00 -1.677954945022198940e-02 1.121548974195265280e-01 1.562491148404239472e-02
6.122875849327945019e+01 7.453267638237279780e-01 5.237030489653546006e+00 -1.983468576662220095e-02 1.052247905530934724e-01 1.364930238849450250e-02
6.180098988106740165e+01 7.449920816591653061e-01 5.179372933917946398e+00 -2.156659426233033250e-02 1.014799942733753402e-01 7.256050308110190139e-03
6.237322126885535312e+01 7.455148868288948849e-01 5.170105103719509820e+00 -2.125219810303353996e-02 9.375626899358185939e-02 1.212263757190365498e-02
6.294545265664331168e+01 7.427945133070021910e-01 5.163606482730547675e+00 -2.764355911881100081e-02 8.551092817646224753e-02 5.554443721879756546e-03
6.351768404443126315e+01 7.419979301766682633e-01 5.169402866802068175e+00 -2.174964670332767136e-02 7.881237566423701657e-02 7.046960377685235200e-03
6.408991543221921461e+01 7.438616741047315850e-01 5.196254845012660439e+00 -2.001405568026798365e-02 7.774930967897270007e-02 9.705324115810015639e-04
6.466214682000716607e+01 7.436615854206931608e-01 5.180438355415870610e+00 -2.424085941343590012e-02 9.033175003727178520e-02 -1.126025014752771169e-03
6.523437820779511753e+01 7.422373146489532614e-01 5.177518002328146629e+00 -2.625912670614689859e-02 9.309410274361926141e-02 -1.554606636974140144e-03
6.580660959558308321e+01 7.428004972955146723e-01 5.187938898162880896e+00 -2.262547020984542745e-02 9.602361057399955158e-02 6.441822251353965245e-03
6.637884098337103467e+01 7.416588878520866679e-01 5.217000992278199689e+00 -1.884665527905016180e-02 1.028861913298850239e-01 1.096852269096564025e-02
6.695107237115898613e+01 7.408153777649452154e-01 5.217691106235957221e+00 -2.158674117470189835e-02 9.737142045512567345e-02 2.645595318871096779e-03
6.752330375894693759e+01 7.414849935442289208e-01 5.202679650241655906e+00 -2.201068373099249187e-02 1.094928795562063739e-01 -4.778063170438315299e-03
6.809553514673488905e+01 7.444374422629763677e-01 5.224743579808240668e+00 -1.656376664462645698e-02 1.050267648384457797e-01 7.984975789042794703e-03
6.866776653452284052e+01 7.452769359577468000e-01 5.254992337158336468e+00 -1.988682320261077330e-02 1.010188207388968140e-01 1.230130279964922191e-03
6.923999792231080619e+01 7.440551539831297134e-01 5.276571813586810933e+00 -1.891889959480178018e-02 9.613179558756568266e-02 4.297862769148633189e-03
6.981222931009875765e+01 7.469147789295618178e-01 5.232603356515257431e+00 -2.261127611106279744e-02 1.049167991500480623e-01 -6.393064745490784073e-03
7.038446069788670911e+01 7.483116450435246536e-01 5.211939952631261086e+00 -2.370930861016723457e-02 1.153899474540950876e-01 -2.791120051375453603e-03
7.095669208567466058e+01 7.478250237736771000e-01 5.159083493309807977e+00 -1.974751750370545844e-02 1.143487878367448751e-01 2.397238285222369480e-03
7.152892347346261204e+01 7.451931383850117774e-01 5.146865420204501440e+00 -2.040315934349659632e-02 1.015430203657544661e-01 2.816151590882484679e-03
7.210115486125056350e+01 7.435614692396322889e-01 5.172253819943678721e+00 -2.653855711785910176e-02 9.992931796176446335e-02 2.785498876376760191e-03
7.267338624903852917e+01 7.396813558705234160e-01 5.183352031978077257e+00 -2.273107527387271953e-02 9.461693692407366352e-02 7.419889430952564258e-03
7.324561763682648063e+01 7.406710938504454944e-01 5.138769112562044050e+00 -2.797451955606776453e-02 9.618252914142907950e-02 6.948929815008150768e-03
7.381784902461443210e+01 7.411824703843868933e-01 5.111309577750124511e+00 -2.383203173210486636e-02 9.595782113430650906e-02 4.450492203907432942e-03
7.439008041240238356e+01 7.417777089044157446e-01 5.136230008566582406e+00 -2.413424951055254120e-02 8.660192160552779295e-02 1.564512915896265621e-03
7.496231180019033502e+01 7.384023511968742515e-01 5.132339669910345847e+00 -2.490021790172700089e-02 8.608609071998304940e-02 1.596029103361817914e-03
7.553454318797828648e+01 7.388365036261272945e-01 5.135744693571380637e+00 -2.374356903398265606e-02 9.360786637380005826e-02 6.583045440532314663e-03
7.610677457576625216e+01 7.395695412618744635e-01 5.143270349966002186e+00 -2.233893913271083054e-02 8.692705310798543028e-02 5.313393651557238306e-03
7.667900596355420362e+01 7.403453331446095964e-01 5.113898745836436888e+00 -2.227574126869201476e-02 9.329046105658106436e-02 8.221341028403231221e-03
7.725123735134215508e+01 7.424403181343799396e-01 5.114096624291531334e+00 -2.132590578424585492e-02 9.719871089596560099e-02 -6.938870829579113497e-03
7.782346873913010654e+01 7.441619743613455684e-01 5.129640562842000762e+00 -2.651685954771378084e-02 8.597233446739585561e-02 -6.551187347712192355e-03
7.839570012691805800e+01 7.434216880616547618e-01 5.117424644299969572e+00 -1.551561395464744197e-02 9.780881668975785481e-02 1.005761602612911809e-03
7.896793151470600947e+01 7.425383384683064136e-01 5.106203856031898525e+00 -1.530978430341457808e-02 9.344193540241904627e-02 -3.710306460979029275e-03
7.954016290249397514e+01 7.444526696877747929e-01 5.115314437015665128e+00 -1.993296817160904177e-02 9.518679388398001984e-02 2.001869213343887566e-04
8.011239429028192660e+01 7.464086293349427859e-01 5.129319464195646106e+00 -2.882435849177347742e-02 9.017223033929763765e-02 1.499172607337603824e-03
8.068462567806987806e+01 7.457613740389732460e-01 5.147639191000171088e+00 -2.449824795837504676e-02 8.929407043781267816e-02 -8.191623728673325111e-04
8.125685706585782953e+01 7.464710303567803074e-01 5.187272580535594813e+00 -1.785137726892306598e-02 9.728673251491168350e-02 5.632347050199923433e-03
8.182908845364578099e+01 7.441118509997706187e-01 5.185983508830113387e+00 -2.052166725318826934e-02 9.762406578041946115e-02 4.896087386376271611e-03
8.240131984143373245e+01 7.464207808055002280e-01 5.180185311717426799e+00 -1.953630689078249272e-02 9.196639504535766840e-02 1.563003435319759715e-03
8.297355122922168391e+01 7.459682904918301105e-01 5.167416903666021355e+00 -1.842546275733877859e-02 9.833224355950068163e-02 3.330976418575382070e-03
8.354578261700964958e+01 7.431550931658316150e-01 5.186751869450949570e+00 -2.238276783524764668e-02 8.233943758161751947e-02 -4.433093788208719577e-03
8.411801400479760105e+01 7.452640174956102204e-01 5.175961476192761701e+00 -2.466089858166806148e-02 8.251759845891007417e-02 -5.775434798515652335e-03
8.469024539258555251e+01 7.459948696628192488e-01 5.220781047444980061e+00 -2.353163376230413273e-02 8.867015583594259343e-02 1.371100011861650647e-03
8.526247678037350397e+01 7.465006538707101846e-01 5.235442749938530760e+00 -2.019986593810270403e-02 9.024817935184425988e-02 4.274184582604145799e-03
8.583470816816145543e+01 7.480716209227209479e-01 5.211885420165977223e+00 -1.980333904962408575e-02 9.141753240490671506e-02 8.742735125453093836e-03
