0.000000000000000000e+00 1.509416083880268378e+00 1.000000000000000000e+00
1.101260794777344787e-01 1.475615709355131644e+00 9.337560135164397757e-01
2.198134096348385302e-01 1.437373491013034688e+00 8.702086355439442311e-01
3.295007397919424985e-01 1.400337724674180384e+00 8.147396996634482802e-01
4.391880699490477991e-01 1.367026366354125111e+00 7.639547520200260511e-01
5.488754001061505461e-01 1.336546520087102508e+00 7.180077124963243351e-01
6.585627302632561797e-01 1.307491865787696605e+00 6.750276081678601159e-01
7.682500604203726935e-01 1.280875921883902979e+00 6.373916608798114725e-01
8.774986412568642757e-01 1.257180089386964017e+00 6.008942221791021554e-01
9.871859714139896713e-01 1.233963465657502701e+00 5.698677258974870208e-01
1.096873301571112513e+00 1.212878528393303013e+00 5.421240414583458067e-01
1.206560631728236688e+00 1.194676225667307135e+00 5.154553305577548317e-01
1.316247961885358864e+00 1.179407825545035537e+00 4.894013452247791274e-01
1.425935292042477931e+00 1.163961650464540476e+00 4.671058348193737886e-01
1.535622622199564580e+00 1.149400770610315980e+00 4.474381982318983431e-01
1.645309952356642347e+00 1.136497017057689574e+00 4.290893325467866615e-01
1.754997282513727663e+00 1.124725173223144470e+00 4.120896306864342273e-01
1.864684612670811426e+00 1.113634770563596277e+00 3.969710247432665651e-01
1.974810692148529334e+00 1.103501109914771128e+00 3.832304019498286030e-01
2.084498022305616871e+00 1.095173445257640710e+00 3.703128344351993562e-01
2.194185352462691974e+00 1.088337398545203172e+00 3.584519960419123574e-01
2.303872682619782175e+00 1.080388037991760530e+00 3.481063231212702114e-01
2.413560012776863495e+00 1.073970892623966389e+00 3.381390324299065053e-01
2.523247342933953696e+00 1.066855675502703660e+00 3.296131913297341010e-01
2.632934673091034128e+00 1.062025652948499044e+00 3.219543717145211259e-01
2.742622003248127438e+00 1.056287613356555077e+00 3.153008765938046798e-01
2.852309333405243841e+00 1.052208058369238586e+00 3.085880729161740721e-01
2.961996663562395771e+00 1.049420474974739115e+00 3.021965319957676255e-01
3.071683993719567685e+00 1.043775615382763311e+00 2.973937903955409245e-01
3.180932574556090131e+00 1.038341552157692416e+00 2.928510932161763614e-01
3.290619904713263377e+00 1.034899850247910313e+00 2.888244480971627892e-01
3.400307234870421080e+00 1.033881053763047841e+00 2.841750434090078437e-01
3.509994565027576119e+00 1.030841225753246215e+00 2.807550018266678493e-01
3.619681895184750697e+00 1.027602063757366402e+00 2.779356395980251415e-01
3.729369225341903071e+00 1.025618688586987570e+00 2.745787152264988484e-01
3.839056555499075429e+00 1.023620368157037497e+00 2.717878516851515713e-01
3.948743885656232688e+00 1.021890519998305713e+00 2.693607817993187159e-01
4.058431215813392612e+00 1.020395828397315796e+00 2.672343550078501995e-01
4.168118545970557420e+00 1.018019409688411647e+00 2.651248302425988079e-01
4.277805876127717788e+00 1.017180237650389785e+00 2.628930596237003536e-01
4.387493206284891478e+00 1.016416466394050255e+00 2.613659634131842990e-01
4.497180536442052734e+00 1.013855296180573795e+00 2.601010661436319316e-01
4.606867866599198003e+00 1.011469924950392674e+00 2.592549361498600047e-01
4.716555196756376134e+00 1.011089959846368513e+00 2.582730963908955735e-01
4.826242526913539166e+00 1.010766468484337155e+00 2.567248516578109485e-01
4.935929857070692428e+00 1.009830202590428216e+00 2.554652998975979750e-01
5.045617187227856348e+00 1.009438140725593014e+00 2.542531911411351486e-01
5.155304517385034480e+00 1.008893697458510985e+00 2.533980074185778197e-01
5.264991847542176195e+00 1.007359577548207374e+00 2.525953614957137661e-01
5.374679177699340116e+00 1.006306584033688001e+00 2.520177251619517000e-01
5.484366507856515582e+00 1.005923022955820700e+00 2.512978920670514427e-01
5.594053838013682167e+00 1.005024225094272250e+00 2.507811851232808475e-01
5.703741168170715525e+00 1.004252595503723811e+00 2.500758641125952475e-01
5.813428498327704474e+00 1.002470441319564864e+00 2.493583443382950959e-01
5.923115828484712075e+00 1.002030352184095641e+00 2.491380151141195376e-01
6.032803158641732999e+00 1.001223180827186310e+00 2.488215299819392101e-01
6.142490488798743264e+00 1.001140898559465864e+00 2.479968477580853647e-01
6.252177818955730437e+00 1.002364637207890707e+00 2.474272908962563133e-01
6.361865149112738926e+00 1.002098486352016149e+00 2.471117263583041679e-01
6.471552479269759850e+00 1.001837777548196362e+00 2.472123130158946080e-01
6.581239809426771004e+00 1.001830038265840717e+00 2.468387108618650405e-01
6.690927139583755512e+00 1.002462135707956392e+00 2.463699362289969441e-01
6.800614469740765777e+00 1.002622525999054215e+00 2.455777920919556268e-01
6.910301799897786701e+00 1.002488071746193032e+00 2.454002707515263171e-01
7.020427879375433555e+00 1.002117826373847498e+00 2.453065187538766567e-01
7.130115209532415399e+00 1.001328318684481911e+00 2.456610751538243764e-01
7.239802539689427441e+00 1.002206936975774232e+00 2.451986918373201818e-01
7.349489869846446588e+00 1.001606968415449384e+00 2.450261034486853895e-01
7.459177200003460406e+00 1.001413405372521215e+00 2.450947865117247826e-01
7.568864530160442250e+00 1.002454404034639035e+00 2.445847922356385595e-01
7.678551860317458733e+00 1.002697960875313044e+00 2.443986651003887678e-01
7.788239190474474327e+00 1.003553368158484949e+00 2.440511606304422709e-01
7.897926520631482816e+00 1.003387057348698042e+00 2.443957011279800640e-01
8.007613850788475318e+00 1.002644330730412925e+00 2.444506031742982310e-01
8.117301180945480255e+00 1.002663928308320518e+00 2.446031414015880923e-01
8.226988511102492296e+00 1.003507372374904394e+00 2.442681745480239641e-01
8.336675841259514996e+00 1.002779526714010716e+00 2.444837136342212225e-01
8.446363171416495064e+00 1.002438297304892423e+00 2.445791279044898237e-01
8.556050501573519540e+00 1.003260625960382013e+00 2.446413732388057205e-01
8.665737831730529805e+00 1.001826133053213885e+00 2.444465201874317095e-01
8.775425161887529413e+00 1.001328318180626287e+00 2.442311394675477365e-01
8.885112492044536125e+00 1.001090525759587235e+00 2.442656847229223716e-01
8.994799822201533956e+00 9.998720872323233477e-01 2.442132401539804099e-01
9.104487152358538893e+00 9.992544620580849912e-01 2.442569027258198189e-01
9.214174482515570475e+00 9.996845393674456126e-01 2.445680701672993396e-01
9.323861812672546989e+00 1.000665436861392310e+00 2.442640936614819958e-01
9.433549142829578571e+00 1.001338773568679397e+00 2.442439955738743285e-01
9.543236472986583507e+00 1.001517717566142274e+00 2.443149268793962103e-01
9.652923803143579562e+00 1.002032817602191761e+00 2.440711688263800250e-01
9.762611133300593380e+00 1.002260969022380266e+00 2.447078008275110350e-01
9.872298463457587658e+00 1.001236183198750185e+00 2.449783533511927514e-01
9.981985793614589042e+00 1.002448441278732449e+00 2.439458248921567152e-01
1.009167312377162595e+01 1.001966933501476698e+00 2.443478641425687325e-01
1.020136045392859891e+01 1.002753728869369088e+00 2.437509153219217517e-01
1.031104778408563938e+01 1.002484941052554923e+00 2.437941537676000248e-01
1.042073511424263721e+01 1.001565262190283523e+00 2.442799433106631057e-01
1.053042244439962793e+01 1.001536865989246960e+00 2.444215515240767966e-01
1.064010977455665063e+01 1.000283188733179340e+00 2.445905152738826194e-01
1.074979710471364136e+01 9.998599725153949347e-01 2.445161925931705893e-01
1.085948443487063741e+01 1.000552830789856795e+00 2.442677073119098596e-01
1.096917176502768143e+01 9.997294538338608039e-01 2.443314071073893756e-01
1.107885909518465262e+01 1.000800818763695421e+00 2.436494350475704729e-01
1.118854642534169663e+01 1.001070159129053172e+00 2.435152176729842854e-01
1.129823375549869269e+01 9.999863167584852608e-01 2.437367951780737008e-01
1.140792108565567808e+01 9.998019917550144964e-01 2.438865752719023006e-01
1.151760841581270789e+01 9.992781722426020696e-01 2.441107491923814043e-01
1.162729574596969684e+01 9.991222433836354222e-01 2.445250931767880831e-01
1.173698307612668934e+01 9.987356473165818205e-01 2.443930989937760645e-01
1.184667040628373869e+01 9.985696002710210406e-01 2.445200205505239088e-01
1.195635773644070454e+01 9.976396693223944512e-01 2.455025410262149932e-01
1.206604506659775389e+01 9.985149146774314755e-01 2.448503632950213005e-01
1.217573239675474639e+01 9.977505967817569266e-01 2.447710104268732145e-01
1.228541972691173001e+01 9.975967457077041800e-01 2.450360698531380277e-01
1.239510705706876337e+01 9.989020089807212344e-01 2.445892887392511483e-01
1.250479438722575054e+01 9.985967299490375870e-01 2.440028463895353716e-01
1.261448171738273771e+01 9.981408568560645733e-01 2.438777243831276864e-01
1.272416904753979239e+01 9.979134695364001439e-01 2.443079006121021135e-01
1.283385637769675824e+01 9.986063847834683038e-01 2.443898123760212260e-01
1.294354370785381292e+01 9.998116628020434771e-01 2.441841472701911098e-01
1.305323103801080009e+01 9.986503676533706741e-01 2.446525678823615324e-01
1.316291836816778194e+01 9.987039452620743996e-01 2.445061610346841718e-01
1.327260569832482062e+01 9.999941685378116452e-01 2.441456968555147933e-01
1.338229302848180424e+01 1.000854563752287651e+00 2.441983999579472042e-01
1.349198035863878964e+01 1.001205680602610171e+00 2.435981590798937391e-01
1.360166768879584609e+01 9.996939237893034402e-01 2.438015632222677587e-01
1.371135501895281195e+01 1.000897578382653030e+00 2.435089046554523295e-01
1.382104234910986662e+01 1.002410868002940214e+00 2.434704902629906964e-01
1.393072967926685379e+01 1.003006170490323479e+00 2.432188444806684113e-01
1.404041700942383564e+01 1.002437844878294682e+00 2.429467509834960237e-01
1.415010433958087610e+01 1.002040507947254744e+00 2.430532528645254486e-01
1.425979166973785794e+01 1.001226511675870068e+00 2.431978845826670566e-01
1.436947899989483979e+01 1.000103381328601326e+00 2.430505393666143044e-01
1.447916633005189979e+01 1.000657126172238121e+00 2.426923345376640340e-01
1.458885366020886565e+01 9.993795426821673322e-01 2.432690993429615645e-01
1.469854099036592565e+01 9.991866820388751735e-01 2.433716694008050685e-01
1.480822832052290217e+01 9.993578930540161220e-01 2.437781508645326667e-01
1.491791565067988934e+01 1.000339288975657936e+00 2.435492764946909916e-01
1.502760298083692980e+01 9.997165744278470045e-01 2.441622089890301273e-01
1.513729031099391875e+01 9.995952034539417053e-01 2.443148334095151253e-01
1.524697764115089171e+01 9.993405920296362099e-01 2.448713544975832102e-01
1.535666497130795349e+01 9.992381948131543457e-01 2.453357263663789589e-01
1.546635230146493001e+01 9.999807614831431879e-01 2.452843959078112035e-01
1.557603963162196870e+01 1.001414560904988704e+00 2.446604791706163129e-01
1.568572696177896120e+01 1.001646616379646693e+00 2.445336637764365662e-01
1.579541429193595192e+01 1.001033709981782538e+00 2.445194393324771343e-01
1.590510162209297107e+01 1.001907359392014252e+00 2.441766566506805569e-01
1.601478895224996535e+01 1.000425401060775155e+00 2.445402826750923964e-01
1.612447628240695963e+01 9.989349590565189674e-01 2.449768589040713096e-01
1.623416361256398588e+01 9.990426888277641471e-01 2.442109267306777909e-01
1.634385094272097305e+01 9.989370072906896825e-01 2.444446428770663815e-01
1.645353827287803483e+01 9.978465524554069876e-01 2.447490228901804121e-01
1.656322560303499358e+01 9.992926496565416317e-01 2.446163009341580652e-01
1.667291293319199497e+01 9.998201934650908784e-01 2.449748620114860498e-01
1.678260026334903898e+01 9.994272069141472148e-01 2.452705369360970167e-01
1.689228759350604037e+01 9.996392467552595029e-01 2.451119567243026931e-01
1.700197492366299556e+01 1.000673449820528527e+00 2.448159528539442797e-01
1.711166225382006090e+01 1.000529133872815724e+00 2.452835062906109642e-01
1.722134958397704807e+01 1.000048950295864936e+00 2.458277960692467068e-01
1.733103691413406366e+01 9.996299039057626734e-01 2.455345360473867866e-01
1.744072424429106860e+01 9.989031009300226582e-01 2.453968576770684806e-01
1.755041157444807354e+01 9.994168350899902409e-01 2.450611320593895082e-01
1.766009890460506782e+01 9.986483677702351347e-01 2.451265945322018691e-01
1.776978623476207275e+01 9.983283600473452646e-01 2.447040905098041841e-01
1.787947356491907769e+01 9.986903300594930366e-01 2.443723761979610665e-01
1.798916089507608262e+01 9.988109761518475516e-01 2.445877540792540661e-01
1.809884822523307690e+01 9.990980492485520559e-01 2.439982444572364462e-01
1.820853555539014579e+01 9.992938487149917171e-01 2.441496866747402683e-01
1.831822288554709033e+01 1.000883896786017635e+00 2.435584985188968266e-01
1.842791021570409526e+01 1.000546216749153894e+00 2.436079116249681986e-01
1.853759754586115349e+01 1.000841393018087278e+00 2.436519434422504404e-01
1.864728487601816198e+01 1.000806664893315379e+00 2.438571652815655355e-01
1.875697220617510297e+01 1.002026659275722098e+00 2.438330666825198889e-01
1.886665953633216830e+01 1.001628477940390338e+00 2.436370780638622835e-01
1.897634686648916968e+01 1.001375684997080073e+00 2.439471183659731590e-01
1.908603419664616396e+01 1.001631913694861931e+00 2.443222896538309319e-01
1.919572152680317600e+01 1.001558435002435354e+00 2.444181615785893935e-01
1.930540885696018805e+01 1.001191127210758092e+00 2.448900140773618006e-01
1.941509618711716811e+01 1.000368891663028226e+00 2.450422067310383256e-01
1.952478351727418016e+01 9.996932136685571235e-01 2.452366968964014016e-01
1.963447084743119575e+01 9.990316401699902427e-01 2.452200770888326165e-01
1.974415817758818292e+01 9.996962357866476800e-01 2.448799087951562536e-01
1.985384550774518431e+01 9.999976685146667599e-01 2.446478036702854075e-01
1.996353283790225674e+01 1.000116895430899211e+00 2.447414153978074991e-01
2.007322016805918352e+01 9.999279007689800824e-01 2.444915701892325377e-01
2.018290749821620267e+01 9.992669226720545250e-01 2.441362462156673740e-01
2.029259482837326445e+01 9.998153369066160590e-01 2.440463612626518897e-01
2.040228215853028004e+01 1.001487301818269948e+00 2.434031354124444047e-01
2.051196948868721037e+01 1.001397441771986863e+00 2.435200000497716455e-01
2.062165681884427926e+01 1.002709338596766919e+00 2.427965305523633321e-01
2.073134414900128775e+01 1.003188085879025415e+00 2.426170579014862994e-01
2.084103147915826071e+01 1.001586703624763652e+00 2.428202915457916000e-01
2.095071880931528341e+01 1.001215220266047368e+00 2.425891578138067439e-01
2.106040613947230256e+01 1.001011470412993321e+00 2.422604449792549741e-01
2.117009346962926486e+01 1.000843356247430149e+00 2.423264118454953042e-01
2.127978079978628756e+01 9.994933053259911215e-01 2.430609285945778686e-01
2.138946812994331026e+01 9.998477421304067247e-01 2.425372086842089714e-01
2.149915546010027967e+01 1.000736848931732981e+00 2.426851769120640101e-01
2.160884279025729171e+01 9.992965674466904868e-01 2.432960690071415133e-01
2.171853012041436770e+01 9.982140763631816016e-01 2.440441172231122557e-01
2.182821745057128027e+01 9.985430937023133113e-01 2.444223333167261925e-01
