0.000000000000000000e+00 1.521521977773277801e+00 1.000000000000000000e+00
1.062043643542339572e-01 1.386669425731048788e+00 1.049845063009900104e+00
2.119856037508793811e-01 1.271073396291247715e+00 1.105461399405422762e+00
3.177668431475247357e-01 1.174012017778617745e+00 1.168555482819054303e+00
4.235480825441713115e-01 1.093418051415365300e+00 1.242015268210384660e+00
5.293293219408155004e-01 1.024302638197624571e+00 1.322318065698736778e+00
6.351105613374624648e-01 9.655941410413735326e-01 1.410674081127708979e+00
7.408918007341199763e-01 9.163326737165012892e-01 1.509550509038956712e+00
8.462499151731941449e-01 8.734680632417936019e-01 1.616852440587438267e+00
9.520311545698600941e-01 8.372265675493751891e-01 1.734927961281008013e+00
1.057812393966523823e+00 8.057269090800267541e-01 1.863314605059389395e+00
1.163593633363188662e+00 7.776392519024699634e-01 1.996158619094211328e+00
1.269374872759851502e+00 7.544524425679497437e-01 2.142764525689750066e+00
1.375156112156511456e+00 7.356776078037305933e-01 2.303495341498284610e+00
1.480937351553139880e+00 7.191423275919353042e-01 2.474842323661330390e+00
1.586718590949760088e+00 7.039543255758113904e-01 2.649949101506915206e+00
1.692499830346387402e+00 6.914468671438980252e-01 2.836427024602975688e+00
1.798281069743013161e+00 6.813919753187436257e-01 3.034993175126400544e+00
1.904485434097231256e+00 6.722188283809723552e-01 3.240640535955025214e+00
2.010266673493860790e+00 6.646008595523199558e-01 3.455829855915137472e+00
2.116047912890477889e+00 6.582099778868397699e-01 3.675994072830804260e+00
2.221829152287110531e+00 6.531956792744926243e-01 3.911506142895972093e+00
2.327610391683733848e+00 6.502803624790786108e-01 4.161820739850697670e+00
2.433391631080365602e+00 6.473401454162684976e-01 4.416963697122041843e+00
2.539172870476988475e+00 6.449910408623392710e-01 4.677834904915419756e+00
2.644954109873623782e+00 6.441954040412120053e-01 4.956310910148585158e+00
2.750735349270280850e+00 6.450731641490115020e-01 5.254453743530008936e+00
2.856516588666972556e+00 6.456713761332663060e-01 5.552316018109635820e+00
2.962297828063683358e+00 6.466111441775092006e-01 5.855276599867472065e+00
3.067655942502787614e+00 6.473957420974153498e-01 6.160542227520427794e+00
3.173437181899499748e+00 6.491913537097702136e-01 6.483507048721945054e+00
3.279218421296196784e+00 6.513499255023642576e-01 6.812432814197105557e+00
3.384999660692891599e+00 6.538223229983299856e-01 7.151061667275967260e+00
3.490780900089604621e+00 6.575055600124439792e-01 7.505201010422496211e+00
3.596562139486297216e+00 6.606932843280485246e-01 7.859451114683209560e+00
3.702343378883008018e+00 6.642680449577683666e-01 8.222850620599059468e+00
3.808124618279705054e+00 6.682092402685231303e-01 8.591620896789951445e+00
3.913905857676403865e+00 6.730677857395878094e-01 8.974386199654681207e+00
4.019687097073108006e+00 6.776525656730103542e-01 9.355702768205999220e+00
4.125468336469807262e+00 6.816820018987052032e-01 9.731149883847214355e+00
4.231249575866520729e+00 6.860785802060936911e-01 1.011910399441979713e+01
4.337030815263220873e+00 6.908023407488145251e-01 1.050602151623599667e+01
4.442812054659906806e+00 6.959815693632845912e-01 1.090972136399794223e+01
4.548593294056622938e+00 6.999833686790726262e-01 1.128883349450138596e+01
4.654374533453325746e+00 7.052357921115657291e-01 1.169135994722876859e+01
4.760155772850017897e+00 7.108277123308247569e-01 1.210581805706992853e+01
4.865937012246721594e+00 7.151494829094107164e-01 1.248963186220091792e+01
4.971718251643438613e+00 7.205866640052689398e-01 1.289679433679700082e+01
5.077499491040120105e+00 7.259542258632365463e-01 1.330195010940632550e+01
5.183280730436823802e+00 7.321702333037165555e-01 1.373358612784780775e+01
5.289061969833538157e+00 7.371090441471720434e-01 1.412965173053864554e+01
5.394843209230243630e+00 7.435221036247593451e-01 1.455270452758962740e+01
5.500624448626820318e+00 7.487076707993095548e-01 1.495347696409482197e+01
5.606405688023355260e+00 7.541310532004887879e-01 1.534733100333283140e+01
5.712186927419907967e+00 7.602677324494022670e-01 1.576942916324957444e+01
5.817968166816472220e+00 7.656931929874473131e-01 1.616679000333637717e+01
5.923749406213027591e+00 7.710859340809376183e-01 1.656307102572601408e+01
6.029530645609559869e+00 7.787471488430612876e-01 1.700200451015745884e+01
6.135311885006114352e+00 7.833325626866378677e-01 1.737215615145363756e+01
6.241093124402678605e+00 7.898162734273240781e-01 1.778208999683785052e+01
6.346874363799234864e+00 7.949904532660043710e-01 1.815743984258042332e+01
6.452655603195765366e+00 7.994593633744099259e-01 1.851328806396384152e+01
6.558436842592319849e+00 8.048235874491812547e-01 1.888790613102190008e+01
6.664218081988884990e+00 8.102613879076511205e-01 1.925055777340947571e+01
6.770422446343034473e+00 8.151947030520071413e-01 1.957949303950844211e+01
6.876203685739562310e+00 8.195605194224010459e-01 1.989840937068853677e+01
6.981984925136118569e+00 8.243110556638444386e-01 2.021478330757071973e+01
7.087766164532681934e+00 8.295672132247386976e-01 2.056080477817160101e+01
7.193547403929240858e+00 8.344818093538475257e-01 2.087398849623112795e+01
7.299328643325768695e+00 8.398807053059824668e-01 2.121761482064900051e+01
7.405109882722329395e+00 8.444646127701951333e-01 2.152899888921336569e+01
7.510891122118890095e+00 8.497509820437978423e-01 2.184168266645610501e+01
7.616672361515442802e+00 8.530408820984687335e-01 2.210134856652195623e+01
7.722453600911980409e+00 8.577026468879292986e-01 2.238980558232456275e+01
7.828234840308531339e+00 8.617966494336068983e-01 2.266478041297721546e+01
7.934016079705086710e+00 8.659366328809007252e-01 2.292597778494941707e+01
8.039797319101655404e+00 8.703092645700960528e-01 2.318842963038262184e+01
8.145578558498179689e+00 8.741108099750347638e-01 2.342805825999556646e+01
8.251359797894748382e+00 8.788882997730246283e-01 2.371168001879037490e+01
8.357141037291302865e+00 8.831394177612875707e-01 2.396484970109297308e+01
8.462922276687848466e+00 8.868963369943152486e-01 2.418884503809990250e+01
8.568703516084399396e+00 8.908206058014942474e-01 2.443411069862385432e+01
8.674484755480943221e+00 8.948296793147720862e-01 2.466250796504492726e+01
8.780265994877492375e+00 8.987314084845029472e-01 2.487771128099033646e+01
8.886047234274068174e+00 9.020558301287894265e-01 2.508794057126440080e+01
8.991828473670590682e+00 9.057386286331988723e-01 2.529956016953700271e+01
9.097609713067166481e+00 9.095185855758178839e-01 2.549951278905462360e+01
9.203390952463715635e+00 9.123603896412398884e-01 2.566834615330170877e+01
9.309172191860255907e+00 9.154420800129632330e-01 2.583137791048615028e+01
9.414953431256815719e+00 9.196379929025032540e-01 2.603514356550553188e+01
9.520734670653355991e+00 9.228547395005095577e-01 2.620279758784527502e+01
9.626515910049901592e+00 9.260094986727546162e-01 2.635446653663812810e+01
9.732297149446482720e+00 9.295847784670857594e-01 2.653235775220635873e+01
9.838078388843001676e+00 9.324063161442903702e-01 2.666821231166759176e+01
9.943859628239584580e+00 9.349243216396965206e-01 2.680234561358058798e+01
1.004964086763612841e+01 9.374935217378046470e-01 2.690755533342811034e+01
1.015542210703266512e+01 9.406229333060834863e-01 2.704690415199991449e+01
1.026120334642923204e+01 9.447453548831311609e-01 2.722096922975339695e+01
1.036698458582576876e+01 9.466515245683944091e-01 2.732231046933573637e+01
1.047276582522230903e+01 9.501402833870904452e-01 2.746366217920656894e+01
1.057854706461889727e+01 9.523811740546102023e-01 2.754363018908749083e+01
1.068432830401541445e+01 9.545685153432187375e-01 2.761609816538793183e+01
1.079010954341200090e+01 9.567470312506801688e-01 2.769066382462861142e+01
1.089589078280854118e+01 9.596986001854986847e-01 2.782554828780328293e+01
1.100167202220507434e+01 9.621282816941345573e-01 2.791281093810676595e+01
1.110745326160164836e+01 9.646583921625546676e-01 2.800118187592124741e+01
1.121323450099818153e+01 9.665164219203229434e-01 2.805234075981426045e+01
1.131901574039472003e+01 9.689530306906958268e-01 2.810370543165500123e+01
1.142479697979131181e+01 9.707492571721920704e-01 2.819157975419961559e+01
1.153057821918782544e+01 9.725709286565807909e-01 2.825694637227725181e+01
1.163635945858441723e+01 9.750860052054414195e-01 2.834567933910868121e+01
1.174214069798095395e+01 9.764792743595033242e-01 2.840507998190989625e+01
1.184792193737748356e+01 9.778713009042160342e-01 2.842512170692604911e+01
1.195370317677406291e+01 9.802714379606918271e-01 2.851888794127000537e+01
1.205948441617059430e+01 9.818622016163992550e-01 2.856398811149592021e+01
1.216526565556712747e+01 9.843055300672126640e-01 2.862027502106544574e+01
1.227104689496372458e+01 9.868974805095892533e-01 2.869202738485263282e+01
1.237682813436023821e+01 9.882284937892107379e-01 2.875202040985361052e+01
1.248260937375683532e+01 9.887324052141341912e-01 2.874386502484269101e+01
1.258839061315336671e+01 9.888687347535198846e-01 2.874426796192912903e+01
1.269417185254989455e+01 9.904491638302107548e-01 2.876467647864810573e+01
1.279995309194647746e+01 9.932947373081010278e-01 2.886316306007884336e+01
1.290573433134300707e+01 9.937611440152261943e-01 2.886239091474879714e+01
1.301151557073953668e+01 9.941074106258098730e-01 2.886534114361929326e+01
1.311729681013613735e+01 9.949785934845164492e-01 2.887990860274102900e+01
1.322307804953264920e+01 9.967124904545504593e-01 2.893823804815570355e+01
1.332885928892924632e+01 9.982676111415480502e-01 2.894290873949682918e+01
1.343464052832577948e+01 9.997349829907071772e-01 2.897288088237397474e+01
1.354042176772230732e+01 1.000199423866983128e+00 2.896917628283760138e+01
1.364620300711889200e+01 1.001684696623917015e+00 2.898466226996060868e+01
1.375198424651541984e+01 1.002095507421097542e+00 2.897916902462218403e+01
1.385776548591194768e+01 1.003548281461369429e+00 2.900125919139553687e+01
1.396354672530854835e+01 1.005020532754197671e+00 2.902255811114470063e+01
1.406932796470506197e+01 1.004615034843676646e+00 2.899758696721460893e+01
1.417510920410166442e+01 1.005572487021127559e+00 2.901528804224393809e+01
1.428089044349818693e+01 1.006466990712364451e+00 2.903555107931186541e+01
1.438667168289472009e+01 1.006733979774518062e+00 2.902602199489320256e+01
1.449245292229130477e+01 1.007243320278432330e+00 2.902458915910315085e+01
1.459823416168783972e+01 1.006843738767757568e+00 2.898941758365995369e+01
1.470401540108435690e+01 1.006666267682335913e+00 2.895683138024473635e+01
1.480979664048096112e+01 1.006785937828892363e+00 2.895154221150047746e+01
1.491557787987748362e+01 1.007717680763322354e+00 2.896833848523186816e+01
1.502135911927406653e+01 1.008898812698767022e+00 2.899348515145853966e+01
1.512714035867060502e+01 1.008948820274065072e+00 2.896378131316015825e+01
1.523292159806714174e+01 1.008916152262107513e+00 2.894124202194329953e+01
1.533870283746370511e+01 1.010105165583707443e+00 2.896128510705654335e+01
1.544448407686024538e+01 1.010976138840012473e+00 2.897495287374935558e+01
1.555026531625678388e+01 1.010061813060193714e+00 2.890913612636439112e+01
1.565604655565335435e+01 1.010090962731616804e+00 2.888050605615040922e+01
1.576182779504988751e+01 1.010619425527105486e+00 2.889770342078710641e+01
1.586760903444649173e+01 1.011143891481963708e+00 2.890750488639562477e+01
1.597339027384299825e+01 1.011519830990865065e+00 2.890764997449176121e+01
1.607917151323954030e+01 1.011971373765573778e+00 2.889730228374314436e+01
1.618495275263613209e+01 1.012034672151385983e+00 2.888772296737444734e+01
1.629073399203267769e+01 1.011966733580576872e+00 2.889911920694517278e+01
1.639651523142918066e+01 1.012263509306718934e+00 2.889294260541296211e+01
1.650229647082578666e+01 1.011493616384943284e+00 2.884840757289090263e+01
1.660807771022232160e+01 1.011703795250701532e+00 2.883966783109206489e+01
1.671385894961888141e+01 1.011784053133243155e+00 2.881937561996585373e+01
1.681964018901543056e+01 1.011415934722686760e+00 2.880776203272628422e+01
1.692542142841197972e+01 1.010186311451221286e+00 2.874936359447134393e+01
1.703120266780852177e+01 1.010337228901602602e+00 2.874975741890649772e+01
1.713698390720507092e+01 1.008705985380858206e+00 2.869948581290446654e+01
1.724276514660162007e+01 1.008869884398662320e+00 2.868058917451008583e+01
1.734854638599816923e+01 1.007781752752164417e+00 2.864662743869929784e+01
1.745432762539471128e+01 1.007013407959687079e+00 2.861868448867821968e+01
1.756010886479131727e+01 1.005979184396686543e+00 2.856122813974543817e+01
1.766589010418780958e+01 1.006346463567996619e+00 2.856659918827109124e+01
1.777167134358436229e+01 1.006477815168376200e+00 2.857354222507957076e+01
1.787745258298096118e+01 1.007211942741963462e+00 2.860070538634417758e+01
1.798323382237751389e+01 1.007704459777842620e+00 2.861508157576383127e+01
1.808901506177400265e+01 1.007199063714408593e+00 2.856836023935128210e+01
1.819479630117061220e+01 1.007191281159577123e+00 2.855749691601612739e+01
1.830057754056715780e+01 1.007083752260979237e+00 2.853308352931664515e+01
1.840635877996369629e+01 1.006663599959013444e+00 2.852332745412552129e+01
1.851214001936025255e+01 1.005977333847922761e+00 2.849083292799264910e+01
1.861792125875681236e+01 1.006400271125248214e+00 2.850143970402227467e+01
1.872370249815333665e+01 1.006570354238942588e+00 2.850186147425713656e+01
1.882948373754989291e+01 1.006977702783905748e+00 2.850760203166916540e+01
1.893526497694645272e+01 1.007111428316029622e+00 2.848639024681196474e+01
1.904104621634298411e+01 1.007688510676409965e+00 2.850290789798044599e+01
1.914682745573953326e+01 1.008294663994788731e+00 2.852322410650183926e+01
1.925260869513614637e+01 1.009289330102776105e+00 2.855571625051726770e+01
1.935838993453262447e+01 1.009193919338655432e+00 2.853367602861795405e+01
1.946417117392918428e+01 1.008872426962359015e+00 2.847253004740393934e+01
1.956995241332579027e+01 1.008587572232799046e+00 2.843505415124285207e+01
1.967573365272235009e+01 1.007928426359837593e+00 2.841745858553345272e+01
1.978151489211882819e+01 1.008305044282837182e+00 2.841617239980370968e+01
1.988729613151543774e+01 1.007881743308090661e+00 2.838936628369061310e+01
1.999307737091199400e+01 1.007502525362638179e+00 2.839287122402577879e+01
2.009885861030851473e+01 1.007390171098274667e+00 2.837473520771482072e+01
2.020463984970507809e+01 1.008872218202901960e+00 2.841253820569285793e+01
2.031042108910164146e+01 1.009140907661321140e+00 2.843165343513263466e+01
2.041620232849815508e+01 1.009232417720316688e+00 2.842601196134873476e+01
2.052198356789471845e+01 1.009852047099088601e+00 2.843802468453659316e+01
2.062776480729128536e+01 1.008710475768020531e+00 2.840787355409218762e+01
2.073354604668780254e+01 1.007884278501537834e+00 2.837805244193561904e+01
2.083932728608435880e+01 1.008389890194924421e+00 2.839286765781594468e+01
2.094510852548097546e+01 1.007231103650150894e+00 2.837082706293207579e+01
2.105088976487743935e+01 1.005973890671871152e+00 2.830852168758300991e+01
