0.000000000000000000e+00 1.413683735908916272e+00 1.000000000000000000e+00 -1.136110071969622607e-03 -6.883828649824420658e-03 -3.366406337529903505e-03
1.661563672289033122e-01 1.348834235119429570e+00 1.078278262901238627e+00 -8.680642143317101808e-03 3.902707017136161638e-02 1.150966565851267026e-02
3.316507568991227117e-01 1.289864188089309360e+00 1.155437109561486597e+00 -1.340405789853390400e-02 7.417898055266797241e-02 1.867575466707198373e-02
4.971451465693420002e-01 1.239562203386985306e+00 1.230020369099367850e+00 -1.690302285924944262e-02 9.909579414170088807e-02 2.565045929392905169e-02
6.626395362395631761e-01 1.196267473061646713e+00 1.309160891289052886e+00 -2.181730827787000532e-02 1.148756728215447193e-01 2.688784553069202901e-02
8.281339259097806327e-01 1.160735485421234614e+00 1.389561246065170730e+00 -2.325356734544716322e-02 1.283561822102976258e-01 2.829851308743584065e-02
9.936283155800025302e-01 1.130892806122093086e+00 1.466071016874813004e+00 -2.250945487635717945e-02 1.371189095613766784e-01 2.524116358266613805e-02
1.159122705250240637e+00 1.104471609392326359e+00 1.548178803061361242e+00 -2.345699403708567665e-02 1.488318478037500003e-01 1.770435716644250257e-02
1.323955117361803158e+00 1.080915705479877920e+00 1.625829687601656248e+00 -2.292398668491768196e-02 1.597530637810807563e-01 1.915717740969560129e-02
1.489449507032054809e+00 1.061372216234986343e+00 1.706699878550625771e+00 -2.400778667076210182e-02 1.681103775742539552e-01 1.466443567324063509e-02
1.654943896702302686e+00 1.043971620561907621e+00 1.786318836057960491e+00 -2.304915904841280117e-02 1.660367284281103750e-01 1.534686488783852665e-02
1.820438286372552339e+00 1.030435068752000083e+00 1.862404914346756257e+00 -2.276375708067721743e-02 1.624267931251660579e-01 1.825816706932758757e-02
1.985932676042799105e+00 1.017800328603683191e+00 1.940092133911064387e+00 -2.310234605708551964e-02 1.617095028268819845e-01 1.940615652948580322e-02
2.151427065713041209e+00 1.006759380306158524e+00 2.014149179382702215e+00 -2.338222624737311753e-02 1.746459742015317174e-01 1.556572091315294032e-02
2.316921455383234463e+00 9.973549818055201799e-01 2.087100626140253823e+00 -2.353699412972548241e-02 1.820318293024523471e-01 1.637639049903332270e-02
2.482415845053413950e+00 9.887643215453123524e-01 2.157506610278999482e+00 -2.238176880702071395e-02 1.820801332450249221e-01 1.236805167362918165e-02
2.647910234723604983e+00 9.827311393089017688e-01 2.219014340644818617e+00 -2.521692495890078684e-02 1.904134113265543715e-01 1.331230664566718236e-02
2.813404624393793796e+00 9.773455727359527945e-01 2.276395303453819352e+00 -2.241501627999745519e-02 1.870775134126149986e-01 1.368645736266422240e-02
2.979560991622672184e+00 9.715098329926299403e-01 2.332274662426527367e+00 -1.990390828903275053e-02 1.908589031816304571e-01 1.088337597848438275e-02
3.145055381292866770e+00 9.683182389552499325e-01 2.386944921455523616e+00 -1.791706117660124206e-02 1.972686020257067574e-01 9.657786799836082584e-03
3.310549770963042260e+00 9.650856885898251303e-01 2.435350677427072341e+00 -1.546597323462974190e-02 1.993545022598211536e-01 1.059418522179336394e-02
3.476044160633241287e+00 9.624865808484627250e-01 2.481871679536035824e+00 -1.624077299980666508e-02 1.985905260649158677e-01 8.755838156927741797e-03
3.641538550303426103e+00 9.598671167620985711e-01 2.530790717977954074e+00 -1.659152226963003102e-02 2.000237413075566240e-01 8.978576954854280978e-03
3.807032939973624242e+00 9.586308685016735609e-01 2.571752837921074342e+00 -1.627885699728071067e-02 1.982232531976164114e-01 6.709428371198657669e-03
3.972527329643808169e+00 9.559310216846824693e-01 2.620333905765143800e+00 -1.499325218417678872e-02 1.984596616970566996e-01 3.197152575206418934e-03
4.138021719314012081e+00 9.531591568345942900e-01 2.669171471889475900e+00 -1.435900454066492589e-02 2.048028156338478900e-01 1.244182656774068868e-03
4.303516108984249300e+00 9.506773542102702201e-01 2.706088835845837703e+00 -1.451873817533918740e-02 2.032194831364743659e-01 3.417821900580375605e-04
4.469010498654540697e+00 9.498951483548661034e-01 2.732823112464632498e+00 -1.543974470915081103e-02 2.017600314993853172e-01 1.252088896007340531e-03
4.634504888324863181e+00 9.486390131489881306e-01 2.759835369638399705e+00 -1.266116777748166333e-02 2.021294486768748788e-01 3.450134768583432675e-03
4.799337300436472553e+00 9.460798001001966551e-01 2.787097332696138352e+00 -1.281037334713964158e-02 2.086848681281894269e-01 4.235526368796894807e-03
4.964831690106795925e+00 9.454049632130399061e-01 2.801598977634889742e+00 -1.137063797529515655e-02 2.062422961167006685e-01 2.819866722541968396e-03
5.130326079777096204e+00 9.454487697585043371e-01 2.815020951027576768e+00 -1.049877065811017675e-02 2.088943479880379095e-01 5.351134825523722743e-03
5.295820469447392931e+00 9.458266603999477828e-01 2.829060718496267501e+00 -9.365090589635775495e-03 2.043040736807140989e-01 1.622901585579761274e-03
5.461314859117718079e+00 9.463038313376735955e-01 2.847646669873197034e+00 -1.161955489323098813e-02 1.994432956691527536e-01 1.387753650780236808e-03
5.626809248788011253e+00 9.465043977861425928e-01 2.867654335458677206e+00 -1.094099038673401227e-02 1.975008840574573321e-01 2.501725791027076089e-03
5.792303638458332848e+00 9.458605357687230875e-01 2.881023555586410101e+00 -1.184169536937980556e-02 1.982576408217436581e-01 4.948042823955334316e-05
5.957798028128633128e+00 9.460950978651886389e-01 2.888529921348293783e+00 -1.143909479630050331e-02 1.977034601932451119e-01 1.498405551370328697e-03
6.123292417798936071e+00 9.443238961104108986e-01 2.899406012013067357e+00 -9.916713064065066363e-03 1.999650829193643509e-01 2.129540229108196469e-03
6.288786807469247897e+00 9.432528566024426242e-01 2.913518305855815171e+00 -8.840045343080504478e-03 2.000529318716934013e-01 4.356124530697168783e-03
6.454281197139551729e+00 9.433479844819534499e-01 2.922617109632611232e+00 -8.933774906145237199e-03 1.962214640513646191e-01 -1.430322416939833175e-04
6.619775586809875989e+00 9.421484433792860491e-01 2.931037944826895725e+00 -8.560450072506289865e-03 1.983253375120561379e-01 1.441401038543410574e-03
6.785269976480181597e+00 9.415702247387585100e-01 2.939538190548431906e+00 -8.273033718302772246e-03 2.093195156480185948e-01 3.696660675272214064e-03
6.950764366150464113e+00 9.410121778999452902e-01 2.942546958611581776e+00 -8.064963694179284881e-03 2.127150398536267473e-01 2.829508570352329277e-03
7.116258755820794590e+00 9.406488334312491650e-01 2.949521280860623484e+00 -8.294494068891836158e-03 2.142008922400944759e-01 1.207241984384986892e-03
7.281753145491102863e+00 9.415281406933354580e-01 2.952079396474329709e+00 -7.549314457201522846e-03 2.096603023100728491e-01 4.293327234129926812e-03
7.447247535161396925e+00 9.412511965648377998e-01 2.953268401365701568e+00 -6.653377733842467945e-03 2.080299054761738098e-01 1.363964169502984627e-03
7.612741924831706086e+00 9.418783677247142272e-01 2.959930287518099501e+00 -6.176397433754279159e-03 2.076025495404263954e-01 9.693099788129211358e-04
7.778236314502037452e+00 9.404605008986319792e-01 2.965196268135538826e+00 -5.709147549255653466e-03 2.079551203685045258e-01 1.702335910478525172e-03
7.943730704172313750e+00 9.407690236125969552e-01 2.969555254859646443e+00 -4.583337801987000075e-03 2.121835717842261437e-01 2.560290725412406147e-03
8.109225093842624688e+00 9.399922172714242352e-01 2.967870458537423595e+00 -4.547264014666530657e-03 2.109081865163082159e-01 8.625113882438140470e-05
8.274719483512951612e+00 9.396636546465861883e-01 2.966389492154519747e+00 -5.093711476969266932e-03 2.167939604646691165e-01 -2.237689813686145543e-03
8.440213873183264326e+00 9.394725175084750468e-01 2.961226703553504702e+00 -6.735117726085897670e-03 2.176436275135348875e-01 -4.479421638835897300e-03
8.605708262853376311e+00 9.401997714604214407e-01 2.968429008820104631e+00 -7.109373524760398758e-03 2.250972948005919572e-01 -6.580000818406282759e-03
8.771202652523422572e+00 9.426538663449480770e-01 2.967313615436555807e+00 -6.646326659823397452e-03 2.263330962626659559e-01 -3.765396805070366990e-03
8.936697042193497253e+00 9.414954327499505116e-01 2.976569753968572041e+00 -5.218914051699403284e-03 2.270037134305998017e-01 -1.760754898894020207e-03
9.102191431863591475e+00 9.416359648885772593e-01 2.984349225437857189e+00 -5.535148924659843636e-03 2.216244855310376960e-01 1.073122612594292705e-03
9.267685821533669710e+00 9.419930447874992341e-01 2.986924050398987340e+00 -6.114034929830719327e-03 2.197739893320751758e-01 1.605249290623943529e-03
9.433180211203710641e+00 9.422274163369754874e-01 2.989496801765030298e+00 -5.553085516281165528e-03 2.269544058925605790e-01 9.633240082966654325e-04
9.598674600873787099e+00 9.417079198356311798e-01 2.990491517146923517e+00 -6.812818282030227296e-03 2.292240636163370426e-01 -4.232598668664282540e-03
9.764168990543881321e+00 9.414425746824350849e-01 2.984351838269876378e+00 -7.021033243845877826e-03 2.267748029022062239e-01 -1.487308241685362164e-03
9.929663380213961332e+00 9.421302768419921314e-01 2.980717608076835834e+00 -6.357453927463518201e-03 2.224251691769765782e-01 -4.615618138115501826e-03
1.009515776988400049e+01 9.416761090015353108e-01 2.978939214566803440e+00 -8.927236199298090036e-03 2.165773867726371871e-01 -1.355230675418486134e-03
1.026065215955407872e+01 9.401075051997381804e-01 2.988725895082678718e+00 -8.078639733467953346e-03 2.168065825282485815e-01 -4.601261436283801340e-03
1.042614654922417117e+01 9.397948597607709287e-01 2.991935352082891075e+00 -5.901740860058976232e-03 2.146897394447240259e-01 -2.347691162633859345e-03
1.059230291645294209e+01 9.392055847511203703e-01 3.000842699212869835e+00 -5.310160948256655022e-03 2.099544421391348614e-01 -1.232264527674923347e-03
1.075779730612297769e+01 9.387566947694564456e-01 3.005554140059250923e+00 -6.143654943251369502e-03 2.084106424912504640e-01 -1.199039144170543827e-03
1.092329169579305770e+01 9.392092397341542664e-01 2.997010927819135251e+00 -3.629677747811931292e-03 2.099418329981899700e-01 3.769323294380233719e-04
1.108878608546314837e+01 9.399784412190069771e-01 3.002588748893365800e+00 -3.837035051405911570e-03 2.107375324515276260e-01 -1.866571033514441468e-03
1.125428047513323371e+01 9.402095484598748110e-01 3.009987153656286996e+00 -5.005717412065001717e-03 2.174955155804622342e-01 -1.096839638584566796e-03
1.141977486480326753e+01 9.409134820954994094e-01 3.013316865808101763e+00 -4.235681720034908254e-03 2.191713094533064288e-01 -4.708604302229813139e-03
1.158526925447335465e+01 9.414882372835278179e-01 3.007179861076731964e+00 -6.432944472000184932e-03 2.219377869116730684e-01 -3.881140229270032584e-03
1.175076364414344177e+01 9.411000525869221978e-01 3.001995457096544584e+00 -6.986376373767453490e-03 2.284953550233330410e-01 -3.800081008415970903e-03
1.191625803381351467e+01 9.417928070564292042e-01 3.001197118405351638e+00 -6.709634002865180226e-03 2.258104829236144140e-01 -2.091595663358218962e-03
1.208175242348356804e+01 9.418777131205490205e-01 3.002954431230948629e+00 -3.694891268101666362e-03 2.281305966117837813e-01 4.976197609112731519e-04
1.224724681315363739e+01 9.419955459684731247e-01 2.998788544463438566e+00 -4.777430210959669049e-03 2.274318862375595829e-01 -1.519478606081977679e-03
1.241274120282371562e+01 9.416724114145844649e-01 2.991857697060513743e+00 -5.193399566279458673e-03 2.302283656931753963e-01 -2.397206811486113365e-03
1.257823559249381518e+01 9.414266089271586813e-01 2.981930281133321259e+00 -3.899162699144207225e-03 2.249874644362158671e-01 -3.152676877572613409e-04
1.274372998216384545e+01 9.407351876560368087e-01 2.976079154159741336e+00 -6.408823185838377796e-03 2.221403461090382114e-01 -7.150340452045810978e-04
1.290922437183394500e+01 9.400960569760270502e-01 2.982084726013414677e+00 -6.116101096982219654e-03 2.288949253320347321e-01 8.051352727155813545e-04
1.307471876150402323e+01 9.403556457849966410e-01 2.982287061780708459e+00 -6.048428462292663142e-03 2.300008229801517312e-01 9.125257316397505968e-04
1.324021315117408726e+01 9.401289066216930168e-01 2.991152174383555629e+00 -5.749840373711590305e-03 2.272729667384132402e-01 -6.084851317104811438e-04
1.340570754084415661e+01 9.405873023809716571e-01 2.988992652668049921e+00 -8.129365352158647237e-03 2.277529406574699822e-01 -2.154425710605336469e-03
1.357120193051421886e+01 9.407839063400051938e-01 2.984755793459420659e+00 -7.148889010664319539e-03 2.221253191279352057e-01 -9.977731247503163897e-04
1.373669632018428644e+01 9.403350309916258531e-01 2.983485257022048032e+00 -5.517588681286811174e-03 2.237143633505717932e-01 2.823524192016163385e-03
1.390219070985439664e+01 9.406193150990665997e-01 2.979533156648029202e+00 -4.128129338925940611e-03 2.290375896880395001e-01 1.222859349857897612e-03
1.406768509952442336e+01 9.410826437135703104e-01 2.983668864057323233e+00 -3.689801308638184386e-03 2.216760376540990451e-01 -9.175521367759009890e-05
1.423317948919453535e+01 9.408171402002165618e-01 2.977209590866111366e+00 -4.052112940284720820e-03 2.258897641868427564e-01 -5.436864800103646984e-03
1.439867387886460293e+01 9.394075687181208112e-01 2.984185149237701840e+00 -5.267759336403225051e-03 2.259622631407954829e-01 -4.022755642063000243e-03
1.456416826853465984e+01 9.403997587127435054e-01 2.984271594981929177e+00 -4.263963092374889810e-03 2.273541211114819272e-01 -4.072339923043278437e-03
1.472966265820474518e+01 9.403273096824698030e-01 2.976923041669071068e+00 -3.169544397672927408e-03 2.294568915539551279e-01 -2.953813575884102136e-03
1.489515704787479855e+01 9.402083862832222305e-01 2.980373634913257685e+00 -4.695242283544057670e-03 2.282207683914179441e-01 -7.768416427270786019e-04
1.506065143754486257e+01 9.402578163166591674e-01 2.982232466830624151e+00 -6.486038666320092377e-03 2.256780063105063849e-01 3.649313745921822848e-04
1.522614582721497989e+01 9.398635919295137420e-01 2.976162967592179687e+00 -6.084332913780724286e-03 2.270131735701062803e-01 -3.631834428968583437e-04
1.539164021688500128e+01 9.408137814444579305e-01 2.964382869947752575e+00 -4.346284120297193819e-03 2.225074946204962656e-01 -1.900596363041613321e-03
1.555713460655512392e+01 9.416387525347614806e-01 2.965661603837707716e+00 -5.323041330412528645e-03 2.215434069711465781e-01 -1.675684138068600536e-04
1.572262899622518439e+01 9.416845644990923248e-01 2.964346814952977471e+00 -4.111067220140287443e-03 2.159813222288233525e-01 -2.816997056402692533e-04
1.588812338589523421e+01 9.411534703705372040e-01 2.980176799008568800e+00 -2.561777474924268206e-03 2.137986270556969659e-01 -1.768344615848850250e-03
1.605361777556532843e+01 9.415766354920603876e-01 2.980854697242512952e+00 -3.555881441839675410e-03 2.163039577246012035e-01 -5.000901275423317270e-03
1.621911216523538002e+01 9.409250340563291015e-01 2.984573932957516718e+00 -3.966739213323047970e-03 2.135179608104003923e-01 7.322083075995199997e-04
1.638460655490543516e+01 9.396910638338965560e-01 2.989333537239729832e+00 -2.054045243716771160e-03 2.182597714306113157e-01 -1.787357554117892031e-03
1.655010094457556491e+01 9.401645715322306529e-01 2.996543443789217331e+00 -3.721359007190400223e-03 2.200889550936190597e-01 5.589042213656281264e-04
1.671559533424558097e+01 9.413096127258042678e-01 2.995466394800952337e+00 -3.904031748653878989e-03 2.202871397184672786e-01 5.714403320287143005e-04
1.688108972391571072e+01 9.410441048201009240e-01 3.001277340194550280e+00 -4.638113162609788613e-03 2.171187448815879162e-01 7.908119260579926472e-04
1.704658411358576586e+01 9.419198110379121136e-01 3.000903511479239061e+00 -4.816598926759325591e-03 2.198264430707958794e-01 -2.556565798628608350e-03
1.721207850325581035e+01 9.406763756541254295e-01 3.002648618509237366e+00 -5.995740566785723660e-03 2.139108919230791883e-01 -4.648677441648473366e-03
1.737757289292591523e+01 9.394338734290920145e-01 2.998477477700993710e+00 -7.297639854375377599e-03 2.131022532011833115e-01 -4.040447518845458746e-03
1.754306728259595971e+01 9.399959593924864798e-01 3.003826535308036672e+00 -7.309425698124824046e-03 2.182496795085616670e-01 -2.922211797803513436e-03
1.770856167226601130e+01 9.398546592428052016e-01 3.006758942054067685e+00 -5.869545068144387152e-03 2.177372234456718403e-01 -4.580235240863161764e-04
1.787405606193614815e+01 9.393984872696002908e-01 3.008994453440948291e+00 -6.040518701474883317e-03 2.234297011133926647e-01 -2.784551080938457669e-04
1.803955045160616066e+01 9.385868891758353261e-01 3.002405255258991712e+00 -6.148443734652430867e-03 2.299667013948746563e-01 -2.272052768720608101e-03
1.820504484127629752e+01 9.380535916147531017e-01 3.002409033341980393e+00 -7.285488576077649679e-03 2.292135633266977612e-01 -9.808181420650841434e-04
1.837053923094634555e+01 9.392129290136623787e-01 3.004739796418018027e+00 -7.109087023496939682e-03 2.283177046536370991e-01 -2.730032533496911003e-03
1.853603362061638649e+01 9.398802201155102010e-01 3.003428411947473453e+00 -7.230902886978499318e-03 2.241874892374387251e-01 -5.815669168131397566e-03
1.870152801028649847e+01 9.402871415564958424e-01 3.003234261897098634e+00 -7.560620643796156677e-03 2.278534747674423044e-01 -5.314820913697229469e-03
1.886702239995654296e+01 9.397020073126071127e-01 2.997522725869914417e+00 -6.848502598762767034e-03 2.274087408706561564e-01 -3.287139419055255026e-03
1.903251678962658389e+01 9.403614628017974431e-01 2.996055131078174671e+00 -8.025765657966567324e-03 2.289223506744931802e-01 -3.648842081194752975e-03
1.919801117929672785e+01 9.407635716094782108e-01 2.989105223801698408e+00 -7.700734599222130994e-03 2.232784899709457094e-01 -5.139747265533011877e-04
1.936350556896674036e+01 9.400114205980122373e-01 2.985134548830237655e+00 -7.507804161194476036e-03 2.116218127484841560e-01 2.404934757169173778e-03
1.952899995863688432e+01 9.409404797364804285e-01 2.982162035799475586e+00 -7.331153567099180958e-03 2.168928923332181513e-01 -3.984514031433630636e-03
1.969449434830692525e+01 9.391085911088289384e-01 2.986862308006586364e+00 -7.175150805214291876e-03 2.166199875187485580e-01 -1.636158614026883562e-03
1.985998873797696262e+01 9.387646232129025492e-01 2.989539145793687513e+00 -6.642151497009316299e-03 2.154997656260174144e-01 -1.233441545119126105e-03
2.002548312764708172e+01 9.382458600255582093e-01 2.983596066024691851e+00 -5.937409231551712095e-03 2.090812554363162823e-01 3.060256583380083196e-04
2.019097751731712265e+01 9.399868055367502917e-01 2.985161946683405176e+00 -5.916745450115842332e-03 2.096606237282900298e-01 2.656006821302435601e-03
2.035647190698716003e+01 9.401448978168983617e-01 2.980174028739776659e+00 -4.317068325406380087e-03 2.076478940922320826e-01 2.771688377385788001e-03
2.052196629665730754e+01 9.406611157883807417e-01 2.976352686339863052e+00 -6.096962961770752490e-03 2.055617272433630793e-01 -6.225223768686094809e-04
2.068746068632732005e+01 9.400950400305755350e-01 2.971604423112612636e+00 -3.772822591068110149e-03 2.054377626399584433e-01 2.089485017265061209e-03
2.085295507599746401e+01 9.391914103839706929e-01 2.976586073013109068e+00 -4.291745838276203248e-03 2.069987758652070686e-01 1.859402668502556713e-03
2.101844946566750849e+01 9.390947955219959287e-01 2.975582032845874192e+00 -3.158161705312697611e-03 2.021710136838107408e-01 2.164695125399199605e-03
2.118394385533754232e+01 9.396008877933104131e-01 2.974923013789507742e+00 -3.134631382041039999e-03 2.121344910376951887e-01 1.757602315051364156e-03
2.134943824500766851e+01 9.406882825043145768e-01 2.983443521263013487e+00 -3.455544366573015495e-03 2.093353902576248760e-01 1.973494712421800489e-03
2.151493263467770234e+01 9.409808986798079422e-01 2.984799080049095110e+00 -3.903631050993460177e-03 2.112848364230422438e-01 -3.521270986275258901e-03
2.168042702434773616e+01 9.407070380095469142e-01 2.983796792422594990e+00 -4.621049922463935436e-03 2.218447858088252733e-01 -1.273786974898029117e-03
2.184592141401788723e+01 9.404366071490934953e-01 2.977161386900593509e+00 -7.504512104708513202e-03 2.271345269102888476e-01 -5.345788167426004239e-03
2.201141580368789974e+01 9.398883463801064320e-01 2.970177499415445954e+00 -6.295588009141163052e-03 2.218769716432219263e-01 -3.600405639016872501e-03
2.217691019335805080e+01 9.406207132691589701e-01 2.975024571393939610e+00 -6.410479661209919459e-03 2.263298605036136724e-01 -2.039225733836848038e-03
2.234240458302808108e+01 9.407703487671437159e-01 2.979519810729356788e+00 -6.795938422644930837e-03 2.206728790369935911e-01 -2.666507772620920619e-03
2.250789897269812201e+01 9.399107120260254966e-01 2.977393664413728658e+00 -8.139324521689344366e-03 2.216285710119861863e-01 -3.658511034237420332e-03
2.267339336236824821e+01 9.385719382541972688e-01 2.966670983076368895e+00 -8.512157314646892972e-03 2.170500956320966512e-01 -3.647804005008501577e-03
2.283888775203829269e+01 9.376477462073924407e-01 2.973356914806458917e+00 -7.593428773205639429e-03 2.214744143239764929e-01 -5.973397266080061711e-03
2.300438214170831230e+01 9.374309907890697735e-01 2.974903175166237368e+00 -8.834990242077676512e-03 2.241114768406992086e-01 -5.815019804572611056e-03
2.316987653137847047e+01 9.377708617082073372e-01 2.984419103605117307e+00 -1.054076761078469836e-02 2.264592033597276899e-01 -4.860700248009108826e-03
2.333537092104849719e+01 9.388235275832143012e-01 2.991298496318707478e+00 -7.766617030712542717e-03 2.195792282958937969e-01 -2.330387158387253570e-03
2.350086531071861629e+01 9.393791558185201618e-01 3.004149425839576892e+00 -8.845982830269747549e-03 2.189552797396546457e-01 -4.334266221943646434e-03
2.366635970038866787e+01 9.407614576743117407e-01 2.999204859665259626e+00 -8.344337621694923254e-03 2.150618992683507036e-01 -3.404324506962424102e-03
2.383185409005871946e+01 9.410913779631935316e-01 2.998893580489686794e+00 -5.743603277982466809e-03 2.234929105004718752e-01 -2.590496616349415807e-03
2.399734847972881013e+01 9.412777006662641499e-01 3.003873416400221874e+00 -6.492430424559259700e-03 2.218444406009812409e-01 1.790602658120975547e-03
2.416284286939886172e+01 9.411899892939062928e-01 2.998083919943262732e+00 -8.707211286189136049e-03 2.210912699507696644e-01 3.918049062014291976e-03
2.432833725906891686e+01 9.423335618486627929e-01 2.996065156772737215e+00 -9.110698128602899570e-03 2.255494315494456226e-01 1.267683655070630470e-03
2.449383164873901819e+01 9.427641233045909175e-01 2.991211866940109765e+00 -8.510897913624946437e-03 2.224451790792998929e-01 2.564052719996555690e-03
2.465932603840906268e+01 9.417221134693840590e-01 2.991936778983562917e+00 -7.469990191872262139e-03 2.268798542284443664e-01 8.068345922956288640e-04
2.482482042807921729e+01 9.409259973770243146e-01 2.993435011537212809e+00 -5.734821595388820033e-03 2.223986547963666405e-01 -3.017212879578051905e-03
2.499031481774921915e+01 9.396527791608095814e-01 2.991686590517577571e+00 -7.755301509221501806e-03 2.207758218689967189e-01 3.228074666136191394e-03
2.515580920741927784e+01 9.412283848335531999e-01 2.995666388494893528e+00 -7.395858250215571299e-03 2.222523533548441954e-01 4.277898627951346767e-03
2.532130359708941114e+01 9.393453624896642706e-01 2.998825063804458679e+00 -8.078638291572704314e-03 2.251020941432514688e-01 1.164212745311776678e-03
2.548679798675947694e+01 9.392457907867270972e-01 2.990296608696272340e+00 -6.669574206747466531e-03 2.218008116992405965e-01 1.396975447105569534e-03
2.565229237642947169e+01 9.389988095528148948e-01 2.986647334541799204e+00 -5.131609386472906278e-03 2.195693893695392640e-01 2.054790137987464252e-03
2.581778676609962986e+01 9.392035656750329364e-01 2.987993105660279980e+00 -5.503955823011477157e-03 2.215523282912071623e-01 -2.778124058218151959e-03
2.598328115576967434e+01 9.403574326191627142e-01 2.992609939654349294e+00 -6.764162206619623099e-03 2.164594654207004643e-01 -4.215676657911305095e-03
2.614877554543975791e+01 9.405225740266132117e-01 2.994128832025580333e+00 -6.135840669860540345e-03 2.157117235191335081e-01 -2.413139417274645627e-04
2.631426993510982726e+01 9.409759327390634365e-01 2.995884735489657835e+00 -7.105138938991228080e-03 2.150728855607239309e-01 -1.861567481104969835e-03
2.647976432477989661e+01 9.419575570681020249e-01 2.989584297655134115e+00 -7.242479850399325195e-03 2.139577350962809932e-01 1.208531502350185206e-04
2.664525871444995531e+01 9.420500215996021609e-01 2.992740205203709980e+00 -8.554629896475452258e-03 2.129271702797410903e-01 -1.953205102572594908e-03
2.681075310412002466e+01 9.425751219086526689e-01 3.000336502796231652e+00 -7.855821520289723442e-03 2.185413498433115831e-01 -2.610520382996802530e-03
2.697624749379009046e+01 9.412501967085795673e-01 2.999577538774210517e+00 -7.272837559607221551e-03 2.165202632522632287e-01 -9.569350494876049983e-04
2.714174188346015981e+01 9.411848767577877251e-01 2.996793737031303806e+00 -5.489233668429844941e-03 2.072844591176628282e-01 -1.599003852529500220e-03
2.730723627313021851e+01 9.418492905742045229e-01 2.994504423797459847e+00 -5.897726507526001964e-03 2.114797511622793225e-01 -7.029191653767685776e-04
2.747273066280038023e+01 9.391974647843543966e-01 2.991519861262778690e+00 -4.674377817094261568e-03 2.074701083967291360e-01 -1.232388448073029694e-03
2.763822505247036077e+01 9.394878723864947823e-01 2.988853865481600369e+00 -6.554178702080325214e-03 2.121409235895161116e-01 2.730081898988623540e-04
2.780371944214043367e+01 9.393248361519545009e-01 2.986748911506101667e+00 -6.422085637706087709e-03 2.171661868424787922e-01 -2.312504313895757913e-04
2.796921383181058118e+01 9.394716066240953456e-01 2.982931144615656560e+00 -7.129640968179491028e-03 2.190541730177869850e-01 -2.401463927721902882e-04
2.813470822148065764e+01 9.381327224270585852e-01 2.977880119732097430e+00 -6.061907091033642489e-03 2.190831133312786116e-01 -4.419124728712080230e-03
2.830020261115062752e+01 9.387799215359904359e-01 2.988080032668609665e+00 -7.368380294623443592e-03 2.275656706586498268e-01 -4.726150570245684149e-03
2.846569700082078924e+01 9.388193436717648943e-01 2.989148801104640985e+00 -8.556706952208581810e-03 2.287891299896708253e-01 -4.865564876385306513e-03
2.863119139049085504e+01 9.386487967056952320e-01 2.997058806759023586e+00 -9.278462281919655497e-03 2.275990378240403400e-01 -4.108118066128501993e-03
2.879668578016091018e+01 9.381938461824843589e-01 2.997986685710215315e+00 -8.480824367130788966e-03 2.277301125305870866e-01 -1.848015784996103221e-03
2.896218016983099020e+01 9.381523860538242277e-01 2.992224688703321700e+00 -8.736947222327573134e-03 2.339574527124323455e-01 -1.053959197650910975e-03
2.912767455950107376e+01 9.381475484398545950e-01 2.992007303406941876e+00 -7.510179495783417432e-03 2.352192216174113504e-01 1.751261316689887255e-03
2.929316894917110048e+01 9.374146089800645676e-01 2.992785398765892335e+00 -6.521575207167506182e-03 2.368934421107337096e-01 3.197902074437152051e-03
2.945866333884118404e+01 9.379781652574261663e-01 2.991018340935340358e+00 -6.596538497794073204e-03 2.295722242876048202e-01 1.278826746159529397e-03
2.962415772851126761e+01 9.383052689046224026e-01 2.991716186775852382e+00 -6.324069706722668972e-03 2.270890206036332570e-01 5.951456813728770064e-03
2.978965211818131209e+01 9.374642269123802940e-01 2.989220791883285600e+00 -3.779804156715384049e-03 2.256266354257742413e-01 4.288525607755035163e-03
2.995514650785137789e+01 9.384381394176276592e-01 2.993894368026511543e+00 -3.629104974639373298e-03 2.263936796630739434e-01 4.867941920917556384e-03
3.012064089752154672e+01 9.396764390018935709e-01 2.996666501673871608e+00 -4.048902336067038837e-03 2.241203362586428882e-01 6.229318220123757077e-03
3.028613528719150239e+01 9.386841177617969434e-01 2.990966422431187599e+00 -2.771084286980701836e-03 2.185722736198940919e-01 6.335282001751377928e-03
3.045162967686158950e+01 9.377900657831591547e-01 2.982987170497050755e+00 -4.409368407833767940e-03 2.198583628398100009e-01 6.700541335562514370e-03
3.061712406653174412e+01 9.382667755537525967e-01 2.992763646068365091e+00 -1.797514030040845518e-03 2.169171822492738377e-01 6.035303164271223035e-03
3.078261845620183124e+01 9.385241969251170158e-01 2.989022311197394366e+00 -1.202439703488936617e-03 2.280935595665363191e-01 5.392555529896454238e-03
3.094811284587178690e+01 9.378123961402159425e-01 3.003967013344380099e+00 -9.885728557533246010e-04 2.266550236452853917e-01 3.716208455054462786e-03
3.111360723554195573e+01 9.389498480984447282e-01 3.005397446042204379e+00 -2.740233299448292456e-03 2.222898581606765345e-01 9.427857051274457110e-04
3.127910162521203219e+01 9.396897837769222495e-01 2.996823117306016471e+00 -4.457455869859395375e-03 2.237273684533665763e-01 1.864284560670657160e-03
3.144459601488205536e+01 9.402986070626758730e-01 2.988275953708189991e+00 -4.089805348159119766e-03 2.218010827968231458e-01 -2.424327573750440000e-04
3.161009040455214958e+01 9.400828176469160358e-01 2.982251779344382125e+00 -3.103967137132980329e-03 2.128918034839162587e-01 -2.199461404749205717e-03
3.177558479422224025e+01 9.400049641495253905e-01 2.996899774877613165e+00 -5.501224370003752334e-03 2.153565925304402329e-01 1.747071370723807281e-04
3.194107918389224920e+01 9.407434798452396496e-01 3.004449999267437388e+00 -4.890770080727861908e-03 2.156526105064455745e-01 1.148155665203709486e-03
3.210657357356234343e+01 9.406942474784700803e-01 3.003768264980189784e+00 -4.371890175812330644e-03 2.175613944312303205e-01 1.314039583078370228e-03
3.227206796323243765e+01 9.402417296358599463e-01 3.002601746855996900e+00 -4.178672473689820470e-03 2.154045238450589261e-01 1.772972119127983566e-03
3.243756235290245371e+01 9.405757425568570529e-01 2.997744985263737227e+00 -4.635380104448911902e-03 2.132905082849575473e-01 -2.199552151208886575e-03
3.260305674257254083e+01 9.406367280464476011e-01 2.998322702198632950e+00 -5.544488161085610323e-03 2.126315369493761431e-01 -1.751730991276785436e-03
3.276855113224271321e+01 9.407774343681949425e-01 3.003822153181419985e+00 -6.184345442557864433e-03 2.169720586671848861e-01 8.712998803606064298e-04
3.293404552191264401e+01 9.412320553396668066e-01 3.001285015025515701e+00 -5.828266831940277434e-03 2.178846715092558062e-01 -1.882863046497328368e-03
