0.000000000000000000e+00 1.509597239104532473e+00 1.000000000000000000e+00 -7.811373219787098605e-04 2.003474919842884846e-04 -2.251607029180483638e-03
1.877511755087841183e-01 1.427760475938346652e+00 9.743705946805881757e-01 -1.357683802780385019e-04 4.073876585403978651e-02 2.633130447229614646e-02
3.747543383661353644e-01 1.355098729344214714e+00 9.478106944772088926e-01 3.635193997800450876e-03 7.348234786388806172e-02 4.775582067660976565e-02
5.617575012234865550e-01 1.293801959337580243e+00 9.271911390956321108e-01 4.391005626811260790e-03 9.899193290132329848e-02 6.355009876865691520e-02
7.487606640808398550e-01 1.242994649546403707e+00 9.066764409542288350e-01 7.054090191030541919e-03 1.186083213621155208e-01 7.298191741246781716e-02
9.357638269381889362e-01 1.203086713177685674e+00 8.891770435947091711e-01 7.206083893331906992e-03 1.298312695298414476e-01 8.250752180966282323e-02
1.122766989795543013e+00 1.169483627170423645e+00 8.694864468425672621e-01 1.089460866722735503e-02 1.396248826008341937e-01 8.253016156836798234e-02
1.309770152652915520e+00 1.140351115579263164e+00 8.517515999346594313e-01 1.124973303508592336e-02 1.396109480926205904e-01 8.485443128687814029e-02
1.496025302858864592e+00 1.116251485820663802e+00 8.386219153546237148e-01 1.076126654051944367e-02 1.435283931019033787e-01 8.258439619193559678e-02
1.683028465716252198e+00 1.099878202623526313e+00 8.298680145287975485e-01 1.285028459700076134e-02 1.436333057700289462e-01 7.855179981322227278e-02
1.870031628573635585e+00 1.084824236501035877e+00 8.206549179628928048e-01 1.216828428473471987e-02 1.479418349771485508e-01 8.062542823611916487e-02
2.057034791431020970e+00 1.072439376565406777e+00 8.122551134940662054e-01 1.000630401500066276e-02 1.498769295325630690e-01 8.632552542329338663e-02
2.244037954288403469e+00 1.061606430010646474e+00 8.059666408801221538e-01 9.876275715123830276e-03 1.453055492637528312e-01 8.466425143199901582e-02
2.431041117145780195e+00 1.052091360179549628e+00 7.965185891669176454e-01 9.411744301865185292e-03 1.447202834767268298e-01 8.416317197713736598e-02
2.618044280003101854e+00 1.043416553216216291e+00 7.920204520587594832e-01 1.356687816456774234e-02 1.409478526311815916e-01 8.331672607171278222e-02
2.805047442860408413e+00 1.036875415575798653e+00 7.884713060874651847e-01 1.189971884357703992e-02 1.398463843576106258e-01 8.670159389567740071e-02
2.992050605717727407e+00 1.029642629182374591e+00 7.836358025738880961e-01 1.229754424117930622e-02 1.378924390015121570e-01 8.638855517169378995e-02
3.179053768575044181e+00 1.023295859240173966e+00 7.797101469733918044e-01 1.318375981995768310e-02 1.339039076595921474e-01 8.187440634633981473e-02
3.366804944083800155e+00 1.019503153859552258e+00 7.781631572066939340e-01 1.116552849505076869e-02 1.230562785965794298e-01 7.736596238098410183e-02
3.553808106941123146e+00 1.016222709563459947e+00 7.750230370830444304e-01 1.282045107330942457e-02 1.207686311358240894e-01 8.326244786966841005e-02
3.740811269798424821e+00 1.013324844318455265e+00 7.739251737774505147e-01 1.312783327536604962e-02 1.159141828394489038e-01 7.879910448350518903e-02
3.927814432655753141e+00 1.011882353007535595e+00 7.705593505714708469e-01 1.370721588205649211e-02 1.182806362813751400e-01 7.993071652346044054e-02
4.114817595513065029e+00 1.010964212434956488e+00 7.691771281940505967e-01 1.624500551929857622e-02 1.193117060555570902e-01 8.082450649685955779e-02
4.301820758370392461e+00 1.008244797876313603e+00 7.699584669979403495e-01 1.731385326358281240e-02 1.193538978549242707e-01 8.141402117711223074e-02
4.488823921227703906e+00 1.006516989871700574e+00 7.691011757333767740e-01 1.601898243323164953e-02 1.161893840114727183e-01 7.753088040781534740e-02
4.675827084085036667e+00 1.005913969473854142e+00 7.647042202512599474e-01 1.517106565017377340e-02 1.171438879436310088e-01 7.350938985068199150e-02
4.862830246942409396e+00 1.004583795658141598e+00 7.671803238682367576e-01 1.435826559874468430e-02 1.129138743381670612e-01 7.707579375232094521e-02
5.049833409799841633e+00 1.004289291447095112e+00 7.664468322002888634e-01 1.433157869963710279e-02 1.112598001147694082e-01 7.399806257775515261e-02
5.236836572657309397e+00 1.003513057400611919e+00 7.672891575764377858e-01 1.526328863578355587e-02 1.085505425966536014e-01 7.592294923374766358e-02
5.423091722863310871e+00 1.002797204932513564e+00 7.696375488574916934e-01 1.383003162674834897e-02 1.084956781847654927e-01 7.721702360034328472e-02
5.610094885720780411e+00 1.003854812821825204e+00 7.686134979387794219e-01 1.193926986838068915e-02 1.132591164846253884e-01 7.583060288269043159e-02
5.797098048578222418e+00 1.003045165983395881e+00 7.656340927165065091e-01 1.100003337696386398e-02 1.165941215814704224e-01 8.101864330362421041e-02
5.984101211435660872e+00 1.002441590216256007e+00 7.639220763665973690e-01 1.314729922667287783e-02 1.131626092687877116e-01 7.888206604227968044e-02
6.171104374293132189e+00 1.002370748872174921e+00 7.626665158994481164e-01 9.950763016849382622e-03 1.106844032485961027e-01 7.603858471460479829e-02
6.358107537150566202e+00 1.002121600106675947e+00 7.634849254792578366e-01 1.200665370028054443e-02 1.083019500920693601e-01 7.721057873192319065e-02
6.545110700008033966e+00 1.001236283909954006e+00 7.628632561486443642e-01 1.143297626951588278e-02 1.116927164351726454e-01 8.282703740173862073e-02
6.732113862865475973e+00 1.002125216057899504e+00 7.632333900942001037e-01 1.028882873316386108e-02 1.110270731832259938e-01 7.669122866135910654e-02
6.919117025722921532e+00 1.001652588924369480e+00 7.639635029051317083e-01 1.221233760058862763e-02 1.104410555667123123e-01 7.867561521662981561e-02
7.106120188580376862e+00 1.000108648779914233e+00 7.653328770285793281e-01 9.948824446633820415e-03 1.111048017577404290e-01 8.113801584440746839e-02
7.293123351437824198e+00 1.000335316195079427e+00 7.616132081739909188e-01 1.344340606225670823e-02 1.094681646157765059e-01 7.945708497484760269e-02
7.480126514295294626e+00 1.000511641328795553e+00 7.592075666003338386e-01 1.528092092717920833e-02 1.076510737716547816e-01 7.979469542151326755e-02
7.667129677152742850e+00 9.996001279313978527e-01 7.590487236315914821e-01 1.148222140733392432e-02 1.054263507118719939e-01 7.658538527961419873e-02
7.854132840010165317e+00 9.985319935558334414e-01 7.584943164374920999e-01 1.053842253063390008e-02 1.095706248081706191e-01 8.030299481314548404e-02
8.041136002867641963e+00 9.997015832935907120e-01 7.589904200214536711e-01 9.164479205705185205e-03 1.110901709517632535e-01 8.179055109708739668e-02
8.228139165725094628e+00 1.000588135525073197e+00 7.616662135512892728e-01 1.399204780829850850e-02 1.129019721437891227e-01 8.228298827715349595e-02
8.415142328582529530e+00 9.995429635981706307e-01 7.617354896170854817e-01 1.161416125055781540e-02 1.072066082212166510e-01 8.054785209689278858e-02
8.602145491439982194e+00 1.000118273695924209e+00 7.620296016915198978e-01 1.207840533944309382e-02 1.171943503384153540e-01 8.362035334490622307e-02
8.789148654297459728e+00 1.000145390567211745e+00 7.614443349439609099e-01 1.156388783739472834e-02 1.212785667526537214e-01 8.426381384429543209e-02
8.976151817154875090e+00 9.998095491517788869e-01 7.596186213045937885e-01 1.200637895300832488e-02 1.172835937747423313e-01 8.310615813807631369e-02
9.163154980012329531e+00 1.001039392375219883e+00 7.604069767959794612e-01 9.695514245655510385e-03 1.158618267281251724e-01 8.156587362989546619e-02
9.350158142869803513e+00 1.001279272380543262e+00 7.584759499985107567e-01 1.278995379438681475e-02 1.113934614761609571e-01 7.811395026257310359e-02
9.537161305727259730e+00 9.990977356213831539e-01 7.589335310744160790e-01 1.216087599221079424e-02 1.130492139930615453e-01 8.141376307153888603e-02
9.724164468584490351e+00 9.998950415919867218e-01 7.604093213285716413e-01 1.082855105156076657e-02 1.092303485725045348e-01 8.192295486482516209e-02
9.911167631441646364e+00 1.000275240347289429e+00 7.630449077286276527e-01 1.188209116885680094e-02 1.088263444904280092e-01 8.596669614571463003e-02
1.009817079429883258e+01 9.996837420806770069e-01 7.599416546445797449e-01 1.274282819199385776e-02 1.094676732537666342e-01 8.516057472914483062e-02
1.028517395715604188e+01 9.996801815145377468e-01 7.620640818283729301e-01 1.493640570847200311e-02 1.103772814542593184e-01 7.814484287375517146e-02
1.047217712001323342e+01 1.000042275793124880e+00 7.618999826263168629e-01 1.553072596474543154e-02 1.117297765413394067e-01 7.704211311378326987e-02
1.065918028287038588e+01 9.995851110205541401e-01 7.613834370537740925e-01 1.314539648695941046e-02 1.101739108256587218e-01 7.690132304541234809e-02
1.084618344572757387e+01 9.983854336534646601e-01 7.630038731898504123e-01 1.217106100139139953e-02 1.084824520478062104e-01 7.458630345139438678e-02
1.103318660858478317e+01 9.988858126121265002e-01 7.655354903217412854e-01 1.008415659870055825e-02 1.090292189003212869e-01 7.609134625014142561e-02
1.122018977144197649e+01 9.992520142534050409e-01 7.649321641005643047e-01 1.148253407439147472e-02 1.078881580590105582e-01 7.995660022836853509e-02
1.140719293429912362e+01 9.979480925112954592e-01 7.656753313155242324e-01 1.178818659895585277e-02 1.103338017506922536e-01 7.827130956043465426e-02
1.159419609715631516e+01 9.989381991975084807e-01 7.651583640690496901e-01 1.047683070404781085e-02 1.106250903248930245e-01 7.847179959141341310e-02
1.178119926001352447e+01 9.991523614669037823e-01 7.673318914550756320e-01 1.246671396882829269e-02 1.066530796832438344e-01 8.063366045626260692e-02
1.196895043552216009e+01 9.989141950270256087e-01 7.671096397406746981e-01 1.396335948295935291e-02 1.101549731564596402e-01 8.018294465709002727e-02
1.215595359837930367e+01 9.981920277212258386e-01 7.661934643240549958e-01 1.075307616276343151e-02 1.089639072492855493e-01 7.927344333111967234e-02
1.234295676123649699e+01 9.979469817832141709e-01 7.650982621274678985e-01 1.280409551818827846e-02 1.144074480270528826e-01 7.882586121576254379e-02
1.252995992409370274e+01 9.979256644037127755e-01 7.660829833753223239e-01 1.494624277536835653e-02 1.098505479758364461e-01 7.714921877520236615e-02
1.271696308695090138e+01 9.983555064250031474e-01 7.664539262602489966e-01 1.465079757870635900e-02 1.048488976663749794e-01 7.711989522898640703e-02
1.290396624980804496e+01 9.964969858344401299e-01 7.665292956801239566e-01 1.384732554248669679e-02 1.098222974155714654e-01 7.916206889880522679e-02
1.309096941266524716e+01 9.961962464247108295e-01 7.678196339927189085e-01 1.245070314316445645e-02 1.149650044139188393e-01 8.181193063663118326e-02
1.327797257552244758e+01 9.960526255442824217e-01 7.662742912170158460e-01 1.401866043584375568e-02 1.167355931873493152e-01 7.803688593003575702e-02
1.346497573837963380e+01 9.962739107016390649e-01 7.650540611298904947e-01 1.286176494385585581e-02 1.113705174548677013e-01 7.907682334745366748e-02
1.365197890123679691e+01 9.970119860490600505e-01 7.668811920300222518e-01 1.120951241359826114e-02 1.118736669269106421e-01 7.432146425009925061e-02
1.383898206409397957e+01 9.961163477824118706e-01 7.683220663818826068e-01 1.039840994607022819e-02 1.089269881574586318e-01 7.548839923882630365e-02
1.402598522695117111e+01 9.979815221278650617e-01 7.688163217012643491e-01 1.151487387427714559e-02 1.098621403208291797e-01 7.185159154971242079e-02
1.421298838980838575e+01 9.971763302596649003e-01 7.696110905816708758e-01 1.362475776542906511e-02 1.106498809914550907e-01 7.294972485094292081e-02
1.439999155266552400e+01 9.976891229382269799e-01 7.680276944861706978e-01 1.030696287194118703e-02 1.163462653185303036e-01 7.461424295201406209e-02
1.458699471552274041e+01 9.970265070354302761e-01 7.659405804756688196e-01 1.081764849258970602e-02 1.116803841626846094e-01 7.910675498531526129e-02
1.477399787837993195e+01 9.969052033720848804e-01 7.651126153192169266e-01 9.672133603256638512e-03 1.120393728436378245e-01 7.622737738559623444e-02
1.496100104123710572e+01 9.973432482395436782e-01 7.652769626380020451e-01 1.003417590062930312e-02 1.155182496700706413e-01 7.495618603936421431e-02
1.514800420409429016e+01 9.989832095531671063e-01 7.654285417141732939e-01 1.062503354400310025e-02 1.177007881598016309e-01 7.394551768961628302e-02
1.533500736695146216e+01 9.991299854716569895e-01 7.650545458548697608e-01 1.323283463325550940e-02 1.174065143290935753e-01 8.242304021804829073e-02
1.552201052980864304e+01 9.996131951143931715e-01 7.642459485687135290e-01 1.229023812233076031e-02 1.174488991606416621e-01 8.293366508326925624e-02
1.570901369266587011e+01 9.987434992451953431e-01 7.625214538669431441e-01 1.268442755212270158e-02 1.118088015604947194e-01 7.979980871145157806e-02
1.589601685552300303e+01 9.980195589360502106e-01 7.636939711530453812e-01 1.169819406598127109e-02 1.064386783346813609e-01 8.099745675434764924e-02
1.608302001838023187e+01 9.985720975296711321e-01 7.620944839113523717e-01 1.210213684562188446e-02 1.056254798665465233e-01 7.971140058732735512e-02
1.627002318123741276e+01 9.994313859783852116e-01 7.642059637571566588e-01 1.261375457213215028e-02 1.075289708584411807e-01 8.327300255708772192e-02
1.645702634409457943e+01 9.992061764617606867e-01 7.644636392768864308e-01 1.649051452416057384e-02 1.088457811614375881e-01 8.049090663555234781e-02
1.664402950695178163e+01 9.989154417319210388e-01 7.617828949610847555e-01 1.479975724124935228e-02 1.088066732780910567e-01 8.303325322732452163e-02
1.683103266980894475e+01 9.997591140941147758e-01 7.607210060006720509e-01 1.430304299803410520e-02 1.053486735959976994e-01 8.019808617187734745e-02
1.701803583266611852e+01 9.997044676546242847e-01 7.629933364861349876e-01 1.501451883854346830e-02 1.096613753731210394e-01 8.082327636006235438e-02
1.720503899552335625e+01 9.986494493547292128e-01 7.649043036838359955e-01 1.278701647206303277e-02 1.115433251241160356e-01 7.830465281336738970e-02
1.739204215838048384e+01 1.001065635311867874e+00 7.646974090429058402e-01 1.364238875519644019e-02 1.106095305780454424e-01 7.841749941743118846e-02
1.757904532123772512e+01 1.000918853012652932e+00 7.631970484164370960e-01 1.246717681730745084e-02 1.136525128430527498e-01 7.863588413514371878e-02
1.776604848409489534e+01 1.000162109346147465e+00 7.621851760728597380e-01 1.517306354227694262e-02 1.124488470814996310e-01 7.591287384929761017e-02
1.795305164695205491e+01 1.000125793087485393e+00 7.629131052632772692e-01 1.671011005769490118e-02 1.091530360955207668e-01 7.782105776611857040e-02
1.814005480980926777e+01 1.000150529427149992e+00 7.637280850085175210e-01 1.491267519592324661e-02 1.086983859643279038e-01 7.895747202673307485e-02
1.832705797266642733e+01 9.986721277728197732e-01 7.656923864201238272e-01 1.308608903857405754e-02 1.074532941152641224e-01 7.805641326132600755e-02
1.851406113552359400e+01 9.989584816168486370e-01 7.665820235084823686e-01 1.145318343196702164e-02 1.072183579261770381e-01 7.910725590266874663e-02
1.870106429838084239e+01 9.978937791958431003e-01 7.651787267279779314e-01 1.390008411421475749e-02 1.091781584094619756e-01 7.601636238923037414e-02
1.888806746123796643e+01 9.987876315089305734e-01 7.667114899787845772e-01 1.279985214367510699e-02 1.118110321703098958e-01 8.059105044296614728e-02
1.907507062409521481e+01 9.993175975373448372e-01 7.646127464218573921e-01 1.383225407675049007e-02 1.110592769165232446e-01 7.835965376308746955e-02
1.926207378695238148e+01 9.987598367218776252e-01 7.664925848313438594e-01 1.298030071796747904e-02 1.114088708780147929e-01 7.504960807764446407e-02
1.944907694980953394e+01 9.988026511915837347e-01 7.654332601675725156e-01 1.130069175775572088e-02 1.110730449469275322e-01 7.921627255225319186e-02
1.963608011266675746e+01 9.981689077059654469e-01 7.657701241557328675e-01 1.164165466509547303e-02 1.059760933308694086e-01 7.620483632112637351e-02
1.982308327552391347e+01 9.983829168047325675e-01 7.647178255714930373e-01 1.165224486756130835e-02 1.138748527522555481e-01 8.095019276592101132e-02
2.001008643838107304e+01 1.000219090172058012e+00 7.635838400979683138e-01 1.386147711274781334e-02 1.108673079092903774e-01 8.031831575665107636e-02
2.019708960123832853e+01 1.001739644776703297e+00 7.626614406807977753e-01 1.385909805479313035e-02 1.070941271488471680e-01 7.791008470750324100e-02
2.038409276409544546e+01 1.001780974177357342e+00 7.650422740726627868e-01 1.149685541648170009e-02 1.042531058693375590e-01 7.719956231116832657e-02
2.057109592695270450e+01 1.000314377506130503e+00 7.664947674039044312e-01 1.250837549620126103e-02 1.070942336824082242e-01 7.813518996376654646e-02
2.075809908980986407e+01 1.000580337336067771e+00 7.668085467959152579e-01 1.091929168974393669e-02 1.102092787990995304e-01 7.774101979953843000e-02
2.094510225266701298e+01 1.001685004165976611e+00 7.651139394133840144e-01 1.106654166107950109e-02 1.055308208758083538e-01 7.764964706765530023e-02
2.113210541552424360e+01 1.001177277555855172e+00 7.659102331270190023e-01 1.247797757944794916e-02 1.070566469498210327e-01 8.077799754621897699e-02
2.131910857838139606e+01 1.001158045671994179e+00 7.624288274661954468e-01 9.724602297130449310e-03 1.092293931936452744e-01 8.429090547882282791e-02
2.150611174123854497e+01 1.001465601092637714e+00 7.627201293712857488e-01 1.078183639168125464e-02 1.023812476462144100e-01 8.324880150605143414e-02
2.169311490409581111e+01 1.002082048524034708e+00 7.629001659467170571e-01 1.153875725355286465e-02 1.053410185020899614e-01 8.214513467686723747e-02
2.188011806695292805e+01 1.001558343696625331e+00 7.633076749058127497e-01 1.190168078112661607e-02 1.061005076356657528e-01 8.036968300530666909e-02
2.206712122981019419e+01 1.001428173640589669e+00 7.644100848692912953e-01 1.259261693186980273e-02 1.044149658461221014e-01 7.761842590307535539e-02
2.225412439266734665e+01 1.001389739206224760e+00 7.648671366906917291e-01 1.002473173712761963e-02 1.067578873724866761e-01 7.874539971952568274e-02
2.244112755552448846e+01 1.002678196965854696e+00 7.641183091376720915e-01 1.196810887352717234e-02 1.029718632980999998e-01 7.924776751896307758e-02
2.262813071838172974e+01 1.002182914795339830e+00 7.634797104656323441e-01 1.319816653414308989e-02 1.046438268136483940e-01 8.281754133763742642e-02
2.281513388123887864e+01 1.000536743678953178e+00 7.645594125689092468e-01 1.458712436948925856e-02 1.058419902964181369e-01 8.123111040646449621e-02
2.300213704409602400e+01 1.000753216867469098e+00 7.628647791659024513e-01 1.262362492523389466e-02 1.111631765798775651e-01 7.605288143563568304e-02
2.318914020695329370e+01 1.001143146766596104e+00 7.630406055225552597e-01 1.370756911690424774e-02 1.106953954510212362e-01 7.529401912186962920e-02
2.337614336981041063e+01 1.000083002803121790e+00 7.627319889823915844e-01 1.280939740137783042e-02 1.088074824403611751e-01 7.693479890977997226e-02
2.356314653266767678e+01 9.995539165972685547e-01 7.630409467582341954e-01 1.441193337459374842e-02 1.101716145162260629e-01 7.323514725036105177e-02
2.375014969552482924e+01 1.000284021079394847e+00 7.604199307177612610e-01 1.286759719904475956e-02 1.124639942723034969e-01 7.875647491277751322e-02
2.393715285838197104e+01 1.001386223926911345e+00 7.575301151419430168e-01 1.283581492575433872e-02 1.091048990167266669e-01 8.029483525463516902e-02
2.412415602123921587e+01 1.000992432245807029e+00 7.599270571559759713e-01 1.168237125405871893e-02 1.082007793674977653e-01 7.949690168419513980e-02
2.431115918409636123e+01 1.000653226054668998e+00 7.576965259015246978e-01 1.297489406080185557e-02 1.071377151710191239e-01 7.802492817005822479e-02
2.449816234695350303e+01 1.000392162166139576e+00 7.595325175792173589e-01 1.030126929951946484e-02 1.107884047504748004e-01 8.126661566168509598e-02
2.468516550981077629e+01 1.000008175260632015e+00 7.622975697226359593e-01 1.001341151297937583e-02 1.078291370694480777e-01 7.919446860803150412e-02
2.487216867266789322e+01 9.999146123989405277e-01 7.626422096518936655e-01 9.102064894619366422e-03 1.097125003514508451e-01 7.974014695978320910e-02
2.505917183552517002e+01 9.992200581027415041e-01 7.641105776135198591e-01 1.110423888427489701e-02 1.059183817416229217e-01 8.058183239523808439e-02
2.524617499838230472e+01 9.997569137559346730e-01 7.619600301164706213e-01 1.315790717616612676e-02 1.060474034914771629e-01 7.905971089669429352e-02
2.543317816123945363e+01 1.000297892922871634e+00 7.611236288218600210e-01 1.279831002712757300e-02 1.052729855258918573e-01 7.624668596127731623e-02
2.562018132409669846e+01 1.000777204887037364e+00 7.614715090361030558e-01 1.288445618614255175e-02 1.050767864689704512e-01 7.995535414584659106e-02
2.580718448695385447e+01 9.994319818397773281e-01 7.628506867648163770e-01 1.324271458659684840e-02 1.065798555487917493e-01 7.914702185396524370e-02
2.599418764981098207e+01 9.990973479807775393e-01 7.642982904572411806e-01 1.230257079829809308e-02 1.089084958126244895e-01 8.115996233977844365e-02
2.618119081266825887e+01 9.999661135173170123e-01 7.641828140213687837e-01 1.389772990273449062e-02 1.071890391859272595e-01 7.883608174315112627e-02
2.636819397552539357e+01 1.001069881467868905e+00 7.638279285028717336e-01 1.341457514796134780e-02 1.041713499847922025e-01 8.098977445447295975e-02
2.655519713838263485e+01 1.001224898989376833e+00 7.640856906678258342e-01 1.516062703683516630e-02 1.083155480083149019e-01 7.899423404615085742e-02
2.674220030123979441e+01 1.000678411121406208e+00 7.633168147098505774e-01 1.477931793638499747e-02 1.119048888661209745e-01 7.617697198640606404e-02
2.692920346409695398e+01 1.001339941872184003e+00 7.638119110000261003e-01 1.314561612573410948e-02 1.088388468189189079e-01 8.100875255936099140e-02
2.711620662695415973e+01 1.001080276557916537e+00 7.631550568304794613e-01 1.062793642576759755e-02 1.091230508689930712e-01 7.868670471259095467e-02
2.730320978981132640e+01 1.000089558482337049e+00 7.631744709063844612e-01 8.417640393306941374e-03 1.044405271933279838e-01 7.665122933227008772e-02
2.749021295266848952e+01 9.990600442886802268e-01 7.632203418446108500e-01 1.103422336230538633e-02 1.087681127961509925e-01 7.606072135426775183e-02
2.767721611552570948e+01 9.998204116758913074e-01 7.619018803265826811e-01 1.438218775660188992e-02 1.072681782143477119e-01 7.619775685153076794e-02
2.786421927838285839e+01 1.001404762083195843e+00 7.622498864895792536e-01 1.277210269233201682e-02 1.066235190729048349e-01 7.519301783577721221e-02
2.805122244124013875e+01 1.000770365744035439e+00 7.614857938667574100e-01 1.442659077514625750e-02 1.073615235062794493e-01 7.272480571481573786e-02
2.823822560409724503e+01 9.995400207937225057e-01 7.625333785566290601e-01 1.098247119440739876e-02 1.058750248462700938e-01 7.186625752815771484e-02
2.842522876695441525e+01 1.002251544612936085e+00 7.617131317616591124e-01 1.066434722431497568e-02 1.029261940024330246e-01 7.212300933705531603e-02
2.861223192981167074e+01 1.001375671876380880e+00 7.630667242303331710e-01 1.144625038578241105e-02 1.009445484763208251e-01 7.107633401054926081e-02
2.879923509266884452e+01 1.000842043683051630e+00 7.638095387337869857e-01 1.439758589985324667e-02 1.067224116232820263e-01 7.257164648645605953e-02
2.898623825552594369e+01 1.000683775695693445e+00 7.641534170955306404e-01 1.311654841392419224e-02 1.115964551118857201e-01 7.410243776653616110e-02
2.917324141838322404e+01 1.000119682070291782e+00 7.646172456673518969e-01 1.402603183694900273e-02 1.058677386009877208e-01 7.504848992875869096e-02
2.936024458124038006e+01 9.995747709076251430e-01 7.646427211967621318e-01 9.480609355189746623e-03 1.109283177237154611e-01 7.594866596838563411e-02
2.954724774409757870e+01 9.991845304957824858e-01 7.651208748531346249e-01 8.814105551100438751e-03 1.152989103309173119e-01 7.562036673557763489e-02
2.973425090695475959e+01 9.997762846203805953e-01 7.645385314452641801e-01 9.122569881450737564e-03 1.075044236131771358e-01 7.894946637451076554e-02
2.992125406981194047e+01 1.000669450799857252e+00 7.641677000246610563e-01 1.104471368366895419e-02 1.080221915446964720e-01 7.865799500311919379e-02
3.010825723266911069e+01 9.991975353065030152e-01 7.610267460566573217e-01 1.385078156526417005e-02 1.057818320862705941e-01 7.754126922310820846e-02
3.029526039552629157e+01 9.982436921390293039e-01 7.616695467458518554e-01 1.540106785928584653e-02 1.033815909692047119e-01 7.886883316962163548e-02
3.048226355838347246e+01 9.984925581036778741e-01 7.628530358119012256e-01 1.565081808875120120e-02 1.027345910002656626e-01 8.115803014410155614e-02
3.066926672124065334e+01 9.976008820324812065e-01 7.630020940549514519e-01 1.232681623898938122e-02 1.042655559623126699e-01 8.058475494813825690e-02
3.085626988409782001e+01 9.980752388594295033e-01 7.621031901818645649e-01 1.386207446254997082e-02 1.052472149737641860e-01 8.149220292247587316e-02
3.104327304695510747e+01 9.993394229311001187e-01 7.635387961236987930e-01 1.093555543802612537e-02 1.066010365182131214e-01 8.157888316012400221e-02
3.123027620981218888e+01 9.990403537858113525e-01 7.649298603136960306e-01 1.207270398214923927e-02 1.021190022641433465e-01 8.214180269579611504e-02
3.141727937266937332e+01 9.991448350877145668e-01 7.641838072428606132e-01 1.174178986738038180e-02 1.013109066499850996e-01 8.198620751422971975e-02
3.160428253552664302e+01 9.988972740725015065e-01 7.645965797215207305e-01 1.248155128359901278e-02 1.034698796529887888e-01 8.008787736624289888e-02
3.179128569838383456e+01 9.997751884130953171e-01 7.634413479881477782e-01 1.421876555027006862e-02 1.063281220159904145e-01 8.212993653670128125e-02
3.197828886124090175e+01 1.000049787943379620e+00 7.635372262647199815e-01 1.351076218784368760e-02 1.077037574490829763e-01 7.816726759354011844e-02
3.216529202409819277e+01 9.991666792695335086e-01 7.638223165519624214e-01 1.504693150547328946e-02 1.099383747340675344e-01 8.064285813255901714e-02
3.235229518695536655e+01 1.000418589547745096e+00 7.646810147824122383e-01 1.350634393961379180e-02 1.127571085118785343e-01 8.029897564794104270e-02
3.253929834981253322e+01 9.998632456736771257e-01 7.664007206833111097e-01 1.231354110602846975e-02 1.100962062579944611e-01 7.861219373667154009e-02
3.272630151266972831e+01 9.998937158752991827e-01 7.643291252224605481e-01 1.257899018662427502e-02 1.069468388596403613e-01 7.429427338349200993e-02
3.291330467552692340e+01 1.000531658782258804e+00 7.650507818370655411e-01 1.344093117074535160e-02 1.057252423240585271e-01 7.068390954324221820e-02
3.310030783838405455e+01 9.996642051408134444e-01 7.650643523041892324e-01 1.251524087914896582e-02 1.069275114454799613e-01 7.457864128035841811e-02
3.328731100124125675e+01 9.997477239321814757e-01 7.625125286825663595e-01 1.310971195774357327e-02 1.121090605215975533e-01 7.440197938294765279e-02
3.347431416409845184e+01 1.000357274803718166e+00 7.638780404530167711e-01 1.598913527736623569e-02 1.135891636492063900e-01 7.708277736053653628e-02
3.366131732695560430e+01 9.999140196739374487e-01 7.631284003914412528e-01 1.537697230901950533e-02 1.140914790672270807e-01 7.427823331445851385e-02
3.384832048981278518e+01 9.994831579963463497e-01 7.632547302482952656e-01 1.611870542877681320e-02 1.193735018425850364e-01 7.298645749545523698e-02
3.403532365267007975e+01 9.993161947602734463e-01 7.623423596867927587e-01 1.185757037948053511e-02 1.182017409331029417e-01 7.392366563726721074e-02
3.422232681552713274e+01 9.996559560437622283e-01 7.621252877036143181e-01 1.114728403806540535e-02 1.148510016677603968e-01 7.278852201782838593e-02
3.440932997838433494e+01 1.000056123165834476e+00 7.597876514875087084e-01 1.178873471660141399e-02 1.109183362441294174e-01 7.501624046674608415e-02
3.459633314124161529e+01 9.995881431481635770e-01 7.606036106906891581e-01 1.178839235030221082e-02 1.152370110239046702e-01 7.780224254744601275e-02
3.478333630409881749e+01 9.992843787970114855e-01 7.590563017601011930e-01 1.103142387647849422e-02 1.160550811228647505e-01 7.743751716199102908e-02
3.497033946695587048e+01 9.994757432413226006e-01 7.607840100111958881e-01 1.294460926995864153e-02 1.157190027177587982e-01 7.851715772457087961e-02
3.515734262981315794e+01 9.982688545704585525e-01 7.628252304156849517e-01 1.102591292219843797e-02 1.128814202304319475e-01 7.796563284930604909e-02
3.534434579267035303e+01 9.987129261015944559e-01 7.629980879084741208e-01 8.741927180255565713e-03 1.104785682468806124e-01 7.808246751305875089e-02
3.553134895552747707e+01 9.982594684569159327e-01 7.619964133650586335e-01 1.190877698997539445e-02 1.108630396913349858e-01 7.733437794988982927e-02
3.571835211838469348e+01 9.987638571361816542e-01 7.619144360435584629e-01 1.245028555560569183e-02 1.119549800377989679e-01 7.481260408639918424e-02
3.590535528124189568e+01 9.985361060589860172e-01 7.616105653691203070e-01 1.140910443657096492e-02 1.117224571038966247e-01 7.189409087653539365e-02
3.609235844409901262e+01 9.993291346359927108e-01 7.593211369116206200e-01 1.010789278577543630e-02 1.084838116200639024e-01 7.540671241463674235e-02
3.627936160695622192e+01 1.000459934872380385e+00 7.631096222382564020e-01 9.373962902006843789e-03 1.020419819213121276e-01 7.784415470044367402e-02
3.646636476981343122e+01 9.988680781667181874e-01 7.634398407571503231e-01 1.097916390842387617e-02 1.058436093568694281e-01 7.477036056828398336e-02
3.665336793267055526e+01 9.991542003906515035e-01 7.627919128677733696e-01 1.339861449564460662e-02 1.076609164961301324e-01 7.816459203369049979e-02
3.684037109552775036e+01 9.995121332241048151e-01 7.619622607176802509e-01 1.204656780738936131e-02 1.063314426263452239e-01 7.700356515353387610e-02
3.702737425838505203e+01 1.000174406344004785e+00 7.633653161935090026e-01 1.231189168782514769e-02 1.075990698287160041e-01 7.710950824104720325e-02
3.721437742124207659e+01 9.993295108747185518e-01 7.633488177256697593e-01 1.387243152934328899e-02 1.032226931471605658e-01 7.767005126925326242e-02
