0.000000000000000000e+00 1.512117856291423479e+00 1.000000000000000000e+00
4.456235686317673861e-01 1.063650036783815978e+00 1.610044538010612092e+00
8.912471372636365796e-01 8.798075629255974750e-01 2.394640041925236496e+00
1.336870705892822420e+00 8.016725180909010096e-01 3.308830016571008503e+00
1.782494274521478905e+00 7.734411543464808636e-01 4.296503547287048086e+00
2.228117843150145827e+00 7.714660211577621940e-01 5.289210457353669348e+00
2.673741411778800980e+00 7.812055540126889852e-01 6.211264040862622515e+00
3.119364980407449917e+00 7.984892129839458175e-01 7.030031361004461132e+00
3.564988549036131271e+00 8.193753114218838007e-01 7.742046171807982269e+00
4.010612117669292154e+00 8.396991200341814565e-01 8.333791625930723868e+00
4.456235686310802357e+00 8.592486270333605791e-01 8.819235938250114870e+00
4.901859254952262823e+00 8.777543356148472808e-01 9.218812575355892491e+00
5.347482823593772139e+00 8.955449216562356707e-01 9.541940171505048696e+00
5.793106392235277902e+00 9.096280078727136953e-01 9.795125238860991956e+00
6.238729960876793434e+00 9.229889266297716111e-01 1.000276375295432629e+01
6.684353529518260117e+00 9.343736623113676476e-01 1.016515691806359989e+01
7.129977098159764104e+00 9.445096686716579759e-01 1.029696455037392333e+01
7.575600666801260985e+00 9.535409311073518301e-01 1.041168986843438304e+01
8.021224235424764260e+00 9.612735322735621590e-01 1.050434132248036612e+01
8.466847804040622094e+00 9.675262646767290864e-01 1.057427748222910679e+01
8.912471372656453283e+00 9.729786986092064938e-01 1.065020459057515367e+01
9.358094941272218747e+00 9.764996101102032533e-01 1.068188716476301003e+01
9.803718509888051713e+00 9.793159094934069664e-01 1.070806352280062868e+01
1.024934207850391310e+01 9.832203305483480094e-01 1.074349396643234655e+01
1.069496564711975140e+01 9.865996446991694979e-01 1.077703482001175850e+01
1.114058921573551508e+01 9.888414997899895864e-01 1.081679608406655291e+01
1.158621278435136404e+01 9.911519249239133522e-01 1.083832488390817872e+01
1.203183635296717391e+01 9.933332445249140052e-01 1.085661805869041530e+01
1.247745992158301043e+01 9.947456311594141676e-01 1.086228024780767676e+01
1.292308349019878477e+01 9.953093334561700090e-01 1.087963299645338822e+01
1.336870705881463017e+01 9.966229171080449589e-01 1.089500218143425947e+01
1.381433062743049689e+01 9.972776720604837886e-01 1.089456952342889018e+01
1.425995419604634407e+01 9.981375636038486432e-01 1.089856357888750971e+01
1.470557776466213618e+01 9.988087851030323927e-01 1.091137716697671500e+01
1.515120133327798868e+01 9.987280257956231422e-01 1.090081040084714026e+01
1.559682490189370974e+01 9.989372170555446129e-01 1.089593921186413183e+01
1.604244847050956224e+01 9.994802977381194165e-01 1.090004153395545750e+01
1.648807203912535613e+01 9.999979213520513444e-01 1.090652302070989066e+01
1.693369560774121041e+01 1.000533812107889942e+00 1.091302634568504892e+01
1.737931917635707535e+01 1.000580743041615150e+00 1.090761493481714162e+01
1.782494274497293318e+01 1.000497226788392258e+00 1.092293535303428342e+01
1.827056631358874128e+01 1.000983977191667762e+00 1.092171714655974490e+01
1.871618988220459912e+01 1.000351694739709973e+00 1.092337644859540369e+01
1.916181345082026510e+01 1.001063837615004726e+00 1.093001476369889247e+01
1.960743701943612294e+01 1.001310772698485785e+00 1.092330777154406896e+01
2.005306058805193459e+01 1.000872762028588658e+00 1.092167095208454697e+01
2.049868415666779242e+01 9.998355394030751242e-01 1.090695977630800151e+01
2.094430772528365736e+01 1.001010563221828464e+00 1.092654387020000684e+01
2.138993129389951520e+01 1.000578498441097475e+00 1.092685668841730440e+01
2.183555486251533395e+01 1.000631849439735488e+00 1.091122448890367735e+01
2.228117843113119889e+01 1.000898105609693500e+00 1.091533443183538310e+01
2.272680199974687554e+01 9.998504863551137545e-01 1.091233376489260110e+01
2.317242556836273693e+01 9.993547647293221647e-01 1.091458978698422300e+01
2.361804913697856634e+01 9.996877802579572370e-01 1.091023983782943674e+01
2.406367270559443483e+01 9.992671197183384812e-01 1.090994003773547583e+01
2.450929627421017187e+01 9.996892032842469300e-01 1.091804183923537330e+01
2.495491984282602616e+01 9.982763264892809962e-01 1.091751786751199127e+01
2.540054341144184846e+01 9.982348841645545257e-01 1.090775294334042478e+01
2.584616698005770274e+01 9.985989158711244817e-01 1.091231267355327894e+01
2.629179054867340071e+01 9.982756191131049173e-01 1.091086388168600330e+01
2.673741411728926209e+01 9.990966868738945239e-01 1.091437497338372431e+01
2.718303768590509506e+01 9.999535916929217505e-01 1.092948806368270454e+01
2.762866125452095289e+01 1.000343360257838654e+00 1.093625814312719058e+01
2.807428482313682139e+01 1.000736182880977099e+00 1.093422146138175144e+01
2.851990839175268633e+01 1.001247569120168546e+00 1.092878186278121433e+01
2.896553196036852285e+01 1.000779918417383563e+00 1.093496276115889998e+01
2.941115552898438423e+01 1.001599673564427695e+00 1.092631282976167739e+01
2.985677909760010706e+01 1.000329455442978688e+00 1.091387283185600232e+01
3.030240266621597556e+01 1.000043464447282648e+00 1.091595187355519414e+01
3.074802623483181563e+01 9.998864500192218285e-01 1.091487953514256581e+01
3.119364980353007510e+01 1.000223555745597181e+00 1.092006097414981447e+01
3.163927337224854952e+01 1.000422398044296335e+00 1.092167866649818286e+01
3.208489694096712697e+01 1.000434105104355487e+00 1.093348266693361559e+01
3.253052050968559428e+01 1.000644213142261485e+00 1.092369211840180476e+01
3.297614407840403317e+01 1.000321324388564692e+00 1.091403797338119830e+01
3.342176764712250048e+01 9.997444679707722104e-01 1.090533022325536905e+01
3.386739121584106726e+01 1.000163077957053170e+00 1.092210254579459594e+01
3.431301478455953458e+01 9.996696512030047721e-01 1.091911819354291424e+01
3.475863835327832163e+01 9.999399915623123913e-01 1.091475458939975418e+01
3.520426192199678894e+01 1.000281418758721896e+00 1.091699838817443435e+01
3.564988549071535573e+01 1.000001700243822178e+00 1.091487678827068386e+01
3.609550905943381593e+01 1.000400066296605495e+00 1.091493437363124919e+01
3.654113262815225482e+01 9.995319696664206610e-01 1.091074909562147432e+01
3.698675619687072214e+01 9.997215382457418364e-01 1.092808518741599499e+01
3.743237976558926761e+01 9.992542038102359969e-01 1.091463907873125017e+01
3.787800333430772781e+01 9.991343534475656263e-01 1.089802436066208458e+01
3.832362690302656461e+01 1.000010865578651931e+00 1.090773736190734944e+01
3.876925047174503192e+01 9.999377859979802219e-01 1.091133826189740574e+01
3.921487404046357739e+01 9.997618234582924535e-01 1.091035290927779933e+01
3.966049760918203759e+01 1.000009789092663803e+00 1.089742221523722776e+01
4.010612117790047648e+01 1.000398048986499866e+00 1.091742780347667718e+01
4.055174474661893669e+01 1.001144947803247920e+00 1.093085140660966026e+01
4.099736831533746795e+01 1.001116226679322541e+00 1.093986716984651331e+01
4.144299188405593526e+01 1.001644004304589108e+00 1.093743462785747589e+01
4.188861545277479337e+01 1.001361785533265714e+00 1.093386901892853125e+01
4.233423902149323936e+01 1.001580817670801204e+00 1.093651222872598261e+01
4.277986259021176352e+01 1.001272607512210921e+00 1.093601205242790009e+01
4.322548615893021662e+01 1.000911761960553648e+00 1.093099725843054237e+01
4.367110972764874077e+01 1.001417287204868778e+00 1.093720088157560610e+01
4.411673329636720808e+01 1.000912894677370657e+00 1.093442445127223372e+01
4.456235686508574645e+01 1.000643255432050349e+00 1.092020358760349552e+01
4.500798043380421376e+01 1.000317295976869802e+00 1.091793518015700926e+01
4.545360400252303634e+01 1.000224737004262066e+00 1.091108310454272079e+01
4.589922757124148944e+01 9.992481146762126620e-01 1.090985623124389114e+01
4.634485113996002070e+01 9.990850219685672995e-01 1.091674912200718062e+01
4.679047470867848091e+01 9.986975278573018144e-01 1.091618280110995620e+01
4.723609827739691269e+01 9.986491118942718570e-01 1.092222406515441513e+01
4.768172184611536579e+01 9.993553546155486966e-01 1.092256995751506388e+01
4.812734541483389705e+01 9.997263103095419545e-01 1.091329367173644194e+01
4.857296898355234305e+01 9.993785496625546827e-01 1.091945562426128191e+01
4.901859255227114431e+01 1.000006169692101210e+00 1.092322963207215203e+01
4.946421612098959031e+01 9.998918183114938740e-01 1.092741105456943096e+01
4.990983968970809315e+01 1.000497606212649826e+00 1.093242806092544406e+01
5.035546325842653914e+01 9.998406314114023363e-01 1.091929406231719391e+01
5.080108682714529067e+01 1.000209742536032342e+00 1.093186274828717508e+01
5.124671039586375088e+01 1.000237499295682397e+00 1.093599072125655880e+01
5.169233396458228214e+01 9.993385373816691120e-01 1.091933396034080062e+01
5.213795753330073524e+01 9.994462212650075950e-01 1.091500893593465982e+01
5.258358110201950808e+01 9.986624727061492734e-01 1.090976730484024593e+01
5.302920467073796118e+01 9.991474754789752000e-01 1.090713997936107482e+01
5.347482823945647112e+01 9.985601451008482288e-01 1.090594418335658133e+01
5.392045180817491712e+01 9.977180416967645904e-01 1.090029095205461651e+01
5.436607537689334890e+01 9.979969515227608001e-01 1.090569302003304308e+01
5.481169894561180911e+01 9.987292031852788021e-01 1.090371080083719058e+01
5.525732251433031905e+01 9.982497270832145775e-01 1.089823905428627171e+01
5.570294608304875794e+01 9.983190713644009007e-01 1.089443687737478150e+01
5.614856965176750947e+01 9.981936932837688348e-01 1.089475739756606743e+01
5.659419322048594836e+01 9.988024430819498756e-01 1.089940917342345728e+01
5.703981678920445120e+01 9.993334244896049379e-01 1.090588259882565403e+01
5.748544035792289009e+01 9.994732795267134984e-01 1.091317352774878380e+01
5.793106392664182636e+01 9.995142234705027828e-01 1.091841826625350542e+01
5.837668749536027235e+01 1.000182953907638561e+00 1.092694394178694495e+01
5.882231106407878229e+01 1.000487168446269726e+00 1.093071232641707802e+01
5.926793463279723539e+01 1.000650403210123773e+00 1.093266460079291669e+01
5.971355820151596561e+01 1.001008636062572510e+00 1.094250068326607028e+01
6.015918177023441160e+01 1.000752652529365072e+00 1.093234129575665037e+01
6.060480533895291444e+01 1.000668554250208064e+00 1.093602849435704449e+01
6.105042890767136043e+01 1.001087868941652914e+00 1.094198572124385294e+01
6.149605247638979222e+01 1.001455712598324332e+00 1.093556331059307674e+01
6.194167604498390034e+01 1.001197098365014693e+00 1.093356032250003373e+01
6.238729961349712738e+01 1.000631827795034345e+00 1.093533611672618910e+01
6.283292318201041127e+01 1.000402744578412273e+00 1.093465755852271570e+01
6.327854675052365252e+01 1.000956217310505769e+00 1.094835182123118500e+01
6.372417031903667350e+01 1.000772297054850268e+00 1.093739317745573913e+01
6.416979388754990055e+01 1.000333329430391993e+00 1.093447515991961971e+01
6.461541745606258758e+01 1.001260125900843345e+00 1.094037058927074035e+01
6.506104102457581462e+01 1.002007909703363620e+00 1.095882422215456842e+01
6.550666459308882850e+01 1.001878026031478353e+00 1.094766329463198140e+01
6.595228816160206975e+01 1.001855919427810493e+00 1.094740225433011993e+01
6.639791173011535363e+01 1.002361019685088062e+00 1.094268540337127682e+01
6.684353529862859489e+01 1.002555877276896323e+00 1.095063967554549045e+01
