0.000000000000000000e+00 1.519554645174502117e+00 1.000000000000000000e+00
2.702228859755474999e-01 8.920608717846204572e-01 1.682510032016082180e+00
5.404457719506443603e-01 6.624342571379506772e-01 2.650584568133422803e+00
8.106686579257363912e-01 5.654246487796504850e-01 3.990022974554920498e+00
1.080891543903055751e+00 5.255961664922824683e-01 5.768699134461074074e+00
1.351114429881064005e+00 5.140667712566907577e-01 8.011073741371708579e+00
1.621337315859068706e+00 5.190108749841672031e-01 1.073815703093215745e+01
1.891560201837074517e+00 5.335385433649668663e-01 1.393589442042176785e+01
2.161783087815084770e+00 5.537844337056969657e-01 1.751485125643059249e+01
2.432005973793090803e+00 5.777756471536990013e-01 2.144112822665789508e+01
2.702228859771112823e+00 6.033406786665581611e-01 2.556696210052426821e+01
2.972451745749125518e+00 6.306667853973082494e-01 2.983268220914471058e+01
3.242674631727120893e+00 6.582195186245106688e-01 3.406419246802918366e+01
3.512897517704567818e+00 6.858355698465649075e-01 3.819903195475347246e+01
3.783120403670933385e+00 7.129018805821294436e-01 4.215794164534906940e+01
4.053343289637274971e+00 7.391169337567332631e-01 4.579876956145804456e+01
4.323566175603615669e+00 7.646876364259458381e-01 4.911503527744290665e+01
4.593789061569998999e+00 7.887370581209335318e-01 5.205560788890786483e+01
4.864011947536326375e+00 8.113762568607243431e-01 5.459368079410432983e+01
5.134234833502705264e+00 8.330342736653471025e-01 5.683948685137090706e+01
5.404457719469037080e+00 8.524346353354390615e-01 5.858128874638026673e+01
5.674680605435401759e+00 8.705014329271778539e-01 6.000627505377428150e+01
5.944903491401767326e+00 8.867774030448885014e-01 6.114736774972282518e+01
6.215126377368100918e+00 9.017134469984645628e-01 6.207025861588317639e+01
6.485349263334433623e+00 9.159396863993652937e-01 6.275346524588717756e+01
6.755572149300795637e+00 9.287701737131985880e-01 6.327628633951452031e+01
7.025795035269435829e+00 9.395059281358303371e-01 6.357302243560368993e+01
7.296017921259085881e+00 9.493672089111235834e-01 6.376530074214765165e+01
7.566240807248801659e+00 9.589368365687787055e-01 6.391599273213349619e+01
7.836463693238418848e+00 9.662716451921951055e-01 6.388016223357656287e+01
8.106686579228140843e+00 9.736420445731807094e-01 6.384350632952467208e+01
8.376909465217785566e+00 9.791594262068775700e-01 6.368405443500190444e+01
8.647132351207421408e+00 9.833877207796062336e-01 6.340414824088608725e+01
8.917355237197126527e+00 9.875145878786346643e-01 6.323641971828535446e+01
9.187578123186762369e+00 9.909794903250636056e-01 6.309031302383195339e+01
9.457801009176399987e+00 9.937780264095646965e-01 6.295274508758598841e+01
9.728023895166128199e+00 9.959104972766645858e-01 6.272471597572204161e+01
9.998246781155755158e+00 9.980245094341156920e-01 6.253545575874145612e+01
1.026846966714546028e+01 1.000491586492125773e+00 6.244970565593195033e+01
1.053869255313510855e+01 1.001969915839438618e+00 6.231402776816474187e+01
1.080891543912476571e+01 1.002443555537015918e+00 6.212216268882743719e+01
1.107913832511442997e+01 1.003085046193390450e+00 6.189588796972847717e+01
1.134936121110408713e+01 1.004045189397982707e+00 6.185178747282866851e+01
1.161958409709375317e+01 1.004681873257300628e+00 6.172157439350713304e+01
1.188980698308341566e+01 1.004349701806622752e+00 6.159040376010093354e+01
1.216002986907306571e+01 1.004672794313537176e+00 6.139456070376810004e+01
1.243025275506280991e+01 1.004644934709479687e+00 6.130668465782682119e+01
1.270047564105238358e+01 1.004812896757027119e+00 6.128656418443978993e+01
1.297069852704206028e+01 1.003881168914195321e+00 6.111494184325795942e+01
1.324092141303179027e+01 1.004062964355652454e+00 6.102779154247503612e+01
1.351114429902147229e+01 1.004026179279497111e+00 6.094833162877932864e+01
1.378136718501103530e+01 1.004649701745158996e+00 6.096579255028608912e+01
1.405159007099163837e+01 1.004389470592068179e+00 6.095023263098374855e+01
1.432181295693461109e+01 1.003660030486847488e+00 6.086624810083736747e+01
1.459203584287771882e+01 1.003546109210886605e+00 6.084683082932783549e+01
1.486225872882068622e+01 1.002027311637206930e+00 6.069953888213550641e+01
1.513248161476380105e+01 1.002372716615518744e+00 6.073394349473436904e+01
1.540270450070676311e+01 1.001994602572799709e+00 6.071838531261629868e+01
1.567292738664988150e+01 1.002216103935810398e+00 6.065636945700661187e+01
1.594315027259284179e+01 1.001425140787034929e+00 6.061450438733032087e+01
1.621337315853596550e+01 1.001360122638775385e+00 6.057521672143389679e+01
1.648359604447891869e+01 1.001764207495355219e+00 6.066428006693936226e+01
1.675381893042204595e+01 1.001856833841659800e+00 6.067153070046453678e+01
1.702404181636499914e+01 1.001733412673360801e+00 6.071512014494371101e+01
1.729426470230812640e+01 1.001243287191011744e+00 6.063919881999737527e+01
1.756448758825107248e+01 1.001438159159568020e+00 6.062932203127860475e+01
1.783471047419420685e+01 1.000877609257866174e+00 6.059969458086320060e+01
1.810493336013715293e+01 1.001094627265586734e+00 6.061469221929602469e+01
1.837515624608029086e+01 1.000385771356809617e+00 6.057035932450011728e+01
1.864537913202322983e+01 9.999922033969584900e-01 6.057833420801512148e+01
1.891560201796636420e+01 9.993926810518369841e-01 6.057072704824289389e+01
1.918582490390932449e+01 9.993728224091167345e-01 6.056792045366012900e+01
1.945604778985245176e+01 9.993030510355094265e-01 6.061447395184038101e+01
1.972627067579538718e+01 9.995694999197245467e-01 6.060870761180174071e+01
1.999649356173850734e+01 9.998828406557884740e-01 6.067622550499376644e+01
2.026671644768149960e+01 9.996018236155028713e-01 6.066095355192020833e+01
2.053693933362461621e+01 9.997406109919894091e-01 6.064511227435831842e+01
2.080716221956754808e+01 9.994634891859011105e-01 6.061262242033586745e+01
2.107738510551065403e+01 9.987705793509136232e-01 6.055140492057043389e+01
2.134760799145367827e+01 9.986327210408046939e-01 6.055971861873704398e+01
2.161783087739677711e+01 9.989356322810932776e-01 6.061477315069384275e+01
2.188805376333970543e+01 9.986495602919349679e-01 6.057335992490566667e+01
2.215827664928279717e+01 9.982610523271878700e-01 6.061573594893921069e+01
2.242849953522585338e+01 9.986039425754719145e-01 6.067744833093630064e+01
2.269872242116894157e+01 9.991574411189794169e-01 6.074996108689767738e+01
2.296894530711186988e+01 9.983044224762105401e-01 6.066366047311937137e+01
2.323916819305494741e+01 9.991147099948787247e-01 6.073657683076921643e+01
2.350939107899802849e+01 9.997801722741912478e-01 6.079248386986471786e+01
2.377961396494110247e+01 1.000354173095634236e+00 6.079273470892878350e+01
2.404983685088402723e+01 1.000677056156497713e+00 6.077861906023250782e+01
2.432005973682709055e+01 1.000901613739282769e+00 6.075982368148726920e+01
2.459028262277020005e+01 1.000851321777807890e+00 6.073911082397580685e+01
2.486050550871326692e+01 1.001221783356091244e+00 6.078237319874433098e+01
2.513072839465618458e+01 1.000915738859393667e+00 6.077131297195952442e+01
2.540095128059924434e+01 1.001550600659359747e+00 6.080461111602298274e+01
2.567117416654237161e+01 1.001857297439044281e+00 6.081130321793745708e+01
2.594139705248543137e+01 1.002515982647967485e+00 6.089888664082300096e+01
2.621161993842834548e+01 1.002864961139792843e+00 6.093246893254821117e+01
2.648184282437139458e+01 1.001313632380665286e+00 6.078941594415014293e+01
2.675206571031454672e+01 1.001245143542641269e+00 6.081264280165084557e+01
2.702228859625759227e+01 1.001574411493631578e+00 6.080928783718906772e+01
2.729251148220050283e+01 1.001545283421573895e+00 6.076677751235525449e+01
2.756273436814354838e+01 1.002064855940956400e+00 6.077399403994055405e+01
2.783295725408671828e+01 1.001842977362135123e+00 6.079510959073068221e+01
2.810318014002975318e+01 1.002308201195286852e+00 6.081025603055329753e+01
2.837340302597266728e+01 1.002095978701353474e+00 6.080665379557117234e+01
2.864362591191569862e+01 1.001708151046933004e+00 6.078595652631097579e+01
2.891384879785888629e+01 1.001657775001333128e+00 6.075298811334116778e+01
2.918407168380191408e+01 1.001395245390139355e+00 6.070836035529372765e+01
2.945429456974482463e+01 1.001304034133519316e+00 6.072405826485680080e+01
2.972451745568785242e+01 1.000099675609197103e+00 6.065462657362897403e+01
2.999474034163105429e+01 9.989340430381752345e-01 6.060128484336022581e+01
3.026496322757407853e+01 9.990711209851240726e-01 6.065051067305098087e+01
3.053518611351698908e+01 1.000250328998722127e+00 6.074114097619457198e+01
3.080540899946000977e+01 9.999699954301612959e-01 6.077461328632125515e+01
3.107563188540322585e+01 9.999957930059547584e-01 6.070790198461509135e+01
3.134585477134623943e+01 9.995797827900062549e-01 6.071657089392189732e+01
3.161607765728914643e+01 9.987629445362234959e-01 6.060817454303164453e+01
3.188630054323216001e+01 9.990899434612526830e-01 6.064798597422016968e+01
3.215652342917539386e+01 9.997252366011051272e-01 6.069798375461265749e+01
3.242674631511840744e+01 9.989357381277551573e-01 6.064221475938660433e+01
3.269696920106130733e+01 9.992383639669111250e-01 6.071399033873719731e+01
3.296719208700432091e+01 9.991658311853394148e-01 6.068807027535174115e+01
3.323741497294756186e+01 9.990311439658822179e-01 6.068788534214817787e+01
3.350763785889056834e+01 9.984947900656241382e-01 6.057558345553954382e+01
3.377786074483346823e+01 9.992461693725508409e-01 6.064242018222024200e+01
3.404808363077647471e+01 9.982620956517238575e-01 6.057998336208486734e+01
3.431830651671972987e+01 9.979040071678367818e-01 6.056730979257685732e+01
3.458852940266272924e+01 9.979581092641148787e-01 6.062162187532788238e+01
3.485875228860563624e+01 9.991606124779138787e-01 6.066755200556710292e+01
3.512897517454862850e+01 9.985405571718102280e-01 6.062775543674451484e+01
3.539919806049190498e+01 9.986795811366421249e-01 6.062933322661589131e+01
3.566942094643489014e+01 9.990867211506310186e-01 6.068417016724126256e+01
3.593964383237779003e+01 9.987322983558273304e-01 6.060553634815292412e+01
3.620986671832078940e+01 9.986710750011349447e-01 6.062349192047719981e+01
3.648008960426406588e+01 9.997571416553480139e-01 6.069383173272321841e+01
3.675031249020705815e+01 1.000051785312380703e+00 6.074827870841092903e+01
3.702053537614995093e+01 1.000875194393517464e+00 6.079119435902125446e+01
3.729075826209294320e+01 1.000414734150828266e+00 6.075243131200985403e+01
3.756098114803622678e+01 1.000543825792138852e+00 6.075543690806042463e+01
3.783120403397921905e+01 1.000472834055091687e+00 6.082005135662984685e+01
3.810142691992213315e+01 1.000166607414759046e+00 6.082189159961998826e+01
3.837164980586510410e+01 1.000355038153337484e+00 6.084890219049640336e+01
3.864187269180839479e+01 1.000524462299303474e+00 6.086864877535612095e+01
3.891209557775135863e+01 1.000365455762732836e+00 6.079977499674742347e+01
3.918231846369427984e+01 1.000463744718837367e+00 6.080687715622195100e+01
3.945254134963730053e+01 1.000855030098934506e+00 6.080675576400537352e+01
3.972276423558051306e+01 1.000920100445893857e+00 6.078487871595405068e+01
3.999298712152354085e+01 1.000789134065172226e+00 6.077758959509375813e+01
4.026321000746649048e+01 9.999254835122682872e-01 6.066689751416146237e+01
4.053343289340941169e+01 9.994365559649670550e-01 6.068684118581094822e+01
