0.000000000000000000e+00 1.505049121051957650e+00 1.000000000000000000e+00
2.416837677835766418e-01 1.434721685027124938e+00 8.511396574596462594e-01
4.824046520301624730e-01 1.370882839160503686e+00 7.285997900303093910e-01
7.231255362767481376e-01 1.316347523497708005e+00 6.325441444297040805e-01
9.638464205233366888e-01 1.270492070789749350e+00 5.575324037448773362e-01
1.204567304769919689e+00 1.231890676782805505e+00 4.972257934175665639e-01
1.445288189016509239e+00 1.198096105386344368e+00 4.493498461306030256e-01
1.686009073263122326e+00 1.168998465323825453e+00 4.097187060389997915e-01
1.925767073972756815e+00 1.142726187305268759e+00 3.799268180732138789e-01
2.166487958219389665e+00 1.123450694812883732e+00 3.544861293739625663e-01
2.407208842466016741e+00 1.105462017430191901e+00 3.344185177749843807e-01
2.647929726712646925e+00 1.090991188935158895e+00 3.180134592353808243e-01
2.888650610959272669e+00 1.076906098673296786e+00 3.044931853811701505e-01
3.129371495205891307e+00 1.065438703592987535e+00 2.947366165033346030e-01
3.370092379452438891e+00 1.056580002661847040e+00 2.853673997608710544e-01
3.610813263698966935e+00 1.048870969053914415e+00 2.781300950732308319e-01
3.851534147945511855e+00 1.040750132169775855e+00 2.723408048284499117e-01
4.092255032192053221e+00 1.036191836632761376e+00 2.673020863481876952e-01
4.333938799975593170e+00 1.031077924927316758e+00 2.625817941801587008e-01
4.574659684222142531e+00 1.027656376731598709e+00 2.589316124604718050e-01
4.815380568468665246e+00 1.023836716762360988e+00 2.562979182095406205e-01
5.056101452715220823e+00 1.021029767751576278e+00 2.536815034310342387e-01
5.296822336961756861e+00 1.017818240482335490e+00 2.523640470912133504e-01
5.537543221208311550e+00 1.014295390628440430e+00 2.504381288202225941e-01
5.778264105454846700e+00 1.013024745261752457e+00 2.493690017895349720e-01
6.018984989701408495e+00 1.010343076593863243e+00 2.489259527732499699e-01
6.259705873948020916e+00 1.009534092407012862e+00 2.474747895205671733e-01
6.500426758194712384e+00 1.008845983360211696e+00 2.470077794676474592e-01
6.741147642441447374e+00 1.008092227299917765e+00 2.458990255329921715e-01
6.980905643151150031e+00 1.006702322720099740e+00 2.453633059720786436e-01
7.221626527397887685e+00 1.005273168051131316e+00 2.455180041405864988e-01
7.462347411644590700e+00 1.005260673387332604e+00 2.453232555171950546e-01
7.703068295891289274e+00 1.003550810552238159e+00 2.446823009388627013e-01
7.943789180138029593e+00 1.004533494270533511e+00 2.440230973652445789e-01
8.184510064384721062e+00 1.004938699534103641e+00 2.433649938995885997e-01
8.425230948631456940e+00 1.003919466343680789e+00 2.433251327307129619e-01
8.665951832878159067e+00 1.002238152943778049e+00 2.435745273686173440e-01
8.906672717124866523e+00 1.002170373065455644e+00 2.441924401784008603e-01
9.147393601371586414e+00 1.001937106650761633e+00 2.435773080239560517e-01
9.388114485618295646e+00 1.001338851776024441e+00 2.440555602808318347e-01
9.628835369865035076e+00 1.000027958494960290e+00 2.444095195608525228e-01
9.869556254111746085e+00 1.000163473904499778e+00 2.440845065996077312e-01
1.011027713835842334e+01 1.000753105426299694e+00 2.434999469626610014e-01
1.035099802260517166e+01 1.001516441791644674e+00 2.433010282199756236e-01
1.059171890685188622e+01 1.000229410441294098e+00 2.439383335319281754e-01
1.083243979109858124e+01 1.000130882257236564e+00 2.433337415779306401e-01
1.107316067534529758e+01 9.993015232620358068e-01 2.434623719723275070e-01
1.131388155959204589e+01 9.995176858376562112e-01 2.433300067447761172e-01
1.155460244383871427e+01 1.000652713863621868e+00 2.431168774994291459e-01
1.179532332808543238e+01 9.988665628175108502e-01 2.432311509919983794e-01
1.203604421233217536e+01 9.976876656120041709e-01 2.427831931308196967e-01
1.227676509657889881e+01 9.969185080440906566e-01 2.429628746881684065e-01
1.251748598082532737e+01 9.982123627528460830e-01 2.426700380593596051e-01
1.275820686507166180e+01 9.990417560517740325e-01 2.421284732197307998e-01
1.299892774931803707e+01 9.994450219382547962e-01 2.417628501751637182e-01
1.323964863356443900e+01 9.989531840161394172e-01 2.419977242342789825e-01
1.348036951781081960e+01 9.997571001435435756e-01 2.416574969414158058e-01
1.372109040205714869e+01 1.000511140757913031e+00 2.416512149954696265e-01
1.396181128630352575e+01 1.000938662519839095e+00 2.420216657112825021e-01
1.420253217054992767e+01 1.000941889462801049e+00 2.423892725567511619e-01
1.444325305479631183e+01 1.000509720754808374e+00 2.424918997539012022e-01
1.468397393904263382e+01 1.000273385642332702e+00 2.426707576186357962e-01
1.492469482328901442e+01 1.001738035522148795e+00 2.415738714602005954e-01
1.516541570753541812e+01 1.001293307881624850e+00 2.414555969989494177e-01
1.540709947531880175e+01 1.001347575263119127e+00 2.421428336415530069e-01
1.564782035956512019e+01 1.001197274899087164e+00 2.419644595006320564e-01
1.588854124381150257e+01 1.000826801429317126e+00 2.415604150124033844e-01
1.612926212805790271e+01 1.000192077228555299e+00 2.423561605331222280e-01
1.636998301230429220e+01 1.001298110408086917e+00 2.418975789087586259e-01
1.661070389655061064e+01 1.000797406379305476e+00 2.421224152366113214e-01
1.685142478079700368e+01 1.000138094090010643e+00 2.418905632286381946e-01
1.709214566504339317e+01 9.996422588767243100e-01 2.424334239178873029e-01
1.733286654928976844e+01 9.990504568026121746e-01 2.425365981700816631e-01
1.757358743353611175e+01 9.987000086753131667e-01 2.427484459321991583e-01
1.781430831778247992e+01 9.980350210650394960e-01 2.431757168338381514e-01
1.805502920202886230e+01 9.972402864172900117e-01 2.439573309233026288e-01
1.829575008627527311e+01 9.980780379272943259e-01 2.432778669984382858e-01
1.853647097052158443e+01 9.977771265078603236e-01 2.428800673967509982e-01
1.877719185476799524e+01 9.993796737951973208e-01 2.426785837813591751e-01
1.901791273901437407e+01 9.992750470145783659e-01 2.430724920923535426e-01
1.925863362326073513e+01 9.981908868621851560e-01 2.427200112881378047e-01
1.949935450750710331e+01 9.987503112358757651e-01 2.430649903811355483e-01
1.974007539175346082e+01 9.988821269368585165e-01 2.428251079727525297e-01
1.998079627599982544e+01 9.993118330184997955e-01 2.422361380994781377e-01
2.022151716024625401e+01 9.995971072407413560e-01 2.426514182818034771e-01
2.046223804449255823e+01 9.994028316893639463e-01 2.425874346269646653e-01
2.070295892873898680e+01 1.000234526719770312e+00 2.421343383245598002e-01
2.094367981298535497e+01 1.000256703803103608e+00 2.424139632520871390e-01
2.118440069723170183e+01 1.000010036649265910e+00 2.428644769402873438e-01
2.142512158147809131e+01 9.982533387167659145e-01 2.422744888465269975e-01
2.166584246572443817e+01 9.987132364952070462e-01 2.416591169274018291e-01
2.190656334997079568e+01 9.977989825052363537e-01 2.420048042891644602e-01
2.214728423421723491e+01 9.990397752787109065e-01 2.417559104528002323e-01
2.238800511846353203e+01 9.975640586338401228e-01 2.425174123954974559e-01
2.262872600270997836e+01 9.979474773885899097e-01 2.424304215212965963e-01
2.286944688695633232e+01 9.981702235613271190e-01 2.426474927926641489e-01
2.311016777120267207e+01 9.981158745632555673e-01 2.422638756332911592e-01
2.335088865544907577e+01 9.971736504375077192e-01 2.422606922274375962e-01
2.359160953969541552e+01 9.968960933941796165e-01 2.421858783159832329e-01
2.383233042394176238e+01 9.959482139085101826e-01 2.431881187996591809e-01
2.407305130818821581e+01 9.972954640343035804e-01 2.432093060350823954e-01
2.431377219243450938e+01 9.966787802981754707e-01 2.434181682682943770e-01
2.455449307668096282e+01 9.979034157389241599e-01 2.423190820833196757e-01
2.479521396092731322e+01 9.978301556365081204e-01 2.423154089800650945e-01
2.503593484517363876e+01 9.979274351798462783e-01 2.428354308065052980e-01
2.527665572942006378e+01 9.969895051625905502e-01 2.428635967189576861e-01
2.551737661366639642e+01 9.978556212481017873e-01 2.428219482731626966e-01
2.575809749791273617e+01 9.976326979199773293e-01 2.431262372725440934e-01
2.599881838215920027e+01 9.980829612763822967e-01 2.423186621086373949e-01
2.623953926640548673e+01 9.982666002797768723e-01 2.421189674835105554e-01
2.648026015065195082e+01 9.991979680972773448e-01 2.415661233361529048e-01
2.672098103489829057e+01 9.993627180428201751e-01 2.417577190240884633e-01
2.696170191914461256e+01 9.997394468279618973e-01 2.417164092455948432e-01
2.720242280339104468e+01 9.996472625804085910e-01 2.420252199610120614e-01
2.744314368763737377e+01 9.986741298711572234e-01 2.421813668873508407e-01
2.768386457188370287e+01 9.970726714336487495e-01 2.424458343703412844e-01
2.792458545613017762e+01 9.973926611586323432e-01 2.426212813006674573e-01
2.816530634037646408e+01 9.978587130205885947e-01 2.434544211824517246e-01
2.840602722462293883e+01 9.979196774385170610e-01 2.430283412292943979e-01
2.864674810886926792e+01 9.989520831025729963e-01 2.431846836314976723e-01
2.888746899311558636e+01 9.985978744774596239e-01 2.433683235512092424e-01
2.912818987736202914e+01 9.991658026641699886e-01 2.431099986312963146e-01
2.936891076160835112e+01 9.987852954103603187e-01 2.426926600376382859e-01
2.960963164585467666e+01 1.000525277197446661e+00 2.427685992893817146e-01
2.985035253010115497e+01 9.999287425500567039e-01 2.431347574645409404e-01
3.009107341434744143e+01 1.000098761313404916e+00 2.434605508227984383e-01
3.033179429859391618e+01 9.991001063946751692e-01 2.433114097893423200e-01
3.057251518284024527e+01 9.987691396672155886e-01 2.428269063284108631e-01
3.081323606708656371e+01 9.994504217064908991e-01 2.425403435183420275e-01
3.105395695133301359e+01 9.999304873830704432e-01 2.424978542609134147e-01
3.129467783557932847e+01 1.000160561533869563e+00 2.422697120851133867e-01
3.153539871982564691e+01 1.000223135090624771e+00 2.425657681368572627e-01
3.177611960407213587e+01 1.001618141980717525e+00 2.419773157271154496e-01
3.201684048831842233e+01 1.001232150129167442e+00 2.421635693476187901e-01
3.225756137256490774e+01 1.001283758436816829e+00 2.421492602501349178e-01
3.249828225681121552e+01 1.002045411026159627e+00 2.425725912750538171e-01
3.273900314105754461e+01 1.002037813338334971e+00 2.420241777541687622e-01
3.297972402530398739e+01 1.001071558974194531e+00 2.424020051790189978e-01
3.322044490955032359e+01 1.001098422728444515e+00 2.424254975679537849e-01
3.346116579379661715e+01 1.001841594364061283e+00 2.426703310771519129e-01
3.370188667804310967e+01 1.002937535156238180e+00 2.422242759991750372e-01
3.394260756228941744e+01 1.003828166127239019e+00 2.414282068383196422e-01
3.418332844653586022e+01 1.003232554586160230e+00 2.417591344259525932e-01
3.442404933078220353e+01 1.001583689479024208e+00 2.407675779625546297e-01
3.466477021502853972e+01 1.001064606930843537e+00 2.418545129334089827e-01
3.490549109927493987e+01 1.000311518089203489e+00 2.423978938488274837e-01
3.514621198352128317e+01 1.002102665608142207e+00 2.416767511708582672e-01
3.538693286776763358e+01 1.003182453585744760e+00 2.420672151653287529e-01
3.562765375201404794e+01 1.003297790187517302e+00 2.424799945904115295e-01
3.586837463626037703e+01 1.002381194444698309e+00 2.427089459901412005e-01
3.610909552050686955e+01 1.002360252119247619e+00 2.421058115692160673e-01
3.634981640475313469e+01 1.002257886712660584e+00 2.415511743173297532e-01
3.659053728899949220e+01 1.002777071879141779e+00 2.415954301383869129e-01
3.683125817324594919e+01 1.003429213451170421e+00 2.415254736895979248e-01
3.707197905749231381e+01 1.003383041761736205e+00 2.417351770020109425e-01
3.731269994173857185e+01 1.002786026760566163e+00 2.417193955201953903e-01
3.755342082598507147e+01 1.002045125993204611e+00 2.426727469604482157e-01
3.779414171023140057e+01 1.001677224652619547e+00 2.420402798869770444e-01
3.803486259447779361e+01 1.001823006484682033e+00 2.418620148489021571e-01
3.827558347872415823e+01 1.001999906446337407e+00 2.422784532765052123e-01
3.851630436297052285e+01 1.001545332277413936e+00 2.418553752753387631e-01
3.875702524721687325e+01 1.000521384981065465e+00 2.424364295836468064e-01
3.899774613146324498e+01 9.989273996055594296e-01 2.429511796520732181e-01
3.923846701570960960e+01 9.989086472430742658e-01 2.426491392073626407e-01
3.947918789995597422e+01 9.986815825032436811e-01 2.427595078248757365e-01
3.971990878420232463e+01 9.987701224334755157e-01 2.426606242690659554e-01
3.996062966844883135e+01 9.997485081724160061e-01 2.420920229793580292e-01
4.020135055269506807e+01 1.000624078309123144e+00 2.420308710544665787e-01
4.044207143694143980e+01 1.000881763766414245e+00 2.425177162738968439e-01
4.068279232118791811e+01 9.993499261314067184e-01 2.428197148422364948e-01
4.092351320543429694e+01 9.988896592439988620e-01 2.427969321899051958e-01
4.116423408968051945e+01 9.970698942272674392e-01 2.432642588679588547e-01
4.140495497392702617e+01 9.974133256169395167e-01 2.426647565712779508e-01
4.164567585817338369e+01 9.982610969508868282e-01 2.424746055482101259e-01
4.188639674241973410e+01 9.996361183447038945e-01 2.425137002447113888e-01
4.212711762666611293e+01 9.995190603233700122e-01 2.426414560841276824e-01
4.236783851091250597e+01 1.000678394062522347e+00 2.424740336994654633e-01
4.260855939515880664e+01 1.000843020014670293e+00 2.420478568462052782e-01
4.284928027940519968e+01 1.001194649847686025e+00 2.418671717266948351e-01
4.309000116365158561e+01 1.000609644221408301e+00 2.421838606959766105e-01
4.333072204789791471e+01 1.000012517746186491e+00 2.418186148352773901e-01
4.357144293214427933e+01 1.000360801997212556e+00 2.413799286957060974e-01
4.381216381639079316e+01 9.997926859904522345e-01 2.411603219992528024e-01
4.405288470063699435e+01 9.990035904734719807e-01 2.415614170319318466e-01
4.429360558488338739e+01 9.982137252710439057e-01 2.418475076509014332e-01
4.453432646912987991e+01 9.981133294441506543e-01 2.417703037428137747e-01
4.477504735337627295e+01 9.985856882692472070e-01 2.422509130980059766e-01
4.501576823762247415e+01 9.989545465214915154e-01 2.421709364823295962e-01
4.525648912186898798e+01 9.988892809023699471e-01 2.434632965121065751e-01
4.549721000611536681e+01 9.997177787584250463e-01 2.435168326914864678e-01
4.573793089036166748e+01 9.993066109132984209e-01 2.438092237870573276e-01
4.597865177460806763e+01 9.992743290861398897e-01 2.436087580404135144e-01
4.621937265885446777e+01 9.998120490888672274e-01 2.428540383278554593e-01
4.646009354310074713e+01 1.000063280438686419e+00 2.428287294956358311e-01
4.670081442734715438e+01 1.000196498551441104e+00 2.425006112045612616e-01
4.694153531159356163e+01 1.000506863841263749e+00 2.418413232690349302e-01
4.718225619583984809e+01 1.000201793103133729e+00 2.427564366969402199e-01
4.742297708008624113e+01 1.000182010212430583e+00 2.422015055890480162e-01
4.766369796433275496e+01 9.992048234968902154e-01 2.428639249763277497e-01
4.790441884857892774e+01 9.998288324460880006e-01 2.433130540192658120e-01
