0.000000000000000000e+00 1.501093483215344193e+00 1.000000000000000000e+00
7.898779430908481336e-01 1.294672743837527840e+00 6.077479543679412677e-01
1.579755886182366176e+00 1.175848243296493845e+00 4.258301732656855076e-01
2.369633829275120451e+00 1.107837734526780027e+00 3.367912703479772896e-01
3.159511772360723114e+00 1.066347673980687860e+00 2.924734980267043594e-01
3.949389715446323113e+00 1.040463818660331441e+00 2.700625752000321844e-01
4.739267658534127570e+00 1.023592770065288260e+00 2.585306460733587386e-01
5.529145601635142349e+00 1.013770121812907821e+00 2.520519623825244748e-01
6.319023544736166009e+00 1.008709423872114375e+00 2.478793512223592954e-01
7.108901487837185229e+00 1.005199379828351836e+00 2.452775240397180312e-01
7.898779430938188462e+00 1.002268118456496993e+00 2.441287401943942892e-01
8.688657374039211234e+00 1.001196706373153056e+00 2.429656995753941007e-01
9.478535317131433047e+00 1.001059370246071945e+00 2.426701444967359900e-01
1.026841326020160317e+01 1.000741415706646764e+00 2.432072187156977816e-01
1.105829120327182480e+01 9.995197390699330775e-01 2.434366343096110719e-01
1.184816914634198959e+01 9.993863556329808384e-01 2.429821203845038968e-01
1.263804708941220767e+01 9.996887340750647555e-01 2.432246357922999702e-01
1.342792503248239022e+01 9.993039381152636347e-01 2.425959323053205885e-01
1.421780297555260475e+01 9.995202230366424523e-01 2.423970494343473114e-01
1.500768091862276066e+01 9.981938552674758380e-01 2.426992170020895456e-01
1.579755886169295920e+01 9.985615279378343701e-01 2.426980819354914998e-01
1.658743680476318261e+01 9.993379255499154068e-01 2.423370974383790843e-01
1.737731474783337760e+01 9.998484102331287593e-01 2.421031732789580004e-01
1.816719269090353350e+01 1.000677368158915836e+00 2.417517647895515154e-01
1.895707063397371783e+01 9.999765097431657646e-01 2.422012878145479720e-01
1.974694857704396966e+01 1.000811139377343562e+00 2.421625568779970095e-01
2.053682652011415755e+01 1.000400473559518000e+00 2.423094036862989131e-01
2.132670446318430635e+01 1.000329073984707051e+00 2.426464718255690878e-01
2.211658240625448357e+01 9.999634557539814894e-01 2.425380944338113298e-01
2.290646034932475317e+01 1.000589421000985801e+00 2.428617334814173745e-01
2.369633829239493039e+01 1.000647070752484602e+00 2.424628199387081351e-01
2.448621623546508630e+01 1.000938759471944328e+00 2.425873444906798404e-01
2.527609417853526352e+01 1.000356332365934131e+00 2.424836475798486379e-01
2.606597212160553312e+01 1.000246771746433394e+00 2.424158637092385382e-01
2.685585006467570324e+01 9.999276249003831163e-01 2.424801673504038135e-01
2.764572800774584849e+01 9.977502258499374443e-01 2.430532735956340562e-01
2.843560595081601505e+01 9.976759880581422824e-01 2.429746178428265346e-01
2.922548389388626333e+01 9.988201051026398547e-01 2.425436710021867392e-01
3.001536183695641924e+01 1.000884753962068663e+00 2.420784570036215722e-01
3.080523978002667818e+01 1.000771526323600114e+00 2.425442232268829323e-01
3.159511772309685185e+01 1.000702775973099756e+00 2.421965956330333070e-01
3.238499566616708591e+01 1.001193367271854706e+00 2.422698058952309774e-01
3.317487360923725248e+01 1.000269844687714516e+00 2.428173674084400102e-01
3.396475155230739063e+01 9.999478289371669382e-01 2.427953157342971069e-01
3.475462949537755009e+01 9.998399340017570802e-01 2.425173394255515091e-01
3.554450743844777350e+01 1.001032893434730120e+00 2.426880754729721923e-01
3.633438538151793296e+01 9.996019246738365727e-01 2.434397265644240582e-01
3.712426332460562151e+01 9.994555152673525455e-01 2.435775404345805750e-01
3.791414126779899618e+01 9.986504996775760201e-01 2.429991864766685716e-01
3.870401921099256271e+01 9.991425405115960112e-01 2.428416963760277603e-01
3.949389715418593738e+01 9.995579425009382124e-01 2.430682714078202522e-01
4.028377509737952522e+01 9.991950825797749625e-01 2.430938424943730469e-01
4.107365304057287858e+01 9.981990428151092942e-01 2.427387241832402731e-01
4.186353098376645931e+01 9.985908155552390975e-01 2.428160541213328083e-01
4.265340892695981978e+01 9.990519546173395327e-01 2.427926085213599205e-01
4.344328687015340051e+01 9.979710824587294526e-01 2.429712286194363746e-01
4.423316481334676098e+01 9.990955379748395204e-01 2.421173905509218238e-01
4.502304275654034882e+01 9.982741798148498935e-01 2.423752881621598909e-01
4.581292069973369507e+01 9.985911448428833603e-01 2.423426229140362709e-01
4.660279864292729712e+01 1.000040417584947772e+00 2.423325788545910298e-01
4.739267658612063627e+01 1.000303051421442158e+00 2.422943504439409868e-01
4.818255452931423832e+01 9.989231196190397899e-01 2.427651965505302212e-01
4.897243247250757747e+01 9.995933287884795071e-01 2.428328575931305300e-01
4.976231041570118663e+01 1.000067620726570849e+00 2.428984401664967541e-01
5.055218835889455420e+01 9.994292699620106468e-01 2.425928874867356311e-01
5.134206630208808519e+01 9.989741457261026580e-01 2.422454725230048789e-01
5.213194424528145987e+01 9.997531490378052110e-01 2.422608170095193747e-01
5.292182218847506903e+01 9.999602324757471683e-01 2.428252951724029218e-01
5.371170013166846502e+01 1.000229901102550167e+00 2.425140190182666355e-01
5.450157807486194628e+01 1.000075348756843896e+00 2.426519644854705504e-01
5.529145601805534227e+01 9.996484737797621811e-01 2.425562577373640005e-01
5.608133396124895853e+01 9.992633949300847584e-01 2.422749929100808386e-01
5.687121190444236873e+01 9.983979096013672061e-01 2.424990157094983334e-01
5.766108984763581446e+01 9.987789662882184949e-01 2.421781296572216857e-01
5.845096779082922467e+01 9.990099466890611790e-01 2.422846438589614515e-01
5.924084573402284093e+01 9.998450667948498571e-01 2.424995867411813000e-01
6.003072367721626534e+01 9.998567796034720789e-01 2.431588146181782317e-01
6.082060162040967555e+01 1.000290448685565270e+00 2.429581275089084946e-01
6.161047956360309996e+01 9.996493191831243852e-01 2.428296084572499902e-01
6.240035750679673043e+01 9.993012865133013012e-01 2.430081313978074420e-01
6.319023544999017616e+01 1.001150132504893930e+00 2.428701874745856082e-01
6.398011339318353663e+01 9.998227844149177868e-01 2.434973742213899783e-01
6.476999133637698947e+01 9.990586729915260644e-01 2.429388802039104123e-01
6.555986927957060573e+01 9.989758289490785481e-01 2.426595514284295430e-01
6.634974722276406567e+01 9.986820560046845152e-01 2.432376868762770039e-01
6.713962516595741192e+01 9.990814453681163831e-01 2.419354290102624372e-01
6.792950310915085765e+01 1.000166454075702482e+00 2.420206787104505486e-01
6.871938105234450234e+01 1.002008724795383054e+00 2.414757219464106763e-01
6.950925899553796228e+01 1.001313561496271154e+00 2.415718466887794846e-01
7.029913693873128011e+01 1.000275322688047197e+00 2.420001070522541931e-01
7.108901488192474005e+01 1.001071743346157117e+00 2.418900025645982776e-01
7.187889282511838474e+01 1.001138952355348444e+00 2.423189282101650965e-01
7.266877076831185889e+01 1.001336728958639011e+00 2.429033162396119494e-01
7.345864871150514830e+01 1.001692909453114178e+00 2.425929789991942698e-01
7.424852665469863666e+01 1.001745375797157944e+00 2.428246339169983781e-01
7.503840459789226713e+01 1.002882620912264322e+00 2.423585061730455792e-01
7.582828254108575550e+01 1.001123885302414251e+00 2.424634796938223980e-01
7.661816048427901649e+01 9.990613792826951167e-01 2.430439056009165433e-01
7.740803842747251906e+01 9.992530458932842308e-01 2.431785004889190638e-01
7.819791637066616374e+01 9.984598798842737599e-01 2.429817064804851989e-01
7.898779431385965211e+01 9.998908758561327881e-01 2.423186816707955660e-01
7.977767225705289889e+01 9.988855799734761565e-01 2.424839440120419853e-01
8.056755020024640146e+01 9.994856716964607424e-01 2.418925186931288329e-01
8.135742814344004614e+01 9.989402120711973199e-01 2.421442007864760548e-01
8.214730608663354872e+01 9.992606129109763424e-01 2.422498867021589675e-01
8.293718402982675286e+01 9.993570193988725592e-01 2.421156740528844220e-01
8.372706197302026965e+01 9.992718398069434516e-01 2.421854619411613618e-01
8.451693991621392854e+01 9.993177460724850247e-01 2.425837270284109115e-01
8.530681785940744533e+01 9.998745497954523165e-01 2.420365325593575312e-01
8.609669580260062105e+01 1.000002152396642252e+00 2.420987030194908518e-01
8.688657374579415205e+01 9.992270377057720365e-01 2.425259840248833176e-01
8.767645168898781094e+01 1.000465510954662296e+00 2.416492455829816755e-01
8.846632963218132772e+01 9.991541197277624686e-01 2.423732179441416557e-01
8.925620757537450345e+01 1.001627526616158059e+00 2.414581406435420130e-01
9.004608551856803444e+01 1.000442643666518583e+00 2.418409831108200014e-01
9.083596346176169334e+01 1.000041305928974333e+00 2.421200764209167355e-01
9.162584140495522433e+01 9.991562236087848659e-01 2.427406150389451733e-01
9.241571934814838585e+01 9.981109749317882418e-01 2.429009738402301832e-01
9.320559729134191684e+01 9.982697878920387957e-01 2.428112464147000882e-01
9.399547523453557574e+01 9.976964904993164129e-01 2.428379792645420088e-01
9.478535317772912094e+01 9.973015038537224042e-01 2.431107460901335560e-01
9.557523112092226825e+01 9.993539298033287110e-01 2.420094979963720860e-01
9.636510906411579924e+01 1.000754732965337457e+00 2.421074910832199389e-01
9.715498700730942971e+01 1.000722988208844422e+00 2.416334072522609566e-01
9.794486495050294650e+01 1.001438845061998872e+00 2.422857110491097865e-01
9.873474289369612222e+01 1.000837476858519093e+00 2.425095429668907010e-01
9.952462083688968164e+01 1.000381872895151458e+00 2.418783657622785577e-01
1.003144987800833263e+02 9.998774739392126687e-01 2.423383832806958460e-01
1.011043767232768857e+02 1.000642658108489291e+00 2.427937349145214141e-01
1.018942546664700899e+02 1.001161983922379317e+00 2.420631540636654644e-01
1.026841326096636209e+02 1.000735345099653006e+00 2.430027290470655743e-01
1.034740105528571235e+02 1.000318268345509187e+00 2.430557239292474025e-01
1.042638884960506829e+02 9.999015729652280804e-01 2.429980288792738807e-01
1.050537664392438870e+02 9.992738196709316512e-01 2.430059873700993189e-01
1.058436443824374464e+02 9.996603849117940976e-01 2.423606540751123417e-01
1.066335223256310911e+02 9.995169447939933338e-01 2.425202304358836658e-01
1.074234002688246647e+02 1.000508845307960026e+00 2.424387632496339262e-01
1.082132782120178831e+02 9.996031013353602335e-01 2.431591747629783251e-01
1.090031561552114567e+02 1.000656007202467945e+00 2.421834599048909020e-01
1.097930340984048456e+02 9.998589940631927853e-01 2.429384355948899787e-01
1.105829120415983908e+02 1.000805655219929591e+00 2.430257257543853855e-01
1.113727899847916234e+02 1.000855729200603728e+00 2.423911599074931866e-01
1.121626679279851970e+02 9.998805107238695200e-01 2.427023453014611198e-01
1.129525458711788559e+02 1.001539109827366048e+00 2.422422621704913570e-01
1.137424238143724438e+02 1.001298889979879370e+00 2.424415399254009063e-01
1.145323017575656905e+02 1.001415929799663651e+00 2.428377413467819601e-01
1.153221797007592642e+02 1.000387573865735957e+00 2.428466053424024329e-01
1.161120576439525536e+02 1.000174225038277687e+00 2.426135563868087597e-01
1.169019355871461414e+02 1.001319836388628204e+00 2.427550602797375889e-01
1.176918135303393740e+02 1.000448531525452767e+00 2.423985794115546266e-01
1.184816914735329618e+02 1.000889377607113495e+00 2.424527907704643048e-01
