0.000000000000000000e+00 3.418552458258522497e-01 1.000000000000000000e+00 8.930589687848934123e-04 3.146308401931522357e-04 8.131270959732404997e-04
8.222107554759465475e-02 3.341091608263048185e-01 1.187877211822308876e+00 3.222849796386010376e-03 2.326226782726112038e-02 1.706271747227596294e-02
1.641145770890221067e-01 3.253842466583178883e-01 1.393753411256173358e+00 7.232365506173992625e-04 3.869290710198778488e-02 2.158376808028756796e-02
2.460080786304494893e-01 3.179350443066707999e-01 1.623225728107174026e+00 2.086069867669822133e-03 4.988867725424183525e-02 2.408872711146575751e-02
3.279015801718778711e-01 3.110804858146659635e-01 1.877786833664944144e+00 5.030844413955019596e-04 5.753374634800902110e-02 2.569983268129705928e-02
4.097950817133043100e-01 3.044868814006322921e-01 2.160571489565331404e+00 -8.194535252572128763e-04 6.253387643201409329e-02 2.394088858046579740e-02
4.916885832547329693e-01 2.987198008076235589e-01 2.471979911682075315e+00 -6.959514982317784168e-04 6.831067142624379362e-02 2.214465230861701120e-02
5.735820847961697888e-01 2.935997915823291282e-01 2.817751727850244858e+00 -2.916073415754049172e-03 7.186467288719018687e-02 2.141383080805497191e-02
6.551480123314433746e-01 2.886894988358332803e-01 3.203080226362222227e+00 -8.931036224869492654e-04 7.109412058600114714e-02 2.514482921440351626e-02
7.370415138728867444e-01 2.840158081074080632e-01 3.630445588763611564e+00 9.294023286484777522e-04 7.285686147046172012e-02 2.895410601708359524e-02
8.189350154143283378e-01 2.794654301095317317e-01 4.089244906703304316e+00 8.898113817537236939e-04 7.700353778082805190e-02 2.867508744308111188e-02
9.008285169557707084e-01 2.756578337707866755e-01 4.596130551477203063e+00 4.390032162106992852e-04 7.462967908152091934e-02 2.504310404383270489e-02
9.827220184972117467e-01 2.721924382418104416e-01 5.143653071853797165e+00 1.332371220975919366e-03 7.426843671037898498e-02 2.957998923626895676e-02
1.064615520038650454e+00 2.689609102964783394e-01 5.736725191562902282e+00 2.560291270398552203e-03 7.288207812127368845e-02 3.112372947975631729e-02
1.146509021580064847e+00 2.660118070969505477e-01 6.365156814173633215e+00 1.359987625205964041e-03 7.513126027369876336e-02 3.441734719283161964e-02
1.228402523121472578e+00 2.630201321718350083e-01 7.055263806569689322e+00 2.178331625763423214e-03 7.585166743111980414e-02 3.594794210606514634e-02
1.310296024662886083e+00 2.601468145894869632e-01 7.779567315421762608e+00 2.716260386946967378e-03 7.238112710937422145e-02 3.408765881726054381e-02
1.392189526204298256e+00 2.574886543751017665e-01 8.546276157918965666e+00 2.514600297570826568e-03 7.267227791477669230e-02 3.484237395695191641e-02
1.474410601751880545e+00 2.550152891382781450e-01 9.373068247309170431e+00 7.487366323428992429e-04 7.388806192244606885e-02 3.379308235353806894e-02
1.556304103293295604e+00 2.530320035252069388e-01 1.023225573856718107e+01 2.428459667474317570e-03 7.532581193970998290e-02 3.596879408514839366e-02
1.638197604834701337e+00 2.509230141787919810e-01 1.113899165503885058e+01 1.751562620376934413e-03 7.622748114021135613e-02 3.931473232974897619e-02
1.720091106376118839e+00 2.491667362811583741e-01 1.208345802312766892e+01 3.165346075809735097e-03 7.679424686881716755e-02 4.102922968710278478e-02
1.801984607917529235e+00 2.478578411759995159e-01 1.307290579732682012e+01 2.803993293544459423e-03 7.302420411523720400e-02 4.207634388004676679e-02
1.883878109458946071e+00 2.461871227015549335e-01 1.407837804563904349e+01 4.739250852889074009e-03 7.257635858819003194e-02 4.779057406568790883e-02
1.965771611000356023e+00 2.449526046341714836e-01 1.513033527800882894e+01 4.519613134092942061e-03 7.015789181869076796e-02 5.028111102503506763e-02
2.047665112541775745e+00 2.437292459264276678e-01 1.623209805965784724e+01 4.164330048554499772e-03 6.933504341818415295e-02 5.106257670073972160e-02
2.129558614083212120e+00 2.424359158140325932e-01 1.736190658807118581e+01 5.283378532612778566e-03 6.473107384354720439e-02 5.309539753047832350e-02
2.211452115624675141e+00 2.412177969997450488e-01 1.850470437329580520e+01 5.899998402334999566e-03 6.119599380707776287e-02 5.292261036720851547e-02
2.293345617166153261e+00 2.400440388653404256e-01 1.970612646710440430e+01 5.373682692604949372e-03 6.119813916416624866e-02 5.179630367505175248e-02
2.374911544701450161e+00 2.394521331090995464e-01 2.092544914938665102e+01 6.998189993935594565e-03 6.163586237390854261e-02 5.095408019546875805e-02
2.456805046242929169e+00 2.384896249278934677e-01 2.216788759679803889e+01 9.174049062289352588e-03 6.350939985744165350e-02 5.148418113791781298e-02
2.538698547784396631e+00 2.376582737541080292e-01 2.342890665817492035e+01 1.036208974249275792e-02 6.535060323475921917e-02 5.477789412980139244e-02
2.620592049325862316e+00 2.369577469505209644e-01 2.467695459748963671e+01 1.218740293488770193e-02 6.224859824533206937e-02 5.737271264893359368e-02
2.702485550867342212e+00 2.360444713628423730e-01 2.598701168863703614e+01 1.288568678909219299e-02 6.319374925801239662e-02 6.019042545417357948e-02
2.784379052408806121e+00 2.357213106983972184e-01 2.729352603587703996e+01 1.452561132435795620e-02 6.278464892542068299e-02 6.259460402563805925e-02
2.866272553950284241e+00 2.346772549605499469e-01 2.859209017842285405e+01 1.605860767308633225e-02 6.029588946828702556e-02 6.658407409275765576e-02
2.948166055491751703e+00 2.341789351256742813e-01 2.990282149643946852e+01 1.938143052827817278e-02 6.020202024996729184e-02 6.779337179857274076e-02
3.030059557033220496e+00 2.341841061578729399e-01 3.121946881929110518e+01 2.108402464192648748e-02 5.960649719607410274e-02 7.130765379925599334e-02
3.111953058574693287e+00 2.337195852330118395e-01 3.253564263372074805e+01 2.382164605846553290e-02 5.843214154221858941e-02 7.270545042010494174e-02
3.193846560116162525e+00 2.333794908976330462e-01 3.378582457738546196e+01 2.612535255902481354e-02 5.732145576146163712e-02 7.737140385528047670e-02
3.275740061657642421e+00 2.332209091200182771e-01 3.503009722051124442e+01 2.908008225976636829e-02 5.832302537459915087e-02 7.892100880706487409e-02
3.357633563199112547e+00 2.328509996960970163e-01 3.632934972656030226e+01 3.068128913018260823e-02 5.901484975531185589e-02 7.849260357061708937e-02
3.439527064740571127e+00 2.322659322382858715e-01 3.753819875856296306e+01 3.316027553598923511e-02 5.790402786904461779e-02 8.038860278802699433e-02
3.521420566282053244e+00 2.320939098942196299e-01 3.872221249953966549e+01 3.431530126952438142e-02 5.922226162679929129e-02 8.636630130285552487e-02
3.603314067823525146e+00 2.316861401260482956e-01 3.995547054229933792e+01 3.812240275567388426e-02 5.795937919858604875e-02 8.613742554033179677e-02
3.685207569364989055e+00 2.311725348185367512e-01 4.124044596849676481e+01 3.807176833994987963e-02 5.530576785746864343e-02 8.652851487026196053e-02
3.767101070906461402e+00 2.312497585983185056e-01 4.243141945908395485e+01 3.913155018697181409e-02 5.691154043002227131e-02 8.875979595695793201e-02
3.848994572447943963e+00 2.309768446860649138e-01 4.355328295217415757e+01 4.010948796670707472e-02 5.744117599918500267e-02 9.368226786836568454e-02
3.930888073989399434e+00 2.305017215274989262e-01 4.469110441726075322e+01 4.478573515124723015e-02 5.673553811897790594e-02 9.770811048901777152e-02
4.012781575530872225e+00 2.305300461549974478e-01 4.572671338530467011e+01 5.150655065433924762e-02 5.526734662636566264e-02 9.970471409741007984e-02
4.094675077072352565e+00 2.306321932885763704e-01 4.674167252196282618e+01 5.681867410193611190e-02 5.372128277396005791e-02 1.053870962068737399e-01
4.176568578613826688e+00 2.300324780120024670e-01 4.773344116607211163e+01 6.278025594811645349e-02 5.307862151739077550e-02 1.059141550573351465e-01
4.258462080155201335e+00 2.296282968869260699e-01 4.876102115632797762e+01 6.668291071635679135e-02 5.211198075693056209e-02 1.077627892229710838e-01
4.340355581696543119e+00 2.297662832799097221e-01 4.975939250182319995e+01 7.057360107640765767e-02 5.258949013987473942e-02 1.086699162117463618e-01
4.422249083237898226e+00 2.295238820258406198e-01 5.079675567247114287e+01 7.188235516175742190e-02 5.491671026396965222e-02 1.103523446917257511e-01
4.504142584779263991e+00 2.286692400105066747e-01 5.162298129477633779e+01 7.571755032375183936e-02 5.327133356894061395e-02 1.145376165616895647e-01
4.586036086320620875e+00 2.284538893514661273e-01 5.241593195334307609e+01 8.080243430692612971e-02 5.535665527597027208e-02 1.144834668244247011e-01
4.667929587861960883e+00 2.285441721097890011e-01 5.316429033240702040e+01 8.562762107092569686e-02 5.437189357244592847e-02 1.135321615358435565e-01
4.749823089403317766e+00 2.285507445977620622e-01 5.399671677757901023e+01 8.912695580751150981e-02 5.427383688396898720e-02 1.128424621814276413e-01
4.831716590944682643e+00 2.286887170418681892e-01 5.467665958986906816e+01 9.108589352522550309e-02 5.408295973947830487e-02 1.140871537255028628e-01
4.913610092486041303e+00 2.287013314808853393e-01 5.534182236464270943e+01 9.292013155311397432e-02 5.369533975664114028e-02 1.156017371772083968e-01
4.995503594027379535e+00 2.283705981756107561e-01 5.608429742301296983e+01 9.559617250946146616e-02 5.423227223172500527e-02 1.152337643742236128e-01
5.077397095568736418e+00 2.282372641424924575e-01 5.669681032798337128e+01 1.005681211229213501e-01 5.430686546765383510e-02 1.174032777570153535e-01
5.159290597110102183e+00 2.281563387915528651e-01 5.726064745007291634e+01 1.039736608470304691e-01 5.463105564619497034e-02 1.185525694311182487e-01
5.241511672657630960e+00 2.280660008136105033e-01 5.772851754758244880e+01 1.088814067654663015e-01 5.331696337953642506e-02 1.201071628677318620e-01
5.323405174198967416e+00 2.279957936525459916e-01 5.827286700073586445e+01 1.104553105491421217e-01 5.364174858378163713e-02 1.227703642183164412e-01
5.405298675740326075e+00 2.279672088421020870e-01 5.884793658742254507e+01 1.132428805314700249e-01 5.416705347198448595e-02 1.257904485412888185e-01
5.487192177281690064e+00 2.281736281675460776e-01 5.930474120232683788e+01 1.187282161482528658e-01 5.387039107894920492e-02 1.251333012690870605e-01
5.569085678823050500e+00 2.278367989985536635e-01 5.970477365818629067e+01 1.172529894930070260e-01 5.390689624820269032e-02 1.253736886237279413e-01
5.650979180364386956e+00 2.280757185349044647e-01 6.012946919271907120e+01 1.143537267041735139e-01 5.402957582618393012e-02 1.245600062030591398e-01
5.732872681905749168e+00 2.279347398103573064e-01 6.041009073420651987e+01 1.192177318151911303e-01 5.314516599826316079e-02 1.279384448522569995e-01
5.814766183447110492e+00 2.278028679465946560e-01 6.077438916613074582e+01 1.250348607610463347e-01 5.238830048911732179e-02 1.259149015767955515e-01
5.896659684988465600e+00 2.276906563919314785e-01 6.112364981594544133e+01 1.279659344406240129e-01 5.332318602961861470e-02 1.244491150481209230e-01
5.978553186529810048e+00 2.276329694312488883e-01 6.137192588754801648e+01 1.291048511660689013e-01 5.449897361747059465e-02 1.280379809722689832e-01
6.060446688071164267e+00 2.278833686061879638e-01 6.169468849964513169e+01 1.321748286850774889e-01 5.707638817918826712e-02 1.290350348427139193e-01
6.142340189612522039e+00 2.276576631260462946e-01 6.203314561652246795e+01 1.336203871753982031e-01 5.935297881387628649e-02 1.292971888669720015e-01
6.224233691153889581e+00 2.275950563201691867e-01 6.220065032150507278e+01 1.356105193463910397e-01 5.860713767206899433e-02 1.306480779590624697e-01
6.306127192695223371e+00 2.272220960388517674e-01 6.238542075642501317e+01 1.374069453892697024e-01 5.599368085523648286e-02 1.303603322963635958e-01
6.388020694236591801e+00 2.271498838596113512e-01 6.259893486994464240e+01 1.386914052142541043e-01 5.577842790900097714e-02 1.313082713931976453e-01
6.469914195777949573e+00 2.273159003069986639e-01 6.279352630284916614e+01 1.413200121190808511e-01 5.559322333337952948e-02 1.331432657199865810e-01
6.551807697319299351e+00 2.275134225876561944e-01 6.307622399204657881e+01 1.387113183075366907e-01 5.574787125127063370e-02 1.324382012712292389e-01
6.633701198860653570e+00 2.275640584401057431e-01 6.328593781817943409e+01 1.384529214178124301e-01 5.537199543691335990e-02 1.315414690369859363e-01
6.715594700402002459e+00 2.272744012248443524e-01 6.345207969791731273e+01 1.411762891731914160e-01 5.518910821721661336e-02 1.289918340013555542e-01
6.797488201943354902e+00 2.273262041839407555e-01 6.362828020448653632e+01 1.410351497374807972e-01 5.477834370416519161e-02 1.281211545418041720e-01
6.879381703484728661e+00 2.273823357068603945e-01 6.365846894385998667e+01 1.430297979944396558e-01 5.593861531935943876e-02 1.310717632907235086e-01
6.961275205026059787e+00 2.267168352025045464e-01 6.377602308577115053e+01 1.449462341651501229e-01 5.690667642619189059e-02 1.323103689695342700e-01
7.043168706567434434e+00 2.270468517733931768e-01 6.392741013692402419e+01 1.432391795357123854e-01 5.836780605459714055e-02 1.284154690634211615e-01
7.125062208108787765e+00 2.269081718494992128e-01 6.392889986857407791e+01 1.446650293952948807e-01 5.957257323429537149e-02 1.266923191636258328e-01
7.206955709650133990e+00 2.271027206600055859e-01 6.405840162642725488e+01 1.448267181226296496e-01 5.879646799312373412e-02 1.246555035315607823e-01
7.288849211191495314e+00 2.272136753862863123e-01 6.396431101089255833e+01 1.450922917657769817e-01 5.816886000880067825e-02 1.261925312450069281e-01
7.370742712732840651e+00 2.273656938617138745e-01 6.418447216616127093e+01 1.433854128527669303e-01 5.811221793839843608e-02 1.238195798055397034e-01
7.452636214274190429e+00 2.273165397916902808e-01 6.427961915067639609e+01 1.429111044400040997e-01 5.764216856495734537e-02 1.266395474237864693e-01
7.534529715815567741e+00 2.272405653458684782e-01 6.437061120372304401e+01 1.430776476908341699e-01 5.959716604679687890e-02 1.268360351095510208e-01
7.616423217356897091e+00 2.270029173894096974e-01 6.428327719797931650e+01 1.443077451713023762e-01 6.093356362566076240e-02 1.290678326782870311e-01
7.698316718898277067e+00 2.268729035641359471e-01 6.427970882548927989e+01 1.463529150404539181e-01 6.324062509111277874e-02 1.314485132530363587e-01
7.780210220439625957e+00 2.266987611032083016e-01 6.433748001751393986e+01 1.463190679955984896e-01 6.506867017200655690e-02 1.332188746724174422e-01
7.862103721980969517e+00 2.267802551150033541e-01 6.440406966173352998e+01 1.477237903684229803e-01 6.451774801484483346e-02 1.378222582904042315e-01
7.943997223522335283e+00 2.270375565521310646e-01 6.431236407026331392e+01 1.512243117132537618e-01 6.379259708498415116e-02 1.404096205945010722e-01
8.025890725063678843e+00 2.270285535153203083e-01 6.424469816066687144e+01 1.497042423949067613e-01 6.391710552405828472e-02 1.392161026458575146e-01
8.107784226605025069e+00 2.267532239871401789e-01 6.427712258426811331e+01 1.503606683471608585e-01 6.582502915439845947e-02 1.367748746302019647e-01
8.189677728146408597e+00 2.268065734880861939e-01 6.407381698116931545e+01 1.550082580636285012e-01 6.704593502652830828e-02 1.361587672833799445e-01
8.271571229687735283e+00 2.273941713146367949e-01 6.393101837718246117e+01 1.566826988326693038e-01 6.757001928617993591e-02 1.381685639648137232e-01
8.353464731229118811e+00 2.274053850655288755e-01 6.391064399832926313e+01 1.549756128488961882e-01 6.684885289171994815e-02 1.383316178515975048e-01
8.435358232770465037e+00 2.271400603440281440e-01 6.390658715055381833e+01 1.562934856229607761e-01 6.606441641025323497e-02 1.385777717339286841e-01
8.517251734311804157e+00 2.273839266743766518e-01 6.384059476263799837e+01 1.573712059794893370e-01 6.790327646803497041e-02 1.384155994891170527e-01
8.599145235853175251e+00 2.274389453531742156e-01 6.366225273739490120e+01 1.555219552729346366e-01 6.718938707523147702e-02 1.381649531711877932e-01
8.681038737394517923e+00 2.277592282573885074e-01 6.359103345638564520e+01 1.541403777481602788e-01 6.654041719171852054e-02 1.400949870731451052e-01
8.762932238935860596e+00 2.277447666104683299e-01 6.347267706252900865e+01 1.548676415922662641e-01 6.574270523129123467e-02 1.427693476412317253e-01
8.844825740477247678e+00 2.280115819955254308e-01 6.346542458388705654e+01 1.561561464937488708e-01 6.644076071668725270e-02 1.425916804274149630e-01
8.926719242018572587e+00 2.276276649058834867e-01 6.343718996203605798e+01 1.528043932193926535e-01 6.642570192799215900e-02 1.405284021744301892e-01
9.008612743559959668e+00 2.274831417251231280e-01 6.342529914988585205e+01 1.520430154203886441e-01 6.789677095506617410e-02 1.404417033035628704e-01
9.090506245101302341e+00 2.274232995933983537e-01 6.338124511014564888e+01 1.503370667141945005e-01 6.692101197099839527e-02 1.386476616918107807e-01
9.172399746642641460e+00 2.277840791380406349e-01 6.335740866990285980e+01 1.504876561450339267e-01 6.689408897590880254e-02 1.424221743093660730e-01
9.254293248184016107e+00 2.277184625914976668e-01 6.329129216586083828e+01 1.508471633016871816e-01 6.686466882028398173e-02 1.401234412204482305e-01
9.336186749725355227e+00 2.280175298748534640e-01 6.308429659244428933e+01 1.489864414482228727e-01 6.543549004325628637e-02 1.350244398567675141e-01
9.418080251266696123e+00 2.282850359930251871e-01 6.304695101770772681e+01 1.499245821223058328e-01 6.606313620123203945e-02 1.335644302630159819e-01
9.499973752808086758e+00 2.278861101690628777e-01 6.290211333689514106e+01 1.537027777159881703e-01 6.529158182286456946e-02 1.359861674747001037e-01
9.581867254349411667e+00 2.277602340197752151e-01 6.281043260724157307e+01 1.553584134998744481e-01 6.492525968668541592e-02 1.356732903855071559e-01
9.663760755890800525e+00 2.277798984406970706e-01 6.271655648185934240e+01 1.534670853244501643e-01 6.541931435947370699e-02 1.380202929758153618e-01
9.745654257432141421e+00 2.280054675327946589e-01 6.252781288716851549e+01 1.535554926596565950e-01 6.595016235077900968e-02 1.364814519213472244e-01
9.827547758973476988e+00 2.280057593335911570e-01 6.249074222000594148e+01 1.501818889902376275e-01 6.693520080633869052e-02 1.348413719540976774e-01
9.909441260514856964e+00 2.277810453904572929e-01 6.244235138943163577e+01 1.464248285082754564e-01 6.653531538631074493e-02 1.340685574172893191e-01
9.991334762056194307e+00 2.279340357072019430e-01 6.241004509315569493e+01 1.473147404507884339e-01 6.770638418706190209e-02 1.335536160387068294e-01
1.007322826359753165e+01 2.280427441704079017e-01 6.237191384888220114e+01 1.483571676255436289e-01 6.857323519981384230e-02 1.345020110556442716e-01
1.015512176513892406e+01 2.282880764305707244e-01 6.240920689353090012e+01 1.480983395846433848e-01 6.818629682771407130e-02 1.391596795458659441e-01
1.023701526668024897e+01 2.285868289971433598e-01 6.239315784330176484e+01 1.475386240603892285e-01 6.867492006887833400e-02 1.370151576697915541e-01
1.031890876822163960e+01 2.283055017222364869e-01 6.228391814504353619e+01 1.482767619145847759e-01 6.848553260662042230e-02 1.403418348716735098e-01
1.040080226976297872e+01 2.282561480073298232e-01 6.212900898203204747e+01 1.473607493095223375e-01 6.722798352580952597e-02 1.410451859323922086e-01
1.048269577130431607e+01 2.280774419401335185e-01 6.205981223901275712e+01 1.506478257686869882e-01 6.806827857061521769e-02 1.410784160833242762e-01
1.056458927284569604e+01 2.281385594380083426e-01 6.211898723637452946e+01 1.493195708032967750e-01 6.802780726710114245e-02 1.380284001721771570e-01
1.064648277438703161e+01 2.281767036106584212e-01 6.199581408671143379e+01 1.508245594048559235e-01 6.647640267116171342e-02 1.389090681340677813e-01
1.072837627592836895e+01 2.283811447382325388e-01 6.193697331840328246e+01 1.523906807697406052e-01 6.710143779702153199e-02 1.411921951752448112e-01
1.081026977746976314e+01 2.283002671068155298e-01 6.183621223995272942e+01 1.515261428565834734e-01 6.795919333867307677e-02 1.366555947723897546e-01
1.089216327901108805e+01 2.281674762055291017e-01 6.181144780026428265e+01 1.515754225144940459e-01 6.846840939139776927e-02 1.383246210999175552e-01
1.097405678055248046e+01 2.280505334465292022e-01 6.180605831889465662e+01 1.496437107415924672e-01 6.943107951588417537e-02 1.322879315108979881e-01
1.105595028209381425e+01 2.274175401187988610e-01 6.172092670528815717e+01 1.469076259116472438e-01 6.851120155076846630e-02 1.322290833011662281e-01
1.113784378363515337e+01 2.275556550486440011e-01 6.171189150354259567e+01 1.468982016231846766e-01 6.776892667449989360e-02 1.359119253964688467e-01
1.121973728517653512e+01 2.274446227772222995e-01 6.163092731780370315e+01 1.460823475402594218e-01 6.793247017120351838e-02 1.366350099356600234e-01
1.130163078671787602e+01 2.274641390145047404e-01 6.157010631070127715e+01 1.477795213180789213e-01 6.518111505013622631e-02 1.376653239770002646e-01
1.138352428825920448e+01 2.274589507424072121e-01 6.162889597794217167e+01 1.482660358595784267e-01 6.561772682395722311e-02 1.357721331581471791e-01
1.146541778980060045e+01 2.272315971955883307e-01 6.164915162837367291e+01 1.464466305176616578e-01 6.494495283735933489e-02 1.330132499641336341e-01
1.154731129134193246e+01 2.273701277983037616e-01 6.164983261731438091e+01 1.439478556603706882e-01 6.556714503247403070e-02 1.329784009458338800e-01
1.162920479288331244e+01 2.274822019267334905e-01 6.166484388076047196e+01 1.424287217843971109e-01 6.674300945868634483e-02 1.326087834461886494e-01
1.171109829442465511e+01 2.276157408058206710e-01 6.163730328975451300e+01 1.443522253617757767e-01 6.721457759457336034e-02 1.316279901646513484e-01
1.179299179596599956e+01 2.281414224859497630e-01 6.154125742316274028e+01 1.424798218761451629e-01 6.786676687800836938e-02 1.293099766863616829e-01
1.187488529750736355e+01 2.281304615527874058e-01 6.148828854599265981e+01 1.425004536039602143e-01 6.696562504379555136e-02 1.243419948292173588e-01
1.195677879904870800e+01 2.282321541357961447e-01 6.144370258848678645e+01 1.444351465513171451e-01 6.668417028594743334e-02 1.280100039920160360e-01
1.203867230059005422e+01 2.283500524289577560e-01 6.141745069591982542e+01 1.427129770018859267e-01 6.646233541221160945e-02 1.305264068323992999e-01
1.212056580213142354e+01 2.280827225991065854e-01 6.140439681860690513e+01 1.451954445722267451e-01 6.885833336096300328e-02 1.280124165757520471e-01
1.220245930367276443e+01 2.280369977263841108e-01 6.139578051536797432e+01 1.449912561490784291e-01 6.836798257256879174e-02 1.289289621907044603e-01
1.228435280521416040e+01 2.280245562899175238e-01 6.139951516870237214e+01 1.465019166212326307e-01 6.715722320908286413e-02 1.329621376975199665e-01
1.236624630675547820e+01 2.279975122124494047e-01 6.145518488970002124e+01 1.432661949988837113e-01 6.599649465919309177e-02 1.344421246380527457e-01
1.244813980829682798e+01 2.277947820399284506e-01 6.142321884840382751e+01 1.429984054810807537e-01 6.613914918215201000e-02 1.344917627983777675e-01
1.253003330983821328e+01 2.280069019686153386e-01 6.132687146407575796e+01 1.450259314442786385e-01 6.512545917830843412e-02 1.374459458641764387e-01
1.261192681137956306e+01 2.278290236383534728e-01 6.134344346546392046e+01 1.448960089796489659e-01 6.474457981241119042e-02 1.333725149821464451e-01
1.269382031292087909e+01 2.275224075265854518e-01 6.129708429828550464e+01 1.463391613978556605e-01 6.415788057023542879e-02 1.355274412037381915e-01
1.277571381446227683e+01 2.277793946191524754e-01 6.129023998886159319e+01 1.497494195544715190e-01 6.270423182809077567e-02 1.350272948573781884e-01
1.285760731600361950e+01 2.274921381879371762e-01 6.135711316991156394e+01 1.491303641479633235e-01 6.277350027562683676e-02 1.298299857694224790e-01
1.293950081754497994e+01 2.275418035016661122e-01 6.134633952314628402e+01 1.437411971647890307e-01 6.256303473968517770e-02 1.282091721769444970e-01
1.302139431908633149e+01 2.276716840086647209e-01 6.133408043810909760e+01 1.471040352467543055e-01 6.481400642860646322e-02 1.334833229969860924e-01
1.310328782062768482e+01 2.279369181588184745e-01 6.124952666683496005e+01 1.470411577659647417e-01 6.504846862116964168e-02 1.350672711258890379e-01
1.318518132216903282e+01 2.276113768700327444e-01 6.120947505082153128e+01 1.459147015183127616e-01 6.554644084113099567e-02 1.340078272916795377e-01
1.326707482371038438e+01 2.276516627225825540e-01 6.109601422780973934e+01 1.503978863176773095e-01 6.525464234756198079e-02 1.359662568458026299e-01
1.334896832525173771e+01 2.276896197169141489e-01 6.118453122331319349e+01 1.466972587417370577e-01 6.567577800147576805e-02 1.329041323401678465e-01
1.343086182679309104e+01 2.275387062101051627e-01 6.131937111494409720e+01 1.457551126782669348e-01 6.622276406087848621e-02 1.295207245929372586e-01
1.351275532833443904e+01 2.276070197740475143e-01 6.115879226516666023e+01 1.437987675569724066e-01 6.794955544397059122e-02 1.309844084146171705e-01
1.359464882987583856e+01 2.273603853157340760e-01 6.120178600842879746e+01 1.433740434217099513e-01 6.678842636427789747e-02 1.293207580642307675e-01
1.367654233141714570e+01 2.271909242856743061e-01 6.116936899969438457e+01 1.426483642173267397e-01 6.506945883159616362e-02 1.295678938646198097e-01
1.375843583295850081e+01 2.272184240956340584e-01 6.113910982538041594e+01 1.438938640912099942e-01 6.486847071384735375e-02 1.264836724428096693e-01
1.384032933449989322e+01 2.270835251081720074e-01 6.122367140692215060e+01 1.400969494920646097e-01 6.615168961939457692e-02 1.244923444406882684e-01
1.392222283604125010e+01 2.273934538438005526e-01 6.107684218480303429e+01 1.429617263123515170e-01 6.684787627996789661e-02 1.276549244538523753e-01
1.400411633758255370e+01 2.275998400718539094e-01 6.101143284091569541e+01 1.437180231686052967e-01 6.775001270345462623e-02 1.299390761670131400e-01
1.408600983912395321e+01 2.273199157145822102e-01 6.103348032687936353e+01 1.461906510348963129e-01 6.912616957590191069e-02 1.323530956628511668e-01
1.416790334066530477e+01 2.275836255495331251e-01 6.109269974838843353e+01 1.434890900422393922e-01 6.870356041544170567e-02 1.303386374181627061e-01
1.424979684220664922e+01 2.277684324927637949e-01 6.103028014369236587e+01 1.416245192984866563e-01 6.708923050505030683e-02 1.336655387393311245e-01
1.433169034374800788e+01 2.278361838976530607e-01 6.094396157448650087e+01 1.430697618637395141e-01 6.664721058383855923e-02 1.348896951556899093e-01
1.441358384528936831e+01 2.277202170632626754e-01 6.083408465918822827e+01 1.462177356647296478e-01 6.813683375067554338e-02 1.327935247047058731e-01
1.449547734683070210e+01 2.272510058849195880e-01 6.079736001079689345e+01 1.484372580404483000e-01 6.789820802484912432e-02 1.349122346470970901e-01
1.457737084837206076e+01 2.273398185026535012e-01 6.083369361562239419e+01 1.481947095284049387e-01 6.821711859493108376e-02 1.348990114078714719e-01
1.465926434991342120e+01 2.274427393007945608e-01 6.085099506384329970e+01 1.446134714199034943e-01 6.963942324457779443e-02 1.339740242925145097e-01
1.474115785145476210e+01 2.270883691202314203e-01 6.103986014561775164e+01 1.446043304304172050e-01 7.036274436184031256e-02 1.331826474111643677e-01
1.482305135299611543e+01 2.274874434087718056e-01 6.093307576885995047e+01 1.469530296850284912e-01 6.952217634454528616e-02 1.315672812128746427e-01
1.490494485453751672e+01 2.275165915419400942e-01 6.090474830509084825e+01 1.436050837521596624e-01 6.808451588527596188e-02 1.340294779745797304e-01
1.498683835607881321e+01 2.276685631902015117e-01 6.091073442739042321e+01 1.418007004078952471e-01 6.855890094783941013e-02 1.340201024751435932e-01
1.506873185762017542e+01 2.276739508125268374e-01 6.091131558679396818e+01 1.430080734742337767e-01 6.613990812319262003e-02 1.345901738782635249e-01
1.515062535916157138e+01 2.276562713922879178e-01 6.084081326638715836e+01 1.453052166056469641e-01 6.682712733415373252e-02 1.379911468167716870e-01
1.523251886070293359e+01 2.274860769172511177e-01 6.084530380497728430e+01 1.419616707451784587e-01 6.627622238895096440e-02 1.360070155766064659e-01
1.531441236224423008e+01 2.279912007109860528e-01 6.081555481150929410e+01 1.434615183711032138e-01 6.729608870224199069e-02 1.387825565120804905e-01
1.539630586378563137e+01 2.281561598551113679e-01 6.082932738470415046e+01 1.449699758952426587e-01 6.693257437541107191e-02 1.376246409638738899e-01
1.547819936532698826e+01 2.281757693850166857e-01 6.088775917136702986e+01 1.428801718862472703e-01 6.814233707715784683e-02 1.349721577878300605e-01
1.556009286686831850e+01 2.281284618754887139e-01 6.086341515166834171e+01 1.417881944968276131e-01 6.869957867859925738e-02 1.368787661614836448e-01
1.564198636840968426e+01 2.278029878701849642e-01 6.078519273268307188e+01 1.418510189096262308e-01 7.038126830995830585e-02 1.324138121146865854e-01
1.572387986995104825e+01 2.278764890824441225e-01 6.076540498971809257e+01 1.400802227445926418e-01 6.836655111754792735e-02 1.335421028287610001e-01
1.580577337149237138e+01 2.278679991022273810e-01 6.086649196152544050e+01 1.373478730743490084e-01 6.837079155193491464e-02 1.332817486411082553e-01
1.588766687303373715e+01 2.278626798491424355e-01 6.085086032510211140e+01 1.406358098793633049e-01 7.160883764951289643e-02 1.359175242344182744e-01
1.596956037457510469e+01 2.278497289642126833e-01 6.087416289345601683e+01 1.428045981393421260e-01 7.166252988938806578e-02 1.319239499495983015e-01
1.605145387611642960e+01 2.279462585591385815e-01 6.087552598467930665e+01 1.411824016710059859e-01 7.219576588309474519e-02 1.272698111058290504e-01
1.613334737765779181e+01 2.277600041479015403e-01 6.091220662461428503e+01 1.409127750392245304e-01 7.281507593203130624e-02 1.287984855228345993e-01
1.621524087919919666e+01 2.277974550759045425e-01 6.097050182176086963e+01 1.403580209308940563e-01 7.108570530945725052e-02 1.302631890852501417e-01
1.629713438074048071e+01 2.278240318153601507e-01 6.087876696258081921e+01 1.398635143504720901e-01 7.089256228527954229e-02 1.285230401847921589e-01
