0.000000000000000000e+00 1.485783399684123429e+00 1.000000000000000000e+00
1.258368296490167959e-01 1.330765853812235333e+00 1.181302569261513780e+00
2.511723173472383830e-01 1.210021655320818512e+00 1.371055547169917732e+00
3.765078050454599423e-01 1.118488932416928261e+00 1.576431667133760595e+00
5.018432927436830004e-01 1.050152281090384276e+00 1.801290553415273665e+00
6.271787804419031165e-01 9.992080111113921248e-01 2.041379687496942097e+00
7.525142681401265632e-01 9.585057763241692230e-01 2.291300284467235659e+00
8.778497558383624444e-01 9.294963239738257554e-01 2.555808338177159911e+00
1.002683901585809334e+00 9.089443995416712774e-01 2.835031495028847992e+00
1.128019389284055318e+00 8.933828047791098070e-01 3.119645482208597720e+00
1.253354876982298638e+00 8.827917849003129591e-01 3.399489784845902474e+00
1.378690364680543068e+00 8.771282883052557988e-01 3.700945469312714842e+00
1.504025852378785499e+00 8.743983081016516445e-01 3.989956617435888475e+00
1.629361340077024156e+00 8.729357539926437815e-01 4.263746808324937021e+00
1.754696827775225731e+00 8.733607214451002410e-01 4.534917048907646908e+00
1.880032315473417537e+00 8.738789806466833454e-01 4.784629504671192635e+00
2.005367803171617780e+00 8.758502473142718570e-01 5.026904843069527118e+00
2.130703290869815802e+00 8.799022620558601959e-01 5.269171059702709492e+00
2.256540120518813808e+00 8.839649310156656448e-01 5.490340351251018269e+00
2.381875608217016715e+00 8.897819971412458395e-01 5.711929282921597739e+00
2.507211095915204968e+00 8.950357719234725007e-01 5.913343087217919347e+00
2.632546583613411428e+00 9.007128788979781309e-01 6.095747516212547623e+00
2.757882071311606786e+00 9.062366093085367780e-01 6.266470615334843508e+00
2.883217559009812359e+00 9.120785883139177486e-01 6.423558169195119127e+00
3.008553046708007273e+00 9.180975157068558268e-01 6.557451120294736313e+00
3.133888534406216397e+00 9.254208563652868147e-01 6.699106998281675551e+00
3.259224022104452168e+00 9.306579378540130731e-01 6.810985824808770239e+00
3.384559509802728350e+00 9.367266382858946416e-01 6.915146161344555509e+00
3.509894997501027625e+00 9.431072333788907969e-01 7.006951458177679726e+00
3.634729143248510042e+00 9.467526653678943749e-01 7.071372427473586519e+00
3.760064630946810649e+00 9.508902367384156618e-01 7.122101120134530561e+00
3.885400118645093492e+00 9.551402335203609262e-01 7.176161851058026286e+00
4.010735606343373227e+00 9.604379101953703923e-01 7.244365100323587825e+00
4.136071094041675167e+00 9.638862486803322360e-01 7.267525871415275951e+00
4.261406581739952237e+00 9.684551243562405931e-01 7.306740701299475838e+00
4.386742069438251512e+00 9.715767199143309218e-01 7.332744515669227248e+00
4.512077557136534800e+00 9.748714835233611709e-01 7.348833406561836590e+00
4.637413044834819864e+00 9.787522483602436596e-01 7.371114638991059564e+00
4.762748532533111145e+00 9.808103107059021886e-01 7.376885800295798212e+00
4.888084020231396210e+00 9.854212749435592444e-01 7.418100369757234525e+00
5.013419507929698149e+00 9.881458938133377279e-01 7.416891197139284131e+00
5.138754995627984989e+00 9.886759507606337483e-01 7.393360994787667728e+00
5.264090483326254066e+00 9.911439440812558344e-01 7.398640249077342190e+00
5.389425971024559558e+00 9.930261877244351831e-01 7.416865321651862075e+00
5.514761458722849063e+00 9.952076728228415048e-01 7.416992387031654310e+00
5.640096946421127022e+00 9.969136315500356504e-01 7.419061638893593269e+00
5.765432434119416527e+00 9.978384733133589535e-01 7.422110412043632088e+00
5.890767921817722907e+00 9.986990692036467054e-01 7.419188974713697426e+00
6.016103409515987543e+00 1.001207527151212195e+00 7.439250325263024877e+00
6.141438897214277937e+00 1.002141782471341003e+00 7.425423984161303892e+00
6.266774384912581652e+00 1.003089440032707502e+00 7.430026748764719358e+00
6.392109872610874710e+00 1.001708491086176434e+00 7.396734083590251529e+00
6.517445360309015001e+00 1.001681317153605200e+00 7.387181812775025946e+00
6.642780848007104666e+00 1.001590153289976248e+00 7.382751610028964073e+00
6.768116335705216535e+00 1.001824107341499293e+00 7.377198688406508609e+00
6.893451823403342615e+00 1.000125364226534641e+00 7.345938440877062270e+00
7.018787311101458037e+00 9.998077829645850567e-01 7.344776536116251364e+00
7.144122798799545038e+00 1.000261459164437872e+00 7.329660186251690135e+00
7.269458286497658683e+00 1.000416939809093630e+00 7.328607265321804398e+00
7.394793774195784763e+00 1.000594128120699811e+00 7.334166140187583061e+00
7.520129261893901074e+00 9.985413443624532315e-01 7.320566540508529840e+00
7.645464749591985409e+00 9.961271308656312051e-01 7.283175123965075493e+00
7.770800237290099943e+00 9.966281705337514119e-01 7.302644765532324556e+00
7.896135724988226023e+00 9.961169572467953870e-01 7.300525257832335413e+00
8.021972554637143205e+00 9.952251403459325685e-01 7.290030858909201328e+00
8.147308042335225764e+00 9.969746439256190751e-01 7.318971956305076354e+00
8.272643530033342074e+00 9.958253823270051264e-01 7.302035777924275273e+00
8.397979017731465490e+00 9.965132712091565592e-01 7.311016528048970287e+00
8.523314505429585353e+00 9.974865760146734983e-01 7.321009170949296596e+00
8.648649993127666136e+00 9.960791920636776764e-01 7.316797127152619318e+00
8.773985480825787775e+00 9.963496951646642064e-01 7.319985889880504359e+00
8.899320968523909414e+00 9.975126020568367835e-01 7.337210875736540849e+00
9.024656456222020395e+00 9.993580486221699255e-01 7.338784099005019712e+00
9.149991943920115389e+00 9.988595727343907438e-01 7.326696614809979025e+00
9.275327431618224594e+00 9.990452744754949599e-01 7.336966486671834708e+00
9.400662919316339128e+00 9.981843506132329624e-01 7.314082449770045180e+00
9.525998407014469649e+00 9.977959396597784192e-01 7.312959595918089306e+00
9.651333894712548656e+00 9.974672687539786198e-01 7.301071079382345452e+00
9.776669382410679177e+00 9.977884306505424572e-01 7.295476519319961994e+00
9.902004870108793710e+00 9.976118832161298133e-01 7.300663900861160016e+00
1.002734035780689759e+01 9.968996825524676364e-01 7.278006842643742758e+00
1.015267584550500501e+01 9.968061246275874421e-01 7.277355897582239663e+00
1.027801133320310711e+01 9.978693452316040879e-01 7.273909357215599947e+00
1.040334682090121454e+01 9.970178563874397826e-01 7.271424438702413617e+00
1.052868230859935395e+01 9.963158663333038234e-01 7.271041987280440821e+00
1.065401779629742940e+01 9.966158216455736074e-01 7.287265687415393600e+00
1.077935328399556880e+01 9.963584612596847467e-01 7.286172759237024898e+00
1.090468877169367623e+01 9.963868165876861305e-01 7.294213446650203991e+00
1.103002425939177478e+01 9.976543133795328089e-01 7.300048637871089596e+00
1.115535974708989464e+01 9.967849088907683175e-01 7.286502494982157963e+00
1.128069523478799141e+01 9.970021191950257933e-01 7.284611423355006998e+00
1.140603072248609351e+01 9.994202319467950790e-01 7.314678202850396715e+00
1.153136621018423824e+01 9.999153511484906165e-01 7.323555302854530602e+00
1.165670169788231014e+01 1.000557107683714309e+00 7.338232178430414976e+00
1.178203718558046020e+01 1.000368865678768593e+00 7.326029988087816136e+00
1.190737267327856053e+01 9.991727950275726133e-01 7.305711546856068495e+00
1.203270816097665374e+01 1.000375411961123229e+00 7.315099521520156856e+00
1.215804364867478071e+01 9.989241408734957917e-01 7.309479786830444858e+00
1.228337913637287393e+01 1.000283972392690846e+00 7.327626785356099681e+00
1.240871462407097070e+01 1.001324076211714598e+00 7.338658403006119713e+00
1.253405011176912431e+01 1.001701386865594179e+00 7.348590680426889676e+00
1.265938559946719444e+01 1.001748901487605758e+00 7.347498367109931650e+00
1.278472108716534628e+01 1.002089798480085614e+00 7.332234451490900362e+00
1.291005657486344482e+01 1.002671472097778071e+00 7.331207284739455154e+00
1.303539206256153271e+01 1.001879347125494313e+00 7.330932188326122478e+00
1.316072755025966856e+01 1.003551544496585679e+00 7.346918153915874328e+00
1.328606303795775823e+01 1.003622802696098937e+00 7.334154838852810165e+00
1.341139852565585144e+01 1.002332952354488604e+00 7.320368134795445236e+00
1.353673401335401039e+01 1.003501343298279780e+00 7.336308355058964281e+00
1.366206950105207518e+01 1.004330314476034491e+00 7.350766347669885015e+00
1.378740498875023412e+01 1.004019032633403974e+00 7.350263824315257821e+00
1.391274047644832734e+01 1.002944958606699410e+00 7.344672601942288104e+00
1.403807596414641168e+01 1.002105577588132679e+00 7.342766112091485553e+00
1.416341145184455463e+01 1.001341611960203659e+00 7.342098510541763545e+00
1.428874693954264075e+01 1.002634048058731908e+00 7.354512137880274025e+00
1.441408242724072863e+01 1.003116147093049193e+00 7.359978066191143142e+00
1.453941791493889291e+01 1.002755962215325702e+00 7.346950050242367247e+00
1.466475340263695770e+01 1.002299608968463485e+00 7.340677636236912385e+00
1.479008889033512375e+01 1.002953247870801423e+00 7.356969478446205635e+00
1.491542437803320986e+01 1.001262394989016924e+00 7.332318110712643389e+00
1.504075986573129242e+01 1.000772357112742927e+00 7.330995914478711128e+00
1.516609535342944071e+01 1.000363710911343462e+00 7.334005548362591220e+00
1.529143084112752504e+01 1.001442013361164340e+00 7.330764150770704646e+00
1.541676632882560938e+01 1.000923921264760930e+00 7.331342026550647262e+00
1.554210181652377720e+01 1.003136714418705777e+00 7.351989077897584934e+00
1.566743730422184200e+01 1.005010171550907661e+00 7.371747894650626520e+00
1.579277279192000627e+01 1.005253134990304664e+00 7.375005813252092146e+00
1.591810827961809416e+01 1.004391109127212856e+00 7.357242538615920147e+00
1.604344376731617672e+01 1.001587430900827691e+00 7.314299042381251503e+00
1.616877925501432500e+01 1.002466984202472489e+00 7.326726376171443178e+00
1.629411474271240934e+01 1.000871752414939975e+00 7.322102467781307134e+00
1.641945023041049012e+01 1.001550745817193055e+00 7.328618221748020467e+00
1.654478571810865972e+01 1.001340496144509817e+00 7.322748156987115564e+00
1.667012120580672629e+01 1.001962008825439066e+00 7.329746616929367242e+00
1.679545669350489590e+01 1.003087213782699605e+00 7.345543769393144906e+00
1.692079218120296957e+01 1.003365156144595316e+00 7.350603639418955559e+00
1.704612766890105746e+01 1.002678209655291752e+00 7.325225909778377620e+00
1.717146315659920930e+01 1.000464327067439818e+00 7.316060036885784434e+00
1.729679864429730074e+01 9.997291235702434609e-01 7.303454829589900221e+00
1.742213413199537086e+01 9.986714787686884476e-01 7.296961116907606737e+00
1.754746961969354402e+01 1.000069718081586290e+00 7.320460432863500344e+00
1.767280510739161770e+01 1.000276812248397817e+00 7.321523910238864730e+00
1.779814059508976598e+01 1.000438749746068501e+00 7.327844556272675725e+00
1.792347608278786097e+01 9.983565870248372054e-01 7.300762581582237232e+00
1.804881157048595242e+01 9.978958605081715838e-01 7.317063924252694029e+00
1.817414705818407938e+01 9.981978677290958002e-01 7.332159388795388644e+00
1.829948254588217438e+01 9.977477410191248897e-01 7.315972324201007737e+00
1.842481803358026937e+01 9.995360288052004272e-01 7.345979903911210585e+00
1.855015352127840345e+01 9.989978211329360036e-01 7.346785761577309337e+00
1.867548900897649133e+01 9.997107928890964779e-01 7.343402082167932221e+00
1.880082449667466449e+01 1.002262292560558432e+00 7.363222707355872920e+00
1.892615998437272040e+01 1.002681753678669185e+00 7.353175502605285629e+00
1.905149547207082250e+01 1.003314478999647097e+00 7.356349697654326114e+00
1.917683095976897789e+01 1.003360333222790501e+00 7.334806861398761590e+00
1.930216644746708354e+01 1.000653447460903234e+00 7.313545303396284503e+00
1.942750193516513235e+01 1.001805503079482129e+00 7.325141345315773655e+00
1.955283742286330906e+01 1.000762100124185094e+00 7.320758444888685545e+00
1.967817291056140050e+01 9.996990756758384888e-01 7.310453232555780723e+00
1.980350839825952036e+01 9.989202444052172059e-01 7.301452993924105073e+00
1.992884388595762601e+01 9.981957313471572224e-01 7.302311396824149980e+00
2.005417937365573522e+01 9.964728890191842936e-01 7.312159831650897779e+00
2.017951486135383377e+01 9.946836463660417849e-01 7.279829305627158575e+00
2.030485034905193942e+01 9.942077620292896212e-01 7.272894386961906932e+00
2.043018583675004862e+01 9.959493491026907286e-01 7.312430883395399484e+00
2.055552132444815427e+01 9.979622415351857567e-01 7.329042548769984400e+00
2.068085681214625637e+01 9.973808388086847776e-01 7.317936505045715023e+00
2.080619229984443308e+01 9.976444567472352309e-01 7.310513100015149313e+00
2.093152778754247123e+01 9.970246744435166120e-01 7.323643681392534965e+00
2.105686327524058399e+01 9.975075859056050653e-01 7.321088939657903971e+00
2.118219876293875004e+01 9.975011100943741438e-01 7.315321858465138938e+00
2.130753425063686279e+01 9.984249465029079174e-01 7.321729386152414421e+00
2.143286973833489739e+01 9.980845772358735157e-01 7.324551143371829554e+00
2.155820522603307410e+01 9.980372291067745039e-01 7.325698717515243708e+00
2.168354071373117975e+01 9.987365405742124613e-01 7.324356532008788889e+00
2.180887620142927830e+01 9.980719880243826836e-01 7.329529568408268858e+00
2.193421168912739105e+01 9.960674751178985042e-01 7.318377555328096307e+00
2.205954717682551092e+01 9.946147824041259300e-01 7.303899248864063942e+00
2.218488266452358815e+01 9.961158211242355787e-01 7.320235685981733909e+00
2.231021815222170801e+01 9.967137796687928208e-01 7.309026218918259765e+00
2.243555363991982432e+01 9.965485000396301363e-01 7.306084826933569865e+00
2.256088912761791221e+01 9.970985385977860771e-01 7.307068259081844097e+00
2.268622461531602141e+01 9.961893667943233499e-01 7.291682395341517520e+00
2.281156010301420167e+01 9.995483947999850294e-01 7.323460739248493390e+00
2.293689559071222561e+01 9.995664399205238526e-01 7.316459645061691219e+00
2.306223107841034548e+01 1.000436030562520617e+00 7.320736538911562619e+00
2.318756656610851863e+01 1.000715050086682822e+00 7.326854826290198908e+00
2.331290205380664204e+01 9.983567065148574171e-01 7.298954459261407735e+00
2.343823754150466243e+01 9.987352039078168930e-01 7.324002151245029957e+00
2.356357302920284624e+01 9.983387899579618807e-01 7.299548154124046562e+00
2.368890851690095900e+01 9.975555147309608239e-01 7.295359152859024476e+00
2.381424400459903268e+01 9.982879335309384761e-01 7.297604431876915321e+00
2.393957949229715965e+01 9.971509315467528278e-01 7.289764125865078270e+00
2.406491497999528306e+01 9.965852575709497341e-01 7.297986380090929259e+00
2.419025046769334608e+01 9.969020934563723735e-01 7.285825107364752640e+00
2.431558595539147305e+01 9.979085199167354592e-01 7.315207147015449607e+00
2.444092144308960002e+01 9.976358111773925286e-01 7.305638390693929729e+00
2.456625693078766659e+01 9.991087517386760819e-01 7.326391301012920465e+00
2.469159241848578645e+01 9.987012747398547052e-01 7.320255307947556744e+00
2.481692790618397382e+01 9.998765824518401901e-01 7.323420887316607342e+00
2.494226339388197999e+01 9.987391610141294063e-01 7.306625456678152553e+00
