0.000000000000000000e+00 1.503575682746129960e+00 1.000000000000000000e+00
1.750497816252995220e-01 1.421922242853765672e+00 1.061248778112382052e+00
3.494021537620488060e-01 1.348417253504483160e+00 1.124494752380601703e+00
5.237545258987980068e-01 1.285525935105130690e+00 1.190386104915596377e+00
6.981068980355492615e-01 1.232062549011087249e+00 1.260566792043075424e+00
8.724592701722964083e-01 1.185150276816345993e+00 1.335647079875055931e+00
1.046811642309048329e+00 1.145381305471508959e+00 1.415496728932002846e+00
1.221164014445817569e+00 1.111857734327333924e+00 1.498023504171276388e+00
1.394818977094045120e+00 1.081644112603220576e+00 1.582350957431378324e+00
1.569171349230828350e+00 1.055227574041547767e+00 1.668552453888357601e+00
1.743523721367607804e+00 1.031808219668860938e+00 1.757839892996635900e+00
1.917876093504388813e+00 1.011449661715579706e+00 1.848213029300178611e+00
2.092228465641166935e+00 9.951810822100292109e-01 1.941190931016554488e+00
2.266580837777940172e+00 9.815635709682584142e-01 2.038502328182064005e+00
2.440933209914661894e+00 9.688185243232246835e-01 2.137214784101723719e+00
2.615285582051369406e+00 9.584091829681732344e-01 2.235630432113197674e+00
2.789637954188088909e+00 9.503616377758522527e-01 2.333726009910159327e+00
2.963990326324805746e+00 9.436011430078212747e-01 2.434648673133391839e+00
3.139040107950079150e+00 9.385799779631491813e-01 2.536994082971445685e+00
3.313392480086801761e+00 9.324979038181198110e-01 2.630219516472856345e+00
3.487744852223505276e+00 9.275921906912559800e-01 2.724569521732489008e+00
3.662097224360232772e+00 9.243594255201208476e-01 2.821363386866859280e+00
3.836449596496946057e+00 9.226923245979155030e-01 2.916652451885921149e+00
4.010801968633672665e+00 9.204527463413189059e-01 3.010331229540935905e+00
4.185154340770385062e+00 9.187743191019890343e-01 3.102004693170797633e+00
4.359506712907116999e+00 9.185595511276596348e-01 3.193406604806473759e+00
4.533859085043886239e+00 9.181780461144544159e-01 3.279433329433579569e+00
4.708211457180711434e+00 9.181729705317727142e-01 3.362237209720143838e+00
4.882563829317568604e+00 9.192376647324819183e-01 3.447420765202095616e+00
5.056218791965846115e+00 9.203344515912916801e-01 3.529883835618519594e+00
5.230571164102705062e+00 9.214315224143382332e-01 3.604072218496458646e+00
5.404923536239539139e+00 9.221063652141852085e-01 3.680131102953561495e+00
5.579275908376369664e+00 9.231924704005077809e-01 3.755359927052231761e+00
5.753628280513231275e+00 9.238693155867805373e-01 3.822401035055579932e+00
5.927980652650057358e+00 9.255209418587188042e-01 3.892777906020638223e+00
6.102333024786914528e+00 9.269845010518911188e-01 3.961203642503043021e+00
6.276685396923749494e+00 9.303425033412666689e-01 4.029602755124679803e+00
6.451037769060586236e+00 9.330731969028819295e-01 4.094657756850089037e+00
6.625390141197432747e+00 9.351007101096882046e-01 4.153694066735499568e+00
6.799742513334271266e+00 9.386982458458267287e-01 4.216594805647613242e+00
6.974094885471131100e+00 9.397869806332566078e-01 4.261276771487038317e+00
7.148447257607972283e+00 9.414389740959336894e-01 4.312179523240629919e+00
7.322799629744787708e+00 9.438850061662575897e-01 4.356777927626997560e+00
7.497152001881653760e+00 9.457773559504750738e-01 4.403349255984272403e+00
7.671504374018496719e+00 9.480230928967307014e-01 4.454511457805096164e+00
7.845856746155324579e+00 9.508024833170062307e-01 4.496923126401412674e+00
8.020209118292168426e+00 9.521733583624234498e-01 4.531854996280889836e+00
8.194561490429036255e+00 9.546570336888374753e-01 4.571958335510060145e+00
8.368913862565845463e+00 9.568043127849573670e-01 4.608230826231422661e+00
8.543266234702690198e+00 9.580690778874809688e-01 4.642520439560096968e+00
8.717618606839552697e+00 9.589507116332232073e-01 4.665766915129152537e+00
8.891970978976400986e+00 9.599253663218337840e-01 4.693198143686874602e+00
9.066323351113037887e+00 9.617363973312557102e-01 4.726537409536987866e+00
9.240675723249603735e+00 9.634544717090077759e-01 4.749796878731128658e+00
9.415028095386201556e+00 9.656997795879994628e-01 4.778952881059673530e+00
9.589380467522817142e+00 9.676068910499043829e-01 4.800325044807784103e+00
9.763732839659418516e+00 9.692202766716890849e-01 4.829639699069248060e+00
9.938085211795980811e+00 9.699792225045836824e-01 4.852467230813401144e+00
1.011243758393257863e+01 9.717441750629011166e-01 4.875597703277655626e+00
1.028678995606919599e+01 9.725506261624247140e-01 4.891009105438666182e+00
1.046114232820579915e+01 9.724234530183167857e-01 4.904766633142749299e+00
1.063549470034235789e+01 9.749697433454497242e-01 4.924899019252240606e+00
1.080984707247895749e+01 9.770132387448945410e-01 4.945960566911771217e+00
1.098419944461557485e+01 9.783706722666962730e-01 4.967075497491984848e+00
1.115924922624073545e+01 9.788361614132776722e-01 4.981016012342648125e+00
1.133360159837729064e+01 9.803143740554244312e-01 4.996982827552677975e+00
1.150795397051389202e+01 9.814272896546585301e-01 5.008410021923328515e+00
1.168230634265050760e+01 9.822748057813842637e-01 5.017857586280680238e+00
1.185665871478711253e+01 9.843506129283177142e-01 5.033090301395851007e+00
1.203101108692366772e+01 9.845370671905416815e-01 5.039581462183563509e+00
1.220536345906027798e+01 9.851088308187248010e-01 5.044068616937273930e+00
1.237971583119688646e+01 9.859548843176515476e-01 5.055547753761372221e+00
1.255406820333348428e+01 9.867633548372874985e-01 5.068979477860233729e+00
1.272842057547005723e+01 9.866817777869428818e-01 5.070600807514196617e+00
1.290277294760664972e+01 9.871848749663700850e-01 5.078663892582450323e+00
1.307712531974324932e+01 9.883083672160842825e-01 5.089751782111074263e+00
1.325147769187987201e+01 9.877905376803892690e-01 5.086529902278386750e+00
1.342583006401642365e+01 9.875011504965651721e-01 5.087238868139421832e+00
1.360018243615304456e+01 9.876271479039000489e-01 5.093239760452402010e+00
1.377453480828964594e+01 9.886989924584425049e-01 5.093285256670546879e+00
1.394888718042623132e+01 9.893338756906636666e-01 5.100664403045342077e+00
1.412323955256282382e+01 9.895431148221613959e-01 5.104480591180974081e+00
1.429759192469940565e+01 9.903860742916490434e-01 5.108912809475098626e+00
1.447194429683599637e+01 9.912690617270738525e-01 5.119053648946737312e+00
1.464629666897263149e+01 9.918359490179433635e-01 5.126025680808517393e+00
1.482064904110917603e+01 9.915377926906291384e-01 5.126617839736375970e+00
1.499500141324581115e+01 9.909423324574555547e-01 5.123915830302347096e+00
1.516935378538240187e+01 9.920298375861250628e-01 5.129144073429861450e+00
1.534370615751898015e+01 9.924763777562884970e-01 5.134352178216582629e+00
1.551805852965558863e+01 9.930846590075778080e-01 5.137058897532500445e+00
1.569241090179216336e+01 9.943544310580597623e-01 5.144245035165146973e+00
1.586676327392874697e+01 9.942274404877534666e-01 5.141412041393539134e+00
1.604111564606538920e+01 9.943037260973544011e-01 5.139537957326068884e+00
1.621546801820193195e+01 9.946270599075455188e-01 5.139320058001854541e+00
1.638982039033857774e+01 9.945839595830303637e-01 5.141656137576755548e+00
1.656417276247515957e+01 9.938010763905517075e-01 5.136866269702707655e+00
1.673852513461173075e+01 9.930530366063421432e-01 5.131716366611273727e+00
1.691287750674834811e+01 9.928839424956852344e-01 5.135241860058308738e+00
1.708722987888491929e+01 9.936714836282762864e-01 5.143755656057831693e+00
1.726158225102149757e+01 9.945315711457357599e-01 5.148087501776861252e+00
1.743593462315815046e+01 9.948006918480586380e-01 5.153470479240400692e+00
1.761028699529468611e+01 9.948747640703006212e-01 5.154604862196134896e+00
1.778463936743134255e+01 9.959867444461814046e-01 5.162840537015134679e+00
1.795899173956791728e+01 9.951685117629456290e-01 5.159719046285084154e+00
1.813334411170448135e+01 9.947823907365875851e-01 5.163554855110152886e+00
1.830769648384111292e+01 9.944458178716680807e-01 5.161710846598842828e+00
1.848204885597767699e+01 9.958089080436676177e-01 5.173721899925478596e+00
1.865640122811424817e+01 9.959078438565113212e-01 5.167748120385738275e+00
1.883075360025091172e+01 9.955983452201543349e-01 5.162263732863767274e+00
1.900510597238744026e+01 9.954560016325973981e-01 5.159850011975528616e+00
1.917945834452410381e+01 9.958926829468504049e-01 5.165452042891897300e+00
1.935381071666067498e+01 9.961638510071066932e-01 5.158964069890500603e+00
1.952816308879723195e+01 9.965783662114726660e-01 5.159406636705526239e+00
1.970251546093387063e+01 9.971196747454277309e-01 5.164899009557442078e+00
1.987686783307043470e+01 9.957262556478432280e-01 5.162169024604425616e+00
2.005122020520699877e+01 9.946243933027822948e-01 5.153200411251320112e+00
2.022557257734366587e+01 9.958790482360514451e-01 5.152924844065804422e+00
2.039992494948019797e+01 9.964201309912974480e-01 5.150802581135434544e+00
2.057427732161686862e+01 9.961910971314502650e-01 5.152189104016656529e+00
2.074862969375343269e+01 9.966924182284176981e-01 5.155597187181170327e+00
2.092298206588998610e+01 9.969794679479133670e-01 5.156648012788342506e+00
2.109733443802663189e+01 9.975773857675808154e-01 5.168658399088275957e+00
2.127168681016319240e+01 9.986337558158503436e-01 5.178132181219119445e+00
2.144603918229974937e+01 9.989292477693860750e-01 5.177173541483482744e+00
2.162039155443642358e+01 9.985186765154724364e-01 5.171881514267306024e+00
2.179474392657295567e+01 9.982244538601788841e-01 5.170072385720693831e+00
2.196909629870962632e+01 9.983807818090222330e-01 5.171510370053447048e+00
2.214344867084618684e+01 9.988684513845630386e-01 5.170046620876265209e+00
2.231780104298274381e+01 9.981065083032092389e-01 5.168791165097308848e+00
2.249215341511939315e+01 9.981014993545244129e-01 5.173049070777230973e+00
2.266650578725594656e+01 9.980861010707177128e-01 5.171059700048957986e+00
2.284085815939250352e+01 9.978618922819427750e-01 5.166648601524269857e+00
2.301521053152918128e+01 9.972192808735944602e-01 5.159293976590548780e+00
2.318956290366571338e+01 9.968836980960631422e-01 5.162836479088679376e+00
2.336391527580239114e+01 9.968466378267406558e-01 5.168156357624839714e+00
2.353826764793893744e+01 9.970488351724697829e-01 5.170895884705074330e+00
2.371262002007550151e+01 9.974675258496413788e-01 5.176319181472173625e+00
2.388697239221215085e+01 9.974194942611235293e-01 5.172859003811340450e+00
2.406132476434871847e+01 9.979639616747975062e-01 5.177551117830858196e+00
2.423567713648525412e+01 9.992262333434178689e-01 5.186476311822270091e+00
2.441002950862193899e+01 9.994355995719231833e-01 5.193145146825778546e+00
2.458438188075848529e+01 1.001224393652594413e+00 5.200079717401616897e+00
2.475873425289513108e+01 1.001614456903431094e+00 5.208429972575133071e+00
2.493308662503170225e+01 1.001698846280579369e+00 5.212461586740516850e+00
2.510743899716827343e+01 1.002144592243620291e+00 5.216523607715025435e+00
2.528179136930488724e+01 1.001229743899253233e+00 5.206155341819702187e+00
2.545614374144146197e+01 1.001885465627264660e+00 5.208763372503904421e+00
2.563049611357803670e+01 1.003387817600858378e+00 5.217256200956724044e+00
2.580484848571466117e+01 1.003172939338097258e+00 5.209696387013707408e+00
2.597920085785122524e+01 1.002904448716056107e+00 5.207156667412369266e+00
2.615355322998790655e+01 1.002447245025960720e+00 5.194972570505431264e+00
2.632790560212442799e+01 1.003365885329257301e+00 5.197910589194655095e+00
2.650225797426100982e+01 1.003375747889085012e+00 5.196576000308064103e+00
2.667661034639766626e+01 1.003729190968820184e+00 5.200680611175574342e+00
2.685096271853425520e+01 1.002651197137312877e+00 5.197946832705340192e+00
2.702531509067076598e+01 1.002334066388273381e+00 5.193400230341963741e+00
2.719966746280745085e+01 1.002334845257517593e+00 5.197209748173299282e+00
2.737401983494401847e+01 1.003016498733243500e+00 5.203792938339708130e+00
2.754837220708062517e+01 1.002683283678841075e+00 5.206279167262915841e+00
2.772272457921721411e+01 1.001762968530288012e+00 5.202391044126377651e+00
2.789707695135380661e+01 1.000658284472148329e+00 5.193445371149739920e+00
2.807142932349038489e+01 9.992002032572171455e-01 5.193847985263087885e+00
2.824578169562697383e+01 9.997468480310205408e-01 5.195712581730602686e+00
2.842013406776356632e+01 9.996101296012425141e-01 5.193702877116264105e+00
2.859448643990015526e+01 1.000671612281615719e+00 5.205422040034909159e+00
2.876883881203673354e+01 1.001688470303593981e+00 5.202335761052157892e+00
2.894319118417342551e+01 1.001436431639591618e+00 5.195622667666007999e+00
2.911754355630991853e+01 1.001862029486661143e+00 5.198344263711854651e+00
2.929189592844651457e+01 1.002503787531850543e+00 5.204153844855929911e+00
2.946624830058318878e+01 1.003151016499915782e+00 5.205039634566777096e+00
2.964060067271978838e+01 1.003311275326290275e+00 5.202818447814046010e+00
2.981495304485627429e+01 1.002100379666149177e+00 5.195714135039597004e+00
2.998930541699296626e+01 1.001951868405119628e+00 5.188177419795922951e+00
3.016365778912955165e+01 1.001786912424097453e+00 5.187020976504069125e+00
3.033801016126612637e+01 1.001769733450867950e+00 5.192940042258232580e+00
3.051236253340272953e+01 1.001795565209811834e+00 5.191667670880525165e+00
3.068671490553933623e+01 1.001774854171714413e+00 5.186734087476816413e+00
3.086106727767588254e+01 1.002105883970859646e+00 5.188081964363032483e+00
3.103541964981248924e+01 1.001742582611653720e+00 5.184084525024377221e+00
3.120977202194909594e+01 1.001995782299694548e+00 5.187380429614197652e+00
3.138412439408565646e+01 1.002051979478198129e+00 5.196314170138146338e+00
3.155847676622224895e+01 1.001249208249357814e+00 5.187341515815194093e+00
3.173282913835894092e+01 1.000779229966446637e+00 5.181063552106423664e+00
3.190718151049541262e+01 1.000563896037462097e+00 5.189203809269762324e+00
3.208153388263202288e+01 1.001507588842164287e+00 5.193387286600422925e+00
3.225588625476870419e+01 1.001564770370473978e+00 5.199220490943242012e+00
3.243023862690531445e+01 1.003224022651006075e+00 5.206080758699760835e+00
3.260459099904178970e+01 1.003069892183959810e+00 5.203876308519897798e+00
3.277894337117848522e+01 1.002905457551053647e+00 5.206907418860476255e+00
3.295329574331508127e+01 1.003268201857467457e+00 5.207063017549294237e+00
3.312764811545162047e+01 1.003906089156794801e+00 5.216394928344056936e+00
3.330200048758824494e+01 1.004655696780190732e+00 5.228277859539148587e+00
3.347635285972485519e+01 1.004282572782932093e+00 5.221239967364877721e+00
3.365070523186138018e+01 1.002905300599844063e+00 5.215180005305319888e+00
3.382505760399800465e+01 1.003147832891731595e+00 5.219845648274333172e+00
3.399940997613462201e+01 1.003050959218835692e+00 5.225964772903157751e+00
3.417376234827115411e+01 1.002092944849002576e+00 5.217656431939181161e+00
3.434811472040776437e+01 1.002176095776655007e+00 5.224187365227181523e+00
3.452246709254446699e+01 1.002172529806557355e+00 5.221595407203071915e+00
3.469681946468091382e+01 1.001701020620899607e+00 5.215752641544622925e+00
