0.000000000000000000e+00 1.509098262824412728e+00 1.000000000000000000e+00
1.358890634974033174e-01 1.330482320772152338e+00 1.168929951651721311e+00
2.712367363035794177e-01 1.192640404748729566e+00 1.352803746844017496e+00
4.065844091097554069e-01 1.089453837853795015e+00 1.554988292119386273e+00
5.419320819159330060e-01 1.009574674702811370e+00 1.771003678931939218e+00
6.772797547221075520e-01 9.479104300794159998e-01 2.002667894693368478e+00
8.126274275282856507e-01 8.990972444058676905e-01 2.249131210161110506e+00
9.479751003344771831e-01 8.639761360537723256e-01 2.515285048124015432e+00
1.082781382449448326e+00 8.364238918870324779e-01 2.792069280128059994e+00
1.218129055255650517e+00 8.135754167854664098e-01 3.075978060931416458e+00
1.353476728061850043e+00 7.968410759365435192e-01 3.370778268897436369e+00
1.488824400868050901e+00 7.861215291927085014e-01 3.669683486133708428e+00
1.624172073674249539e+00 7.782832276956908046e-01 3.973131125449755885e+00
1.759519746480444180e+00 7.723721192937524904e-01 4.276856787139739602e+00
1.894867419286598631e+00 7.694560313852077948e-01 4.592414623368208382e+00
2.030215092092742424e+00 7.690683056588782929e-01 4.897812772237170265e+00
2.165562764898895320e+00 7.688561122723353014e-01 5.192008848934404952e+00
2.300910437705046441e+00 7.706522555555580523e-01 5.489053649317609640e+00
2.436799501202429052e+00 7.738538801507093279e-01 5.777199751087906066e+00
2.572147174008585058e+00 7.779407492476032582e-01 6.074620374099628073e+00
2.707494846814725076e+00 7.826924631684062383e-01 6.347605434981033135e+00
2.842842519620884634e+00 7.869484543896593243e-01 6.603419223269733074e+00
2.978190192427032645e+00 7.922862840761407677e-01 6.841815575082425660e+00
3.113537865233191315e+00 7.979149574429291736e-01 7.096401196281580503e+00
3.248885538039338439e+00 8.046001950883848730e-01 7.331882603479231264e+00
3.384233210845501549e+00 8.111420536208621135e-01 7.543644683680045482e+00
3.519580883651692638e+00 8.171453642085216851e-01 7.743348941563416687e+00
3.654928556457927691e+00 8.235157254872180754e-01 7.941067892393103733e+00
3.790276229264187613e+00 8.302439163524557575e-01 8.113633330201446725e+00
3.925082511379196948e+00 8.356748586745468277e-01 8.282005176865554930e+00
4.060430184185458202e+00 8.407891875630201239e-01 8.437333732882915882e+00
4.195777856991700361e+00 8.462275659654912019e-01 8.597443236037509706e+00
4.331125529797939855e+00 8.533662551124434614e-01 8.749731903325645987e+00
4.466473202604202442e+00 8.604887766660418436e-01 8.893145652906163434e+00
4.601820875410439271e+00 8.663402707721954421e-01 9.015416104663257713e+00
4.737168548216698305e+00 8.712710034948907278e-01 9.144795611012625614e+00
4.872516221022941352e+00 8.772696160462889470e-01 9.279301570292300738e+00
5.007863893829185287e+00 8.835834938903840419e-01 9.388350029221887993e+00
5.143211566635437215e+00 8.877987008313981132e-01 9.469957355166961577e+00
5.278559239441682038e+00 8.916712690391714879e-01 9.554026777158634687e+00
5.413906912247944625e+00 8.967203367974694306e-01 9.645790852717420094e+00
5.549254585054191224e+00 9.010374414228409234e-01 9.712458008011264354e+00
5.684602257860418284e+00 9.061956805762548806e-01 9.793661258420469196e+00
5.819949930666685312e+00 9.113059544066337558e-01 9.861782947066537020e+00
5.955297603472934576e+00 9.156934815511449388e-01 9.936109894861331782e+00
6.090645276279171405e+00 9.211601242286292512e-01 1.001297309428836790e+01
6.225992949085421557e+00 9.255638977326805517e-01 1.008521962399971628e+01
6.361340621891688585e+00 9.279551191000271482e-01 1.011459243362174121e+01
6.496688294697911203e+00 9.314058318840865436e-01 1.016098599107139577e+01
6.632035967504161356e+00 9.348750493996054178e-01 1.020013360147767933e+01
6.767383640310426607e+00 9.384631224507735681e-01 1.023958858971875152e+01
6.902731313116679424e+00 9.408107246316932404e-01 1.027116439794725089e+01
7.038078985922767927e+00 9.437633923077786147e-01 1.030578943655955904e+01
7.173426658728802252e+00 9.468504268313090444e-01 1.033643826768572538e+01
7.308774331534859670e+00 9.481734900847578196e-01 1.035672774313811573e+01
7.444122004340932186e+00 9.523328337968453017e-01 1.040383315553008536e+01
7.579469677146993156e+00 9.562247968119163000e-01 1.045291689110658595e+01
7.714817349953024817e+00 9.583389783184594890e-01 1.046558423310425390e+01
7.850165022759084010e+00 9.584062244109000650e-01 1.048293228127942989e+01
7.985512695565156527e+00 9.605045850099458438e-01 1.051450659761513329e+01
8.120860368371218385e+00 9.618976512424021186e-01 1.054041764713488760e+01
8.256208041177247381e+00 9.638307151436592557e-01 1.056145245643856967e+01
8.391555713983308351e+00 9.653345612323831482e-01 1.057406755281111721e+01
8.526903386789379979e+00 9.663128632415963759e-01 1.060723127794734744e+01
8.662792450286676882e+00 9.678420694082513487e-01 1.061698510924935590e+01
8.798140123092700549e+00 9.709930011721455978e-01 1.065654111324478137e+01
8.933487795898763295e+00 9.721984755461881011e-01 1.065561638858965487e+01
9.068835468704834923e+00 9.718122023088419104e-01 1.064351765409859496e+01
9.204183141510899446e+00 9.717303110695499901e-01 1.066279873676036871e+01
9.339530814316924889e+00 9.721942071141519426e-01 1.066637025934030625e+01
9.474878487122992965e+00 9.741054718506231280e-01 1.070113046683442803e+01
9.610226159929061041e+00 9.760821403354746906e-01 1.074127389995678072e+01
9.745573832735118458e+00 9.766382985330984701e-01 1.074647189410248771e+01
9.880921505541156336e+00 9.788818837293906672e-01 1.076304463060565375e+01
1.001626917834721198e+01 9.798390297783042824e-01 1.077983861908520247e+01
1.015161685115327295e+01 9.816911266202920094e-01 1.079634416439340683e+01
1.028696452395934990e+01 9.816559909653461702e-01 1.080607501915511470e+01
1.042231219676537179e+01 9.826119262872642368e-01 1.079464638810668298e+01
1.055765986957144875e+01 9.823589214763489563e-01 1.079538752159453985e+01
1.069300754237750972e+01 9.828061559815315373e-01 1.079294528715154122e+01
1.082835521518355826e+01 9.833256287587640587e-01 1.079762991098634295e+01
1.096370288798961212e+01 9.845551449931474464e-01 1.081225989246820518e+01
1.109905056079565888e+01 9.843703764987065119e-01 1.081268108429289754e+01
1.123439823360171275e+01 9.851543173447396828e-01 1.081729387630062256e+01
1.136974590640779859e+01 9.867524224946535583e-01 1.083354707327033495e+01
1.150509357921381692e+01 9.871244788607844711e-01 1.083857467300840938e+01
1.164044125201990454e+01 9.870990490148803254e-01 1.086813199523470352e+01
1.177578892482595840e+01 9.863440852749451038e-01 1.085787088565699143e+01
1.191113659763199983e+01 9.873878367002869583e-01 1.087232969930810533e+01
1.204648427043806791e+01 9.874059565215416168e-01 1.084671533758905682e+01
1.218183194324410756e+01 9.872657656338807985e-01 1.083931923399096675e+01
1.231717961605015610e+01 9.884379306590430625e-01 1.083697918805232518e+01
1.245252728885624904e+01 9.874666304527784932e-01 1.083740765385561033e+01
1.258787496166226383e+01 9.882269057841442939e-01 1.083797768873542289e+01
1.272322263446836033e+01 9.885805276355631444e-01 1.084911090519645249e+01
1.285857030727440709e+01 9.894884034654872762e-01 1.085899813775151124e+01
1.299391798008044319e+01 9.897899668714110755e-01 1.084540537116950887e+01
1.312926565288651837e+01 9.900448226266019836e-01 1.082751094585728957e+01
1.326461332569255624e+01 9.903954338505346344e-01 1.083855434276823004e+01
1.339996099849859768e+01 9.918663120546609147e-01 1.086982600690845757e+01
1.353530867130469950e+01 9.922019058922603163e-01 1.087836810435876700e+01
1.367065634411071073e+01 9.928727377785339092e-01 1.088043518855726077e+01
1.380600401691681434e+01 9.920961506834476973e-01 1.085995398847915538e+01
1.394135168972285577e+01 9.945343994165524171e-01 1.087689028263300450e+01
1.407669936252888654e+01 9.944865324685916441e-01 1.089300012858801736e+01
1.421204703533497060e+01 9.955900141091861277e-01 1.091975054565791403e+01
1.434739470814100493e+01 9.962686041006069138e-01 1.096027559708098309e+01
1.448274238094704280e+01 9.964146399538511556e-01 1.096586253854986381e+01
1.461809005375315174e+01 9.977047639877091312e-01 1.097857034508979979e+01
1.475343772655915764e+01 9.977015552349334238e-01 1.095720180336268434e+01
1.488878539936526657e+01 9.982644016621400329e-01 1.097559881970317086e+01
1.502413307217130445e+01 9.979549728394506714e-01 1.097587227296127743e+01
1.515948074497733167e+01 9.972825254122917871e-01 1.097110189436392780e+01
1.529482841778342284e+01 9.968797293494514600e-01 1.096289775649818843e+01
1.543017609058945361e+01 9.974139586450414541e-01 1.094970019214101775e+01
1.556552376339548438e+01 9.965765892090484579e-01 1.094592438726986927e+01
1.570087143620159864e+01 9.954309933037415181e-01 1.092301114988551092e+01
1.583621910900760632e+01 9.963009726088616347e-01 1.093517939998674393e+01
1.597156678181372058e+01 9.948853882634766110e-01 1.093620578204512839e+01
1.610691445461975135e+01 9.956055194617712267e-01 1.095957729084702770e+01
1.624226212742577857e+01 9.960001731604966047e-01 1.095512315658117330e+01
1.637760980023187329e+01 9.959650049189285870e-01 1.095458697664711778e+01
1.651295747303790051e+01 9.949904042375509183e-01 1.094767388795821539e+01
1.664830514584393129e+01 9.948239414905650779e-01 1.094850793933985322e+01
1.678365281865004732e+01 9.948555609342796258e-01 1.095429030481499666e+01
1.691900049145605323e+01 9.959910474148959691e-01 1.095686879924008394e+01
1.705434816426216926e+01 9.971279399075311245e-01 1.095627536301657656e+01
1.718969583706820003e+01 9.969575941873336511e-01 1.095708466743201903e+01
1.732504350987422370e+01 9.978350829957522983e-01 1.095808869669915886e+01
1.746039118268032553e+01 9.971638415606880468e-01 1.095667111585213505e+01
1.759573885548634919e+01 9.981295870872126663e-01 1.096495786210303613e+01
1.773108652829237641e+01 9.980294572415154830e-01 1.095807464844914847e+01
1.786643420109849600e+01 9.979670685318284828e-01 1.095575827169702698e+01
1.800178187390450191e+01 9.987352449105035834e-01 1.096542446345924660e+01
1.813712954671062150e+01 9.996625170442202668e-01 1.096843373077329176e+01
1.827247721951664161e+01 1.000593786420111764e+00 1.098419168434572946e+01
1.840782489232267238e+01 1.001946939939899028e+00 1.099257641241061378e+01
1.854317256512877066e+01 1.001726356253096029e+00 1.099265492723859339e+01
1.867852023793480853e+01 1.002430858623701404e+00 1.100527856986818520e+01
1.881386791074081799e+01 1.001824085332079672e+00 1.100676581310507807e+01
1.894921558354694469e+01 1.001383817288405087e+00 1.100539336698863657e+01
1.908456325635296125e+01 1.000607208197445086e+00 1.101099756582500078e+01
1.921991092915905952e+01 1.000819232629615030e+00 1.101384041148497062e+01
1.935525860196509740e+01 1.000533975890784966e+00 1.102250658287120366e+01
1.949060627477113528e+01 1.001658110362750875e+00 1.104404681574614955e+01
1.962595394757720513e+01 1.000322265949571188e+00 1.102679855350271332e+01
1.976130162038324656e+01 1.001197598749556272e+00 1.103024356708218789e+01
1.989664929318928799e+01 1.001782934480891951e+00 1.102063618523474986e+01
2.003199696599536850e+01 1.000564334720169146e+00 1.100877940493343132e+01
2.016734463880139927e+01 1.000939863655569750e+00 1.100703532446804012e+01
2.030269231160752241e+01 1.000020358357985861e+00 1.099157540922351117e+01
2.043803998441352121e+01 1.000637789333067351e+00 1.099937306181097618e+01
2.057338765721956619e+01 1.000965696592723386e+00 1.099903032688285087e+01
2.070873533002567157e+01 1.000039028580779421e+00 1.098581074650100398e+01
2.084408300283172011e+01 9.995399026050532099e-01 1.098787715560297862e+01
2.097943067563771180e+01 9.992496884182602290e-01 1.098305911715700312e+01
2.111477834844383850e+01 1.000143026823075099e+00 1.099057235924331266e+01
2.125012602124987282e+01 1.000867811472173408e+00 1.100465362715384465e+01
2.138547369405593912e+01 1.000770344654680288e+00 1.100226803947879439e+01
2.152082136686199121e+01 1.000869001729290053e+00 1.098801556860151862e+01
2.165616903966804685e+01 1.000991221938045905e+00 1.099492576946694378e+01
2.179151671247408828e+01 1.000308830513894076e+00 1.098082592716765582e+01
2.192686438528014037e+01 1.000631132776094168e+00 1.099835379015603110e+01
2.206221205808619601e+01 1.000809124185761512e+00 1.100332873971638037e+01
2.219755973089224810e+01 1.001523352446991977e+00 1.100422711320719493e+01
2.233290740369829308e+01 1.000722671165173105e+00 1.101032609489739755e+01
2.246825507650441978e+01 9.998594872852560878e-01 1.098036522401478621e+01
2.260360274931040081e+01 9.994864464384770608e-01 1.098033466081864340e+01
2.273895042211645645e+01 9.982079658311754367e-01 1.097829407894148446e+01
2.287429809492257249e+01 9.980529339987259663e-01 1.100213125175894646e+01
2.300964576772863168e+01 9.991576886672389746e-01 1.100297171063072632e+01
2.314499344053460561e+01 9.999047044508369009e-01 1.101146815609559404e+01
2.328034111334073586e+01 9.995888324045026918e-01 1.100318803718233163e+01
2.341568878614678439e+01 9.998175431779989797e-01 1.099610635178212625e+01
2.355103645895282583e+01 1.000277997659359652e+00 1.099976366182209020e+01
2.368638413175888857e+01 9.998037053552033537e-01 1.098053534602428272e+01
2.382173180456495487e+01 9.992061437877808316e-01 1.096210839346808896e+01
2.395707947737097143e+01 9.995215382496915879e-01 1.098013318302623631e+01
2.409242715017703773e+01 1.000445870858079234e+00 1.098870382351394603e+01
2.422777482298310403e+01 1.000745322912762747e+00 1.098549627264255335e+01
2.436312249578913480e+01 1.000846455440811411e+00 1.097387339975067810e+01
2.449847016859518689e+01 1.000344004409196907e+00 1.095983997548402833e+01
2.463381784140132069e+01 9.991734411901224133e-01 1.096480168371095587e+01
2.476916551420728041e+01 9.981715694928324778e-01 1.095198852183736093e+01
2.490451318701335026e+01 9.979630898260057892e-01 1.093686066075654750e+01
2.503986085981947340e+01 9.994443669313419765e-01 1.094574758651235413e+01
2.517520853262553970e+01 9.997481408236249534e-01 1.096066424142211915e+01
2.531055620543150297e+01 9.998742178613027054e-01 1.095341404312744338e+01
2.544590387823763322e+01 9.988795334525215619e-01 1.093916481120896833e+01
2.558125155104369242e+01 9.998373001889014899e-01 1.096146226185727990e+01
2.571659922384970898e+01 9.996464675665983624e-01 1.094721665540526345e+01
2.585194689665578593e+01 1.000340343916010122e+00 1.095080925493244095e+01
2.598729456946185579e+01 1.000306950901322711e+00 1.094220671887910790e+01
2.612264224226785814e+01 1.000303341327567486e+00 1.093801149331473255e+01
2.625798991507393509e+01 1.000883046591392267e+00 1.094034919261818395e+01
2.639333758788000850e+01 1.000480477725448125e+00 1.092976133467095678e+01
2.652868526068601795e+01 1.001063710152193087e+00 1.092926804020832776e+01
2.666403293349208425e+01 1.001323899406049822e+00 1.093477208743601459e+01
2.679938060629822161e+01 9.999704415842224359e-01 1.092701022228053986e+01
2.693472827910416356e+01 9.992340385423978955e-01 1.092929212140574613e+01
