0.000000000000000000e+00 1.500797538696011513e+00 1.000000000000000000e+00 -1.243224519269669928e-04 2.099713861554652829e-04 -1.674856734162075709e-03
2.103593077751514384e-01 1.448776733968152763e+00 9.773769748458965845e-01 -1.785242009508674049e-03 1.186263156984328215e-02 1.020969282149274127e-02
4.198805306587645170e-01 1.399322844041304581e+00 9.533075565159804254e-01 2.054393059762067535e-03 2.407397196652031474e-02 1.422217183060613122e-02
6.294017535423774845e-01 1.356594653780871296e+00 9.267088015443811777e-01 3.070709404356467605e-03 3.572889382697455596e-02 1.696507185671299739e-02
8.389229764259930056e-01 1.318200134295239856e+00 9.013543911773946871e-01 2.645424125166658674e-03 4.533549266010836881e-02 2.079120359523256231e-02
1.048444199309603642e+00 1.285309505186336798e+00 8.749650221604867717e-01 4.463262827207439658e-03 5.483281410241805376e-02 2.289633183591573140e-02
1.257965422193219940e+00 1.258347661241531412e+00 8.475926254933791038e-01 3.241563606901494161e-03 6.084959232072007645e-02 2.619354381399696327e-02
1.467486645076856888e+00 1.233526258982106993e+00 8.215379647643993311e-01 3.518641487828990614e-03 6.682739059523341851e-02 2.647410523967072202e-02
1.676169783068965913e+00 1.212158196404019783e+00 7.955812847681009714e-01 5.284467295989530786e-03 7.482340916891967730e-02 2.530486451554059615e-02
1.885691005952619737e+00 1.191943582124572076e+00 7.724323632964833486e-01 5.477221076443859922e-03 8.018450035689211886e-02 2.746851419356818175e-02
2.095212228836269119e+00 1.174794834797672438e+00 7.497752157005409535e-01 7.647505224630870950e-03 8.339895046194105432e-02 2.559970547047428144e-02
2.304733451719920279e+00 1.157801681929703896e+00 7.289715727887613461e-01 3.859068490503267997e-03 8.988444615175508745e-02 2.449754046071870445e-02
2.514254674603568329e+00 1.145549340391236237e+00 7.073604403449461620e-01 4.063389523914744637e-03 9.328235899399515973e-02 2.880611785079566223e-02
2.723775897487210162e+00 1.132328511542695759e+00 6.884292422791695731e-01 1.922450756770003244e-03 9.541229926656324967e-02 2.435184531491483423e-02
2.933297120370789823e+00 1.121357699765868077e+00 6.705231917222206350e-01 2.024870979268944375e-03 9.842250188165346803e-02 2.026325966309855051e-02
3.142818343254352609e+00 1.111108328091374942e+00 6.548447591732413642e-01 2.205606961772337265e-03 1.014947797091730608e-01 2.632064450085818547e-02
3.352339566137930049e+00 1.101454877094505180e+00 6.392166730222644810e-01 3.448335277578676913e-03 1.026826084480912948e-01 2.629279943669500172e-02
3.561860789021504381e+00 1.093910414705552059e+00 6.251067714165722267e-01 3.009044914788136082e-03 1.019716077157890727e-01 2.209423111090779226e-02
3.772220096796623956e+00 1.085890296070555872e+00 6.111712620239158067e-01 2.398959593101395241e-03 1.054506980694916857e-01 2.099988545273883192e-02
3.981741319680205393e+00 1.078336579342120682e+00 5.988227403655455028e-01 6.014440336955664129e-03 1.045442001112470154e-01 2.048148317911452007e-02
4.191262542563762850e+00 1.072567840243022763e+00 5.850759497809672194e-01 2.868043073980758393e-03 1.043910066989344743e-01 2.223006013021304808e-02
4.400783765447350504e+00 1.068113810427520516e+00 5.724737567940176852e-01 2.199987646790875235e-03 1.020261222348688573e-01 2.150080381638259236e-02
4.610304988330920395e+00 1.062581360136142683e+00 5.615406209827566997e-01 8.159817921093415714e-04 1.026610341511787761e-01 1.919707016262590590e-02
4.819826211214506273e+00 1.057070311937845508e+00 5.518826314520598464e-01 5.124367034547598621e-03 1.036371158442313117e-01 1.855808546511364399e-02
5.029347434098074388e+00 1.053096630201701744e+00 5.428132423010404439e-01 1.741142323318525158e-03 9.931630447482703294e-02 1.844206396049903607e-02
5.238868656981667371e+00 1.048448166650059354e+00 5.342738241571115543e-01 3.055442464867322815e-03 1.002661794880952695e-01 1.969661998439501890e-02
5.448389879865303875e+00 1.044858585799049111e+00 5.268435293592166335e-01 4.618085390755862635e-03 9.984985096412582473e-02 2.213104926607221620e-02
5.657911102749007881e+00 1.041429645930036507e+00 5.197442696972637277e-01 6.060288943534841667e-04 1.014698233993637233e-01 1.934908517538101030e-02
5.867432325632750967e+00 1.037928028084175613e+00 5.124201965558258243e-01 -1.396720652112994846e-03 1.029180938476931539e-01 2.212356107710633860e-02
6.076115463624919499e+00 1.034124454181359232e+00 5.070452468381545508e-01 1.941829620717556732e-03 1.024849793017923033e-01 2.356208956530803436e-02
6.285636686508665250e+00 1.030605283207339129e+00 5.017356060022426512e-01 1.358442282228020754e-03 1.000717558203606250e-01 2.347549220978484286e-02
6.495157909392379914e+00 1.029653860276484423e+00 4.950697971206947101e-01 3.729913629136932720e-03 9.792496961510249731e-02 2.205569017449274596e-02
6.704679132276091025e+00 1.025310299763130040e+00 4.907118179232622945e-01 2.171428664825891808e-03 9.575636835562933991e-02 2.146100835596731482e-02
6.914200355159838551e+00 1.023928728677467204e+00 4.852696484260322629e-01 2.078972796423031802e-03 9.342206832146252027e-02 1.864400697571376442e-02
7.123721578043544334e+00 1.022532987186377751e+00 4.805852491015574768e-01 3.091490939867959191e-03 8.955072395764455961e-02 2.129055745957289872e-02
7.333242800927287419e+00 1.020792726965011665e+00 4.759066033589361977e-01 4.505265964194394950e-03 9.014446065748860093e-02 2.220058132689809588e-02
7.542764023811002971e+00 1.020462563239439069e+00 4.719313381877197622e-01 5.216857671348551495e-03 8.837922302494428950e-02 2.282399357977400386e-02
7.752285246694721188e+00 1.018804391412547306e+00 4.690463373134185487e-01 4.055380266946132656e-03 8.588693490515474094e-02 2.409317608496954616e-02
7.961806469578450951e+00 1.017548977766142171e+00 4.655890051554839038e-01 2.509644855066823881e-03 8.578032129667821637e-02 1.892134404735732606e-02
8.171327692462170944e+00 1.016484117551310185e+00 4.621610344368999312e-01 3.945637682108096671e-03 8.694342885997119463e-02 2.090806131129065507e-02
8.380848915345918471e+00 1.015667805959450831e+00 4.595934897594038948e-01 4.458145928462720173e-04 8.342662324243917127e-02 1.978513736889723693e-02
8.590370138229641128e+00 1.014061481845738966e+00 4.574962569428716597e-01 3.436852868577233797e-04 8.457350587493850380e-02 2.228547333290911703e-02
8.799891361113333588e+00 1.013070818502476822e+00 4.549504767255566628e-01 1.968307560306982104e-03 8.641010138238679195e-02 2.117650780631832180e-02
9.009412583997086443e+00 1.011146409014402447e+00 4.529984929944782523e-01 2.237575709182332111e-03 8.260328516766815565e-02 2.476793223520941042e-02
9.218933806880812654e+00 1.010327764651620441e+00 4.510490335378097848e-01 2.981708704179194570e-03 8.119989813265281187e-02 2.002780884159214778e-02
9.428455029764519324e+00 1.009904084641832345e+00 4.488909170656822378e-01 2.461801435991456486e-03 7.997731449894850131e-02 1.962783802562251614e-02
9.637976252648247311e+00 1.010315125217752685e+00 4.470455975259242654e-01 2.823280916585906193e-03 7.824695251690301501e-02 1.887876241893520282e-02
9.847497475532001943e+00 1.009366937302955680e+00 4.461152730961832624e-01 1.688446257964204599e-03 7.812870628802462414e-02 2.091211508611323308e-02
1.005701869841568730e+01 1.007856349041556854e+00 4.443100956073922081e-01 1.058555656430660782e-03 7.582776574151042781e-02 2.376939419743569898e-02
1.026653992129941528e+01 1.006323716795527901e+00 4.429209225038577280e-01 2.052755020310443723e-03 7.614870987597206764e-02 2.242346915787453432e-02
1.047606114418316459e+01 1.004694668414217062e+00 4.411948218602506078e-01 3.774854809797553029e-03 7.498835770920318777e-02 2.254876567783081417e-02
1.068558236706689790e+01 1.003700517700501837e+00 4.407680939205741999e-01 3.761712140657846870e-03 7.616949356823360384e-02 2.267848667214498667e-02
1.089510358995037365e+01 1.003870592563499420e+00 4.399398525253503389e-01 5.290540334783685843e-03 7.274311825279780597e-02 2.741651233582497252e-02
1.110462481283376768e+01 1.003882590542814812e+00 4.385960542655509276e-01 4.935687023283905420e-03 7.039244936621083526e-02 2.863887330763311562e-02
1.131414603571719724e+01 1.003560806061607025e+00 4.378918457631771899e-01 3.926504586239909847e-03 7.067032755010189959e-02 2.635372324541793848e-02
1.152366725860065166e+01 1.003923721409056391e+00 4.357199573784454327e-01 3.181362185666298820e-03 7.066538926086622652e-02 2.207450362812340625e-02
1.173318848148408478e+01 1.002627063881967873e+00 4.359121601937789303e-01 3.653966906535982377e-03 7.098237274686267084e-02 1.917990114348969155e-02
1.194270970436747525e+01 1.002334362044373650e+00 4.348812255629821988e-01 3.159033452930265669e-03 7.117847664532360452e-02 2.190839694936897938e-02
1.215223092725090659e+01 1.001342170333790582e+00 4.345363003577700778e-01 1.517513863793173989e-03 6.967330804610100126e-02 2.219431364176326429e-02
1.236175215013435924e+01 1.002929638841146609e+00 4.334682606094119039e-01 3.227392845078675809e-03 6.717696204439897734e-02 1.693259844538229364e-02
1.257127337301779590e+01 1.001918966448839488e+00 4.331089778997285200e-01 1.999902533740439883e-03 7.006328156378240080e-02 1.688308600703659901e-02
1.278079459590118105e+01 1.000558679544479634e+00 4.327459928292468061e-01 3.985930571370132139e-03 7.167725288480601697e-02 2.146103088943970491e-02
1.299031581878461594e+01 1.000952780596036984e+00 4.316225610549723202e-01 1.420258237334205437e-03 7.271046872052731869e-02 2.186259520035774978e-02
1.319983704166806859e+01 1.000671041940605077e+00 4.315700804790805201e-01 2.220029670888150689e-03 7.443169992918727274e-02 2.576932594694988574e-02
1.341019634944305317e+01 1.001200418870936693e+00 4.309890664296073259e-01 1.567129366876349834e-03 6.997561708071924069e-02 2.234224928427317597e-02
1.361971757232643299e+01 1.001177701034217105e+00 4.300233504063034617e-01 2.382541531756001817e-03 6.911295729250738207e-02 2.327381701487605398e-02
1.382923879520986965e+01 9.998928504930889583e-01 4.299785719331818967e-01 2.921557761823099370e-03 6.983227262878596853e-02 2.427875337284126148e-02
1.403876001809332053e+01 9.999825024475154089e-01 4.291479668669110903e-01 3.260157146333518725e-03 6.776949167291222709e-02 2.019222644700668923e-02
1.424828124097676252e+01 1.000387764124471834e+00 4.285651537463366356e-01 4.840833048269005227e-03 6.881796862224852374e-02 2.143313823231346102e-02
1.445780246386014234e+01 1.000168725303694384e+00 4.285335923909552869e-01 4.614303263527030213e-03 7.048682566604305699e-02 2.417513478860778761e-02
1.466732368674358788e+01 1.000824760824331028e+00 4.280418238377227680e-01 3.727385479501784792e-03 7.087617276484785289e-02 2.427317542567323030e-02
1.487684490962703165e+01 1.001642622242761016e+00 4.276272255020085455e-01 2.533688176393946844e-03 6.613684068315742182e-02 2.416024999013774086e-02
1.508636613251046121e+01 1.000944696622732222e+00 4.275544597262148083e-01 4.654328786497960620e-03 6.735064349393925232e-02 2.246679970260656578e-02
1.529588735539386235e+01 9.978282163346778866e-01 4.282460092201015867e-01 2.647694255433200548e-03 7.003876520460576571e-02 2.405048521805934481e-02
1.550540857827728658e+01 9.972175471933145685e-01 4.277078780968668892e-01 2.895207163544561042e-03 6.987269935309030344e-02 2.132817361816124677e-02
1.571492980116072147e+01 9.964674171623586485e-01 4.275106599463691648e-01 4.235996053733166039e-03 6.800354998007129836e-02 1.863740382810542481e-02
1.592445102404418300e+01 9.963914499546026038e-01 4.279367867319542329e-01 2.561085668958336045e-03 7.094664619512965065e-02 2.414225772196236519e-02
1.613397224692755572e+01 9.969471919793367887e-01 4.270728617594443111e-01 4.512423207424499233e-03 7.030918094320436074e-02 1.998247798188922120e-02
1.634349346981101903e+01 9.978065542671321619e-01 4.266641303743323177e-01 3.238037418106738501e-03 7.110074048061706953e-02 2.123699981807940576e-02
1.655301469269445036e+01 9.971348544012900161e-01 4.265616437484431311e-01 1.893537106029728008e-03 6.991692237858972148e-02 2.311545976049947729e-02
1.676253591557786748e+01 9.979779785514718560e-01 4.263031407756455726e-01 1.029726322049889699e-03 6.807022168139247043e-02 1.849184941710699942e-02
1.697205713846129171e+01 9.978514831933310569e-01 4.268556412045678705e-01 -1.102758014069417196e-03 6.791438403575009164e-02 2.067818464922634505e-02
1.718157836134470529e+01 9.973634465307998909e-01 4.271818797671488310e-01 3.789201880633841311e-04 6.734635320232632005e-02 2.013184020088860937e-02
1.739109958422812596e+01 9.974196238599920550e-01 4.263592501129211398e-01 9.912490869863654127e-04 6.658458098291378247e-02 2.377018563199146187e-02
1.760062080711160348e+01 9.985924344983261314e-01 4.253290263492434664e-01 3.425732889226729377e-04 6.631399953096087097e-02 2.315280282874025708e-02
1.781014202999497087e+01 9.992322891876219693e-01 4.245469533287362096e-01 4.146944479927614641e-03 6.857953808351859026e-02 2.557683568597155649e-02
1.801966325287844839e+01 9.972911185317995253e-01 4.251172212264506256e-01 1.963424087863445758e-03 6.866696769145301527e-02 2.394432795554115451e-02
1.822918447576186907e+01 9.979858809537970332e-01 4.246661644073171371e-01 5.661361198674330657e-05 6.922357488146643756e-02 2.281605413430019130e-02
1.843870569864527553e+01 9.988732079966434751e-01 4.229569630000384328e-01 8.635914267947664450e-04 6.684500338185386803e-02 2.074411600891890375e-02
1.864822692152871753e+01 9.964497586101283000e-01 4.234650851192566789e-01 3.393269413023017669e-03 6.667246299358479955e-02 2.104175613359175051e-02
1.885774814441212399e+01 9.958957534400780798e-01 4.239420879872635717e-01 2.310728567310024219e-03 6.631968118049184902e-02 2.129608130575623773e-02
1.906726936729553756e+01 9.974378380995809756e-01 4.224633838109535522e-01 2.691536706031674112e-03 6.543954237976919164e-02 2.034319277470234347e-02
1.927679059017902219e+01 9.985359390601846741e-01 4.231072894418600461e-01 6.685836450015325907e-04 6.540221822871894464e-02 2.079410583340464067e-02
1.948631181306238602e+01 9.994366744088376553e-01 4.230869853400053282e-01 2.575134883251077936e-03 6.390497674257536453e-02 1.719366479169490147e-02
1.969583303594587775e+01 9.993764810569382151e-01 4.238428607625420730e-01 9.877108089525676263e-04 6.485155662183179903e-02 2.099180611555000187e-02
1.990535425882928777e+01 9.998059734652955388e-01 4.238857607238022962e-01 2.531388204487544820e-03 6.582665643292483215e-02 1.898703933787607850e-02
2.011487548171268713e+01 9.989679353218586799e-01 4.251759050944369789e-01 1.216620348293441251e-03 6.465155380047497846e-02 1.769932354786675488e-02
2.032439670459613978e+01 9.995489853596275509e-01 4.259526185218695526e-01 7.029110246699232963e-04 6.601826815411294958e-02 1.707039142793105591e-02
2.053391792747953914e+01 9.983689496385620421e-01 4.267225122404414428e-01 -5.262096633030266838e-04 6.903184775895518377e-02 2.022021879050833401e-02
2.074343915036294561e+01 9.983957771073843634e-01 4.260851969773863934e-01 -4.882702256801385436e-04 6.852222392715699717e-02 1.756078330980443553e-02
2.095296037324644445e+01 9.984852642334320905e-01 4.261016499711148819e-01 1.693039819186248482e-04 6.817991232580870864e-02 2.005887820180651815e-02
2.116248159612980118e+01 9.985678299000769753e-01 4.267826310345212426e-01 -5.335406830275335032e-04 6.624649815442612555e-02 2.154214649030708473e-02
2.137200281901330001e+01 9.997211700020169900e-01 4.262834142731661280e-01 8.296007583989128964e-04 6.601321056822714861e-02 1.731001026670814583e-02
2.158152404189670648e+01 9.988668146866680475e-01 4.267030863542672359e-01 4.014237876878568164e-04 6.820462465069236646e-02 1.905301188158016121e-02
2.179104526478009518e+01 9.981495116345566743e-01 4.263212578629375638e-01 -7.537217491737524424e-05 6.440852761671841953e-02 2.015815316426017648e-02
2.200056648766356560e+01 9.981032485156822176e-01 4.262411314463794842e-01 2.332872046481945186e-03 6.264014514140459067e-02 1.824887500008555777e-02
2.221008771054696140e+01 9.991288113291281192e-01 4.252934279467794898e-01 1.037165243802096182e-03 6.392404069568403957e-02 2.066049317819277156e-02
2.241960893343035721e+01 9.992849480480999746e-01 4.259927883866597154e-01 4.562140695926775202e-04 6.501725764466897983e-02 1.929902777540098632e-02
2.262913015631386671e+01 9.981207761275467938e-01 4.260506521183089479e-01 1.170244699996557652e-03 6.714351617201354261e-02 1.716530879697557646e-02
2.283865137919721633e+01 9.997522889251686529e-01 4.245928181705668214e-01 9.842338881544132351e-04 6.565158713935247137e-02 1.779493318617647937e-02
2.304817260208072582e+01 9.994870856503026424e-01 4.251449763962591999e-01 1.534206213826078136e-03 6.709719810544086116e-02 1.937637971523386432e-02
2.325769382496412518e+01 1.000241504886894894e+00 4.248642032642275801e-01 1.851859634721686422e-03 7.116670574315388242e-02 1.750215181891412453e-02
2.346721504784751033e+01 1.000357412182105721e+00 4.252665494712574157e-01 1.972773553614219719e-03 6.866873918249469244e-02 1.814912442188362438e-02
2.367673627073098785e+01 9.991321364100976821e-01 4.257518581793048873e-01 1.862058328991146377e-03 6.660240982052367809e-02 1.722063809889990554e-02
2.388625749361437656e+01 1.000132112360353709e+00 4.257622168088149306e-01 1.229493625598113800e-03 6.587528205159470795e-02 2.330583715744044201e-02
2.409577871649776526e+01 1.000333390983298987e+00 4.260278630180666104e-01 8.874771232189538261e-04 7.013860071949790109e-02 1.980317626097431033e-02
2.430529993938128541e+01 1.001958375938018619e+00 4.252741248290376475e-01 -1.768941764099082404e-03 6.741700710743836478e-02 2.153511106498875310e-02
2.451482116226463503e+01 1.001256183850397941e+00 4.252197397443633342e-01 -8.052529094262761552e-04 6.605985009928161400e-02 2.222482101702157042e-02
2.472434238514815164e+01 1.001607385896174041e+00 4.247835111322138535e-01 3.146244556288675578e-03 6.545452228228576530e-02 2.083314534498763651e-02
2.493386360803154034e+01 1.002337297760682588e+00 4.246542028731012386e-01 3.631534312652260482e-03 6.515245766555692597e-02 2.444858363989953556e-02
2.514338483091492193e+01 1.000015578374003233e+00 4.257881068815749792e-01 1.194777332456336064e-03 6.202413594153190907e-02 2.811924856900746214e-02
2.535290605379841011e+01 1.000835450216655653e+00 4.257355799535514351e-01 3.092449064499725050e-04 5.885957275414227530e-02 2.208894763131553571e-02
2.556242727668179526e+01 1.000129722563989132e+00 4.254274623411009593e-01 1.254832337446817230e-03 6.079066474601560466e-02 2.164611088131490266e-02
2.577194849956518041e+01 9.990966285589768514e-01 4.264376642126190831e-01 3.740497421433371886e-03 6.080074485182131866e-02 1.884468925454279090e-02
2.598146972244870057e+01 9.987561035202974224e-01 4.267503572349033991e-01 2.562969825884021773e-03 6.361843530297521532e-02 2.275257203450902627e-02
2.619099094533205374e+01 9.992140330029997131e-01 4.267160634300229405e-01 1.886333710983677551e-03 6.400243781319654712e-02 2.150142887002072511e-02
2.640051216821557034e+01 9.986324560456640853e-01 4.272378858769791954e-01 1.808576226904244849e-03 6.479659395351097806e-02 2.077454057262350870e-02
2.661003339109895904e+01 9.981334207009723292e-01 4.264825200214588108e-01 2.976856001647387685e-04 6.622271311423602591e-02 1.931032552698688440e-02
2.681955461398234064e+01 9.982823101985636161e-01 4.259844391560231869e-01 2.125688335534491394e-03 6.790313816543917802e-02 2.332750508822204263e-02
2.702907583686583237e+01 9.989842984755440414e-01 4.261483065521179947e-01 1.423831905241644850e-03 6.503750445727496388e-02 2.233824074456475933e-02
2.723859705974921397e+01 9.999496719822883462e-01 4.258417044880768443e-01 9.196621679051908546e-04 6.578469845048873221e-02 2.088640331682115395e-02
2.744811828263259201e+01 1.000548247837676596e+00 4.253666632938799541e-01 2.415694954482479079e-03 6.791677811947899324e-02 1.898563548114674815e-02
2.765763950551611927e+01 1.000266188600469119e+00 4.258824129896733313e-01 1.824722999719727767e-03 6.662322492400032936e-02 1.981630993349668690e-02
2.786716072839946889e+01 9.999180625082237928e-01 4.254125647385313957e-01 4.142823292005576308e-03 6.593542430662363563e-02 1.855822975269328864e-02
2.807668195128299615e+01 9.997923080135709961e-01 4.241025039832155286e-01 7.394556120833647821e-03 6.515007568786790326e-02 2.324860602003922874e-02
2.828620317416636709e+01 9.999042380268635677e-01 4.249118003486477280e-01 4.053424500508831345e-03 6.636559115052352575e-02 2.080120151883035895e-02
2.849572439704975579e+01 1.000566270148811165e+00 4.244581454839149171e-01 2.772401546799232487e-03 6.659372537238164580e-02 1.843320806785646304e-02
2.870524561993325108e+01 9.988493290414413028e-01 4.247632680877942435e-01 4.279367615047490435e-03 6.437600080473211694e-02 1.838682014109065121e-02
2.891476684281664333e+01 9.970060539261247357e-01 4.252614727348254520e-01 2.518803618701766049e-03 6.483772049010209926e-02 1.810396839914471187e-02
2.912428806570000361e+01 9.970489342725000759e-01 4.254973807982557199e-01 4.004792953673254156e-03 6.401080300176566207e-02 2.167054937610115445e-02
2.933380928858353798e+01 9.969516638594769775e-01 4.253876461895293448e-01 3.144238132314468564e-03 6.480134027129220986e-02 1.999931588332642257e-02
2.954333051146690536e+01 9.975349187850540700e-01 4.250453251144210021e-01 5.089279592007631657e-03 6.357238400308169723e-02 1.685865008223543654e-02
2.975285173435039709e+01 9.962849802821880374e-01 4.256503072123278830e-01 5.836344805553673500e-03 6.231655591104751091e-02 1.870803093988909413e-02
2.996237295723379646e+01 9.967757164622850219e-01 4.263997647578384176e-01 5.110465707265132544e-03 6.236064889803556027e-02 2.241329719585830396e-02
3.017189418011719226e+01 9.980356688300632273e-01 4.263106346393731871e-01 1.526485966742052627e-04 6.563426022275378746e-02 1.921527070061665107e-02
3.038141540300064491e+01 9.992767931069719278e-01 4.265700829447349185e-01 1.063682271049936007e-03 6.818314181578938316e-02 2.008946296781490698e-02
3.059093662588404783e+01 9.995792205035426425e-01 4.271665236015482758e-01 2.516999389951123274e-03 6.829987425116390565e-02 2.446278056560420577e-02
3.080045784876745074e+01 9.983618678612038444e-01 4.276850773566312491e-01 8.696913286681873028e-04 6.945653658659071972e-02 2.695082093225674436e-02
3.100997907165091760e+01 9.994130565953810441e-01 4.266381162788752679e-01 1.231059005314509743e-03 7.147458949793449035e-02 2.442457085298307962e-02
3.121950029453430631e+01 9.992622205120640366e-01 4.266559883473066139e-01 1.798685510904010024e-03 7.190174215345032649e-02 2.351499474645969354e-02
3.142902151741783712e+01 9.995229281660802378e-01 4.261274403263227706e-01 4.856584808393669440e-03 7.480512968742282498e-02 2.292598988247902467e-02
3.163854274030117253e+01 9.996031598704574472e-01 4.263834898989228850e-01 5.597867360428760049e-03 7.542848955616870965e-02 2.169770736844381376e-02
3.184806396318458610e+01 9.995480549262554248e-01 4.264905122741193821e-01 2.931851795582546098e-03 7.428658248740425962e-02 2.281632740512281807e-02
3.205758518606808849e+01 9.989219316602897525e-01 4.265753285041989362e-01 2.545021980278073734e-03 7.384918572992904551e-02 2.384760622190238918e-02
3.226710640895150561e+01 9.988690591292372911e-01 4.259053253635404213e-01 1.514485637249384214e-03 7.079241717620389507e-02 2.429073081918418572e-02
3.247662763183483747e+01 9.990627270872334265e-01 4.259755043601233249e-01 1.661630482375723228e-03 7.087296806251325298e-02 2.514072117080107943e-02
3.268614885471837539e+01 1.000534160715562226e+00 4.252183869049351861e-01 2.128485248174520703e-03 6.724665253341038929e-02 2.538114403352370249e-02
3.289567007760176409e+01 9.996793996448530839e-01 4.258536687125131781e-01 4.688145317502100465e-03 6.408134944416531142e-02 2.424624246540869887e-02
3.310519130048520964e+01 1.001337813425442258e+00 4.251221658297519301e-01 2.462142923835186799e-03 6.226300422940558854e-02 2.406368593852183102e-02
3.331471252336862676e+01 1.001860368939955670e+00 4.240485164742230362e-01 1.440253726874569712e-03 6.749854362563487142e-02 2.187592026303131557e-02
3.352423374625205099e+01 1.001858439958600133e+00 4.241635017009582898e-01 9.243320865590198658e-04 7.188585420210830135e-02 2.695121448655305590e-02
3.373375496913546101e+01 1.000349080338561292e+00 4.242338588313717684e-01 -1.109082635594853608e-03 6.934828332608131141e-02 2.104401732147780438e-02
3.394327619201888524e+01 1.000203455138663822e+00 4.242639896341788286e-01 1.288035208273019473e-04 6.824819113381230817e-02 2.264638897363942249e-02
3.415279741490230236e+01 9.992265416242619436e-01 4.243984028225150640e-01 9.897874041752963148e-04 7.299476674593857739e-02 2.397474344156738657e-02
3.436231863778572659e+01 9.991540551921370694e-01 4.246838457622755247e-01 2.932316598137706381e-03 7.108812346770969348e-02 2.467392099344399917e-02
3.457183986066913661e+01 1.000007899162486114e+00 4.240593955151198968e-01 5.421563727505946881e-03 6.801682662893555886e-02 2.462831349997969196e-02
3.478136108355267453e+01 9.997017188409685895e-01 4.238112270903471868e-01 3.528890324495916921e-03 6.793446113470778813e-02 2.240852456755649744e-02
3.499088230643598507e+01 9.990966480505176772e-01 4.237223856116709153e-01 1.396353056686886439e-03 6.732379906062457842e-02 2.232533314410180963e-02
3.520040352931940930e+01 9.999717225884127147e-01 4.233379480108240278e-01 3.815924190459518434e-04 6.724356569944614503e-02 2.036960783525729179e-02
3.540992475220293301e+01 9.992670752053286476e-01 4.228218878209921705e-01 2.887074232150726918e-03 6.884613156759952779e-02 2.032597412066588019e-02
3.561944597508636434e+01 1.000330282419684469e+00 4.221707962659743685e-01 3.155608075788401013e-03 6.586828672771150028e-02 2.037941586010086695e-02
3.582896719796966778e+01 9.991305771622888132e-01 4.225887643048656384e-01 1.693860124737876002e-03 6.577156941435342852e-02 2.133334922869414146e-02
3.603848842085320570e+01 9.987456978141739938e-01 4.231290171785302978e-01 3.352016851445466412e-03 7.004153304444661610e-02 2.157048282699691386e-02
3.624800964373662282e+01 9.984909442837150984e-01 4.236807922739519450e-01 4.906336594003828620e-03 6.651694561667143013e-02 2.197762187083843535e-02
3.645753086662002573e+01 9.997854164203217042e-01 4.236219935435678319e-01 3.626574004363102358e-03 6.725938483379267918e-02 2.348118832263896075e-02
3.666705208950346417e+01 9.996225242877742057e-01 4.237694488430470696e-01 3.929990686445870157e-03 7.005514558261233260e-02 2.791197927783880400e-02
3.687657331238690972e+01 9.996081662323235140e-01 4.241728851135088130e-01 4.131022481836341478e-03 7.239146771231495803e-02 2.745298861484765651e-02
3.708609453527027711e+01 9.991021279323063498e-01 4.243682384026668530e-01 5.966442319926300482e-03 7.167570579081608551e-02 2.378002504050990770e-02
3.729561575815371555e+01 9.998407890180395219e-01 4.240789458892863517e-01 3.342892841585872691e-03 7.131788901295353644e-02 2.434612078866246754e-02
3.750513698103716109e+01 9.992336499775020808e-01 4.246466172472971312e-01 6.566825130093534345e-04 7.080157719741615729e-02 2.505012861499635035e-02
3.771465820392054979e+01 1.000961843067616375e+00 4.241043988518437557e-01 2.387470650959178098e-03 7.024366558578089281e-02 2.316389018574406544e-02
3.792417942680397402e+01 1.000284702530855663e+00 4.231035592184266836e-01 2.404038071822533866e-03 6.889431954693957250e-02 2.615959236788911388e-02
3.813370064968751905e+01 1.000298078138703861e+00 4.231415336410919714e-01 1.494454181832183303e-03 6.746375969809985385e-02 2.617766539542186466e-02
3.834322187257079406e+01 9.991111610872557280e-01 4.241600441082549744e-01 3.396630031190166644e-03 6.954233102232476593e-02 2.031041978640533291e-02
3.855274309545424671e+01 9.993892141551173891e-01 4.244730214742287733e-01 3.040777741876807966e-03 6.932612445085503672e-02 2.068585497697421338e-02
3.876226431833777752e+01 9.995433773417221612e-01 4.233918750168902956e-01 4.263748297416259520e-03 7.053944611820350818e-02 1.836996428179105828e-02
3.897178554122122307e+01 1.000401608308042922e+00 4.224904468096953303e-01 3.212212278576669425e-03 6.875853650680141538e-02 2.379924459965405623e-02
3.918130676410449809e+01 1.001143705145359108e+00 4.225895934907383245e-01 1.771212597013608345e-03 6.833813598262632183e-02 2.214531306638660435e-02
3.939082798698805021e+01 1.001464942454123985e+00 4.232843773203826543e-01 -1.586643239539022943e-03 6.802619861191361306e-02 2.577103647481037915e-02
3.960034920987148155e+01 1.002422231983773671e+00 4.236437953272120249e-01 -7.967050429577505121e-04 6.624206197435399124e-02 2.094432577793158348e-02
3.980987043275484183e+01 1.002580705818940876e+00 4.232372103763692439e-01 -3.340609290540219839e-04 6.455250987137993446e-02 2.139675738314181230e-02
4.001939165563830159e+01 1.001860298053418807e+00 4.233454131819858191e-01 5.860437187510725613e-05 6.464461029228560363e-02 2.329033327646095469e-02
4.022891287852175424e+01 1.001319839116338928e+00 4.237694695289107583e-01 2.100895933734453665e-03 6.563993490598586666e-02 2.461724235238924724e-02
4.043843410140510031e+01 1.001146739604853897e+00 4.240665594730246846e-01 3.014881965156784860e-03 6.332106127404708851e-02 2.689092837413964085e-02
4.064795532428855296e+01 1.000111694934456175e+00 4.243027530787203960e-01 3.306931603272509138e-03 6.314110776617180842e-02 2.619680018001751057e-02
4.085747654717200561e+01 9.990148117963708607e-01 4.248885841433047705e-01 1.178531047374152801e-03 6.818247842139697756e-02 2.036174512747363288e-02
4.106699777005536589e+01 9.993390060496319949e-01 4.251450559186789602e-01 1.754840077877027876e-03 6.386464284044986173e-02 1.768255120587742049e-02
4.127651899293880433e+01 9.991477571908554678e-01 4.243498477181017470e-01 1.706836060861229888e-03 6.198677413958078586e-02 1.602842356264681106e-02
4.148604021582236356e+01 9.990655820338205650e-01 4.240732654807030655e-01 2.972504103023740959e-03 6.237731854015857169e-02 2.062157008185938264e-02
4.169556143870561016e+01 9.997262859753075492e-01 4.239263240742567884e-01 3.490026382999466149e-03 6.403733041098810808e-02 2.269187333324031858e-02
