0.000000000000000000e+00 9.958934211821725002e-01 1.000000000000000000e+00 5.675914624752975268e-04 -5.673670807424186988e-03 2.150505919985901192e-04
1.487037563746789748e-01 9.635435274147323703e-01 1.062468406541845711e+00 -1.154890904858399923e-02 1.234907517944392602e-02 -3.118112642256707159e-03
2.968150675048346065e-01 9.325012142946043081e-01 1.129102318435196262e+00 -1.838139137978711535e-02 2.796286500829680069e-02 -8.317753196304633568e-04
4.449263786349901273e-01 9.043240897592172978e-01 1.205785941970062058e+00 -2.469107101708465507e-02 4.057324985750225543e-02 -1.519569571301907602e-03
5.930376897651473689e-01 8.801791756315706650e-01 1.286710894875037869e+00 -2.699890176403248188e-02 5.040951641642676256e-02 -4.361498950849046312e-03
7.411490008953012243e-01 8.586766318323943992e-01 1.373934987074204139e+00 -2.886118778076967456e-02 6.010071914881711524e-02 -2.893633152528288666e-03
8.892603120254590765e-01 8.400003086996553625e-01 1.468455702076306713e+00 -3.195275180705028223e-02 6.336727296173068347e-02 -2.751727090775650704e-03
1.037371623155631584e+00 8.218846868444246168e-01 1.566250768653561165e+00 -3.260561106781670326e-02 6.607385276975501209e-02 -6.616606400482476745e-03
1.184890489041288131e+00 8.069594535035535809e-01 1.672090642209430156e+00 -3.305655909240141910e-02 7.048685897471511363e-02 -5.182990280188699665e-03
1.333001800171472295e+00 7.929505167725514614e-01 1.785823599899139635e+00 -3.379738375265697176e-02 7.076335625276829189e-02 -7.423343635544864781e-03
1.481113111301653573e+00 7.802276704171766664e-01 1.903237364016412636e+00 -3.349992424726231516e-02 7.344106772288426510e-02 -3.865299875917306126e-03
1.629224422431836405e+00 7.689387786833745686e-01 2.025287821095173246e+00 -3.310841662051045714e-02 7.250018400527256934e-02 -5.463400454665971739e-03
1.777335733562016351e+00 7.589145963316750176e-01 2.151084015621702594e+00 -3.350732093265040845e-02 7.264552558981529629e-02 -2.884777133097009370e-03
1.925447044692192300e+00 7.491832257152765129e-01 2.284831989752486692e+00 -3.331625594149748709e-02 7.694139690097522022e-02 -1.309170765600988764e-03
2.073558355822324284e+00 7.409433419905833151e-01 2.423521501493158592e+00 -3.498420840592195852e-02 7.551275266737941805e-02 -4.198610178826953435e-03
2.221669666952444722e+00 7.338005794349367061e-01 2.563419088216226438e+00 -3.588436371664258107e-02 7.379177316187472691e-02 -2.906678298241798224e-03
2.369780978082574929e+00 7.265868429645783166e-01 2.709990822516697762e+00 -3.425190615729523103e-02 7.505232845772137618e-02 -3.162520229965074588e-03
2.517892289212702917e+00 7.208904930645173570e-01 2.850478338104613041e+00 -3.471349008543488796e-02 7.866411842326594128e-02 -1.372318212460386065e-03
2.666596045587359853e+00 7.161483560486741062e-01 3.000351969250998785e+00 -3.291645368591536447e-02 8.106509246188035867e-02 -2.076617085497693780e-03
2.814707356717492726e+00 7.114917970519021306e-01 3.155113582547967699e+00 -3.228366485197163571e-02 7.878320018726932272e-02 4.460725545659560850e-04
2.962818667847609166e+00 7.071142037272794001e-01 3.305730244160171694e+00 -3.138081968427931107e-02 7.591442861440907131e-02 1.082901552025180604e-03
3.110929978977746924e+00 7.028384338763649097e-01 3.463310213318124831e+00 -3.081551532496871679e-02 7.526731034697999034e-02 6.378035746282450982e-04
3.259041290107871358e+00 6.996524851031282743e-01 3.626009873287629137e+00 -3.069734352720992002e-02 7.613134223440075343e-02 -2.646911778289617921e-04
3.407152601238008227e+00 6.968492691182915921e-01 3.789450835397976114e+00 -3.128205589205830528e-02 7.469781752297620370e-02 1.494665545776945395e-03
3.555263912368132218e+00 6.936292289768281050e-01 3.959164931960728051e+00 -3.002265701081087770e-02 7.706091418281003913e-02 5.021206804620548638e-04
3.703375223498273083e+00 6.912510449182296401e-01 4.121079289562037395e+00 -3.100263007819594602e-02 8.296669690432471878e-02 4.913265554803869940e-04
3.851486534628445035e+00 6.883581405920886631e-01 4.288274041087062116e+00 -3.248089878456635049e-02 8.170875747166171654e-02 1.287214756692651747e-03
3.999597845758665393e+00 6.862858371515518918e-01 4.454153263608568558e+00 -3.188169078608475704e-02 8.195805239464101777e-02 6.707951877888352265e-04
4.147709156888913284e+00 6.840870518789124999e-01 4.622378730519510981e+00 -3.137936012466475272e-02 8.125009161821485082e-02 3.651898522169275477e-03
4.295228022774611354e+00 6.831192370062817432e-01 4.783904629193478364e+00 -3.046385632951888189e-02 8.115531261733849311e-02 5.368135514006354414e-03
4.443339333904860133e+00 6.810851198184373345e-01 4.958779256344731934e+00 -2.984363071523349689e-02 8.314380380543288929e-02 7.459027662745988316e-03
4.591450645035088485e+00 6.790737044932023680e-01 5.120993539678921458e+00 -3.030521987303723755e-02 8.538185326878679204e-02 3.159722301384054657e-03
4.739561956165313283e+00 6.777797097154701911e-01 5.279246590205501022e+00 -2.937213234271803669e-02 8.717876463480477012e-02 1.981625694731437189e-03
4.887673267295563839e+00 6.771287023157304130e-01 5.435707023053600651e+00 -2.852186950537790797e-02 8.896999404915999221e-02 2.081373196889198165e-03
5.035784578425785085e+00 6.757912798563893153e-01 5.584220630861119972e+00 -2.853098768871900962e-02 8.861713296487767899e-02 2.485642753977378508e-03
5.183895889556032088e+00 6.747331182454232579e-01 5.735510324291561268e+00 -2.557379911464287975e-02 8.632378590251768569e-02 4.520263926694126876e-03
5.332007200686260440e+00 6.741385312843189981e-01 5.877266676900386955e+00 -2.696221338110184329e-02 8.404427887266180397e-02 5.184954931148894400e-03
5.480118511816490567e+00 6.733907601674560262e-01 6.031393075955406857e+00 -2.670693511260281705e-02 8.403680666936803878e-02 6.773479376948237166e-03
5.628229822946728689e+00 6.724236015118176812e-01 6.161051407294381832e+00 -2.613041987020553805e-02 8.460176905900099187e-02 4.440118575060384570e-03
5.776341134076959705e+00 6.714220583573862200e-01 6.308347302242849786e+00 -2.749563389829356996e-02 8.451267887036487125e-02 3.234450965768812403e-03
5.924452445207209372e+00 6.716418450700571974e-01 6.433760608631711619e+00 -2.643978727108518834e-02 8.347588054475858776e-02 3.661833790994947248e-03
6.072563756337443053e+00 6.707139752268244104e-01 6.561323039770820209e+00 -2.517667462515486843e-02 8.314453804832895589e-02 2.181734133698163061e-03
6.220675067467654529e+00 6.707519109968369531e-01 6.688146183284332302e+00 -2.530774185692140701e-02 8.236003338662058193e-02 -6.747452206519844278e-05
6.368786378597909525e+00 6.699862615941148958e-01 6.807869984427182608e+00 -2.611759764353610222e-02 7.942742861304616375e-02 1.216566900114596228e-03
6.516897689728144982e+00 6.688771934703101607e-01 6.931465172853032541e+00 -2.391777988473338390e-02 8.382408382220991883e-02 -1.602680817738200061e-04
6.665009000858367116e+00 6.681685142352989937e-01 7.048169951227000851e+00 -2.505876130008596187e-02 8.225610882393807888e-02 7.327972079956357812e-04
6.813120311988603461e+00 6.683702583603035041e-01 7.170494787531993097e+00 -2.369076466486907950e-02 8.023390714398136170e-02 5.131233093199493063e-03
6.961231623118859346e+00 6.681306256795522813e-01 7.269940035531289091e+00 -2.251455494006062222e-02 8.315955684641040957e-02 6.145985813026551975e-03
7.109342934249065493e+00 6.681232839021444825e-01 7.382862491208067368e+00 -2.427447338853421649e-02 8.503234460756986524e-02 5.956585286101913346e-03
7.257454245379302726e+00 6.683875159076541062e-01 7.480687078744033158e+00 -2.352599248034238991e-02 8.416895480509492544e-02 5.992104471342044221e-03
7.405565556509555059e+00 6.673779022191447252e-01 7.578633438802579114e+00 -2.328304697056112621e-02 8.060580739213397961e-02 7.483694241476975505e-03
7.553676867639794068e+00 6.674155859253281253e-01 7.681881534872167627e+00 -2.270661928086739612e-02 8.025273584917762271e-02 9.277562039369325123e-03
7.701788178769853666e+00 6.666929385081068471e-01 7.775306459277050664e+00 -2.303059477963525711e-02 7.910779478752724692e-02 1.096009166287910050e-02
7.849899489899854643e+00 6.659641738854209514e-01 7.846247585971606320e+00 -2.184108511109624992e-02 8.063123171016969848e-02 7.386512220798288099e-03
7.998010801029880490e+00 6.657952213175625245e-01 7.920549224067893412e+00 -2.129468860765138319e-02 8.060030930731193477e-02 5.326621709242976115e-03
8.146122112159924100e+00 6.659577070152883360e-01 8.010067881270417800e+00 -1.959036018225485815e-02 7.750093013493612737e-02 7.072418415822420354e-03
8.294233423289952611e+00 6.656111783707874263e-01 8.081828187458114598e+00 -2.077754972600283009e-02 7.579546685925209193e-02 8.822584942009985276e-03
8.442344734419949148e+00 6.658686048585581441e-01 8.154908705446953121e+00 -2.078445675340255885e-02 7.910367702339671236e-02 8.261231786692241688e-03
8.590456045549977659e+00 6.659270843023626929e-01 8.233063627220717606e+00 -2.046551500036509000e-02 8.125453982833251432e-02 9.908642198241154886e-03
8.738567356680020382e+00 6.660393187140061233e-01 8.297394937707416318e+00 -2.090646314251278642e-02 8.068320035890322317e-02 9.476708442092186130e-03
8.886678667810050669e+00 6.659324825406413018e-01 8.372069455470416699e+00 -2.029879679662903794e-02 7.980739592776679714e-02 5.870107022884275480e-03
9.034789978940045430e+00 6.661305287646870354e-01 8.431129743175956648e+00 -1.995065198627516204e-02 7.998406448086142762e-02 9.458154508423830681e-03
9.182901290070073941e+00 6.658084922238414194e-01 8.478683278262431955e+00 -1.882212167454272445e-02 8.059947507030829073e-02 5.961578705923345316e-03
9.331012601200116663e+00 6.659870685139428481e-01 8.508426519074694383e+00 -1.909471911165308913e-02 8.197125262117888056e-02 8.975794109352111180e-03
9.479716357574677232e+00 6.652919560159534784e-01 8.560032750527398093e+00 -1.971507039571758491e-02 8.245431349298737445e-02 9.309560209457931612e-03
9.627827668704668440e+00 6.651554280120853813e-01 8.601399066012406891e+00 -2.080251457311026522e-02 8.376986940142197580e-02 8.034566836228589776e-03
9.775938979834698728e+00 6.649093733996433997e-01 8.657354814788392972e+00 -2.183437436702690901e-02 8.504359983213610752e-02 1.017614306447484247e-02
9.924050290964739673e+00 6.645697317312154739e-01 8.699126119060281326e+00 -2.377252064504236859e-02 8.726149974555565125e-02 9.832772833719801570e-03
1.007216160209477529e+01 6.645215461620267439e-01 8.729091403730750542e+00 -2.229180572398477278e-02 8.915139698152890757e-02 1.011858285937988940e-02
1.022027291322476472e+01 6.649102047384236602e-01 8.760658138471747236e+00 -2.169197959111497306e-02 8.809906477889299647e-02 1.051546727919754065e-02
1.036838422435480211e+01 6.650009727670873616e-01 8.803636477559541262e+00 -2.130016603093999594e-02 8.780240297218634693e-02 1.005022614549866931e-02
1.051649553548483951e+01 6.652292924073716085e-01 8.844192861607442779e+00 -2.127661973794422665e-02 8.561238311514536570e-02 1.100649027662480711e-02
1.066460684661486447e+01 6.652834068151737279e-01 8.867253553314142778e+00 -1.986167100616011150e-02 8.585097016780100787e-02 1.158080924413156312e-02
1.081271815774486988e+01 6.656599719990818897e-01 8.895927810777257250e+00 -1.736713644092170716e-02 8.600328411730101541e-02 9.719058815769903922e-03
1.096082946887489307e+01 6.646285591427864015e-01 8.937892920234164151e+00 -1.757041965693122501e-02 8.430758233983429162e-02 8.871333383303861217e-03
1.110894078000492158e+01 6.646798761998391480e-01 8.975178644974187492e+00 -1.864431184830258464e-02 8.095580101094861092e-02 9.961384607346678369e-03
1.125705209113496963e+01 6.651073086473179297e-01 9.008783300405884376e+00 -1.916748656767872788e-02 8.211887487427756149e-02 1.165471286912633624e-02
1.140516340226495728e+01 6.649487761857159063e-01 9.045830341518914963e+00 -1.889228916506037470e-02 7.992295485243815223e-02 9.499778678978136257e-03
1.155327471339500534e+01 6.644680438162059444e-01 9.074614228651876502e+00 -1.870475340599692116e-02 8.100219659653616622e-02 7.515414467020574765e-03
1.170138602452503385e+01 6.651652112523093185e-01 9.104123901102143535e+00 -1.908026143711822470e-02 8.012542451970090795e-02 1.120709092507921924e-02
1.184949733565504992e+01 6.647404756234843726e-01 9.122706082537254346e+00 -1.790863281911284424e-02 8.313416076084979844e-02 1.152438483784979685e-02
1.199760864678507311e+01 6.645467550093916431e-01 9.136656431822453683e+00 -1.918091873534416222e-02 8.262155303637466752e-02 1.194770905945688293e-02
1.214571995791508563e+01 6.643759716192869647e-01 9.159390291706749565e+00 -2.039417262438848744e-02 8.597760106345805897e-02 1.017143865482874644e-02
1.229383126904510704e+01 6.645502011650358254e-01 9.182457708190897350e+00 -2.048663533682395371e-02 8.695499779188724243e-02 7.506922643065941717e-03
1.244194258017516574e+01 6.639820031733627559e-01 9.205223440946317837e+00 -1.881287306207617138e-02 8.836040556844235172e-02 9.462414618324506768e-03
1.259005389130514807e+01 6.639084935966330647e-01 9.233785957652850485e+00 -2.137694950358635243e-02 8.786524721374956715e-02 1.013389416777442723e-02
1.273816520243520678e+01 6.647527702247346681e-01 9.237155394732194935e+00 -2.079658374276852420e-02 8.806615401764851525e-02 1.525324153964179898e-02
1.288627651356522819e+01 6.651114552349657316e-01 9.252294348431398419e+00 -2.174844651286442915e-02 8.845934549297235217e-02 1.218185827723565831e-02
1.303438782469523716e+01 6.644829022713788502e-01 9.268803967413600020e+00 -2.031706825142197068e-02 8.759872242570479473e-02 8.962337387575861070e-03
1.318249913582527277e+01 6.647518780300718522e-01 9.285421770608760283e+00 -1.998339992755022304e-02 8.955509465537718483e-02 1.077753452516467571e-02
1.333061044695527997e+01 6.649619582483106139e-01 9.298679034781224928e+00 -2.152121819505898107e-02 9.064731816051624369e-02 1.211705166837920983e-02
1.347872175808529605e+01 6.641472706277147253e-01 9.314972536606170195e+00 -2.093701814519574253e-02 9.041034578609224992e-02 1.257232294174854235e-02
1.362683306921536008e+01 6.640714136829927172e-01 9.308583348827097481e+00 -2.156902946011005073e-02 9.167365647348443836e-02 1.209972699821065811e-02
1.377494438034533886e+01 6.642086804055509219e-01 9.314601656794518902e+00 -2.108405715463372576e-02 8.831190019224006982e-02 1.215912583522436863e-02
1.392305569147540822e+01 6.648656106910881824e-01 9.328746930105138446e+00 -2.082221193210768984e-02 8.973657181374193603e-02 8.402743408577613426e-03
1.407116700260542075e+01 6.646788703012411759e-01 9.347789906209834854e+00 -2.173890644185020107e-02 9.279066949931898123e-02 1.086978289538658750e-02
1.421927831373542439e+01 6.646379470875825035e-01 9.348035941441507291e+00 -2.132012270791507069e-02 9.306322168809501305e-02 1.222020499191289744e-02
1.436738962486546889e+01 6.637734002663876476e-01 9.380141833391373751e+00 -2.191081760788021401e-02 9.220213765032064801e-02 1.365356200442976488e-02
1.451550093599547431e+01 6.637595698828225865e-01 9.367273369920040338e+00 -2.073833536376500086e-02 9.385379177663553951e-02 1.237810139654538233e-02
1.466361224712548328e+01 6.641315458816435813e-01 9.378952318820752865e+00 -2.148370675165335933e-02 9.366286363003815951e-02 1.158421123204138314e-02
1.481172355825555798e+01 6.642858833987361766e-01 9.370784254531708157e+00 -2.165169170018464012e-02 9.189123413688722597e-02 1.355114658930805030e-02
1.495983486938553320e+01 6.645116510864268466e-01 9.367831286446319794e+00 -2.287241926276101928e-02 9.018497483362468425e-02 1.375555235676863275e-02
1.510794618051560789e+01 6.650537545839856346e-01 9.357347704218714313e+00 -2.261054753674078543e-02 8.823249818013984003e-02 1.442080051722514043e-02
1.525605749164561686e+01 6.645855799304736244e-01 9.359096061418226142e+00 -2.273016832922353583e-02 8.834936868790940756e-02 1.212053462319800760e-02
1.540416880277561340e+01 6.640518050015682405e-01 9.366674698814916766e+00 -2.128390437632965773e-02 8.669391073301628559e-02 1.083205494270708322e-02
1.555228011390566856e+01 6.632756400937028785e-01 9.381900883204210118e+00 -1.994714414889158655e-02 8.749348718608500330e-02 9.017338604291370158e-03
1.570039142503566865e+01 6.633189674502321109e-01 9.384540233336224446e+00 -2.054526516362058935e-02 9.011322071415930890e-02 1.194657848736461678e-02
1.584850273616567229e+01 6.635991239673717512e-01 9.390986284119664518e+00 -2.079278133221386729e-02 8.824932124837057967e-02 1.677782549280261090e-02
1.599661404729575409e+01 6.635904489411299512e-01 9.388876027683288328e+00 -2.047611484760996151e-02 8.914161791137231727e-02 1.628517002602464236e-02
1.614472535842572398e+01 6.642780787377909890e-01 9.390229980710465441e+00 -2.000092738760369387e-02 8.515470695918418709e-02 1.552195446424153163e-02
1.629283666955580756e+01 6.643696927136290009e-01 9.405089819949692398e+00 -2.072749322349931589e-02 8.635931785311287689e-02 1.865404018996430491e-02
1.644094798068580943e+01 6.638731608450268995e-01 9.413226472027881542e+00 -2.116545093719353343e-02 8.673123284752522200e-02 1.601876855498202482e-02
1.658905929181580419e+01 6.643827308650532837e-01 9.421829394792592183e+00 -2.035161182288934556e-02 9.046328485841623190e-02 1.463637029249611858e-02
1.673717060294586645e+01 6.643956839226079492e-01 9.411731294292588146e+00 -1.880916969488056686e-02 8.944813315543286014e-02 1.409932667668948106e-02
1.688528191407586121e+01 6.647916713248689380e-01 9.408595696550326792e+00 -1.721692371752461120e-02 9.206144200821396451e-02 1.465628160313521902e-02
1.703339322520585952e+01 6.647095390884447674e-01 9.405170012925140099e+00 -1.700587153380331978e-02 9.199687892808103284e-02 1.424441306328088318e-02
1.718150453633594665e+01 6.646316834782677319e-01 9.413118319713957405e+00 -1.856974184160052957e-02 9.471756560832600425e-02 1.314444762923032070e-02
1.732961584746591654e+01 6.641477881681275841e-01 9.414342761426636841e+00 -1.639621647471597304e-02 9.397316430208839388e-02 1.367697188781540583e-02
1.747772715859600723e+01 6.643886273983733437e-01 9.433738160092731917e+00 -1.700541988831213644e-02 9.549355896199206162e-02 1.230520948916868917e-02
1.762583846972600199e+01 6.649165410924885444e-01 9.439759186687352255e+00 -1.842673663904327921e-02 9.730242604714228749e-02 1.311730605972132382e-02
1.777394978085599320e+01 6.643831253625812616e-01 9.436437911729390393e+00 -1.922542153615263913e-02 9.538369689268226537e-02 1.580622339201556703e-02
1.792206109198606256e+01 6.641676039590302949e-01 9.424448959608106691e+00 -1.926452017703125796e-02 9.300348566349622703e-02 1.402144725820084897e-02
1.807017240311605732e+01 6.648880774707185415e-01 9.413464988922166654e+00 -1.847279078311565154e-02 8.957067064683853219e-02 1.618941137489279466e-02
1.821828371424604853e+01 6.653974367610135943e-01 9.420140707199209373e+00 -1.805256213368610849e-02 8.924552705563996990e-02 1.699106376668162860e-02
1.836639502537614277e+01 6.655574905009811193e-01 9.417932660848620685e+00 -1.810160117810290931e-02 8.685459191234629062e-02 1.604133688452914763e-02
1.851450633650611266e+01 6.661029557144402258e-01 9.432491884787898684e+00 -1.811171759882280324e-02 8.514402302045022408e-02 1.439370589871231260e-02
1.866261764763619979e+01 6.660733157849622055e-01 9.435600097032661893e+00 -1.887722346479508290e-02 8.682343619310062266e-02 1.421609454872278105e-02
1.881072895876619810e+01 6.656031097408765529e-01 9.425020509655892553e+00 -1.881038067512494361e-02 8.590402818989728573e-02 1.510864028485849053e-02
1.895884026989618931e+01 6.654936956574053486e-01 9.425455991855324456e+00 -1.864219337702109625e-02 8.702528275430544691e-02 1.512013228762410823e-02
1.910695158102625868e+01 6.651870602585577830e-01 9.448083755348813284e+00 -1.817748635795814541e-02 8.535125235636475960e-02 1.362405232037103980e-02
1.925506289215624989e+01 6.654367056759222798e-01 9.438332488978701917e+00 -1.740428506594835639e-02 8.574335856571529968e-02 1.460166961451655337e-02
1.940317420328624110e+01 6.655681464028642136e-01 9.447764132913777146e+00 -1.746703562637133555e-02 8.754319823420309010e-02 1.284519116346113411e-02
1.955128551441633533e+01 6.644243314970492698e-01 9.476574198656964043e+00 -1.687310869334188515e-02 8.654554716206171172e-02 1.367946470330445169e-02
1.969939682554630522e+01 6.641344436110260263e-01 9.498032855583254275e+00 -1.834899518876225918e-02 8.587271473331185845e-02 1.225635058824552440e-02
1.984750813667639946e+01 6.645168896986840545e-01 9.487000873381516541e+00 -1.926846797963399291e-02 8.597661762074133851e-02 1.488361819622877232e-02
1.999561944780638356e+01 6.647689140127668317e-01 9.483307119904003102e+00 -1.789060769508146742e-02 8.789033609014150483e-02 1.800325056637961524e-02
2.014373075893638187e+01 6.641809659019197731e-01 9.479897772913465914e+00 -1.855131235852457497e-02 8.875228699814297073e-02 1.908132257133169501e-02
2.029184207006645124e+01 6.643934065803450695e-01 9.497076355235440914e+00 -1.834605089976169487e-02 8.953482640805882076e-02 1.621103836632947770e-02
2.043995338119645311e+01 6.642581001266522067e-01 9.487370777959068135e+00 -1.917982708888372675e-02 9.031315500182399147e-02 1.737184250269636562e-02
2.058806469232643011e+01 6.642785628122731545e-01 9.477325979246778331e+00 -1.891560512952920187e-02 8.951995476652724326e-02 1.897561728664043726e-02
2.073617600345652789e+01 6.638278301426842054e-01 9.491051388535520772e+00 -1.800394206799011895e-02 8.867695116267322597e-02 1.751931926444914162e-02
2.088428731458651200e+01 6.643217311437428219e-01 9.488954380352682350e+00 -1.968240651596290386e-02 8.894089938314567179e-02 1.393395281938016907e-02
2.103239862571658136e+01 6.641504604645942500e-01 9.484076310535296983e+00 -1.875140049931631886e-02 8.547825577472535630e-02 1.323107266301467959e-02
2.118050993684658323e+01 6.643511789346704388e-01 9.474642232307553869e+00 -1.767309718933430043e-02 8.377520397014891207e-02 1.425162870410825317e-02
2.132862124797658865e+01 6.647064378046166899e-01 9.469882773112935581e+00 -1.864370664754881612e-02 8.514558927506270247e-02 1.141440317688353565e-02
2.147673255910662959e+01 6.647471155184646596e-01 9.464294167312127470e+00 -1.913343396470118182e-02 8.436549845443351570e-02 1.204605954869171144e-02
2.162484387023663501e+01 6.643164637540861506e-01 9.446116676534739298e+00 -1.724236148694449980e-02 8.282768156148712091e-02 1.312593284131112308e-02
2.177295518136664398e+01 6.640977163095764801e-01 9.457306463574017386e+00 -1.861410261553844009e-02 8.496584608168004926e-02 1.219393155735328145e-02
2.192106649249669559e+01 6.641411712882119289e-01 9.451182962075405314e+00 -2.007324618812979938e-02 8.655141209558248061e-02 1.367185908045301032e-02
2.206917780362669390e+01 6.642211456404217840e-01 9.452824572601500108e+00 -2.181381522923003108e-02 8.634829601216698070e-02 1.111295149763531255e-02
2.221728911475679169e+01 6.640162053507485673e-01 9.438945518679874525e+00 -2.032201842615796727e-02 8.716591836360468304e-02 1.183755492729132199e-02
2.236540042588675092e+01 6.646390582703503025e-01 9.434735819345796415e+00 -2.180122083458801638e-02 9.034578571539743364e-02 1.293428672937770203e-02
2.251351173701676345e+01 6.648282414200376023e-01 9.427673509611892655e+00 -2.087617609650100139e-02 8.913258475394617020e-02 1.189494041832929797e-02
2.266162304814684347e+01 6.643503911945389806e-01 9.438630722944072460e+00 -2.069567669376089214e-02 8.860703563798182081e-02 1.045833723647526976e-02
2.280973435927685955e+01 6.641204799738458231e-01 9.434156765815277623e+00 -2.098789579257154259e-02 8.921142615593945224e-02 1.191536579440101613e-02
2.295784567040681523e+01 6.642635664380437399e-01 9.428639600392598297e+00 -1.908497083394791044e-02 8.904640528536507393e-02 1.279377589222227898e-02
2.310595698153691657e+01 6.639544218533882658e-01 9.428027268385823945e+00 -1.807113834416923526e-02 8.747761303467745109e-02 1.512155539328812262e-02
2.325406829266691489e+01 6.642168687408110950e-01 9.427731492598562468e+00 -1.860661616077386241e-02 8.727701096315158835e-02 1.712852131783681314e-02
2.340217960379694873e+01 6.646267565721981629e-01 9.434225259770949279e+00 -1.867591489511580272e-02 8.672146670485815501e-02 1.446070028233600348e-02
2.355029091492697191e+01 6.642335345726323448e-01 9.438944921264543098e+00 -1.934324710748657264e-02 8.591055220188767438e-02 1.416863968069201514e-02
2.369840222605699154e+01 6.640186942039399964e-01 9.439482005311061741e+00 -1.875753964188127051e-02 8.680272549903983448e-02 1.554464864595746579e-02
2.384651353718700406e+01 6.637468745705297213e-01 9.444256025241619668e+00 -1.913893230771551018e-02 8.446589688937697349e-02 1.517173820455331411e-02
2.399462484831702369e+01 6.642193377942525734e-01 9.447047476328480187e+00 -1.750448456654406584e-02 8.483635020819142725e-02 1.440172307941430321e-02
2.414273615944704332e+01 6.638996709196898216e-01 9.447026892613097360e+00 -1.618122388264758502e-02 8.331681626926398798e-02 1.296910145023809011e-02
2.429084747057706650e+01 6.647027627784798387e-01 9.447694971849752932e+00 -1.693561669477998757e-02 8.500753279762068848e-02 1.685158811115011063e-02
2.443895878170707547e+01 6.644984353020242374e-01 9.451099387920127270e+00 -1.830865831776359171e-02 8.536168905510564675e-02 1.102976456069258357e-02
2.458707009283718037e+01 6.646157700483701358e-01 9.449764835869574497e+00 -1.905097033531398878e-02 8.444481033503171974e-02 1.028533840750637911e-02
2.473518140396712184e+01 6.650113663078889292e-01 9.452579012924445578e+00 -1.912830951253025741e-02 8.664605513930365155e-02 1.067573948881130226e-02
2.488329271509714502e+01 6.650956479395119247e-01 9.444542061876695982e+00 -1.997054373165308219e-02 8.824678917128365996e-02 1.135878986421793441e-02
2.503140402622723570e+01 6.640341900084851812e-01 9.442469365393421299e+00 -1.922910378655429478e-02 8.692905695882621742e-02 1.178629882298852863e-02
2.517951533735726599e+01 6.645316918462776945e-01 9.451142023263495062e+00 -2.026726410648719418e-02 8.726640681735980953e-02 1.365873052229691319e-02
2.532762664848719680e+01 6.650490663130860236e-01 9.444614886791217856e+00 -2.116313535175232477e-02 8.740880956879308605e-02 1.311030566942182618e-02
2.547573795961730170e+01 6.652510624409531115e-01 9.442882952929357643e+00 -2.092143380602259559e-02 8.716233887808112757e-02 1.221663122990382551e-02
2.562384927074732133e+01 6.649479418765763539e-01 9.444557481325700721e+00 -1.932153247563354881e-02 8.855381480639445968e-02 1.369162504391884493e-02
2.577196058187732675e+01 6.648894225671092562e-01 9.458476998418957393e+00 -2.003518861057750414e-02 8.957991720100060007e-02 9.962411978793196676e-03
2.592007189300735703e+01 6.650802414822905018e-01 9.479608986022508788e+00 -1.954084711049930770e-02 8.852491683115508436e-02 9.656867474427463863e-03
2.606818320413739087e+01 6.650329570961104331e-01 9.475909834229108597e+00 -2.029542116233400487e-02 9.031749304312615412e-02 1.424890399593428149e-02
2.621629451526737498e+01 6.651520313519386773e-01 9.461578434620516731e+00 -1.671843288555571738e-02 9.060488534041087616e-02 1.303927673000328941e-02
2.636440582639741237e+01 6.650957449075595163e-01 9.476669049239941245e+00 -1.820953425581812654e-02 9.024445378096503101e-02 1.347302560134035904e-02
2.651251713752744621e+01 6.646214811680243306e-01 9.488699136036602866e+00 -1.883969980479411818e-02 9.219616038169869965e-02 1.427324982178519719e-02
2.666062844865744097e+01 6.645066404778438018e-01 9.478948938463899410e+00 -1.843699778551722082e-02 9.163112223779218413e-02 1.507424539899681649e-02
2.680873975978746415e+01 6.643753891503814124e-01 9.482996391437170658e+00 -1.838036162430832857e-02 9.284717002099367178e-02 1.628665924864955428e-02
2.695685107091757260e+01 6.638817078466201504e-01 9.478969612655800958e+00 -2.018554077564248261e-02 9.120583338960588926e-02 1.789175376536308176e-02
2.710496238204749275e+01 6.641302159789960191e-01 9.474496171345331064e+00 -1.936911864315954759e-02 9.173567653825726032e-02 1.417044618856992677e-02
2.725307369317753015e+01 6.646094964107061021e-01 9.461195625557369482e+00 -1.933273484260399425e-02 8.984598383764565155e-02 1.366771820825300743e-02
2.740118500430762793e+01 6.644752451414021044e-01 9.474919164462374255e+00 -1.938220256132365885e-02 8.797239079428159636e-02 1.396708564394166796e-02
2.754929631543766533e+01 6.643933905480003954e-01 9.483139099787916138e+00 -1.791961515315884310e-02 8.614175928631256918e-02 1.657986534322387559e-02
2.769740762656758548e+01 6.641687688967400360e-01 9.483415259852545631e+00 -1.735354430871838619e-02 8.750995642448143597e-02 1.501081848412372070e-02
2.784551893769769393e+01 6.647848066371083720e-01 9.487633795949742321e+00 -1.874836375416912698e-02 8.730536137892493109e-02 1.437634919477120445e-02
2.799363024882772066e+01 6.646348523349937532e-01 9.486023738497680213e+00 -1.896046395963536801e-02 8.877781501471224135e-02 1.114529500161505135e-02
2.814174155995770121e+01 6.644980417009274110e-01 9.482241605721515754e+00 -2.014253304024708757e-02 8.847977932056766415e-02 7.168091375791262390e-03
2.828985287108774571e+01 6.643213213648970772e-01 9.488020805714251438e+00 -1.974903313914009098e-02 8.881480372335566476e-02 7.300308054608732611e-03
2.843796418221778666e+01 6.640346036796112017e-01 9.487280006108955277e+00 -2.141169622952319648e-02 8.837181198186895570e-02 8.587205324773153348e-03
2.858607549334775300e+01 6.641666194549217250e-01 9.468604449302915782e+00 -2.154157478585280727e-02 8.963862820465022530e-02 1.029583984863875409e-02
2.873418680447779749e+01 6.637850064113757220e-01 9.466009477721042842e+00 -2.019192948732194057e-02 8.776145761274327384e-02 9.943548812958342975e-03
2.888229811560784199e+01 6.633303172210783805e-01 9.456949179656971793e+00 -1.979790538589722843e-02 8.961918133336459202e-02 1.368230656756095828e-02
2.903040942673781544e+01 6.638381119377256834e-01 9.447800037337739099e+00 -1.980810885140867061e-02 9.174479674022759101e-02 1.262251401801078692e-02
2.917852073786784928e+01 6.633190098558664483e-01 9.445656390490402288e+00 -1.857079956028177478e-02 9.472848798583836938e-02 1.288367284584099152e-02
2.932663204899796483e+01 6.639788872190613978e-01 9.455072234671257903e+00 -1.888928230373168940e-02 9.477064002699707446e-02 1.397710629343895498e-02
2.947474336012786367e+01 6.643847261565849482e-01 9.428929559675594874e+00 -1.951869794704478092e-02 9.343366078724127388e-02 1.458900669314351986e-02
