-3.415237150244296771e+01 1.519639435475335754e+00 1.011663422597924855e-01 1.000000000000000000e+00 2.956560605113067839e-04 1.677692488833371022e-04 6.850184662564229223e-04
-3.392468902575606648e+01 1.642687594486416769e+00 1.463539168544525926e-01 6.591856631093250263e-01 2.981939313957307058e-03 3.682734659312503905e-02 1.720127885637982162e-02
-3.369700654906917947e+01 1.680475767248990948e+00 1.613988191348331158e-01 4.786033790516096009e-01 4.652933442976914420e-03 7.163115387740651152e-02 2.061710055493817112e-02
-3.346932407238229246e+01 1.677969886005572731e+00 1.603852244829949703e-01 3.646971732181063519e-01 3.884715859979536324e-03 1.016765658815073914e-01 2.692330952096489913e-02
-3.324164159569539834e+01 1.657924963795464057e+00 1.523581651659230429e-01 2.863276386812970142e-01 4.642962099090450732e-03 1.245185643290794009e-01 2.895267098731154828e-02
-3.301395911900851132e+01 1.634435593321176494e+00 1.431380514298489781e-01 2.295482227675153253e-01 3.669616127666774832e-03 1.419697008452287523e-01 2.840765965321417549e-02
-3.278627664232162431e+01 1.612661430935101947e+00 1.347755540503889349e-01 1.873721649494410335e-01 4.430849160230635776e-03 1.478113941866839309e-01 3.327560675944406243e-02
-3.255859416563473729e+01 1.593490397095585376e+00 1.275635685355805959e-01 1.558128090915691932e-01 3.639894737242372908e-03 1.472776166078209048e-01 3.824945542357445494e-02
-3.233091168894784317e+01 1.578614583075816480e+00 1.220669668459485879e-01 1.318673061865821561e-01 3.063620462503046250e-03 1.384199198464715896e-01 4.297876730616050078e-02
-3.210322921226096327e+01 1.566358865060060390e+00 1.176051334253409020e-01 1.135493233375119565e-01 5.194072505109375432e-03 1.264707134948667433e-01 4.548783387273619416e-02
-3.187554673557406915e+01 1.555021405916149124e+00 1.135320945172249574e-01 9.989880808084949937e-02 1.702253203100645386e-03 1.105515175308860731e-01 4.761823930607417266e-02
-3.164786425888718568e+01 1.547391835018765871e+00 1.108210084803373796e-01 8.919479993023035624e-02 4.662142475145391977e-03 9.187045863332649054e-02 5.135967128830204453e-02
-3.142018178220029156e+01 1.542355406893567205e+00 1.090446739430953604e-01 8.094267288347760381e-02 5.528262683245519123e-03 7.473613233383381849e-02 5.517848365309330205e-02
-3.119249930551340455e+01 1.536179498902386698e+00 1.068810097400772485e-01 7.470094258970401413e-02 3.967959122692866353e-03 5.984976813533578188e-02 5.536173719907152430e-02
-3.096481682882652109e+01 1.531997074346888699e+00 1.054249127255549867e-01 7.001227382471068850e-02 2.828716640073078957e-03 4.921559049357639853e-02 5.992691648497059514e-02
-3.073713435213963052e+01 1.531968225282683616e+00 1.054148948564743171e-01 6.626768334319869946e-02 4.592789499435945624e-03 4.325417368388201345e-02 6.269451202292215808e-02
-3.050945187545274351e+01 1.527649027730561881e+00 1.039190572635270149e-01 6.353713970206337214e-02 3.209674218560081092e-03 3.715085070316710703e-02 6.188995539787837952e-02
-3.028176939876586005e+01 1.525858710014561748e+00 1.033013698959091564e-01 6.150790095852266132e-02 4.997850572364523694e-03 3.214803110507785666e-02 6.326424124771570789e-02
-3.005408692207895882e+01 1.524003594320763488e+00 1.026627785808988946e-01 5.999705881201773672e-02 5.427272664544298408e-03 3.054247331379988592e-02 6.397971406505127689e-02
-2.982640444539206825e+01 1.524783285815345835e+00 1.029309935162897038e-01 5.873334247723031171e-02 4.003795548306581659e-03 2.984062853984523200e-02 6.603883811071592502e-02
-2.959872196870519190e+01 1.522939758442311442e+00 1.022972398471680977e-01 5.784627080449449010e-02 2.924069738190746438e-03 2.831822608317423676e-02 6.746743603154040092e-02
-2.937103949201829778e+01 1.523206161768890565e+00 1.023887314431628504e-01 5.709963047480084292e-02 2.673129047301805485e-03 2.824634726524353351e-02 7.039006579788270601e-02
-2.914335701533140366e+01 1.519674544849450415e+00 1.011783481478287228e-01 5.661106309629012484e-02 5.707617459260484576e-03 2.766432851487898859e-02 6.780160645366689609e-02
-2.891567453864453086e+01 1.522114664887515456e+00 1.020140699891490255e-01 5.604831615458702454e-02 5.140871792910745725e-03 2.803023376609004372e-02 7.003402287469139009e-02
-2.868799206195763318e+01 1.519865978115253258e+00 1.012438194370698930e-01 5.587676410196144861e-02 4.466336652899645376e-03 2.839070928572452399e-02 7.071754682449357676e-02
-2.846030958527076038e+01 1.521014974199933700e+00 1.016371160008686658e-01 5.560963287312152559e-02 3.007027693599416841e-03 2.752872250786220221e-02 7.360418819932448842e-02
-2.823262710858384494e+01 1.521558462361054076e+00 1.018233485832936713e-01 5.535639659726252632e-02 2.673570912622172824e-03 2.720186788717763107e-02 7.168796456100286207e-02
-2.800494463188721639e+01 1.522744467011767577e+00 1.022301898338922599e-01 5.514373445722312028e-02 3.970458879201769174e-03 2.654767060394179826e-02 6.956173486834274500e-02
-2.777726215519046704e+01 1.522732064278564446e+00 1.022259321204098126e-01 5.501315233165999380e-02 4.344722066389508988e-03 2.655300536714360476e-02 6.873446898259441551e-02
-2.754957967849369993e+01 1.520337662869495121e+00 1.014052060575500458e-01 5.508869321789786749e-02 3.174474910317974692e-03 2.550306841061446977e-02 6.999239104775813181e-02
-2.732189720179694703e+01 1.521265387175042116e+00 1.017229070832329496e-01 5.500619130872844154e-02 5.758706610402205932e-03 2.755443377453786064e-02 7.230372800231843478e-02
-2.709421472510022255e+01 1.520624796849258109e+00 1.015034958904879603e-01 5.492287458302366060e-02 7.015948425015842115e-03 2.719589420927197992e-02 7.202528808384801862e-02
-2.686653224840346610e+01 1.522865756667213022e+00 1.022718306527488075e-01 5.481263269300565982e-02 5.194098463252104503e-03 2.786280532111636010e-02 7.399253118459357681e-02
-2.663884977170669899e+01 1.523159445880472918e+00 1.023726854705977463e-01 5.472116302893047235e-02 4.673836820735491511e-03 3.000916456141658473e-02 7.404963137349387936e-02
-2.641116729500994609e+01 1.521046580626509215e+00 1.016479428172969435e-01 5.470293689742466298e-02 3.201811284109712472e-03 2.957466289389378347e-02 7.288225656018161580e-02
-2.618348481831322161e+01 1.519977862831500159e+00 1.012820920060147900e-01 5.472223941566157351e-02 3.810036446934815697e-03 2.850189390107977366e-02 7.427440396343427953e-02
-2.595580234161646160e+01 1.521652529435074230e+00 1.018555947225815994e-01 5.459705067441252002e-02 3.927775792398831983e-03 2.768139980960520816e-02 7.038166282434468735e-02
-2.572811986491969805e+01 1.520669788850249393e+00 1.015189004906361103e-01 5.461097767068743419e-02 3.507760639626639372e-03 2.742068944740394185e-02 7.113249077927426278e-02
-2.550043738822294870e+01 1.521955749462950092e+00 1.019595643863542289e-01 5.458701426675680729e-02 5.828376930860643471e-03 2.605241068508162144e-02 7.092454145534130006e-02
-2.527275491152621001e+01 1.520907748492659195e+00 1.016003889334965438e-01 5.467451309423428107e-02 5.248685245901532105e-03 2.427892717570445322e-02 7.253842533532861570e-02
-2.504507243482946421e+01 1.521409141313475821e+00 1.017721692625729868e-01 5.471810462177264384e-02 4.098165361870678355e-03 2.574752899782531412e-02 6.988705662740898883e-02
-2.481738995813270776e+01 1.521319079769793081e+00 1.017413056078669831e-01 5.472151051544772021e-02 4.010895266501802829e-03 2.589475359764012441e-02 7.137086791348058734e-02
-2.458970748143593710e+01 1.522172043524114171e+00 1.020337526778286596e-01 5.468936998309499586e-02 3.228932299867481870e-03 2.752423529720459880e-02 7.143334040936062668e-02
-2.436202500473921972e+01 1.521980123324192524e+00 1.019679235467214617e-01 5.472388204892533053e-02 5.280549249541076871e-03 2.786284349820637718e-02 7.235734395713017131e-02
-2.413434252804244196e+01 1.520056568547043740e+00 1.013090182319915655e-01 5.472047213491005452e-02 2.590443818350558324e-03 3.000219331012242072e-02 7.344804857892520134e-02
-2.390666005134569616e+01 1.522831333953881705e+00 1.022600121001784879e-01 5.467453809845313623e-02 4.386269016495926952e-03 2.969227384009542545e-02 7.502249847828540430e-02
-2.367897757464895747e+01 1.520011323703885253e+00 1.012935390682622172e-01 5.479504750611018105e-02 4.041072965185430431e-03 2.932326765366105245e-02 7.290689170256582641e-02
-2.345129509795219747e+01 1.522103698726814613e+00 1.020103084106371294e-01 5.469455832972840159e-02 3.888137725355442654e-03 2.961866688816653173e-02 6.897740503131694068e-02
-2.322361262125546233e+01 1.522193204394227228e+00 1.020410118847770442e-01 5.473269003015897305e-02 4.038475066883687528e-03 3.243156477787030589e-02 7.215292438894232996e-02
-2.299593014455872364e+01 1.522801204311106105e+00 1.022496679321100443e-01 5.474403416045715148e-02 4.868308068567476360e-03 3.104022207230273597e-02 7.045419469816394109e-02
-2.276824766786193166e+01 1.522559377543779124e+00 1.021666576735906773e-01 5.465942452103025179e-02 3.754190763698932350e-03 3.009227660624127013e-02 6.909487643478956498e-02
-2.254056519116522139e+01 1.520142880235524796e+00 1.013385496401269514e-01 5.474838041698754099e-02 4.195788648074941576e-03 2.816367228949988311e-02 7.120101892666182153e-02
-2.231288271446842941e+01 1.519475720295147214e+00 1.011103657942992728e-01 5.478483935162098417e-02 3.110133219721760052e-03 2.636551413038802291e-02 6.939824505864802817e-02
-2.208520023777169428e+01 1.519666430172933902e+00 1.011755732318611045e-01 5.475110883126720063e-02 4.264432579128733108e-03 2.613505786253169164e-02 7.012321616289679538e-02
-2.185751776107496269e+01 1.519763483484505739e+00 1.012087637044388755e-01 5.472126197945199888e-02 4.748545469332867558e-03 2.780394699022830166e-02 6.950617808510795026e-02
-2.162983528437818848e+01 1.520969305235693847e+00 1.016214728093141062e-01 5.469210108956050476e-02 4.267326025428980207e-03 2.925264346770936261e-02 7.214430216511377725e-02
-2.140215280768145689e+01 1.521451694588400905e+00 1.017867532827587129e-01 5.459765895172144501e-02 3.350143252069062109e-03 3.159847012282767514e-02 7.117243418381999365e-02
-2.117447033098472531e+01 1.521730095039448560e+00 1.018821870423171072e-01 5.460217266634618399e-02 3.468614029715596375e-03 2.957405142693937325e-02 7.245975572497899420e-02
-2.094678785428792978e+01 1.521130067187519863e+00 1.016765433077754244e-01 5.474475749849740808e-02 4.494806345110604652e-03 2.684835023262649098e-02 7.208957916984085057e-02
-2.071910537759121951e+01 1.520270911791179458e+00 1.013823613727654060e-01 5.475032577930745437e-02 4.290854288387204937e-03 2.870542232114803305e-02 7.215992693276856995e-02
-2.049142290089442042e+01 1.522295035251063133e+00 1.020759475205719191e-01 5.466086038197357638e-02 5.155744422657322634e-03 3.081481961552492987e-02 7.269921783252784875e-02
-2.026374042419769239e+01 1.522339539957448196e+00 1.020912173842927206e-01 5.464689133059241061e-02 6.094306990849286156e-03 2.804200429126177049e-02 7.436828047736558644e-02
-2.003605794750096791e+01 1.522891496101264952e+00 1.022806682578522031e-01 5.467929204324294135e-02 5.331037614735927369e-03 2.730182263981683830e-02 7.076388551683833461e-02
-1.980837547080417949e+01 1.520607780402955855e+00 1.014976699374283142e-01 5.469050103194912638e-02 6.311025721740432665e-03 2.706867257860882947e-02 7.004960361688324089e-02
-1.958069299410745501e+01 1.523009563838782388e+00 1.023212103402330597e-01 5.454693236615164309e-02 3.772279976172143896e-03 2.632011872824817356e-02 7.039362887487750353e-02
-1.935301051741073408e+01 1.524502822712122896e+00 1.028344837018247415e-01 5.451943580710856552e-02 2.990726120178015517e-03 2.434080063769449367e-02 7.374326778018580608e-02
-1.912532804071392789e+01 1.523472290879101187e+00 1.024801594058623588e-01 5.465585543903513088e-02 3.785317227526448919e-03 2.570887824501037061e-02 7.075927621388518329e-02
-1.889764556401721762e+01 1.520934314977962165e+00 1.016094880521516974e-01 5.479587495324522023e-02 2.861969485334199276e-03 2.654954954793587243e-02 7.112003582449974437e-02
-1.866996308732041499e+01 1.519439152201615073e+00 1.010978642475893752e-01 5.482818029510969082e-02 4.585586886247325529e-03 2.601828286052703526e-02 7.101296440283187683e-02
-1.844228061062369761e+01 1.521857195948349561e+00 1.019257674888011111e-01 5.478343063801365681e-02 5.808338666146653159e-03 2.763663690765452013e-02 7.185612326304775810e-02
-1.821459813392696958e+01 1.522397319353579803e+00 1.021110431582833433e-01 5.481370938891209216e-02 3.189172770332044781e-03 2.984027286401889911e-02 7.240618841982054965e-02
-1.798691565723017760e+01 1.521555757231724648e+00 1.018224213230379815e-01 5.483416893212468557e-02 2.435054781637379252e-03 2.754571303975977478e-02 7.064294843238595745e-02
-1.775923318053344246e+01 1.523961960335318500e+00 1.026484637922761567e-01 5.472001571867821795e-02 4.425788676637022398e-03 2.594354086042546456e-02 7.106340148270086365e-02
-1.753155070383673220e+01 1.525810068378570916e+00 1.032846069725357196e-01 5.460901494590304772e-02 3.816390192551286781e-03 2.586092458579896877e-02 6.927153330716075141e-02
-1.730386822713992601e+01 1.524632083391380899e+00 1.028789592316446400e-01 5.464237266190014042e-02 3.640259383514916729e-03 2.640036293288884270e-02 6.823741347688284942e-02
-1.707618575044320153e+01 1.525125462556949696e+00 1.030487853524618136e-01 5.465707954680723568e-02 3.838664584698807478e-03 2.570805683543082518e-02 7.014966932755316298e-02
-1.684850327374643086e+01 1.524011733780093802e+00 1.026655772145087520e-01 5.469118708248792149e-02 4.641864928898351353e-03 2.653590382396417077e-02 7.070823685146698789e-02
-1.662082079704968862e+01 1.520719579050548775e+00 1.015359489441343133e-01 5.477477420322308943e-02 4.990003028556708013e-03 2.699981125868768095e-02 6.778216111870485894e-02
-1.639313832035294638e+01 1.523394050692739254e+00 1.024532770262487347e-01 5.462780651720074848e-02 5.106049673099570529e-03 2.718643931977009556e-02 7.024347339925021694e-02
-1.616545584365619348e+01 1.523668458166749229e+00 1.025475717037840906e-01 5.456388154186092576e-02 3.641416521436893414e-03 2.618220149117244169e-02 7.140350085912613998e-02
-1.593777336695945301e+01 1.522860797959562751e+00 1.022701281189942191e-01 5.469332087231359302e-02 4.391372714524579418e-03 2.937468668590539206e-02 6.872701759452942705e-02
-1.571009089026270544e+01 1.522300481652628212e+00 1.020778161716379140e-01 5.459434747331654014e-02 5.036656844016008591e-03 3.048983508875877102e-02 6.999331284700410771e-02
-1.548240841356595254e+01 1.521360646907640390e+00 1.017555500291724146e-01 5.466501576667454065e-02 3.961165811643226585e-03 2.953994921296283424e-02 7.128684735453401367e-02
-1.525472593686921741e+01 1.521820757294436666e+00 1.019132726650006093e-01 5.461042997204732657e-02 4.418235282810299008e-03 2.994513545004062749e-02 7.525406998420991478e-02
-1.502704346017240411e+01 1.521538729455132799e+00 1.018165846393724316e-01 5.462781103049588194e-02 4.758969467850863999e-03 2.881031945817241410e-02 7.264946583482190245e-02
-1.479936098347572049e+01 1.522843311230259289e+00 1.022641242709403930e-01 5.438809059397460566e-02 5.198836106948268032e-03 2.739351890148142982e-02 7.199657769742758007e-02
-1.457167850677896936e+01 1.521591473689870799e+00 1.018346644127023914e-01 5.447429420282519363e-02 4.679024442980612639e-03 2.797878831531992391e-02 7.119812201878149283e-02
-1.434399603008216673e+01 1.520368525381974756e+00 1.014157690010677459e-01 5.457667064833766901e-02 3.267236376869592143e-03 2.955317532186114982e-02 7.071664629537353919e-02
-1.411631355338540850e+01 1.519223783853407728e+00 1.010242479482931222e-01 5.460943995317617261e-02 5.024387510828471487e-03 2.858200386546227989e-02 7.202644959546834758e-02
-1.388863107668873553e+01 1.522647775681602589e+00 1.021969985867983155e-01 5.454040045787741930e-02 4.747862018350048306e-03 2.853847872496169044e-02 6.985378173830630866e-02
-1.366094859999192224e+01 1.520051767538013632e+00 1.013073756689767402e-01 5.461505949628842754e-02 4.758791121478676139e-03 3.009439772732126761e-02 7.092971643796454340e-02
-1.343326612329517467e+01 1.519646516244981260e+00 1.011687635339130753e-01 5.463326509680809656e-02 3.693605251110131365e-03 2.863096139244430613e-02 7.112561564324466901e-02
-1.320558364659844486e+01 1.521772473879392962e+00 1.018967171527220827e-01 5.461647688895428232e-02 3.497374164019299153e-03 2.803106088638233212e-02 7.215156793700101823e-02
-1.297790116990168485e+01 1.521690617154683345e+00 1.018686522580961040e-01 5.461139792551297084e-02 3.796454991684895548e-03 2.909129157686138334e-02 6.969652885526761432e-02
-1.275021869320492129e+01 1.520411805041827158e+00 1.014305825073987810e-01 5.463811376493058619e-02 4.319395758002162085e-03 2.727514017671053143e-02 7.179428392861327002e-02
-1.252253621650821280e+01 1.520428916592682533e+00 1.014364395714710265e-01 5.465842137980239657e-02 4.658756129305171613e-03 2.904692507894027220e-02 7.017917317924497744e-02
-1.229485373981144924e+01 1.519189140076901978e+00 1.010124080351032516e-01 5.475877057383297941e-02 3.311409759971642008e-03 2.888286093171725522e-02 7.240130194222269000e-02
-1.206717126311468391e+01 1.520163231068848431e+00 1.013455131153498945e-01 5.471045084632627370e-02 3.994740374040762002e-03 2.786059497523821551e-02 6.822800344106116910e-02
-1.183948878641797009e+01 1.520060989263734008e+00 1.013105306949013684e-01 5.469786041576419483e-02 3.022428271283275104e-03 3.045639033588156547e-02 7.219903601443002084e-02
-1.161180630972121364e+01 1.523333201895540778e+00 1.024323719405556554e-01 5.457558135022489570e-02 4.366898206025366172e-03 2.811618075175383730e-02 7.098141953361820911e-02
-1.138412383302439324e+01 1.521416299875265388e+00 1.017746226173580903e-01 5.457141235477180885e-02 5.468429173665932674e-03 2.534444684240012499e-02 6.774252900857496984e-02
-1.115644135632773981e+01 1.521503988636811355e+00 1.018046767692159515e-01 5.457613313447597786e-02 5.276207059835268456e-03 2.839237034022648598e-02 7.155888725499039149e-02
-1.092875887963097092e+01 1.518691437121467924e+00 1.008423696782203560e-01 5.464098945930764145e-02 6.199315590233817931e-03 2.841452251416085734e-02 7.142667691240064953e-02
-1.070107640293416118e+01 1.520071298355070821e+00 1.013140577844293122e-01 5.458741183903621091e-02 3.912222671502928704e-03 2.934441313814443314e-02 7.101265848592981655e-02
-1.047339392623738874e+01 1.521744016286618262e+00 1.018869600288737076e-01 5.445401699592535699e-02 5.524215655801409559e-03 2.654014814377402345e-02 7.111002940760040303e-02
-1.024571144957856461e+01 1.519285743539132261e+00 1.010454246875272521e-01 5.456480012328172868e-02 5.036674169096160350e-03 2.448102562473674845e-02 7.041096668130399083e-02
-1.001802897292132677e+01 1.518783250229233106e+00 1.008737292071125724e-01 5.463039255655521148e-02 3.106974718001830494e-03 2.874330149008405208e-02 7.135621987784741826e-02
-9.790346496263961029e+00 1.519281059654867594e+00 1.010438237595166489e-01 5.461931238429557078e-02 3.334042294421381107e-03 2.933919189627069019e-02 7.114629095546956550e-02
-9.562664019606723187e+00 1.519987927750124257e+00 1.012855351931343240e-01 5.467718755889208054e-02 4.610432795847146242e-03 2.664419856256735816e-02 7.044496042922059054e-02
-9.334981542949357447e+00 1.523950175090616588e+00 1.026444118707006137e-01 5.451586505939121780e-02 4.597537799404330557e-03 2.654798483879939122e-02 7.275172302270130342e-02
-9.107299066292117828e+00 1.522269601684107299e+00 1.020672214766871200e-01 5.464439156512462814e-02 4.295602340035276773e-03 2.635147818292367036e-02 7.263628803996753647e-02
-8.879616589634748536e+00 1.523430452492334775e+00 1.024657839152189331e-01 5.462632189433126034e-02 4.228007226186056636e-03 2.814765294799749518e-02 7.014753347159655150e-02
-8.651934112977514246e+00 1.522518444127515469e+00 1.021526092295105270e-01 5.457091991044094731e-02 5.207218946444257604e-03 2.759181272399099591e-02 7.102212027767715319e-02
-8.424251636320139625e+00 1.522325417064603004e+00 1.020863716323117121e-01 5.464183520775426489e-02 4.184118505872343706e-03 2.789333447438281308e-02 7.046814736492133802e-02
-8.196569159662910664e+00 1.521924237233271082e+00 1.019487574603126223e-01 5.471220932234652223e-02 3.862985666977384117e-03 2.862290112261206207e-02 7.370516556193751345e-02
-7.968886683005535154e+00 1.522448790750940972e+00 1.021287056894458201e-01 5.474525862619874367e-02 5.964347199361948876e-03 3.006599224140690807e-02 7.201134895736496788e-02
-7.741204206348307082e+00 1.522174468329429819e+00 1.020345844941030200e-01 5.464828419307508206e-02 5.218243649686853808e-03 2.953865809859127639e-02 7.241984598198630829e-02
-7.513521729690931572e+00 1.522409820559922133e+00 1.021153328715701525e-01 5.466236251519908385e-02 6.552260235373660521e-03 3.004480573305079796e-02 7.433879744960041058e-02
-7.285839253033703500e+00 1.521613273803890998e+00 1.018421374499536292e-01 5.473928764593012641e-02 4.550311567263621952e-03 2.881247161342441812e-02 7.334722174202835954e-02
-7.058156776376327990e+00 1.519468420376959950e+00 1.011078701224879528e-01 5.481624932131132916e-02 4.159081141100322634e-03 2.711127304373546140e-02 7.135950213635129658e-02
-6.830474299719099029e+00 1.519905417456730135e+00 1.012573098920373504e-01 5.479538489677510116e-02 4.517281713927167111e-03 2.663685100642824988e-02 6.975498346023338569e-02
-6.602791823061723520e+00 1.519923890954492984e+00 1.012636290904045389e-01 5.477873303467625105e-02 4.554530371764835273e-03 2.511613808966722469e-02 7.171909423762333480e-02
-6.375109346404495447e+00 1.521215985060365039e+00 1.017059798524662662e-01 5.472903057988404846e-02 4.587856130490922286e-03 2.501704931578718413e-02 7.109986479118420022e-02
-6.147426869747114608e+00 1.520954344262554825e+00 1.016163483573130355e-01 5.470930767087855279e-02 3.742006811679703462e-03 2.704832244676090916e-02 6.997029427739857865e-02
-5.919744393089891865e+00 1.521829644007852034e+00 1.019163198684567284e-01 5.484146027745390867e-02 4.124873759480207278e-03 2.686133044602609377e-02 7.422355566767077639e-02
-5.692061916432511026e+00 1.523896047064737580e+00 1.026258027141734863e-01 5.475602075036645894e-02 3.736825716846303713e-03 2.930834779071662954e-02 7.232912712078501394e-02
-5.464379439775288283e+00 1.521723403080073034e+00 1.018798926920259085e-01 5.484684522799396916e-02 6.497938200833536411e-03 3.111085048148545806e-02 7.366413542479909038e-02
-5.236696963117902115e+00 1.521682527492314030e+00 1.018658788431830442e-01 5.488093338524802078e-02 5.645561894332560594e-03 2.902881480157127117e-02 7.156811677912731928e-02
-5.009014486460683813e+00 1.520980112495839753e+00 1.016251745863228084e-01 5.487321984885664555e-02 3.268150352144138116e-03 2.525130731862899186e-02 7.319466786989103912e-02
-4.781332009803297645e+00 1.520722283461030111e+00 1.015368749806709325e-01 5.481022830560044329e-02 6.153127455860324738e-03 2.690004914350631673e-02 7.111781675610524822e-02
-4.553649533146080230e+00 1.523266592786456819e+00 1.024094896834270019e-01 5.472870485252997325e-02 6.597386906314145483e-03 3.051113777097486796e-02 7.336893203485356230e-02
-4.325967056488694062e+00 1.521793581057852229e+00 1.019039542997257630e-01 5.481911602442802317e-02 5.243524692025916013e-03 3.131414334740988126e-02 7.151507048432438618e-02
-4.098284579831476648e+00 1.524174315103242083e+00 1.027214843906757435e-01 5.470648069433923372e-02 5.808830410313144642e-03 3.073501694120711267e-02 7.137560986154513343e-02
-3.870602103174090480e+00 1.522023100592889699e+00 1.019826634808703170e-01 5.477799893343193033e-02 4.605446890071278852e-03 3.079152643682163404e-02 6.910328586081347646e-02
-3.642919626516872622e+00 1.521633715653417651e+00 1.018491450632202366e-01 5.486635969472256763e-02 4.512260336463458366e-03 2.989246686302389489e-02 7.045325062008737926e-02
-3.415237149859486454e+00 1.522519366954046882e+00 1.021529259377677579e-01 5.479089126730863485e-02 2.678806679118023257e-03 2.930437812900891018e-02 7.078602747647566584e-02
-3.187554673202269040e+00 1.522171995212045381e+00 1.020337361046619873e-01 5.478447150839643037e-02 4.117081086412305128e-03 2.942951994354849055e-02 7.226481749234807406e-02
-2.959872196544893086e+00 1.524266322748467406e+00 1.027531282918209832e-01 5.462126222769920353e-02 3.793405270822568492e-03 2.690278060741595201e-02 7.124242234774372240e-02
-2.732189719887649026e+00 1.521547946269195206e+00 1.018197439105222868e-01 5.471774880047172718e-02 6.026676898545662263e-03 2.618941795890162086e-02 7.088633541720375242e-02
-2.504507243230273517e+00 1.519972886469187490e+00 1.012803896193175679e-01 5.479351047884192111e-02 4.497941127489087955e-03 2.696662437963241732e-02 7.286221046375421229e-02
-2.276824766573060987e+00 1.520554815790188030e+00 1.014795371438071969e-01 5.474942406454869070e-02 5.249811549083491409e-03 2.728947291278573453e-02 6.919215744187970363e-02
-2.049142289915690807e+00 1.519954019428578329e+00 1.012739354038804662e-01 5.477886877710481939e-02 4.942982173026958491e-03 2.839641050281504694e-02 7.198711244213615301e-02
-1.821459813258436311e+00 1.518620245692943183e+00 1.008180561706811806e-01 5.485391975784640467e-02 4.808180886107963486e-03 2.852682792539289539e-02 7.425928125504062394e-02
-1.593777336601066130e+00 1.521170840670063029e+00 1.016905124183773990e-01 5.474267711427382305e-02 5.027324184631737532e-03 3.107463902329939825e-02 6.979863722906998191e-02
-1.366094859943853601e+00 1.518964867544227548e+00 1.009357728720415848e-01 5.483283510043836934e-02 3.697605274686048722e-03 3.044699869453025565e-02 7.275836688470191382e-02
-1.138412383286488527e+00 1.519774000377338785e+00 1.012123605359869782e-01 5.472704091514912078e-02 1.853693255719656178e-03 2.733609250818360217e-02 7.015181524492007659e-02
-9.107299066292233736e-01 1.520301919451275019e+00 1.013929730997144008e-01 5.473347270412864257e-02 3.911557684928052177e-03 2.789823444938452357e-02 7.353578553232625881e-02
-6.830474299718584108e-01 1.521147944025645904e+00 1.016826678747018153e-01 5.473326087798458667e-02 2.945416594459650088e-03 2.873743791216797072e-02 7.281831652916763431e-02
-4.553649533146458817e-01 1.520526280432344279e+00 1.014697683738587930e-01 5.472797607766849426e-02 3.665923672024983156e-03 3.044120326496585136e-02 7.327230737090648094e-02
-2.276824766572861369e-01 1.520725516487490436e+00 1.015379820285362000e-01 5.469777328288973756e-02 3.586896219023227948e-03 3.067169210012217484e-02 7.256511727684350488e-02
0.000000000000000000e+00 1.520319958717027742e+00 1.013991468547421615e-01 5.469678811819678882e-02 3.251454205158698166e-03 2.938257609216654229e-02 6.823472627450666295e-02
