0.000000000000000000e+00 1.215797585908702017e+00 2.039727517721603989e-02 7.326837172526910358e+00 1.168724961576026178e-01 2.549707615496671353e-01 1.086872561633224314e-03
7.472023044059374064e-02 1.207579247985317350e+00 1.896151379276278526e-02 7.084800256272135499e+00 1.146783786135569666e-01 2.585914187470253478e-01 -4.128537436634915989e-04
1.491427707200682073e-01 1.199964638472436285e+00 1.767255005230636278e-02 6.887901258258469106e+00 1.092231458999286947e-01 2.597218552499540589e-01 1.637780551222536287e-03
2.235653109995426324e-01 1.192129591483153783e+00 1.638831106212568223e-02 6.698519950027377767e+00 1.042690756345387160e-01 2.658316192264689182e-01 1.485209259055919650e-03
2.979878512790179457e-01 1.183547415982878936e+00 1.503120261168497396e-02 6.520059640059703732e+00 1.002935196452010985e-01 2.720271671484719711e-01 3.431274188248634345e-03
3.724103915584914826e-01 1.176959993935097648e+00 1.402515609435647792e-02 6.388911192417170426e+00 9.620643513859718221e-02 2.754199588721448211e-01 8.182831544319861539e-03
4.468329318379670734e-01 1.169375684332755405e+00 1.290568107430523082e-02 6.243608948960420513e+00 9.476623940050149519e-02 2.812094388139287360e-01 8.417698530446183006e-03
5.212554721174500472e-01 1.162043815654539403e+00 1.186345083198045436e-02 6.118380844292723886e+00 8.995574954822242730e-02 2.891444746245458441e-01 9.080732654813378213e-03
5.953803222358173830e-01 1.154343986663529442e+00 1.081178096445556402e-02 6.007891795724591866e+00 8.542362325243280097e-02 2.910507915019936442e-01 9.669734963237251388e-03
6.698028625153062965e-01 1.147677111489042723e+00 9.937114922304257636e-03 5.912079206286783517e+00 8.177285846450500773e-02 2.962946502340874089e-01 1.390420745101636664e-02
7.442254027947936557e-01 1.140889839076740131e+00 9.081320555691940744e-03 5.822871933913437381e+00 7.689546644529152153e-02 2.923349845955132142e-01 1.722390109047908235e-02
8.186479430742816810e-01 1.133989062594092267e+00 8.247502313799670581e-03 5.726435099490430503e+00 7.476392115099078639e-02 2.970113576602824157e-01 1.673918421864619560e-02
8.930704833537684850e-01 1.126669774451458217e+00 7.403595239576607479e-03 5.640885645664307724e+00 7.107459020709840092e-02 2.968710319915950913e-01 1.695410009865284603e-02
9.674930236332531797e-01 1.119334010778266775e+00 6.600135569411746950e-03 5.566517522682809194e+00 6.833631412595785048e-02 2.982323788870103187e-01 1.959173916989612879e-02
1.041915563912715781e+00 1.112573929422685071e+00 5.897743158707613453e-03 5.488023173701968460e+00 7.003570345034547395e-02 2.966084349463088410e-01 2.532316138506016112e-02
1.116338104192172498e+00 1.105232146332906229e+00 5.176746249310484882e-03 5.422666470235020242e+00 6.586094469268166662e-02 2.903752915371556331e-01 2.713338147517909207e-02
1.190760644471634100e+00 1.098764008879149712e+00 4.578089110050143073e-03 5.361928539082141398e+00 6.301999148423362285e-02 2.868364380385369228e-01 2.847357908727552941e-02
1.265183184751094814e+00 1.092308220727765899e+00 4.015129817348500607e-03 5.302050687188981648e+00 6.338810436841883778e-02 2.831853087875398911e-01 3.326127117466640137e-02
1.339903415191677327e+00 1.086780404981702475e+00 3.560836587345114768e-03 5.253195197347677592e+00 6.019149038789022022e-02 2.789193720083990025e-01 3.401697468154348675e-02
1.414325955471140706e+00 1.080410403017427967e+00 3.069431270160696834e-03 5.207272924281896032e+00 5.898827456499997762e-02 2.769119329180486644e-01 3.298606528168072927e-02
1.488748495750595424e+00 1.074557394102977348e+00 2.648543721779292315e-03 5.176399063361026620e+00 5.519475551147108583e-02 2.769862289269241495e-01 3.416447544315653895e-02
1.563171036030060801e+00 1.069398702288028247e+00 2.302172251661974145e-03 5.147713988268701080e+00 5.411655635232492934e-02 2.769044896685740609e-01 3.723247721742371785e-02
1.637593576309519738e+00 1.064649778970058414e+00 2.003879927888696511e-03 5.120310427980093948e+00 4.901091163670150130e-02 2.711066872707996733e-01 3.475255067022233607e-02
1.712016116588984671e+00 1.059847149885100315e+00 1.722450380291125349e-03 5.087882056390260921e+00 4.879697320282160022e-02 2.687326260736804251e-01 3.228560133879366384e-02
1.786438656868443164e+00 1.055394081313511201e+00 1.479847342921836173e-03 5.057019076980338035e+00 4.890098240838573057e-02 2.674371373529867424e-01 3.738719819406683548e-02
1.860861197147910318e+00 1.051943781671164313e+00 1.304108259665419378e-03 5.035661257412786362e+00 4.796289270615860384e-02 2.637985212657564804e-01 3.696921139236859777e-02
1.935283737427393014e+00 1.047231082759119802e+00 1.081465806917772388e-03 5.010809435279150570e+00 4.788502951939627161e-02 2.605073729458444731e-01 3.926538961188455468e-02
2.009706277706900135e+00 1.043319843181822026e+00 9.120572391397713252e-04 4.992100720256319235e+00 4.822327509793249145e-02 2.529697132033624229e-01 3.804909833277068248e-02
2.084128817986420579e+00 1.039199583776895919e+00 7.487979253408758029e-04 4.969167732094081025e+00 4.871881887185734727e-02 2.519218538351715719e-01 3.859279800023839718e-02
2.158253668104809009e+00 1.035502989584156763e+00 6.157006424452396431e-04 4.941448847946187328e+00 4.899691030977133821e-02 2.529404335545978322e-01 3.494780345876378341e-02
2.232676208384330341e+00 1.033577525973563560e+00 5.514156103850545443e-04 4.938079485434774263e+00 4.755323485458613775e-02 2.463332034915583502e-01 3.563851632911239214e-02
2.307098748663841459e+00 1.031586543834754899e+00 4.885928703912759130e-04 4.936489084575644171e+00 4.794274117690311421e-02 2.379035103552289143e-01 4.029972902577625554e-02
2.381521288943350356e+00 1.029668786801230196e+00 4.316024855846450903e-04 4.940074232004119992e+00 4.644515775395834101e-02 2.391330393281932420e-01 4.038772319556148405e-02
2.455943829222872576e+00 1.026745201190575552e+00 3.514011326249052991e-04 4.929782026893319014e+00 4.423113680237485829e-02 2.368668922587173764e-01 4.072594441129027271e-02
2.530366369502380142e+00 1.025718701514323650e+00 3.251624212410250681e-04 4.929051271211953633e+00 4.429880823938363299e-02 2.398104554767405694e-01 4.114715495115797012e-02
2.604788909781900585e+00 1.024350093172205600e+00 2.917371217457560839e-04 4.925093862279615209e+00 4.377232589500160143e-02 2.359583733162840535e-01 4.075849595455010438e-02
2.679211450061411259e+00 1.023475347195752505e+00 2.713081318999228941e-04 4.928073412502986805e+00 4.662838958247169513e-02 2.347881567905036049e-01 4.226220138941348681e-02
2.753633990340923710e+00 1.021377177494401378e+00 2.252868494245947872e-04 4.923145998762107567e+00 4.685474773398898285e-02 2.324203450521856729e-01 4.122002190521936726e-02
2.828056530620439268e+00 1.019081710608694458e+00 1.797725282607146036e-04 4.919199211477179645e+00 4.391379528765295553e-02 2.329407668457866842e-01 4.002142489840771616e-02
2.902479070899951719e+00 1.017569131728583320e+00 1.525529711786932641e-04 4.919406037101386353e+00 4.263860582204750949e-02 2.373461220105730907e-01 3.807532203902072587e-02
2.976901611179473495e+00 1.016533549416455795e+00 1.351910381881087087e-04 4.925037329242567097e+00 4.443322464474783878e-02 2.358633310118475601e-01 3.735747830453821361e-02
3.051324151458986833e+00 1.014654665530432487e+00 1.063419328814624309e-04 4.922787230754662957e+00 4.260304825359347708e-02 2.340605453415600667e-01 3.497011944111458326e-02
3.125746691738489957e+00 1.012478061995667034e+00 7.720939661958609035e-05 4.917784441487254021e+00 4.038989095181122480e-02 2.326898415419168531e-01 3.088466842061715276e-02
3.200169232018013954e+00 1.011026078780134396e+00 6.034403973409659117e-05 4.915510264901159942e+00 3.964575241930067689e-02 2.289362911186928751e-01 3.196226403258413395e-02
3.274591772297528625e+00 1.010640642709601744e+00 5.621322699253007704e-05 4.915868547027717028e+00 3.970926424070809341e-02 2.268701876817489915e-01 3.208328880663215837e-02
3.349014312577036634e+00 1.008816418803969661e+00 3.863768896715177870e-05 4.907233669155268707e+00 4.108038123777184303e-02 2.269028357018344488e-01 3.217303197290156264e-02
3.423436852856551749e+00 1.008049625365136759e+00 3.222541475855073001e-05 4.905557046063883320e+00 4.398674770389647548e-02 2.259251335556536344e-01 3.294836144589642635e-02
3.497859393136076633e+00 1.007601649648769637e+00 2.874694778777584642e-05 4.910246314843602633e+00 4.209779434384684771e-02 2.202339404449629723e-01 3.352601214085866588e-02
3.572281933415576205e+00 1.006156359435368630e+00 1.887296120244973813e-05 4.915011459924240711e+00 3.967572492513035676e-02 2.197662444033398887e-01 3.275287972349096022e-02
3.646704473695091764e+00 1.007196337984002099e+00 2.577008057597172247e-05 4.930341446223662771e+00 3.977317494674496162e-02 2.194785364892346269e-01 3.204698200463480112e-02
3.721127013974614872e+00 1.006548273418286454e+00 2.134680325328701389e-05 4.932231325167480307e+00 3.922344248600063976e-02 2.156192924215754314e-01 2.998132961376367978e-02
3.795549554254131319e+00 1.005702318484245295e+00 1.619667481920876451e-05 4.928819354527011143e+00 4.022370238150042160e-02 2.161526978994729176e-01 3.090280555766325432e-02
3.869972094533557616e+00 1.005227971938583487e+00 1.361840150246144965e-05 4.936090952607007587e+00 3.945761565567617452e-02 2.140198049186430862e-01 3.231545941496052204e-02
3.944394634812954159e+00 1.003999413850571232e+00 7.976395376278408444e-06 4.932412199384239138e+00 3.841285992674501465e-02 2.141148710942806233e-01 3.187536862049394903e-02
4.018817175092363136e+00 1.003473824304935258e+00 6.019790549258337287e-06 4.944647166454998022e+00 3.641521482413375560e-02 2.172442401051537797e-01 3.126606425856995330e-02
4.093239715371780996e+00 1.002046547102523055e+00 2.091324677874935312e-06 4.941964735057695179e+00 3.612811759146086071e-02 2.168532647617887610e-01 2.955814493976480217e-02
4.167662255651192638e+00 1.002976152153249867e+00 4.419973315791109192e-06 4.953968007516248662e+00 3.695476677441696112e-02 2.172636235347891465e-01 2.879846930386446846e-02
4.242084795930587404e+00 1.001735148466685432e+00 1.503631003303782659e-06 4.954376062797518188e+00 3.793953856617603149e-02 2.167510874310541458e-01 2.877672700390935048e-02
4.316507336209997270e+00 1.002175078862671542e+00 2.362059539007949072e-06 4.960632319259683065e+00 3.939036459250483402e-02 2.168465465314758922e-01 2.545112354698603543e-02
4.390929876489415129e+00 1.001976318877359384e+00 1.950348901032326193e-06 4.963587029687784202e+00 3.909149766648897101e-02 2.181817176268210645e-01 2.918674264182943151e-02
4.465352416768826771e+00 1.001937742434904077e+00 1.875001083297220955e-06 4.968415768856845993e+00 3.851367766537659720e-02 2.186458618708825574e-01 3.205318141205814458e-02
4.539774957048219761e+00 1.000854714426716363e+00 3.650603755148097360e-07 4.959082957893030219e+00 3.884312965630092040e-02 2.224985730790070837e-01 3.074756625890009976e-02
4.614197497327631403e+00 1.000703251534018845e+00 2.471654871663824665e-07 4.962230414839108761e+00 3.824578450029422760e-02 2.210927439875521594e-01 2.849007077554156428e-02
4.688620037607048374e+00 1.000592075961393101e+00 1.752078178827391058e-07 4.965072430107756674e+00 3.828075833026078206e-02 2.127306101336861599e-01 3.303670667000021405e-02
4.763340268047583592e+00 1.000258080064849509e+00 3.329693121012023208e-08 4.962208235105546095e+00 3.950260534508460986e-02 2.100254020190407134e-01 3.291316669532164813e-02
4.837762808326974806e+00 1.000478631148986164e+00 1.145073519899075104e-07 4.963956131342306399e+00 3.996736751576157598e-02 2.147331452784663475e-01 3.031133539713437922e-02
4.912185348606386448e+00 9.998205289716237676e-01 1.610685218425382537e-08 4.966315523128702836e+00 3.993459951650443762e-02 2.180848181283984999e-01 3.049638441579619053e-02
4.986607888885803419e+00 9.996918388268777322e-01 4.749141123330108405e-08 4.963444791574614712e+00 4.089579816308654830e-02 2.170839123562411654e-01 2.999818957015262105e-02
5.061030429165216837e+00 9.992474333101087902e-01 2.833204653147772603e-07 4.959201191781084539e+00 4.171094581303693566e-02 2.226040823973903515e-01 3.216998735502272361e-02
5.135452969444608939e+00 9.978793710020292806e-01 2.251717608487378841e-06 4.950530988642357855e+00 4.204804097194422829e-02 2.205764883756209105e-01 3.157940002721539713e-02
5.209875509724024134e+00 9.995166969613792363e-01 1.168285574843787832e-07 4.964079409373374219e+00 4.160040719556481331e-02 2.202055195371510898e-01 3.179705521253938655e-02
5.284298050003438441e+00 9.990250824586212053e-01 4.755412070103033281e-07 4.969303690506057691e+00 4.145473046746369489e-02 2.229563317570633918e-01 3.261215022132123859e-02
5.358720590282847418e+00 1.000168824788868704e+00 1.424930093403965585e-08 4.980188604026809074e+00 4.313889289179060477e-02 2.224290195252162095e-01 3.274324229119768281e-02
5.433143130562246625e+00 1.000298016347099139e+00 4.439805089155243745e-08 4.987708622706093387e+00 4.242318013573018881e-02 2.242417192995606323e-01 3.208554408597375646e-02
5.507565670841653827e+00 1.001549431375221344e+00 1.199130306314905373e-06 4.996322471714466751e+00 4.057072462649452538e-02 2.200165028717200599e-01 3.357911159024350167e-02
5.581988211121064580e+00 1.001681491951196934e+00 1.412124828230765933e-06 4.989002008172026770e+00 4.114672344295883938e-02 2.206195548840953757e-01 3.582949044305110131e-02
5.656410751400485104e+00 1.001760306168040460e+00 1.547523092478367279e-06 4.994315741714130397e+00 3.891082275712397925e-02 2.246056468916421966e-01 3.366132511318473824e-02
5.730833291679875430e+00 1.002238736413108011e+00 2.502236494280035001e-06 4.995213568547539396e+00 3.851412368358118898e-02 2.287949333619839765e-01 3.618577468459001356e-02
5.805255831959295065e+00 1.003213065958240779e+00 5.150865993746103766e-06 5.006448913507879794e+00 3.976901955387215221e-02 2.276856895552689386e-01 3.830245094213975687e-02
5.879678372238706707e+00 1.004011671727118582e+00 8.025298939820860178e-06 5.012034011930197153e+00 3.988536106027695816e-02 2.257048668154791604e-01 3.753125320973683260e-02
5.954100912518110356e+00 1.003153573795502185e+00 4.962084379283356744e-06 5.009299640649842900e+00 4.012695798438800643e-02 2.267739537865176291e-01 4.136155204679072689e-02
6.028523452797518445e+00 1.003311259915482978e+00 5.470149049946037428e-06 5.018487398407880384e+00 4.018647021879090397e-02 2.298070561348444507e-01 4.017637018775346153e-02
6.102945993076921205e+00 1.002106109823928115e+00 2.214740183012920555e-06 5.007065154933257212e+00 4.280785365637530121e-02 2.316669141344640803e-01 3.777901047402792978e-02
6.177368533356328406e+00 1.003132700608278416e+00 4.896682655343171514e-06 5.013086747524504894e+00 4.216713959498397807e-02 2.305962405901084700e-01 4.125821670297509514e-02
6.251791073635753371e+00 1.003760034663487399e+00 7.051260539851951503e-06 5.021616245315169813e+00 4.159276194898844231e-02 2.285134124750016205e-01 4.068315627749062580e-02
6.326213613915141032e+00 1.001948597313431222e+00 1.896053048588020734e-06 5.005182381657464319e+00 4.243517468954562805e-02 2.281536030463297005e-01 4.043249347358385953e-02
6.400636154194566885e+00 1.000953078910818750e+00 4.538913318466323080e-07 4.992828592835046209e+00 4.374053236928375499e-02 2.259937337187734874e-01 4.010456719899816586e-02
6.475058694473974086e+00 1.000198324738467148e+00 1.966375111480886395e-08 4.982758037649430705e+00 4.513879828770778202e-02 2.266897473026154575e-01 3.838672626168133234e-02
6.549481234753374181e+00 1.000900573365586244e+00 4.052728930046146233e-07 4.990026330899016038e+00 4.445519803584998403e-02 2.222171146879431403e-01 3.685705231910871293e-02
6.623903775032789376e+00 1.002406088776274240e+00 2.889996802050466551e-06 5.003442716937875012e+00 4.265057924023657465e-02 2.263951878462342193e-01 3.579418815092908629e-02
6.698326315312188584e+00 1.001852193308768735e+00 1.713194907290152211e-06 5.002134899167994142e+00 4.223611792892281031e-02 2.246094173877720424e-01 3.513067627235896828e-02
6.772748855591593120e+00 1.002253569044561754e+00 2.535478183713670008e-06 5.000265306361564299e+00 4.037584825838967661e-02 2.239671901971686252e-01 3.407980756049008852e-02
6.847171395871021637e+00 1.001476454250874726e+00 1.088886914754529783e-06 4.994222236610183607e+00 4.012935450930815023e-02 2.268855374718536932e-01 3.299313062202121477e-02
6.921593936150407522e+00 1.000188978712246435e+00 1.785422749730103571e-08 4.984541169249677495e+00 4.230139286847151708e-02 2.237124208766881894e-01 3.519776788696272335e-02
6.996016476429838704e+00 1.002057020835006362e+00 2.112770511963554809e-06 4.995988434087363927e+00 4.427544716590439688e-02 2.218340884406663771e-01 3.780070864416736759e-02
7.070439016709241464e+00 1.001492193330665303e+00 1.112214179794070515e-06 4.995596057048111049e+00 4.390801503346385831e-02 2.223268488362400708e-01 3.339175796256197565e-02
7.144861556988639784e+00 1.002510168769730425e+00 3.145211384854469661e-06 5.002759868922654007e+00 4.341389873717426545e-02 2.210013079376371703e-01 3.290497207496117377e-02
7.219284097268058531e+00 1.002015451055563444e+00 2.028296647505443973e-06 4.993787307992842095e+00 4.462214420528683168e-02 2.129714807433686075e-01 3.407739976904913121e-02
7.293706637547455962e+00 1.002325233457910247e+00 2.699171989966643592e-06 5.002118326178943697e+00 4.301886611037988167e-02 2.191314757052033324e-01 3.138183918313354470e-02
7.368129177826856946e+00 1.002089291227106216e+00 2.179533656764768429e-06 5.002377634625803537e+00 4.417618170163070679e-02 2.238725643822373768e-01 3.251821365100662775e-02
7.442551718106290792e+00 1.002290609230061635e+00 2.619446000252500378e-06 4.999583695926934190e+00 4.227707413139521198e-02 2.249335467216369844e-01 3.184751522598855411e-02
7.516974258385674901e+00 1.003434605129391421e+00 5.884785437536028257e-06 5.000743844860473075e+00 4.334679198378492415e-02 2.251429675611974213e-01 3.161361820420204721e-02
7.591396798665108747e+00 1.002732934352653205e+00 3.727674971811759802e-06 5.004059488918010778e+00 4.296220316586599197e-02 2.222956619946868106e-01 3.062044113714939078e-02
7.665819338944509731e+00 1.002595280906473540e+00 3.361925986477935779e-06 4.997322898088184751e+00 4.322825085319287330e-02 2.224787229372541530e-01 3.185403785994757320e-02
7.740241879223904498e+00 1.002426708464279281e+00 2.939702079205949725e-06 5.000476886045744251e+00 4.256847974077298397e-02 2.259572830363533735e-01 3.134946768933796063e-02
7.814664419503327686e+00 1.001232385829450733e+00 7.587640868894716256e-07 4.990413801766763413e+00 4.141297658354924083e-02 2.268117794240971097e-01 3.136004875655360596e-02
7.889086959782725117e+00 1.000446176805103837e+00 9.950727324840435289e-08 4.988135766345245692e+00 3.954707119827778616e-02 2.242790686722060667e-01 3.222589915860640114e-02
7.963509500062122548e+00 1.000911762657919146e+00 4.154030920120550460e-07 4.992148900305031667e+00 3.918394281710945587e-02 2.218333423313640917e-01 3.264609375006676667e-02
8.037932040341560835e+00 1.000308077999132905e+00 4.744628225451363174e-08 4.981901500641476410e+00 4.039246407238310937e-02 2.226521976356952148e-01 3.395422143638168744e-02
8.112354580620941391e+00 9.997261203324238066e-01 3.751188547399019260e-08 4.976821548046677535e+00 4.080114527102327721e-02 2.195794093782944267e-01 3.233381112801320817e-02
8.186777120900378790e+00 9.996911243250341528e-01 4.771191624593348543e-08 4.978631392663791289e+00 4.281871371911073060e-02 2.241721334757575679e-01 3.091160215605348593e-02
8.261199661179777110e+00 9.998456322894612169e-01 1.191592133325440964e-08 4.980530501844490310e+00 4.279085227780669159e-02 2.218606500748867283e-01 3.130174092467626068e-02
8.335622201459170100e+00 1.000042768583345065e+00 9.145497847662950944e-10 4.977007692694105145e+00 4.366635615597917047e-02 2.217037092315225777e-01 3.308500441894566407e-02
8.410044741738596841e+00 9.999815397292399766e-01 1.703928952686943610e-10 4.979890189900967989e+00 4.370965656671594451e-02 2.247568395437988253e-01 3.498059617843783664e-02
8.484467282017991607e+00 9.988379051600501102e-01 6.757557874587701713e-07 4.974902781626958870e+00 4.264014282518752141e-02 2.318490083039797534e-01 3.103453117996156016e-02
8.558889822297386374e+00 9.995450104012268966e-01 1.035391748520049851e-07 4.979781756337992249e+00 4.235999545974546837e-02 2.349770054054274582e-01 3.189145182262009132e-02
8.633312362576827326e+00 9.995422851409365705e-01 1.047834212762133524e-07 4.979228517643358387e+00 4.421424305245734432e-02 2.366119839065985997e-01 3.531128434383844911e-02
8.707734902856209658e+00 9.990597114485044727e-01 4.423485919866770866e-07 4.977152292133516731e+00 4.511121498239150512e-02 2.356144254182940267e-01 3.280789491402407582e-02
8.782157443135648833e+00 9.989574994440229005e-01 5.437816659164401711e-07 4.986540707561797348e+00 4.507297995763824561e-02 2.301562636894123326e-01 3.315321831987543683e-02
8.856579983415043600e+00 9.997899827243099669e-01 2.205671629249093130e-08 4.989702652431597052e+00 4.487462198008817377e-02 2.302949768533475994e-01 3.511018322556837962e-02
8.931002523694436590e+00 9.997519920050579323e-01 3.075906854601347801e-08 4.990871059470540771e+00 4.218811373231508288e-02 2.299870708322889756e-01 3.213969406863317196e-02
9.005425063973866884e+00 9.983966389543840192e-01 1.286758931329104808e-06 4.974453155686311412e+00 4.289046471437860802e-02 2.292026699871471951e-01 3.378271119927078736e-02
9.079847604253259874e+00 9.990726073936024854e-01 4.302945784441514210e-07 4.982957370283464194e+00 4.338551172895065838e-02 2.258451774916704069e-01 3.313492504865415272e-02
9.154270144532652864e+00 1.000239773784198816e+00 2.874113963841008930e-08 4.986960440696714514e+00 4.379410265690961146e-02 2.282697050471176325e-01 3.481857375735558646e-02
9.228692684812095592e+00 1.000878791109841792e+00 3.859108339112141128e-07 4.993062279485820376e+00 4.410404903618402733e-02 2.291361946190936527e-01 3.571856230699600038e-02
9.303115225091476148e+00 9.998667072104362452e-01 8.884273356677156383e-09 4.989762212406279041e+00 4.110649562650975364e-02 2.297350522505586246e-01 3.648100702768143633e-02
9.377537765370917100e+00 1.000025479095556502e+00 3.245866417509704789e-10 4.993089963164910827e+00 3.975765498607296972e-02 2.318748466455783919e-01 3.612867778245573702e-02
9.451960305650311867e+00 9.997258256026134715e-01 3.759267154686274370e-08 4.998951140181890018e+00 4.075280103489675038e-02 2.346587860782068935e-01 3.264598383764645562e-02
9.526382845929703080e+00 9.983858575662830637e-01 1.304131456377182613e-06 4.986294150734956965e+00 4.013006026183243286e-02 2.337525378164929668e-01 3.676155001850068410e-02
9.600805386209135150e+00 9.988050312504305195e-01 7.145444518052209565e-07 4.993837596273506207e+00 4.000313420949273835e-02 2.313484921805171735e-01 4.009984375739020224e-02
9.675227926488526364e+00 9.984132048298016704e-01 1.260292850265628400e-06 4.993998068338195928e+00 4.184839279849372068e-02 2.356521447897349797e-01 3.622887049304014673e-02
9.749650466767919355e+00 9.975313518534134616e-01 3.052135970411928856e-06 4.995569637816086761e+00 4.042041249505393119e-02 2.302222246948426587e-01 3.648967806499339023e-02
9.824073007047362083e+00 9.985243602735891510e-01 1.089828562572409815e-06 4.998159326818707449e+00 4.301016758956723723e-02 2.278972584138158619e-01 3.962423677208457701e-02
9.898495547326744415e+00 9.984685923990037626e-01 1.173803153968391161e-06 4.994750112756892513e+00 4.190888748566978100e-02 2.264383351358982555e-01 3.618375418023964118e-02
9.972918087606187143e+00 9.989918206562564684e-01 5.085546328255363679e-07 4.995334250888276095e+00 4.109796800164774999e-02 2.275012590001639634e-01 3.724752724541906951e-02
1.004734062788557658e+01 9.991455522795981148e-01 3.652485254511958837e-07 4.991946194533438685e+00 4.038565006783446237e-02 2.265624403032044654e-01 3.668753429297481883e-02
1.012176316816497135e+01 9.996158035918832896e-01 7.382234879790101553e-08 4.992481223208004693e+00 4.145146997170783693e-02 2.266849673465898829e-01 3.558375694145541474e-02
1.019618570844440342e+01 1.000342273559058137e+00 5.856223212716586343e-08 5.002518340577052136e+00 3.974474534478290161e-02 2.298195540075865517e-01 3.586683545015374036e-02
1.027060824872379996e+01 1.000504940064152803e+00 1.274393365135063211e-07 4.998354230440445356e+00 4.000506107440822412e-02 2.258842407894154913e-01 3.493256124674869872e-02
1.034503078900318407e+01 9.997225750608434991e-01 3.848941721373497216e-08 4.999793067740245789e+00 4.028540338993273628e-02 2.292909953445188553e-01 3.363887966938197693e-02
1.041945332928263035e+01 1.000127206147488845e+00 8.090015920245250541e-09 5.000438889317919688e+00 3.910747892595976133e-02 2.300109309595807505e-01 3.464715108407944583e-02
1.049387586956201801e+01 9.994834424539656981e-01 1.334618116320468104e-07 5.001640237007569212e+00 3.917118440461263978e-02 2.233852194826294602e-01 3.413809735177582294e-02
1.056829840984144830e+01 1.000369297484198228e+00 6.817353222470911439e-08 5.009843301222919543e+00 3.933609945587255435e-02 2.233115007253734519e-01 3.538280794224239051e-02
1.064272095012084662e+01 9.998217030334846100e-01 1.589679372911308695e-08 5.005295119074136601e+00 4.027737635937483213e-02 2.286971135912965747e-01 3.462231696368844175e-02
1.071714349040024494e+01 9.999782514424334634e-01 2.365033071896019846e-10 5.004182648562356839e+00 4.095639229333285225e-02 2.309686217135121233e-01 3.328979331157522897e-02
1.079156603067966280e+01 1.001006348357305509e+00 5.060290422509699376e-07 5.009138257807409289e+00 4.104692020899936705e-02 2.271754243012409080e-01 3.508002666064425484e-02
1.086598857095906112e+01 1.000141830889322625e+00 1.005704966072600015e-08 4.998147548713628652e+00 4.085934482164814419e-02 2.229855833383139196e-01 3.706252099644075787e-02
1.094041111123846122e+01 1.000008330351823682e+00 3.469718805992189330e-11 4.999821852165184488e+00 4.234319299771477363e-02 2.190708031035167869e-01 3.719460260875402657e-02
1.101483365151788441e+01 1.001116031992946631e+00 6.223007426500032357e-07 5.011484629375114963e+00 4.218617094389792016e-02 2.270817708706633076e-01 3.684880557099955850e-02
1.108925619179727917e+01 9.997563653563718011e-01 2.968374121097060517e-08 4.995167735542048071e+00 4.248421240384093328e-02 2.279952261050189888e-01 3.421318333924749239e-02
1.116367873207672368e+01 1.000087543417905289e+00 3.831701384079868461e-09 4.995020729483912625e+00 4.335181278902286439e-02 2.237384670612540261e-01 3.309549781214417286e-02
1.123810127235610068e+01 1.000304605745088393e+00 4.638291120867381323e-08 4.998679350027944501e+00 4.388746579799147896e-02 2.259029717465270704e-01 3.180005363623857051e-02
1.131252381263550433e+01 1.000414481653941756e+00 8.587379280545559893e-08 4.996167532400937361e+00 4.554129647985211138e-02 2.265221586275977528e-01 3.272854707653168049e-02
1.138694635291493995e+01 1.000420767756680096e+00 8.849792868442568280e-08 4.996893539436647380e+00 4.257414393183790030e-02 2.264651457469482321e-01 3.289758723596027806e-02
1.146136889319434538e+01 9.999720387859504234e-01 3.909220326835354930e-10 5.002906818998022587e+00 4.070284185383919728e-02 2.292569580965036491e-01 3.248605132858271849e-02
1.153579143347371705e+01 9.995299921779904340e-01 1.104882979742634851e-07 4.997100158426746042e+00 4.152481304727435180e-02 2.298008847570765789e-01 3.053406652496623574e-02
1.161021397375316511e+01 1.000348977819772056e+00 6.087859623837496570e-08 5.011374529779945242e+00 4.061338067810562474e-02 2.304463576967147875e-01 3.132289813698600073e-02
1.168463651403256165e+01 1.000315341706910166e+00 4.970974596231816922e-08 5.011756745007314606e+00 4.091246717120081144e-02 2.328551720523829305e-01 2.990951065619748550e-02
1.175905905431197418e+01 9.995254727536483363e-01 1.126236838453202778e-07 5.006121664160974483e+00 4.173038171877820751e-02 2.342229689953519434e-01 3.119824601706847403e-02
1.183348159459138138e+01 9.996709776435319661e-01 5.413973130821269492e-08 5.013513951826841897e+00 4.030283408603324569e-02 2.390271245147073120e-01 3.150821846586390057e-02
1.190790413487078858e+01 9.993908804425877257e-01 1.855886852362856679e-07 5.012657910935637062e+00 3.954864096614921221e-02 2.384255244655174855e-01 3.423653127037620120e-02
1.198232667515019045e+01 9.998825610245021256e-01 6.896496433268241820e-09 5.019940568949476933e+00 3.965367553490723590e-02 2.386184504857308819e-01 3.416006565009716694e-02
1.205674921542959765e+01 9.988864248811916147e-01 6.204854534946815242e-07 5.011531091914370961e+00 4.226597303108919207e-02 2.371170354457471652e-01 3.237609511297109832e-02
1.213117175570900308e+01 9.982687967287131592e-01 1.500264141413585120e-06 5.006101215779111158e+00 4.131508994265054718e-02 2.358135422809565784e-01 3.590147781365183449e-02
1.220559429598841028e+01 9.987349364606824542e-01 8.008683834365756121e-07 5.011201695053351557e+00 4.292669440996706165e-02 2.356390273570345417e-01 3.602046052843563967e-02
1.228001683626781215e+01 9.984713573265731057e-01 1.169566262732750841e-06 5.012560411082067624e+00 4.311032960163240640e-02 2.352224720780392853e-01 3.747429859036627980e-02
1.235443937654726021e+01 9.979390599340801637e-01 2.126659425115938473e-06 5.006362835482980778e+00 4.364014499811940534e-02 2.333667209191918612e-01 3.724745535323079060e-02
1.242886191682662655e+01 9.977734663214391508e-01 2.482411577374010053e-06 5.010115234878034229e+00 4.442185952607146521e-02 2.348153565839660450e-01 3.667714300440561015e-02
1.250328445710603553e+01 9.977212634341217079e-01 2.600271141328745067e-06 5.005253111126338972e+00 4.426505513777101442e-02 2.365895879640236010e-01 3.661710837871925972e-02
1.257770699738547826e+01 9.981245013168098534e-01 1.760949772439904942e-06 5.007979701555616892e+00 4.461615038858884885e-02 2.357506269100209106e-01 3.730083274510976460e-02
1.265212953766488724e+01 9.967801987952848997e-01 5.194713525904625512e-06 4.998102218290631171e+00 4.470816586573209128e-02 2.397603955299137668e-01 3.724799518167556250e-02
1.272655207794425003e+01 9.963282269542000913e-01 6.757505071191497598e-06 4.993772270001525904e+00 4.455627579093032059e-02 2.349433242176080239e-01 3.699269344661035991e-02
1.280097461822369986e+01 9.970292928887940498e-01 4.421308817116088863e-06 5.002694123540669224e+00 4.539129071671634680e-02 2.349570979060127129e-01 3.910230420268027973e-02
1.287539715850310529e+01 9.980630717719711775e-01 1.878271256566550057e-06 5.008462945382830434e+00 4.468034697381093739e-02 2.321527741430400860e-01 4.054875154164840068e-02
1.294981969878250538e+01 9.989961586829431139e-01 5.041861384077681030e-07 5.007039900934584509e+00 4.452775274295769220e-02 2.348332443961747007e-01 4.083377351526103205e-02
1.302424223906191614e+01 9.999823030534312762e-01 1.565928064063833950e-10 5.008259093764001690e+00 4.339425755470518314e-02 2.380739974591186969e-01 3.623355309310875849e-02
1.309866477934133044e+01 1.000117464606855577e+00 6.898426723166975125e-09 5.012374323555209621e+00 4.326414086461060488e-02 2.361397214160433911e-01 3.405446501171030538e-02
1.317308731962071811e+01 9.996339019182314267e-01 6.703026300366229234e-08 5.011083094121518755e+00 4.197055436622250391e-02 2.352947539871892146e-01 3.576197149504812406e-02
1.324750985990013241e+01 1.000789181073142409e+00 3.112396442432694560e-07 5.014020550390092090e+00 4.249520961146638354e-02 2.339126518873301253e-01 3.429608481129628461e-02
1.332193240017954494e+01 1.000842571133620851e+00 3.547637957688641250e-07 5.022248972198858574e+00 4.105475617337599886e-02 2.284112094995064957e-01 3.268518712543156540e-02
1.339635494045893971e+01 1.000994678635280355e+00 4.943649980326380450e-07 5.023255153405640883e+00 4.047618124677339335e-02 2.285326761211060043e-01 3.245868378889921191e-02
1.347077748073834691e+01 9.990345041480517274e-01 4.663913435022735282e-07 5.013270604524490359e+00 4.098329577782543198e-02 2.279175932537337024e-01 3.067923452737629855e-02
1.354520002101779674e+01 9.983526175374500822e-01 1.358426592712892039e-06 5.019046541300124176e+00 3.927898183942781646e-02 2.286657145664407476e-01 3.075552609402405421e-02
1.361962256129715421e+01 9.985411111125286343e-01 1.065214538813977901e-06 5.013595635667715378e+00 4.150608153356610819e-02 2.306203269969452352e-01 3.236952752331594130e-02
1.369404510157656851e+01 9.991258213268120469e-01 3.823170014798050673e-07 5.018642479108581078e+00 4.162778937066568402e-02 2.336702636625421492e-01 2.936369791800338275e-02
1.376846764185601479e+01 9.985768350380705982e-01 1.013661106557747771e-06 5.007438705184142691e+00 4.256246074645970295e-02 2.319876661492420722e-01 2.921792919326859916e-02
1.384289018213542910e+01 9.976094159038597642e-01 2.862008317902099697e-06 4.996134446064503187e+00 4.291706163865626616e-02 2.381998168929336523e-01 2.832976496812096220e-02
1.391731272241478479e+01 9.983140995855338540e-01 1.422729381974361176e-06 5.010657114912237198e+00 4.002531541133910742e-02 2.391283192061520735e-01 3.063569708836478764e-02
1.399173526269423640e+01 9.984907269443840105e-01 1.140099870610648131e-06 5.008058765235279708e+00 4.024068168506076543e-02 2.347089078138888119e-01 2.817594640704175479e-02
1.406615780297364715e+01 9.997076948166937482e-01 4.272948699707811160e-08 5.013581565671880291e+00 4.032224824277783060e-02 2.265860737351058085e-01 3.066964793620201302e-02
1.414058034325303304e+01 9.995778324190587316e-01 8.913782148067383310e-08 5.004182109752734142e+00 4.120981936451553751e-02 2.227923570670726217e-01 3.143094613326288811e-02
1.421500288353245089e+01 1.000499051500858716e+00 1.244847857638335664e-07 5.013320071839937775e+00 4.002197387004238077e-02 2.258768387503868602e-01 3.012057158965426862e-02
1.428942542381186875e+01 1.001002346793390396e+00 5.020141136244295893e-07 5.020344366398244773e+00 4.186437639356371809e-02 2.279851640289815018e-01 2.897032019329133165e-02
1.436384796409124753e+01 1.000560426310461271e+00 1.569801769193013979e-07 5.016023800929620968e+00 4.177755681386281089e-02 2.288531164300613430e-01 3.083906487752238398e-02
1.443827050437066717e+01 1.000487568675263450e+00 1.188229852076123048e-07 5.015693747150232085e+00 4.168997443782480883e-02 2.252200930830181858e-01 3.078033535536054549e-02
1.451269304465008503e+01 1.000978039989986579e+00 4.779694875451778041e-07 5.017151636750996957e+00 4.262771338225668921e-02 2.235867056036708878e-01 3.220227739249117982e-02
1.458711558492946914e+01 1.001993769081922725e+00 1.984919699547869204e-06 5.012693134406543294e+00 4.166638250819874184e-02 2.193602965241096825e-01 3.055027613868708733e-02
1.466153812520888167e+01 1.001401557707902512e+00 9.812652447191427818e-07 5.009080099500251571e+00 4.125166992835786750e-02 2.155729980280824964e-01 2.953820173497245793e-02
1.473596066548833505e+01 1.001754427534256919e+00 1.537210299714297443e-06 5.007044291297783722e+00 4.045897540375084644e-02 2.174900005499680877e-01 3.395468186978059522e-02
1.481038320576768186e+01 1.002997474938232880e+00 4.483470842734597200e-06 5.019171051021480423e+00 4.031038429693110936e-02 2.217200944739797508e-01 3.359157504996313631e-02
