0.000000000000000000e+00 1.996555102491079481e+00 3.051318558060579500e-01 2.838321883856777106e+01 3.125773553856876080e-02 8.255185545875232123e-02 5.498856420840617099e-02
2.384641586583888251e-01 1.934998924451016622e+00 2.748921538086939176e-01 2.589184859962224294e+01 2.641753945755366192e-02 8.746530572910020396e-02 5.185227201869178210e-02
4.769283173164697298e-01 1.876002664326351654e+00 2.468593935267218153e-01 2.380366599047717457e+01 2.343558785481396692e-02 9.474305938409424699e-02 4.848916925670960359e-02
7.153924759752456897e-01 1.817843648934930112e+00 2.201926585639570888e-01 2.199464615408069079e+01 1.806193202184870963e-02 1.010574626312433499e-01 4.730047371936749179e-02
9.538566346341478264e-01 1.762489626865741066e+00 1.957622566450200052e-01 2.045558904691568358e+01 1.529269170672680270e-02 1.063133633008686157e-01 4.496890343622375608e-02
1.192320793291851366e+00 1.708227206723584191e+00 1.727710951904405379e-01 1.911193319209028729e+01 1.217880681129888606e-02 1.116973658376045897e-01 4.013070586155345620e-02
1.430784951949041428e+00 1.656221130825238586e+00 1.516825506698942228e-01 1.796066994267767924e+01 7.524122443935085149e-03 1.162042726981108859e-01 3.883332367975236843e-02
1.669249110606237929e+00 1.608147201805014026e+00 1.330644918270033616e-01 1.697319501889887761e+01 3.663623988835173866e-03 1.201616239559047949e-01 3.682658574446959210e-02
1.907713269263433764e+00 1.561625180748820396e+00 1.158981192349091138e-01 1.610266911863017469e+01 2.125588130806244016e-04 1.219439714531713181e-01 3.412781946343936001e-02
2.146177427922021153e+00 1.517875695347213671e+00 1.005639068497566346e-01 1.533094911422384854e+01 -2.201197546844199052e-03 1.228039433125730356e-01 3.130782110978097554e-02
2.384641586582631145e+00 1.477093581575330106e+00 8.701722080819479510e-02 1.465174172027818678e+01 -3.869647545694429244e-03 1.258208381483057470e-01 2.934660169936165186e-02
2.623105745243237141e+00 1.437306646316865333e+00 7.453566858436927456e-02 1.404433974010779984e+01 -6.277170726349652619e-03 1.278374668282649951e-01 2.812305905749355392e-02
2.861569903903842693e+00 1.401665251674144130e+00 6.400425642500245926e-02 1.351020580290969519e+01 -7.739282040022597321e-03 1.301847190763582851e-01 2.650618067306424047e-02
3.100034062564448689e+00 1.368581509940010044e+00 5.480670069521059729e-02 1.303589553264576750e+01 -9.261508264586970282e-03 1.317843028980883735e-01 2.469415554675807173e-02
3.338498221225056017e+00 1.339189707953856168e+00 4.712497244995522694e-02 1.262445424635038371e+01 -1.000899783566651553e-02 1.347389515232168544e-01 2.320212460804086177e-02
3.576962379885661569e+00 1.309400069799698141e+00 3.983099946821805348e-02 1.224640048303453987e+01 -1.135610693009520868e-02 1.337958546526921699e-01 2.297723056528131955e-02
3.815426538546276003e+00 1.281640040709712380e+00 3.349950111477523196e-02 1.190658087158893252e+01 -1.264545374817922438e-02 1.321698192583285747e-01 2.377681694622229766e-02
4.053890697206880667e+00 1.256889155966977256e+00 2.824941165759534134e-02 1.159763489661008684e+01 -1.352548532491658004e-02 1.299694228440002874e-01 2.225754460524098990e-02
4.292354855861938212e+00 1.235666971060197294e+00 2.405608922022448026e-02 1.134224962413614080e+01 -1.386427023794542177e-02 1.295841460547823565e-01 2.260284852588743260e-02
4.530819014515727439e+00 1.214817940961923526e+00 2.022371822666271801e-02 1.110014471804500502e+01 -1.477762617317547947e-02 1.269674223461595974e-01 2.263379233860913359e-02
4.769283173169516665e+00 1.195018051913144586e+00 1.685676044029987830e-02 1.089079494228871958e+01 -1.540200018619591188e-02 1.241890895255832600e-01 2.198861838809091154e-02
5.007747331823304116e+00 1.177993899638340336e+00 1.418099299761710341e-02 1.071825353826251970e+01 -1.483870366892271753e-02 1.210982112563778884e-01 2.072447768994692407e-02
5.246211490477084460e+00 1.162053124835249918e+00 1.186474900372797014e-02 1.056015460076958412e+01 -1.555731379436881175e-02 1.219707881748354900e-01 2.047178790732413420e-02
5.484675649130874575e+00 1.148161551665273228e+00 9.999539221552611323e-03 1.042533742069543301e+01 -1.642275701499076868e-02 1.206829248869245724e-01 1.920486668637629360e-02
5.723139807784633604e+00 1.134008908727815124e+00 8.249847432112183965e-03 1.029088313388503195e+01 -1.719440240127561789e-02 1.198069272196821827e-01 2.002111502253154859e-02
5.961603966438421942e+00 1.121146812256302416e+00 6.794711303232309207e-03 1.017264113508108636e+01 -1.717001555343822261e-02 1.171633774369467834e-01 1.889582702079886656e-02
6.200068125092202287e+00 1.108831015846351908e+00 5.524694339670635501e-03 1.005458224454359417e+01 -1.601481909518029378e-02 1.144252871145383377e-01 1.765487566567651087e-02
6.438532283745981744e+00 1.097567414495425719e+00 4.471124906345075312e-03 9.947901091588796874e+00 -1.575839592428974686e-02 1.111154980205698445e-01 1.974742753745365592e-02
6.676996442399780740e+00 1.088264210093555784e+00 3.680250981185587134e-03 9.877477692774194296e+00 -1.636252625217333653e-02 1.107316859554031696e-01 1.751032193589569658e-02
6.915460601053553980e+00 1.079448048748957500e+00 2.998204224743047930e-03 9.808713760444575769e+00 -1.677721329053857152e-02 1.082927625902493501e-01 1.839085154338801487e-02
7.153924759707351200e+00 1.070692856598388421e+00 2.386888150158444910e-03 9.737638862782812765e+00 -1.694486109084549288e-02 1.072121431410664738e-01 1.780757216390570219e-02
7.392388918361104899e+00 1.063385420313299523e+00 1.927808763705504691e-03 9.676780110375140964e+00 -1.673894749846017299e-02 1.032841891349620539e-01 1.528043535066588195e-02
7.630853077014912778e+00 1.057102393377487903e+00 1.570819490051132694e-03 9.632432582231968965e+00 -1.739759481958692497e-02 1.037326354813116747e-01 1.385435362805405995e-02
7.869317235668677135e+00 1.051158765473248602e+00 1.265623642380121761e-03 9.588713553286231317e+00 -1.806891653453560759e-02 1.024956141361416384e-01 1.675516657455760478e-02
8.107781394322485014e+00 1.045777526181093098e+00 1.016873235540512177e-03 9.549731418474355138e+00 -1.749624458095576374e-02 1.033861160880827218e-01 1.613700276110793114e-02
8.346245552984793648e+00 1.040930843850849552e+00 8.154888446818484016e-04 9.524185509589299770e+00 -1.762163049598661213e-02 1.030256122016349196e-01 1.543449662821437356e-02
8.584709711652235953e+00 1.035831562369024850e+00 6.270163359234151579e-04 9.488637070381930272e+00 -1.889604457640053220e-02 1.022859572711275616e-01 1.731893391212405847e-02
8.823173870319680034e+00 1.031520895524022041e+00 4.865847845954354711e-04 9.461925217408264643e+00 -1.764127124586759715e-02 1.036246770074373269e-01 1.684020176099882554e-02
9.061638028987081483e+00 1.027825787078065822e+00 3.801022292796649160e-04 9.443823371632001695e+00 -1.742189754057685280e-02 1.017817621367487629e-01 1.659226500496488454e-02
9.300102187654548658e+00 1.024140133112267481e+00 2.867671154376874587e-04 9.425184828910047941e+00 -1.760318505239417269e-02 9.841982056171544313e-02 1.599404836988070969e-02
9.538566346321944778e+00 1.020865688615122835e+00 2.147069447458530012e-04 9.408293472780654199e+00 -1.781491572752930824e-02 9.837981137589527081e-02 1.649917847892209619e-02
9.777030504989390636e+00 1.018838251005115270e+00 1.752424305730103382e-04 9.400551929269862939e+00 -1.749454796795209960e-02 9.909648821618599612e-02 1.689490712240909395e-02
1.001549466365685959e+01 1.016890543478128572e+00 1.410590690559716809e-04 9.402587984726229919e+00 -1.807752912105511575e-02 9.855152762113492115e-02 1.633883369909329766e-02
1.025395882232425393e+01 1.014817719575639599e+00 1.087098344833958147e-04 9.391565856007199287e+00 -1.676057627452714680e-02 9.856011515202492412e-02 1.258212695015864697e-02
1.049242298099170512e+01 1.012392307069890807e+00 7.615611608208228134e-05 9.378828263123388354e+00 -1.559837239628109225e-02 9.815254526580188821e-02 1.413647717240569708e-02
1.073088713965915453e+01 1.010971761569258831e+00 5.975310868407829323e-05 9.380136095713233146e+00 -1.670706380864699081e-02 9.827191130062853941e-02 1.281644951041267452e-02
1.096935129832655065e+01 1.009167641434082219e+00 4.176774433702241940e-05 9.373100696313668934e+00 -1.761542696175750697e-02 9.809700519178811418e-02 1.504831328649115264e-02
1.120781545699401072e+01 1.008102600763446377e+00 3.264982248792590303e-05 9.370746608151376833e+00 -1.716202741890872005e-02 9.821568032154312511e-02 1.465548359517458363e-02
1.144627961566147079e+01 1.007656091769035811e+00 2.915913514708878829e-05 9.378513056917929802e+00 -1.677999668546035356e-02 9.743486547145716048e-02 1.616972282807112998e-02
1.168474377432885980e+01 1.006451911224561790e+00 2.072448529556649571e-05 9.378358455677751948e+00 -1.664370959522138219e-02 9.427060296505633541e-02 1.600971726188333416e-02
1.192320793299631454e+01 1.005677679113428757e+00 1.605727004309973754e-05 9.378385336690969964e+00 -1.691755477062374322e-02 9.575823411747171054e-02 1.606392186276340422e-02
1.216167209166373731e+01 1.005020927146475840e+00 1.256282091382978500e-05 9.378816276334505986e+00 -1.727619419990422331e-02 9.179018975622944831e-02 1.493861610245357692e-02
1.240013625033117428e+01 1.004301080097881105e+00 9.223207957431700521e-06 9.374712020830870074e+00 -1.624728290776938575e-02 9.328721222166799776e-02 1.270827738178942172e-02
1.263860040899860948e+01 1.004418892485862136e+00 9.734638389283234439e-06 9.386145941449344221e+00 -1.758533596372879523e-02 9.355223111098151523e-02 1.184857686326567551e-02
1.287706456766603935e+01 1.003453379600885986e+00 5.949222652199947364e-06 9.385723857683130333e+00 -1.782904546550076463e-02 9.314913246155123727e-02 1.247406707415858393e-02
1.311552872633348699e+01 1.003459355624388261e+00 5.969806839748858368e-06 9.390692100746802495e+00 -1.762625644552945695e-02 9.236034291542603858e-02 1.200163037770178402e-02
1.335399288500087422e+01 1.002556431674710646e+00 3.262113057079726874e-06 9.380822078817077525e+00 -1.781818777460283942e-02 9.102933277683405988e-02 1.357891723483109318e-02
1.359245704366835383e+01 1.001780593365821259e+00 1.583377078686297457e-06 9.376000618881377591e+00 -1.801903946063343129e-02 9.198059948452246004e-02 1.360317235960815940e-02
1.383092120233579791e+01 1.001572162019642942e+00 1.234552932564882827e-06 9.379288660124805332e+00 -1.787572112089595711e-02 9.015086351655472729e-02 1.303556552386202043e-02
1.406938536100318693e+01 1.001482568713029320e+00 1.097919967194471366e-06 9.382761763203182781e+00 -1.887886922382968000e-02 8.989415806003381304e-02 1.397956423117968812e-02
1.430784951967067009e+01 1.001466833867851625e+00 1.074749939898806197e-06 9.388393831358918362e+00 -1.948227410831461504e-02 8.821788409774972139e-02 1.364296573439339327e-02
1.454631367833809819e+01 1.001063993507837147e+00 5.656399031249599585e-07 9.388718273583624097e+00 -1.895367591900037549e-02 8.964345799816499094e-02 1.198790864364572550e-02
1.478477783700548898e+01 1.000955430623606368e+00 4.561333255511442614e-07 9.398236782332931583e+00 -1.907008870027137107e-02 9.129384483414119955e-02 1.006494797567748269e-02
1.502324199567292240e+01 1.000159288802437763e+00 1.268511424446969703e-08 9.394193603502056789e+00 -1.734731856405898054e-02 9.376113590914035567e-02 9.893343295015883873e-03
1.526170615434041444e+01 1.000950743428489220e+00 4.516702743810824608e-07 9.403995761982912427e+00 -1.680991275874565288e-02 9.144426655894891121e-02 1.093956989620410367e-02
1.550017031300779813e+01 1.000952762194234680e+00 4.535898134274589724e-07 9.400177682312111926e+00 -1.759928829232507153e-02 9.016012103510176456e-02 1.238560252230821307e-02
1.573863447167522978e+01 1.000359353744593394e+00 6.455209264886498099e-08 9.403290580316101099e+00 -1.636243709276714864e-02 9.085126377754923488e-02 1.061105892863195045e-02
1.597709863034269340e+01 1.000011519006662741e+00 6.634324777640265153e-11 9.405780915779413220e+00 -1.732353470681575677e-02 9.238917983616319607e-02 1.078089748577292818e-02
1.621556278901011083e+01 1.000782196514693245e+00 3.057562631986893154e-07 9.418210376400610429e+00 -1.871730545267948076e-02 9.330000347069310196e-02 1.111444704951723705e-02
1.645402694767069818e+01 1.001465133914665184e+00 1.072261483948391478e-06 9.427742721189764197e+00 -1.832062368527796747e-02 9.374781537567729306e-02 1.181454454423704753e-02
1.669249110631081479e+01 1.000881093569347957e+00 3.879350842912699868e-07 9.427915738448895411e+00 -1.850121400116774839e-02 9.359170462986522721e-02 1.146340647452125452e-02
1.693095526495092784e+01 1.000795861268744424e+00 3.165296482189345478e-07 9.431985908579033406e+00 -1.841984418490148767e-02 9.081282997767227416e-02 1.181682384369253831e-02
1.716941942359104090e+01 1.000853218667632216e+00 3.637841371594702222e-07 9.434270867402503313e+00 -1.832291424283255185e-02 9.195711892243293994e-02 1.258270802389158463e-02
1.740788358223118237e+01 1.000937663092350993e+00 4.393314289162942449e-07 9.438072529164537983e+00 -1.809707714659581843e-02 9.207582373107037199e-02 1.360865753781580895e-02
1.764634774087129898e+01 1.000538563040589413e+00 1.449730252710236186e-07 9.426658245456636109e+00 -1.806729416380441905e-02 9.226216815962619278e-02 1.261793300090712638e-02
1.788481189951150085e+01 1.000808901706817799e+00 3.269846652250449695e-07 9.423726625349223340e+00 -1.806192906911301133e-02 8.882814836146442350e-02 1.118585236940881043e-02
1.812327605815161746e+01 1.000777507221996210e+00 3.021021591961261729e-07 9.418650079919732576e+00 -1.711226871167062513e-02 8.810291839201984943e-02 1.013113226338264658e-02
1.836174021679175894e+01 1.000838995420225253e+00 3.517599213540304956e-07 9.427835008689902097e+00 -1.804876325503883272e-02 8.777902867770084883e-02 1.185581190484560378e-02
1.860020437543187555e+01 1.000746297941256024e+00 2.783418332124925829e-07 9.432226518079382060e+00 -1.871130365659155748e-02 8.777622537427291760e-02 1.248964478484271973e-02
1.883866853407198505e+01 1.000463452456087365e+00 1.073609196862316054e-07 9.429697670097379358e+00 -1.823527989246284675e-02 8.673975185420629286e-02 1.190438942399342157e-02
1.907713269271209811e+01 1.000284969140790903e+00 4.059599338109140185e-08 9.428194259737919580e+00 -1.867032304324539246e-02 8.902424920489931948e-02 1.179147623511187654e-02
1.931559685135223603e+01 1.000093756988730265e+00 4.394911767561962383e-09 9.427080475241425006e+00 -1.817294074537719600e-02 9.019605070905396815e-02 1.355862759999168152e-02
1.955406100999234908e+01 1.000930135099150853e+00 4.323076024545470172e-07 9.431873455762117331e+00 -1.825314931229023857e-02 8.955641262788276158e-02 1.475869994524376533e-02
1.979252516863256517e+01 1.001247183814819364e+00 7.770876869570703116e-07 9.439874501342966795e+00 -1.788336411270598919e-02 8.921778638240837611e-02 1.407469029066111231e-02
2.003098932727268178e+01 1.001180857495221455e+00 6.966638254788607570e-07 9.439360107418192314e+00 -1.831173642979536803e-02 9.012009696283219962e-02 1.429546911267244938e-02
2.026945348591281970e+01 1.000859973283408255e+00 3.695651618213771292e-07 9.436018372619917827e+00 -1.795086427080609670e-02 9.120874958695374124e-02 1.547697913301855632e-02
2.050791764455293276e+01 1.001064633549026750e+00 5.663203833774013707e-07 9.446522153384597331e+00 -1.873057415225854241e-02 9.107742811688103457e-02 1.322534343679531571e-02
2.074638180319304226e+01 1.001123569966796412e+00 6.307323314161568384e-07 9.443675458935082645e+00 -1.858587167141691199e-02 9.150205377881029389e-02 1.196986573334953875e-02
2.098484596183315887e+01 1.001131116910050523e+00 6.392307477043421976e-07 9.449230730769404119e+00 -1.796325517558111998e-02 9.124822496218382151e-02 1.149923921413920774e-02
2.122331012047329324e+01 1.001413883974303420e+00 9.985927943163396686e-07 9.447455096597122903e+00 -1.911854552859537648e-02 9.266196335668007433e-02 1.260358681573881846e-02
2.146177427911340274e+01 1.002193087483188361e+00 2.401306145708576034e-06 9.455206990098451669e+00 -1.882144369846585480e-02 9.334165724994766822e-02 1.257868933232542639e-02
2.170023843775361883e+01 1.001871836738657207e+00 1.749703289075088541e-06 9.455228054020107464e+00 -1.880792482721842934e-02 9.252660216164938778e-02 1.359221930383987600e-02
2.193870259639373543e+01 1.001273070506106144e+00 8.096671540286891344e-07 9.445573016402160960e+00 -1.810671568517007238e-02 9.263735187956695372e-02 1.313996381936099848e-02
2.217716675503386270e+01 1.000777836400194465e+00 3.023579528781518769e-07 9.432662357908988326e+00 -1.775290164512534699e-02 9.118178245598786147e-02 1.408506179309724701e-02
2.241563091367397575e+01 1.000405446310333790e+00 8.217114537347088021e-08 9.425174830736949616e+00 -1.802361193894933683e-02 9.327031585348256881e-02 1.165022490123888282e-02
2.265409507231411723e+01 1.000985966157445173e+00 4.857453723679325958e-07 9.432158474905802947e+00 -1.871056624461991252e-02 9.186097295092268689e-02 1.190938041479557181e-02
2.289255923095423384e+01 1.000832867271313154e+00 3.466414882646613044e-07 9.438590539331519480e+00 -1.856688744045422584e-02 9.215437567741326108e-02 1.156391371672745028e-02
2.313102338959436821e+01 1.001202702076982032e+00 7.226667658117094661e-07 9.443725209237104679e+00 -1.792766407064606826e-02 9.200693713772040150e-02 1.315946146931838527e-02
2.336948754823448127e+01 1.001131099075858399e+00 6.392105980984000985e-07 9.444945244051732303e+00 -1.717848701876587697e-02 9.333278535385830521e-02 1.185529874289041607e-02
2.360795170687469380e+01 1.001781800022010005e+00 1.585522549195231626e-06 9.451901624868860097e+00 -1.683472332645772132e-02 9.138966473284154679e-02 1.079311988263159834e-02
2.384641586551480330e+01 1.001755149513000820e+00 1.538475000446024379e-06 9.451384360363157100e+00 -1.608113120924731590e-02 9.180178032747637884e-02 1.364046035703520010e-02
2.408488002415493767e+01 1.001696399381487357e+00 1.437260215437705102e-06 9.451084069808016963e+00 -1.695582763719599012e-02 9.154843413333296764e-02 1.083043723556946156e-02
2.432334418279505073e+01 1.002354486540142808e+00 2.767460319723184792e-06 9.467288589556726919e+00 -1.807185567700036327e-02 9.062533048340787323e-02 1.135189630028613644e-02
2.456180834143516023e+01 1.002977391537018814e+00 4.423651728703917319e-06 9.472335681641567362e+00 -1.770327922182519595e-02 8.772090637421743609e-02 1.114918293934001950e-02
2.480027250007526973e+01 1.001806643894186832e+00 1.630018133950581968e-06 9.455336003417139423e+00 -1.866320697614086421e-02 8.676231295628150653e-02 1.031888703489004799e-02
2.503873665871540055e+01 1.001600858326072707e+00 1.280007798069686398e-06 9.447527231753335641e+00 -2.010768260284427622e-02 8.660116699984786448e-02 1.162718290078986957e-02
2.527720081735551361e+01 1.001306032033864479e+00 8.521179885060889414e-07 9.449309356403489346e+00 -1.879434857185297708e-02 8.685360183102097675e-02 1.168571030594121180e-02
2.551566497599571548e+01 1.002369912264624352e+00 2.803813084092249275e-06 9.463535108655944939e+00 -1.824126467712755204e-02 8.792492783614265506e-02 1.117489259464545664e-02
2.575412913463582498e+01 1.002524672700780162e+00 3.181632194866439167e-06 9.464364864027503543e+00 -1.938446456696911804e-02 8.682434017629830914e-02 1.287560680834168476e-02
2.599259329327595580e+01 1.002788824201935602e+00 3.881555239196483875e-06 9.463820400227028529e+00 -1.916408674688264979e-02 8.581372872999989965e-02 9.698348138936377025e-03
2.623105745191606175e+01 1.002737351491976403e+00 3.739723524647312058e-06 9.468624003450361926e+00 -1.860483258101809645e-02 8.742607434429507107e-02 9.050906919729031705e-03
2.646952161055626718e+01 1.002729012804816744e+00 3.716994496383643765e-06 9.465103177704367710e+00 -1.824899815492307675e-02 8.880454588205415056e-02 9.334459640040128348e-03
2.670798576919638023e+01 1.002337916247234784e+00 2.728674076124797815e-06 9.459181931578791946e+00 -1.840399254119666483e-02 8.913232352161383487e-02 1.193639917775761276e-02
2.694644992783650750e+01 1.002232082015218184e+00 2.487394370167834295e-06 9.459385014199598984e+00 -1.898261385038756480e-02 9.134639114944073657e-02 1.088406210060337276e-02
2.718491408647662055e+01 1.002001789740032400e+00 2.000911257533672521e-06 9.458659144557959308e+00 -1.894695613286111538e-02 9.172138614776166599e-02 1.217782731384734439e-02
2.742337824511681532e+01 1.001629563908938758e+00 1.326298603261319431e-06 9.454302122715013468e+00 -1.893834720508412103e-02 9.221634190088140448e-02 1.259966214017669769e-02
2.766184240375692838e+01 1.002859627115992414e+00 4.080955465158870449e-06 9.458386308489187044e+00 -1.869094649098752489e-02 9.208175710063526420e-02 1.445098765403131716e-02
2.790030656239705209e+01 1.003384869477895291e+00 5.715776218530310704e-06 9.462494232382550052e+00 -1.921701546965469756e-02 9.265146023414710941e-02 1.399887294531074015e-02
2.813877072103716870e+01 1.002883589861875091e+00 4.149570054276952719e-06 9.454592740864752543e+00 -2.021958461501959306e-02 9.055053880108085429e-02 1.535673479322876948e-02
2.837723487967727820e+01 1.003465793951803464e+00 5.992023104433967517e-06 9.465797916929252764e+00 -1.742935968803654284e-02 8.971541086652644326e-02 1.549191422827081790e-02
2.861569903831738770e+01 1.002521885756449516e+00 3.174617655768430247e-06 9.457513477896872800e+00 -1.867194015962213641e-02 9.129117458396071583e-02 1.401028759333643181e-02
2.885416319695751142e+01 1.002100574472025274e+00 2.203121881329782317e-06 9.457250475917573951e+00 -1.741349113771091528e-02 9.062942086298847455e-02 1.404485346914144915e-02
2.909262735559762802e+01 1.001420755479488278e+00 1.008318130230967738e-06 9.443982923327753909e+00 -1.699793746357257038e-02 9.042093996169660308e-02 1.420035084486142435e-02
2.933109151423781569e+01 1.001828855336807766e+00 1.670319716139036931e-06 9.457297305613558080e+00 -1.749337990060057663e-02 9.099465439507735398e-02 1.454875643607296196e-02
2.956955567287792164e+01 1.001371999207213648e+00 9.403309217095780909e-07 9.449336816769138281e+00 -1.773570293260980091e-02 9.267469010066722857e-02 1.260323177914178180e-02
2.980801983151804535e+01 1.001158758195768161e+00 6.708420989540771900e-07 9.449812001151622454e+00 -1.812299284390423912e-02 9.134730379041142156e-02 1.309569520216809398e-02
3.004648399015815485e+01 1.001191695569091378e+00 7.095055442290880421e-07 9.448377695875278093e+00 -1.786037180481181083e-02 8.918425022964125704e-02 1.392435813712544247e-02
3.028494814879840646e+01 1.000427753799527419e+00 9.146057569539003604e-08 9.431536958127074044e+00 -1.766213850523163514e-02 8.868015283444469210e-02 1.570737542106692350e-02
3.052341230743851952e+01 1.000853544355195801e+00 3.640618359217846420e-07 9.434672446208258734e+00 -1.811920709617936484e-02 8.872289737442969060e-02 1.521975841648320199e-02
3.076187646607863968e+01 9.996799623659401446e-01 5.122297275152610380e-08 9.418886943319270344e+00 -1.680525476731366957e-02 8.539465920386779541e-02 1.394267640431972460e-02
3.100034062471875629e+01 9.998312860312774664e-01 1.423380260445056278e-08 9.428011519898218395e+00 -1.679681344378426353e-02 8.735778443733016596e-02 1.322727289207144274e-02
3.123880478335894040e+01 9.998819849750949507e-01 6.964320986736901795e-09 9.428478527352421423e+00 -1.581580778275057039e-02 8.753626933610483829e-02 1.299462215409626434e-02
3.147726894199904990e+01 9.987257351648899384e-01 8.125657910249169114e-07 9.419808737861991688e+00 -1.656098135080224729e-02 8.587547641054918413e-02 1.285268300122425003e-02
3.171573310063917361e+01 9.984787960907606230e-01 1.158205393476116965e-06 9.417677261150027235e+00 -1.566888066729217946e-02 8.651157098885650654e-02 1.248821870764630498e-02
3.195419725927928312e+01 9.988057319056895533e-01 7.137064350151451492e-07 9.411864883115223179e+00 -1.717997979763246849e-02 8.787742237638157539e-02 1.339319131746599147e-02
3.219266141791939617e+01 9.986486922778069486e-01 9.138396251634050421e-07 9.411957114326325424e+00 -1.809310656677468737e-02 8.910754581727280133e-02 1.424077337806451717e-02
3.243112557655950212e+01 9.983283829641937945e-01 1.398710713631937455e-06 9.405897840156953293e+00 -1.952320408994811726e-02 8.781510411826000395e-02 1.204887539818496472e-02
3.266958973519962939e+01 9.989565230715704569e-01 5.448010746244950908e-07 9.418433193222879751e+00 -1.940994734272273939e-02 8.896503596068479347e-02 1.252216539070297868e-02
3.290805389386729729e+01 9.982713628097538150e-01 1.495817333282880440e-06 9.404569498931849125e+00 -1.860444301914813622e-02 9.197400048838916264e-02 1.204763139058032638e-02
3.314651805256212924e+01 9.989384105185454832e-01 5.638852253080691573e-07 9.415062768416049721e+00 -1.822491757970557194e-02 9.069627416463603431e-02 1.368423319698746504e-02
3.338498221125685461e+01 9.998089451065961253e-01 1.825331110674906221e-08 9.437451107211092705e+00 -1.806728817503174683e-02 9.186274787079225235e-02 1.439642359008616070e-02
3.362344636995152314e+01 9.993901789506576261e-01 1.860164844666792328e-07 9.432901132021765278e+00 -1.761677918228697279e-02 9.012482736629362501e-02 1.397782883737321707e-02
3.386191052864624140e+01 9.998427213361267274e-01 1.236958605319417662e-08 9.437129057231970819e+00 -1.797046688911102530e-02 8.871931642829831988e-02 1.411843915091729254e-02
3.410037468734108046e+01 9.996841931473636755e-01 4.987748546358928767e-08 9.433435188945344052e+00 -1.761055424244730577e-02 8.874550599330353895e-02 1.386027651768769083e-02
3.433883884603580583e+01 9.996068101580410925e-01 7.731939404091161747e-08 9.429073571796074305e+00 -1.687740839294821216e-02 8.845235307605704700e-02 1.098952292868829797e-02
3.457730300473046015e+01 9.996996979637420289e-01 4.509968573465986119e-08 9.423739464738536853e+00 -1.716191267134102236e-02 8.949788744382977668e-02 1.197878802940413948e-02
3.481576716342517841e+01 9.992122380973901263e-01 3.104474574290756739e-07 9.416327744735777827e+00 -1.594984740638945298e-02 8.915290767893736812e-02 1.504929560747503975e-02
3.505423132212001747e+01 9.996426460869255459e-01 6.386612525454121031e-08 9.425145949443356486e+00 -1.624859087796809778e-02 8.927383834278909691e-02 1.261273475670135306e-02
3.529269548081474284e+01 9.999462968475797409e-01 1.442065919157926607e-09 9.428640040822509505e+00 -1.675636291169758929e-02 8.844911338035590931e-02 1.322378250927952296e-02
3.553115963950939715e+01 1.000527441128906680e+00 1.390481812264983408e-07 9.437211324141573598e+00 -1.641729843398663513e-02 9.031855160917387493e-02 1.556686595086733196e-02
3.576962379820411542e+01 1.001216140829577661e+00 7.389002481825515667e-07 9.447183065681054259e+00 -1.729552917061263906e-02 8.908533069541249572e-02 1.446604515864789026e-02
