0.000000000000000000e+00 1.216520647213304773e+00 2.052579147857400144e-02 7.285734554279848396e+00 1.221436340956447292e-01 2.433021326145292651e-01 5.017469960517087837e-03
2.211999073317928444e-01 1.193382823139392146e+00 1.659084035030999882e-02 6.689321241918297467e+00 1.075765191601169291e-01 2.554011637765568055e-01 9.176992389769505001e-03
4.423998146638187245e-01 1.169970930962163758e+00 1.299202779263333718e-02 6.239295064415228076e+00 9.454433654121047192e-02 2.666914352381898889e-01 9.532104898595909065e-03
6.635997219961087268e-01 1.146987730773389558e+00 9.848589480760644443e-03 5.889634196838461122e+00 8.422748754803709159e-02 2.732770713023035536e-01 1.536199126058126509e-02
8.847996293283980629e-01 1.123819466131536160e+00 7.086344881077413782e-03 5.611806267917599733e+00 7.376198141859088842e-02 2.772314683827186710e-01 2.130310947191002557e-02
1.105999536660685401e+00 1.104555039289748075e+00 5.112464792936866065e-03 5.412238980930085042e+00 6.632131945390709604e-02 2.768517710407825683e-01 2.560855603905777197e-02
1.327199443992975958e+00 1.086923810793608114e+00 3.572296377273201373e-03 5.258348008158957754e+00 5.845339526623547638e-02 2.769771173874143733e-01 2.999806766967540866e-02
1.548399351325258744e+00 1.070695704258440406e+00 2.387076171409666103e-03 5.137298299688133341e+00 5.670594725861745344e-02 2.701743753400525083e-01 3.390982738910752053e-02
1.769599258657548191e+00 1.059219331857441659e+00 1.687174447405841160e-03 5.067072099505398164e+00 5.396530927745426393e-02 2.689684748561777528e-01 3.653684411633001394e-02
1.990799165989836750e+00 1.048253594044148862e+00 1.128058367746258284e-03 5.007741154701857766e+00 5.187355844520277065e-02 2.632654507948257727e-01 3.720317333752123923e-02
2.211999073322126641e+00 1.038209739866075454e+00 7.119140060485099064e-04 4.962435047531568166e+00 4.876969464233986418e-02 2.533830392132536691e-01 3.884337538213511465e-02
2.433198980654416754e+00 1.030060563728253609e+00 4.429634791773794100e-04 4.938549727217631968e+00 4.646651257426631654e-02 2.473671780861436131e-01 3.987889590098894071e-02
2.654398887986012312e+00 1.023079486366168078e+00 2.623031324448174550e-04 4.921783870532101091e+00 4.663210217981186151e-02 2.440288453505217725e-01 4.064731731090496375e-02
2.875598795313938805e+00 1.016738634733055147e+00 1.385470251939122099e-04 4.901223991389328738e+00 4.517125239640982365e-02 2.396177750283694230e-01 3.870169645521373547e-02
3.096798702641871071e+00 1.012004782532795799e+00 7.148585576791273433e-05 4.901140226966669289e+00 4.408540821298004980e-02 2.378189938209500087e-01 3.929524066140942934e-02
3.317998609969803780e+00 1.007868338001843167e+00 3.079394548110084284e-05 4.892144897928059954e+00 4.279243631167847089e-02 2.339324519629090160e-01 3.891705449692440394e-02
3.539198517297732494e+00 1.004695810257082433e+00 1.099092289028047453e-05 4.899310369744924287e+00 4.400083890371092599e-02 2.357228057224126927e-01 3.619547017026851499e-02
3.760398424625641667e+00 1.002937790500257886e+00 4.306873445597027283e-06 4.910146009468801864e+00 4.438130172149734598e-02 2.324068084049674132e-01 3.512852989093934175e-02
3.981598331953568604e+00 1.002721535274964104e+00 3.696671563988528086e-06 4.926349451913724309e+00 4.471111782943237856e-02 2.312364551928939027e-01 3.720863764289475406e-02
4.202798239281507087e+00 1.001010267965116052e+00 5.099772337963711516e-07 4.930598847673108409e+00 4.474128222214712736e-02 2.263196532088177226e-01 3.643908945724070453e-02
4.423998146609415372e+00 1.000745814007798495e+00 2.779810609215447800e-07 4.941634508061400588e+00 4.629423240454182131e-02 2.269239967207102027e-01 3.508236502277466834e-02
4.645198053937353855e+00 9.995312611504221234e-01 1.098923964504999219e-07 4.944814740169684697e+00 4.315385662406577560e-02 2.254361092425832824e-01 3.331449620197231287e-02
4.866397961265278127e+00 9.999129497982195414e-01 3.789088710558241070e-09 4.959118733969594572e+00 4.192890888965665475e-02 2.249457001699927960e-01 3.262962541934297245e-02
5.087597868593198847e+00 9.998202174517291096e-01 1.616281955567041087e-08 4.962742911632636478e+00 4.248567101948599878e-02 2.250010388760957381e-01 3.384683974135153928e-02
5.308797775921142659e+00 9.985489412616137539e-01 1.053805276726152082e-06 4.953275599875664348e+00 4.128301445499645006e-02 2.254151598010357138e-01 3.273659136795113028e-02
5.529997683249047391e+00 9.992402731933625049e-01 2.887386612916188755e-07 4.967621845181660944e+00 4.072588126191663965e-02 2.296307073586259517e-01 2.976626472647896440e-02
5.751197590576996532e+00 9.998100894340790079e-01 1.803529495574538767e-08 4.969550714777329681e+00 4.124686454552153880e-02 2.257313957794549741e-01 3.521833473902923756e-02
5.972397497904915475e+00 9.998289432746908512e-01 1.463187024707403132e-08 4.962672234477147448e+00 4.329121681785142589e-02 2.302405829794452463e-01 3.568406000755772189e-02
6.193597405232818431e+00 9.998607086805975097e-01 9.701936771273813459e-09 4.964156331018759971e+00 4.443540100596021086e-02 2.310928423527835174e-01 3.458486724610209534e-02
6.414797312560769349e+00 1.000202192120403399e+00 2.043807187829564317e-08 4.984663018129838363e+00 4.239370940626944334e-02 2.341314414401630128e-01 3.689389215575545472e-02
6.635997219888684739e+00 9.990303321148775728e-01 4.704320368642111311e-07 4.975928651448895401e+00 4.183578774057506583e-02 2.298873188623633823e-01 3.325624086893532588e-02
6.857197127216601906e+00 1.000330168531736730e+00 5.449363528221016009e-08 4.980683143673751090e+00 4.096595896025885530e-02 2.290078923056459714e-01 3.370297787732376427e-02
7.078397034544550159e+00 1.000196322517254988e+00 1.926874350642636749e-08 4.988931088381427514e+00 4.169660602396887267e-02 2.275323422316895272e-01 3.348380406825617051e-02
7.299596941872454003e+00 1.000172156850249738e+00 1.481728996970002946e-08 4.993483379681518564e+00 3.940056599751799726e-02 2.220093940978467850e-01 3.295194515582040851e-02
7.520796849200366729e+00 1.000878143922177221e+00 3.853427995708378143e-07 4.995304244015551731e+00 4.128350376419440831e-02 2.246210769269200436e-01 3.432483176832274580e-02
7.741996756528311430e+00 1.000287702248693567e+00 4.137835571128541459e-08 4.990212475366956113e+00 4.211354878899911669e-02 2.273281614573658960e-01 3.324526331864167961e-02
7.963196663856237478e+00 1.001354807920642243e+00 9.169241735956182998e-07 5.001035090927757665e+00 4.336853945730956283e-02 2.282445998912172036e-01 3.301975957405683948e-02
8.184396571184178626e+00 1.001605726781227279e+00 1.287800861396719981e-06 5.003958391745860546e+00 4.247575462241673372e-02 2.319048416407894497e-01 3.197700629994122690e-02
8.405596478512091352e+00 1.000727941131412502e+00 2.648206373044581508e-07 5.002039269503687713e+00 4.330905160824450456e-02 2.273205762780581285e-01 3.472191552237055556e-02
8.626796385840004078e+00 1.000692963260143564e+00 2.399881776943713768e-07 4.997657220359499775e+00 4.331916227000589398e-02 2.268596761328764144e-01 3.206448189122691056e-02
8.847996293167939896e+00 1.000653031958605776e+00 2.131325862678038266e-07 4.994112371482983370e+00 4.232167490698465762e-02 2.303851553410483921e-01 2.996256791986742080e-02
9.069196200495881044e+00 1.000967782419855290e+00 4.679994826483182060e-07 4.997400106207592785e+00 4.251392176817150176e-02 2.275447877926641271e-01 3.129754629801657223e-02
9.290396107823818639e+00 9.996655337700286470e-01 5.594630460975785063e-08 4.987567352111054397e+00 4.034089569072479842e-02 2.269409317272552407e-01 3.153027468757543111e-02
9.511596015151729588e+00 9.994432171460396752e-01 1.550611328234681105e-07 4.979227668439827781e+00 4.078785260771567583e-02 2.238422821914934358e-01 3.219349046226428063e-02
9.732795922479631656e+00 9.988754119782398133e-01 6.328235977247180510e-07 4.981049153197166568e+00 4.293670158845274559e-02 2.248095940245140034e-01 3.344271811975375180e-02
9.953995829807563922e+00 9.997262974900984478e-01 3.746336799771233031e-08 4.983521138249702886e+00 4.293676541114688910e-02 2.236913163604095922e-01 3.247053525601693164e-02
1.017519573713547487e+01 1.000340870370727719e+00 5.808310598833703667e-08 4.988906184830725010e+00 4.101968382824324605e-02 2.256812242242167976e-01 3.302374563927862328e-02
1.039639564446343378e+01 1.000182409569215558e+00 1.663460262764371311e-08 4.994140304585348744e+00 4.122468721764566135e-02 2.232259688000943765e-01 3.269852256919663497e-02
1.061759555180228531e+01 1.000996381044259476e+00 4.960581114256141372e-07 4.999139739963181839e+00 4.171636633386302528e-02 2.238434548007701697e-01 3.454750977362871373e-02
1.083879545914769871e+01 1.000291202300932270e+00 4.239116063145705049e-08 4.998614685230248433e+00 4.247071739022831999e-02 2.284310947609879683e-01 3.408688762469945510e-02
1.105999536649304105e+01 1.000511524447344591e+00 1.307840325295329953e-07 4.991278247112444610e+00 4.363150855587022425e-02 2.300321199666256755e-01 3.521886211529794142e-02
1.128119527383845622e+01 9.995511418753065813e-01 1.007669625597076846e-07 4.981076269356180752e+00 4.333019690183969458e-02 2.216736163744600363e-01 3.233581301572814592e-02
1.150239518118381632e+01 9.982553960624089839e-01 1.523593752502045220e-06 4.978295171728825963e+00 4.042740438462601865e-02 2.280565069640665410e-01 3.121157314847950587e-02
1.172359508852917465e+01 9.987034323683341430e-01 8.412710669222864951e-07 4.982319207539057437e+00 4.089707928912243023e-02 2.288383904252407341e-01 3.222163521879694431e-02
1.194479499587457916e+01 1.000086844229445715e+00 3.770741784149566657e-09 4.996104621168607096e+00 4.089882497507520143e-02 2.296216046561540547e-01 3.173403112603690596e-02
1.216599490321993216e+01 1.000301369562591081e+00 4.540268486570792419e-08 4.994659441169408964e+00 4.225724449769416302e-02 2.313779404449508581e-01 3.084941022006366246e-02
1.238719481056528871e+01 1.000829638370712482e+00 3.439596847910333585e-07 5.004107663191660116e+00 4.182461458571395951e-02 2.284382468704773961e-01 3.332375417624804104e-02
1.260839471791071276e+01 1.000994383707995539e+00 4.940719750749604511e-07 5.000168900439506459e+00 4.250724821618814125e-02 2.287680302792282905e-01 3.444994562320711357e-02
1.282959462525604977e+01 1.000585327427633064e+00 1.712372821095244080e-07 4.998428410982539205e+00 4.204171637176384868e-02 2.303711292174561442e-01 3.390720689333846100e-02
1.305079453260147382e+01 9.999437413744973746e-01 1.582575827696153063e-09 4.985893695684017857e+00 4.318310637727926227e-02 2.309743254741704055e-01 3.355740193484064993e-02
1.327199443994682682e+01 9.995364954529710744e-01 1.074514366606812987e-07 4.986602695046789435e+00 4.342655453275615779e-02 2.263361201932985178e-01 3.372786244434759079e-02
1.349319434729218159e+01 9.990915563636146857e-01 4.128849943475353806e-07 4.984446532808370023e+00 4.351896279427579922e-02 2.237799746163938730e-01 3.386673187204871510e-02
1.371439425463759143e+01 1.000117322089732586e+00 6.881698124734268382e-09 4.999300615084806942e+00 4.417280632669539492e-02 2.277848526269443397e-01 3.326701481896685714e-02
1.393559416198294976e+01 1.000918982834174908e+00 4.220062002415229593e-07 5.001903932287224741e+00 4.393974772671157408e-02 2.335347665933777961e-01 3.272790724079008978e-02
1.415679406932829565e+01 1.000382409088690583e+00 7.309972015212291147e-08 4.995958547402078231e+00 4.252574914935659117e-02 2.339272624552675151e-01 3.520739909576697108e-02
1.437799397667372148e+01 1.000725207908945036e+00 2.628361893526826379e-07 4.992134125385807586e+00 4.351861999477199539e-02 2.323548241326883756e-01 3.575900122447731033e-02
1.459919388401907270e+01 1.000755103696682191e+00 2.849473621898074641e-07 4.986029055612163141e+00 4.369055144956785625e-02 2.309450329295099358e-01 3.493131790531653347e-02
1.482039379136447543e+01 1.000575643899871192e+00 1.656193942481268624e-07 4.982417261589013435e+00 4.408669733514496147e-02 2.289387857865410603e-01 3.374033685323617193e-02
1.504159369870983909e+01 1.001192945434123960e+00 7.109940092042774801e-07 4.987359265295710387e+00 4.334443483341993142e-02 2.321871445006896961e-01 3.411462722737007569e-02
1.526279360605520630e+01 1.002477344893370814e+00 3.063560239977437122e-06 4.992713489166124674e+00 4.277216570680195812e-02 2.300613705946555898e-01 3.385535472779185873e-02
1.548399351340058772e+01 1.000985147086206783e+00 4.849389260838318783e-07 4.981639666725401483e+00 4.210697383505102726e-02 2.312649306980626429e-01 3.598790437342617998e-02
1.570519342074595315e+01 9.999062947807203505e-01 4.390608344208074207e-09 4.977958961930524673e+00 4.156880573401146306e-02 2.294093015844799466e-01 3.647096431933095212e-02
1.592639332809132569e+01 1.001340678906671000e+00 8.979075178812932767e-07 4.995987230111250454e+00 4.159602072944713902e-02 2.313671828270569275e-01 3.459873401976335666e-02
1.614759323543671243e+01 1.000960263050167720e+00 4.607576206715809780e-07 4.994549828252952572e+00 4.259686350198888666e-02 2.285501708201122251e-01 3.456122001752651163e-02
1.636879314278207076e+01 1.000360378278932760e+00 6.492065510226236250e-08 4.991268118256230402e+00 4.249433029526036854e-02 2.245653328070198185e-01 3.422303051444017252e-02
1.658999305012750014e+01 9.998260922873306589e-01 1.512369970704525828e-08 4.984762380408323423e+00 4.282268904742846799e-02 2.256806467537768868e-01 3.321050138827619236e-02
1.681119295747281939e+01 9.988682614431286799e-01 6.408996801061245252e-07 4.986997729833669624e+00 4.127781916950944846e-02 2.260185271144421748e-01 3.475470003876696135e-02
1.703239286481819548e+01 9.986758006763861717e-01 8.775266900423132205e-07 4.984417672426078916e+00 4.172601921419713533e-02 2.191569967457371315e-01 3.355192760537646646e-02
1.725359277216361775e+01 9.980971119928916391e-01 1.812791441569523362e-06 4.975835205236239567e+00 4.166848129979942861e-02 2.217210925066811500e-01 3.364820750395470378e-02
1.747479267950899740e+01 9.994329551212295382e-01 1.608307489787486402e-07 4.984931343925108393e+00 4.081191474340067904e-02 2.246897195201393305e-01 3.196002921068377689e-02
1.769599258685430954e+01 1.000527983233034934e+00 1.393341052927142901e-07 4.991737991089586046e+00 3.984803816496094997e-02 2.225990505274849374e-01 3.278033624847286748e-02
1.791719249419974602e+01 1.000829056037741749e+00 3.434771287763550493e-07 4.989424535417825268e+00 4.090814255930886462e-02 2.238964888802741637e-01 3.433381149934973398e-02
1.813839240154511856e+01 1.000668589621455329e+00 2.234064683409066332e-07 4.993618171160745689e+00 4.216107988957133734e-02 2.266457640680928920e-01 3.219464768706051944e-02
1.835959230889047689e+01 9.997621255455022560e-01 2.829661550159037059e-08 4.988173114798808427e+00 4.274593720828259724e-02 2.243674456663588279e-01 3.278410208383313040e-02
1.858079221623586008e+01 1.000583697188291099e+00 1.702849438030024781e-07 4.997259037823445382e+00 4.217430299876183397e-02 2.233681977225955573e-01 3.226609551556444688e-02
1.880199212358124683e+01 1.000743322430720950e+00 2.761272920725078156e-07 4.989398549366967472e+00 4.235022833692027311e-02 2.229648146506423290e-01 3.042966430775785602e-02
1.902319203092658739e+01 1.000821789107527504e+00 3.374837876147802201e-07 4.994081090408870161e+00 4.234405021886288728e-02 2.250507154475270832e-01 3.056984680920465589e-02
1.924439193827197769e+01 1.000156946532802182e+00 1.231481858412412748e-08 4.987296453337471291e+00 4.168418972164155550e-02 2.242609327867161884e-01 3.446085549433756945e-02
1.946559184561736799e+01 1.000601977990566160e+00 1.811160689499467097e-07 4.987277272632849368e+00 4.219815350359600731e-02 2.265444156460827974e-01 3.195579263516831747e-02
1.968679175296270856e+01 1.001307141880383611e+00 8.535662072684489787e-07 4.996334536573994178e+00 4.299146520701808971e-02 2.299264602677645597e-01 3.320141608773881370e-02
1.990799166030809175e+01 1.001004094380123943e+00 5.037655715135237744e-07 4.998839034345253118e+00 4.214981662591692213e-02 2.350805232710373449e-01 3.033788928868823634e-02
2.012919156765353179e+01 1.000022402803254717e+00 2.509390490167747335e-10 5.002374181610798942e+00 4.088605338828163460e-02 2.363282053577152320e-01 3.234788406730118582e-02
2.035039147499881906e+01 9.994396968787478963e-01 1.570284522699237975e-07 5.003353452264725831e+00 4.255812323251746687e-02 2.327408927173971465e-01 3.337871071218277003e-02
2.057159138234421647e+01 9.993383914178297633e-01 2.189595403345213909e-07 5.006457884582767193e+00 4.198956410256798194e-02 2.346237496710195103e-01 3.467072228551732610e-02
2.079279128968964585e+01 9.997602561389832276e-01 2.874315353581396483e-08 4.998871624614074527e+00 4.348248800229227717e-02 2.286680741785547255e-01 3.460943429647107134e-02
2.101399119702610463e+01 1.000771743270191472e+00 2.976407125759991321e-07 5.010701912277453651e+00 4.410958225286551460e-02 2.275028606366895911e-01 3.391259971555721231e-02
2.123519110433652912e+01 1.000507399298934619e+00 1.286834968423043735e-07 5.006288424506121437e+00 4.297538523150721407e-02 2.268968477431217712e-01 3.380149164630240344e-02
2.145639101164705664e+01 9.995521456142691941e-01 1.003167280516658634e-07 4.993372245228778539e+00 4.229026934551299854e-02 2.212055054268716181e-01 3.397327056222005509e-02
2.167759091895748114e+01 9.996340300200814433e-01 6.698335619764045346e-08 4.995450438928174641e+00 4.269520240104949377e-02 2.259581413483564283e-01 3.527181992783663678e-02
2.189879082626801221e+01 9.996454342965124251e-01 6.287328129016365313e-08 4.990004678679089700e+00 4.252853064186034454e-02 2.307741096711563578e-01 3.468404849368856430e-02
2.211999073357842960e+01 1.000436910031371474e+00 9.541739622313978597e-08 4.997043298726643989e+00 4.490691666731353587e-02 2.294663995577458371e-01 3.562266542650629336e-02
2.234119064088896423e+01 9.998202448756404737e-01 1.615788870461417302e-08 4.998154591228747279e+00 4.356151525811622488e-02 2.337325603942284058e-01 3.374078839347754294e-02
2.256239054819938161e+01 9.996405831165833256e-01 6.460572876600557263e-08 4.992179144874921981e+00 4.387784271901330052e-02 2.304172542058020301e-01 3.008605674971156357e-02
2.278359045550991269e+01 9.985838726058846593e-01 1.003656046633756224e-06 4.989854846970867897e+00 4.204995661702311954e-02 2.313851644774744809e-01 3.148258353324531744e-02
2.300479036282033363e+01 9.980512469046222135e-01 1.901289811193605794e-06 4.988254218127849526e+00 4.478896342028811095e-02 2.293943111523192857e-01 3.034942587325034982e-02
2.322599027013086825e+01 9.970542285592782772e-01 4.347324272030266001e-06 4.983004614878698391e+00 4.287230368852526508e-02 2.292538454937403936e-01 3.032328809914939388e-02
2.344719017744128209e+01 9.967748794472348628e-01 5.211910332946802227e-06 4.977382055382180148e+00 4.287308132144404538e-02 2.238208956472584887e-01 3.230442132386049381e-02
2.366839008475182027e+01 9.957788004730460107e-01 8.934414217527837654e-06 4.971457095532338499e+00 4.231056544932183805e-02 2.222007686924293290e-01 3.488623000179068984e-02
2.388958999206223410e+01 9.969983494820486847e-01 4.513988122251382656e-06 4.980944407963615816e+00 4.142005113479400175e-02 2.207292353587043121e-01 3.685288890303876214e-02
2.411078989937277584e+01 9.972557510598778485e-01 3.772354222670269708e-06 4.985153795289551937e+00 4.146518819561910429e-02 2.227731154425827143e-01 3.477860417851218189e-02
2.433198980668318612e+01 9.965870477947395001e-01 5.837407022898314507e-06 4.979962907849220244e+00 4.105092275847937316e-02 2.256417720891537859e-01 3.518628564508440720e-02
2.455318971399372430e+01 9.965758639085988690e-01 5.875770779733679311e-06 4.984555369046831608e+00 4.129418574741079706e-02 2.264233141684059425e-01 3.564447253134576943e-02
2.477438962130413458e+01 9.970846243724968971e-01 4.257985289452155542e-06 4.988475240751262696e+00 4.232464465288509475e-02 2.193570587723004117e-01 3.582572780959231845e-02
2.499558952861467631e+01 9.976194058020310118e-01 2.838119536342862542e-06 4.991273125179660930e+00 4.138277692395757323e-02 2.198542081910105084e-01 3.435844339076112725e-02
2.521678943592508659e+01 9.986800051203055251e-01 8.719606480681995481e-07 4.999790163482562555e+00 4.238918030625352107e-02 2.191207302614352759e-01 3.652006351268705792e-02
2.543798934323562477e+01 9.971110489818675315e-01 4.181073545327183144e-06 4.987025473054000457e+00 4.301481627487607762e-02 2.193166206186444589e-01 3.350147073184583241e-02
2.565918925054603505e+01 9.987812264770967730e-01 7.433084612260606322e-07 4.996838302154350764e+00 4.058720790921142157e-02 2.240186842167674053e-01 3.269618409491788225e-02
2.588038915785658034e+01 9.989849231965239884e-01 5.155393627035657206e-07 4.994334239463945835e+00 4.007842323553035407e-02 2.227092512018254422e-01 3.097628929144115306e-02
2.610158906516698707e+01 9.983774360550619065e-01 1.317782528226490307e-06 4.980429284354724651e+00 4.176402372164931404e-02 2.290631068711767304e-01 3.284748188150665715e-02
2.632278897247753235e+01 9.985522092458928300e-01 1.049061703986900462e-06 4.983160646992687681e+00 4.115310474983041589e-02 2.295770394540414816e-01 3.297561583401877050e-02
2.654398887978793908e+01 9.996949978523689273e-01 4.652261493523403985e-08 4.992495487351857442e+00 3.994983596807796800e-02 2.307445264041568522e-01 3.177221182140483463e-02
2.676518878709848437e+01 9.998863103267764396e-01 6.463160766575029061e-09 4.990504486806893958e+00 4.079504860333695720e-02 2.263300345025482663e-01 3.442478801206006606e-02
2.698638869440888755e+01 9.998538488969159754e-01 1.068111318331841850e-08 4.993719598367317047e+00 4.311742773919263749e-02 2.273697167010418629e-01 3.373304325630693823e-02
2.720758860171942928e+01 9.994759345717812993e-01 1.373702826342956818e-07 4.995137349435927021e+00 4.300599233241689245e-02 2.241293766336511228e-01 3.424916989387910560e-02
2.742878850902983956e+01 9.998648614918856925e-01 9.132030922957574265e-09 5.001286034194457386e+00 4.167406139793317782e-02 2.220712979150405164e-01 3.265157189087983941e-02
2.764998841634038840e+01 9.992985386378372414e-01 2.461391327621392094e-07 4.997424730813972538e+00 4.135040242649003911e-02 2.237709075494495048e-01 3.298478728557174833e-02
2.787118832365079868e+01 9.994673172469021871e-01 1.419258609340872529e-07 4.996288987070828469e+00 4.033506815494357356e-02 2.244685891708803616e-01 3.245491897614426885e-02
2.809238823096132620e+01 9.988654548056303817e-01 6.440836064272852796e-07 4.991237870719159808e+00 4.214674197159598568e-02 2.196840822666507598e-01 3.362966751950938887e-02
2.831358813827174004e+01 9.991465493403101084e-01 3.643963585564210031e-07 4.985796984591457814e+00 4.091980639742841264e-02 2.199424740678480594e-01 3.090111303297629619e-02
2.853478804558228887e+01 9.982139068844149143e-01 1.596966145561750164e-06 4.986063196146176324e+00 4.157101918395124385e-02 2.227345298996504797e-01 3.106540843566517676e-02
2.875598795289270981e+01 9.981617993482335693e-01 1.691564092075846515e-06 4.988525372723112028e+00 4.116332116730182095e-02 2.209516004699868252e-01 3.038669968491507917e-02
2.897718786020322312e+01 9.990213844131051735e-01 4.791568658818901733e-07 4.990020102233838628e+00 3.955296150955166928e-02 2.218847348059800606e-01 3.049907350027409106e-02
2.919838776751364051e+01 9.980761052492531649e-01 1.853062619046027051e-06 4.983807482968121150e+00 3.980798763225674303e-02 2.217093645697215121e-01 3.096931768648075040e-02
2.941958767482419645e+01 9.981312250502468730e-01 1.748338413313198225e-06 4.983839072528428282e+00 3.935613612884466400e-02 2.242936133809998733e-01 3.733166325922322032e-02
2.964078758213461384e+01 9.992197985656916526e-01 3.045155383238525026e-07 4.996657967816580559e+00 3.980103300738987993e-02 2.274088379315906683e-01 3.801824498341430797e-02
2.986198748944512005e+01 1.000298242084333822e+00 4.446532969853544265e-08 4.996153635465797826e+00 3.889754070924745372e-02 2.242327136838933310e-01 3.398662036911528905e-02
3.008318739675554454e+01 1.001646481257008503e+00 1.353964284031691431e-06 5.003071556780048113e+00 3.966206828160082770e-02 2.259126517821896385e-01 3.096969428407052652e-02
3.030438730406609693e+01 1.001936461901748121e+00 1.872525355481975337e-06 5.005142875411419112e+00 4.021017997721219872e-02 2.265488886758146581e-01 3.405149976100814435e-02
3.052558721137653208e+01 1.000870541397018698e+00 3.787013944044591296e-07 4.996183937783790441e+00 4.133791640350658464e-02 2.267001735247734240e-01 3.339152065076987641e-02
3.074678711868700987e+01 1.000648438151408248e+00 2.101451789071444309e-07 4.990231996973170325e+00 4.134588166942688992e-02 2.255723527752721558e-01 3.235316735702329499e-02
3.096798702599744502e+01 1.001209727086836754e+00 7.311302263582515615e-07 4.986796505846434080e+00 4.281706881738433362e-02 2.250163977647601510e-01 3.342445433208408173e-02
3.118918693330799741e+01 1.000396719741591278e+00 7.867247009055297266e-08 4.994441352064473705e+00 4.094147814142148900e-02 2.227728014169062798e-01 3.221951552714610173e-02
3.141038684061843611e+01 9.998581291087335066e-01 1.006462682401516873e-08 4.992287993400009505e+00 4.154781727522775803e-02 2.230615839196239125e-01 3.442600431692421220e-02
3.163158674792890679e+01 9.983648385927753610e-01 1.338335542563602945e-06 4.982425490516430244e+00 4.180096023600025912e-02 2.253634918887800209e-01 3.505958043500642662e-02
3.185278665523934549e+01 9.995555010705672316e-01 9.881893349184553768e-08 4.993346426327908816e+00 4.212629950096154208e-02 2.298516105451969826e-01 3.728773402685361255e-02
3.207398656254990499e+01 1.000040844765065495e+00 8.341247036207062940e-10 4.998655627937406365e+00 4.293916016468767027e-02 2.281901957936807723e-01 3.673242844113450145e-02
3.229518646986034724e+01 1.000807288197823830e+00 3.256818495505839350e-07 5.000490178889070769e+00 4.362789960393494149e-02 2.284458285993808679e-01 3.664680620391238403e-02
3.251638637717080371e+01 1.000805841574114563e+00 3.245159940018721781e-07 5.003448580831954651e+00 4.285381403203288725e-02 2.244125785784071014e-01 3.620425390273981220e-02
3.273758628448124597e+01 1.001722897386398969e+00 1.482485166403061869e-06 5.010479794562486155e+00 4.244694061780839717e-02 2.220694364364319273e-01 3.687777191563810369e-02
3.295878619179180902e+01 1.002702965557209502e+00 3.646442074765627456e-06 5.006201291755274063e+00 4.329712542560013727e-02 2.247656266440758166e-01 3.483147751188181429e-02
3.317998609910225127e+01 1.002757049446018733e+00 3.793689497252027143e-06 5.007999626013895700e+00 4.251806953597157129e-02 2.215899012524154832e-01 3.375064563899155684e-02
