-3.577864530268329446e+01 1.196991441307914350e+00 1.718016487634194123e-02 1.000000000000000000e+00 -1.867442133996177842e-03 -4.899739037719411973e-03 2.863644500585042860e-03
-3.568861673183207017e+01 1.190885708461029147e+00 1.618838536173869413e-02 1.112030346033799022e+00 -7.166459960702730066e-03 1.611797281261094852e-02 5.186300813436604991e-03
-3.559894684054599168e+01 1.181119524116755803e+00 1.465678616580359805e-02 1.217852292270929171e+00 -1.025622669668174551e-02 3.867298362856532584e-02 1.002276119521595434e-02
-3.550927694925991318e+01 1.172274786313375117e+00 1.332866332808974041e-02 1.320487171113570612e+00 -1.345670437492681171e-02 6.124044379230794005e-02 1.089681490055238559e-02
-3.541960705797383469e+01 1.164892524367239890e+00 1.226369536724189468e-02 1.423307672106118416e+00 -1.518767542428999320e-02 7.739691649809379848e-02 1.337470455997176802e-02
-3.532993716668776329e+01 1.157923006494279150e+00 1.129511790083295719e-02 1.523845084574064312e+00 -1.717445603729575443e-02 8.931001487404305328e-02 1.316027425499071216e-02
-3.524026727540168480e+01 1.153172308960849213e+00 1.065563481455214512e-02 1.627120812887114853e+00 -1.859071433989963745e-02 9.756791624576037492e-02 1.227690687198796510e-02
-3.515059738411559209e+01 1.147154139072643186e+00 9.869925409614926926e-03 1.724592225717743510e+00 -1.850925550998628807e-02 1.048619301602439768e-01 1.223595617244706973e-02
-3.506128617239464518e+01 1.144054092569989134e+00 9.475917015197121707e-03 1.825135175882741878e+00 -1.998766824404526327e-02 1.167631916637635325e-01 1.134151991096406589e-02
-3.497161628110855958e+01 1.140623399887289668e+00 9.048444938094951651e-03 1.923671820209090999e+00 -2.119958454643985218e-02 1.204816883810518047e-01 9.394467761159373473e-03
-3.488194638982245976e+01 1.139392843197112759e+00 8.897316355847367797e-03 2.021989621754133548e+00 -2.071727057742151629e-02 1.263534831787493096e-01 8.456273366487800439e-03
-3.479227649853636706e+01 1.137215280854917410e+00 8.632742887986821767e-03 2.115210673956063214e+00 -2.110459236765421104e-02 1.320232729259050997e-01 9.135039232048863811e-03
-3.470260660725028146e+01 1.133402829102524212e+00 8.178368232155175388e-03 2.199267701593250468e+00 -2.105606731817332919e-02 1.372739393759268844e-01 9.034814468854812999e-03
-3.461293671596418875e+01 1.131188783468211723e+00 7.919682961680843403e-03 2.284230477579346275e+00 -2.029506836049660076e-02 1.490829021609952065e-01 7.391217964198516441e-03
-3.452326682467812446e+01 1.130561996414812143e+00 7.847145364074395446e-03 2.374975147980754819e+00 -1.972879716495208949e-02 1.521280411717136904e-01 8.850566372899848835e-03
-3.443359693339207439e+01 1.129169650289067572e+00 7.687110432427438078e-03 2.456595867746528938e+00 -2.033286936662451888e-02 1.571393146924271178e-01 5.917795335054754774e-03
-3.434392704210601011e+01 1.129004898793811940e+00 7.668274580065623236e-03 2.541514988300983990e+00 -2.035675191759276498e-02 1.644189362798384457e-01 4.863479130335270767e-03
-3.425425715081995293e+01 1.129238627917825477e+00 7.695002889434088278e-03 2.620948634344312467e+00 -1.938013038664708129e-02 1.646694574124351051e-01 3.531880802866734729e-03
-3.416422857996874285e+01 1.128698112686288280e+00 7.633256821037687212e-03 2.695262247898365437e+00 -1.870884530086141737e-02 1.704683866105866086e-01 1.271125301962726644e-03
-3.407455868868267856e+01 1.129893555652180526e+00 7.770125902785571248e-03 2.772875777097931316e+00 -1.833798964023489880e-02 1.736807407052528840e-01 1.642081210389696429e-03
-3.398488879739662138e+01 1.129918815460242865e+00 7.773030042398362816e-03 2.846194852549106091e+00 -1.586096399784441002e-02 1.783196381187233948e-01 2.432930451572197419e-03
-3.389521890611055710e+01 1.130425924861223619e+00 7.831438499277323939e-03 2.918368189913437494e+00 -1.523667762382091735e-02 1.781949969529567079e-01 2.965854642552663394e-03
-3.380554901482449992e+01 1.132112256256479377e+00 8.027115087830702378e-03 2.989802266973684564e+00 -1.495741695771422505e-02 1.769527196406251723e-01 2.192638558668526163e-03
-3.371587912353843564e+01 1.132220802504387169e+00 8.039786528301506863e-03 3.050177346076838880e+00 -1.380718674018771401e-02 1.766532840319099684e-01 -4.313410090079727692e-04
-3.362620923225237846e+01 1.134031267473126325e+00 8.252489820062047787e-03 3.117398411887248422e+00 -1.314811388099414516e-02 1.786819174618345663e-01 -1.784853938994256355e-03
-3.353653934096630707e+01 1.134776249757807109e+00 8.340755035712188459e-03 3.174616405115340267e+00 -1.164679109089589333e-02 1.871197815973575374e-01 -5.112567004837389323e-03
-3.344686944968022146e+01 1.136046425377391866e+00 8.492238503806148753e-03 3.234458927566114195e+00 -1.254406739711266816e-02 1.902590007526564209e-01 -5.281162692683557917e-03
-3.335719955839410034e+01 1.137541961214913799e+00 8.672201072183055581e-03 3.289162417000325078e+00 -1.048907761352764131e-02 1.897856715956962037e-01 -7.078374172495812897e-03
-3.326752966710797210e+01 1.138801542925346633e+00 8.825111635054116999e-03 3.340187012115328979e+00 -9.325094111848987455e-03 1.930365429113633513e-01 -5.434408996075319395e-03
-3.317821845538699677e+01 1.141904142595236094e+00 9.206973067229562435e-03 3.397516646894886083e+00 -8.272060479861209278e-03 1.945136839774186388e-01 -3.988436674696694065e-03
-3.308854856410086853e+01 1.143881361473277902e+00 9.454178899283627313e-03 3.450836456714682754e+00 -5.614319267104693825e-03 1.922852837484144706e-01 -3.433179929024554513e-03
-3.299887867281474740e+01 1.147258429181923223e+00 9.883307623083370519e-03 3.508381620724599248e+00 -4.620717467085294801e-03 1.921217277737123363e-01 -5.239668152634147785e-03
-3.290920878152862628e+01 1.149698527069160203e+00 1.019876943606068398e-02 3.557953470336853830e+00 -3.694390857716831674e-03 1.916007751486996369e-01 -7.302355890309613316e-03
-3.281953889024249804e+01 1.151384529029326309e+00 1.041937252033056649e-02 3.603336967858825624e+00 -3.042963493213015659e-03 1.915673093198178301e-01 -9.345845302414916220e-03
-3.272986899895637691e+01 1.152643801406240565e+00 1.058553984669538539e-02 3.646310112697833006e+00 -1.851031794668327396e-03 1.929996069467189990e-01 -1.014257018882271794e-02
-3.264019910767024157e+01 1.155553766607631649e+00 1.097408592573348440e-02 3.690266607289347522e+00 4.870055205757939419e-04 1.929767090120237671e-01 -6.684405066658186817e-03
-3.255052921638412755e+01 1.158264402898275147e+00 1.134172260957674871e-02 3.731318768268267583e+00 1.309372939078960914e-03 1.974920371091252458e-01 -1.004694755628652951e-02
-3.246085932509799932e+01 1.158852070223398423e+00 1.142214971217311859e-02 3.762706909471541294e+00 8.332458771096218396e-04 1.996306156005634713e-01 -9.699420952378584246e-03
-3.237118943381187108e+01 1.159409654894946629e+00 1.149869751350196534e-02 3.786324703164412053e+00 1.283796810672246371e-03 2.010599037947893852e-01 -1.251900862869334205e-02
-3.228151954252575706e+01 1.160612825612990617e+00 1.166466205271229906e-02 3.816819559743442891e+00 1.147015446463406320e-03 2.016792320502464320e-01 -1.423955967942513133e-02
-3.219184965123961462e+01 1.162539537465409945e+00 1.193266884145385842e-02 3.853555194244591142e+00 1.361929495974487613e-03 2.029451722623337451e-01 -1.266545125974587876e-02
-3.210217975995349349e+01 1.166220471257978453e+00 1.245231779204769573e-02 3.895037877289343697e+00 2.763136768509731785e-03 2.085515307906592453e-01 -1.502305235649552609e-02
-3.201250986866737946e+01 1.167040014276793825e+00 1.256937340527836122e-02 3.917002564514802110e+00 4.333705032887412607e-03 2.126119340643535249e-01 -1.514416834041261081e-02
-3.192283997738124768e+01 1.169123184107583313e+00 1.286913154259811121e-02 3.949099393787488754e+00 6.309029945581657965e-03 2.128315451234407130e-01 -1.246915474059527920e-02
-3.183317008609512300e+01 1.169890546485959471e+00 1.298035206437048172e-02 3.964943777589879481e+00 8.455903147553801499e-03 2.154838300088634251e-01 -1.536900865408111563e-02
-3.174350019480900187e+01 1.171124449418134095e+00 1.316009425977190950e-02 3.984053171163456586e+00 7.978624260681249289e-03 2.183295665668936181e-01 -1.371745248906361576e-02
-3.165383030352288074e+01 1.174084035927558833e+00 1.359573622521423331e-02 4.015393087061575272e+00 1.106541049514453250e-02 2.233207093805561760e-01 -1.556134066100470052e-02
-3.156416041223673830e+01 1.175913993694540860e+00 1.386828150605759480e-02 4.037391537278559817e+00 1.148393162847002533e-02 2.254842272803177505e-01 -1.606190800597866175e-02
-3.147449052095063493e+01 1.176909795668855452e+00 1.401760952148450867e-02 4.052702534887048458e+00 1.267761002772750147e-02 2.259925052827068126e-01 -1.534267497472090527e-02
-3.138482062966450670e+01 1.178328525002855454e+00 1.423159495067946589e-02 4.067693274737127496e+00 1.447968824611766715e-02 2.269250488238044039e-01 -1.737068302348454898e-02
-3.129515073837837136e+01 1.179695981975490193e+00 1.443921908707251900e-02 4.081590987122099889e+00 1.545448210787511885e-02 2.244417184508488705e-01 -1.854609239671791560e-02
-3.120548084709224312e+01 1.181129151749300554e+00 1.465826255445673576e-02 4.097945234059816144e+00 1.501870784166420975e-02 2.305976565255517252e-01 -1.760554026794673016e-02
-3.111581095580622502e+01 1.183098941596302023e+00 1.496172392128278239e-02 4.118632837915376044e+00 1.359671392083537309e-02 2.300095264346794788e-01 -1.543052652580908027e-02
-3.102614106452024245e+01 1.183682912090338490e+00 1.505222223073471310e-02 4.131253619709531755e+00 1.358253740593995569e-02 2.280614734801575949e-01 -1.793260530724259325e-02
-3.093647117323424567e+01 1.184469563070602582e+00 1.517451479873527243e-02 4.140330120641639411e+00 1.552816605031631138e-02 2.306257429672180503e-01 -1.391602525101095708e-02
-3.084680128194823467e+01 1.186510807626594444e+00 1.549390194456740089e-02 4.160239025264995227e+00 1.778745765656728622e-02 2.261246732596037812e-01 -9.098106811101663166e-03
-3.075713139066223434e+01 1.187115957268109590e+00 1.558915705373539740e-02 4.163156475043137128e+00 1.901740412423767734e-02 2.304011314422290402e-01 -1.150610887573457614e-02
-3.066746149937625177e+01 1.187340673241239708e+00 1.562459521828091225e-02 4.167869637488135659e+00 1.930644031412460937e-02 2.233004432178951060e-01 -1.325891513307900921e-02
-3.057779160809025498e+01 1.187687786339010509e+00 1.567940605007919763e-02 4.169467558868086066e+00 1.931160244049802757e-02 2.231411622085369417e-01 -1.384902367532554399e-02
-3.048812171680424399e+01 1.190864678150397316e+00 1.618501459322396752e-02 4.189195314894198496e+00 1.937858038504291017e-02 2.231472950631879504e-01 -1.146237652392310957e-02
-3.039845182551824365e+01 1.191648574686242412e+00 1.631086940510498295e-02 4.194714118582879792e+00 2.090544481892981157e-02 2.282137620536786871e-01 -1.122297768682507108e-02
-3.030878193423226818e+01 1.191550143573539167e+00 1.629504249322230591e-02 4.194833977214003973e+00 2.069574815906486537e-02 2.319944186252845542e-01 -1.303733075623827488e-02
-3.021911204294626430e+01 1.192759378623421629e+00 1.648995021495985869e-02 4.204046751753998556e+00 2.114850120439710005e-02 2.315613832669431438e-01 -1.234443119883458020e-02
-3.012944215166025685e+01 1.194696133753811118e+00 1.680426208289209633e-02 4.222664057178716845e+00 2.288585627432685593e-02 2.338076472282406837e-01 -1.205529245021675668e-02
-3.003941358080910717e+01 1.194995130791713711e+00 1.685302006782674056e-02 4.223161592533603681e+00 2.344462363693148449e-02 2.335619684353803238e-01 -1.327156759172544616e-02
-2.994974368952312815e+01 1.195628050020535404e+00 1.695643782716599324e-02 4.224677485408485644e+00 2.665602481184682973e-02 2.367350756164992298e-01 -1.452729542569841832e-02
-2.986007379823712782e+01 1.195909851772305244e+00 1.700257385700618129e-02 4.227583207613012206e+00 2.581729478383713167e-02 2.384247459332943242e-01 -1.782297365044406556e-02
-2.977040390695111682e+01 1.195383364824340600e+00 1.691642350416719398e-02 4.225863379642169626e+00 2.513344371321205722e-02 2.402814008276600299e-01 -1.917075017385008046e-02
-2.968073401566511649e+01 1.196018059977142167e+00 1.702030424737452363e-02 4.235858404244474684e+00 2.345629179568455708e-02 2.405347681638577706e-01 -2.090216879802958908e-02
-2.959106412437914102e+01 1.197006710431871346e+00 1.718267783008542438e-02 4.243144774526839136e+00 2.301781026408273798e-02 2.403474536827767682e-01 -1.912721332077690212e-02
-2.950139423309313358e+01 1.197309819513820539e+00 1.723259642549915260e-02 4.239490318774040922e+00 2.393574379306283306e-02 2.412990935918814250e-01 -1.911903084831579475e-02
-2.941172434180712969e+01 1.197913267924175962e+00 1.733216824390970690e-02 4.245068942932701539e+00 2.451480568996450629e-02 2.346167760420585779e-01 -1.949272605406908790e-02
-2.932205445052113291e+01 1.198005166569892532e+00 1.734735422325284215e-02 4.244108733985412663e+00 2.476419690985889877e-02 2.364943975441400059e-01 -1.962215912776935425e-02
-2.923238455923514323e+01 1.197681297717106297e+00 1.729386203251084830e-02 4.245055102251712675e+00 2.438317018935298383e-02 2.362615734350029251e-01 -2.033633796329023177e-02
-2.914271466794915000e+01 1.197592678536635979e+00 1.727923787840435210e-02 4.249965227444910454e+00 2.435566414960407822e-02 2.372104431440040240e-01 -1.810040535334165451e-02
-2.905304477666314611e+01 1.197299301814408912e+00 1.723086320729408372e-02 4.247802652593114736e+00 2.283734259028172286e-02 2.358089539155431014e-01 -1.626434620508908704e-02
-2.896337488537713512e+01 1.198720789797619979e+00 1.746581009682979246e-02 4.252034348015306442e+00 2.303138394001546033e-02 2.385557377302511273e-01 -1.820796822144819804e-02
-2.887370499409115965e+01 1.200353047902184667e+00 1.773732779334680210e-02 4.258942027410091313e+00 2.474311860424852419e-02 2.399799643282474471e-01 -1.627761701204414463e-02
-2.878403510280514865e+01 1.199808357037364104e+00 1.764651546606990640e-02 4.255370530684540853e+00 2.461118278600935017e-02 2.315431606661771669e-01 -1.613812027923349629e-02
-2.869436521151914832e+01 1.198900075442233648e+00 1.749554278455434098e-02 4.249487216547362500e+00 2.550665735546632854e-02 2.331080712812330091e-01 -1.775167443700985739e-02
-2.860469532023315509e+01 1.198114458084311273e+00 1.736542198292245764e-02 4.245388475493994562e+00 2.494045029145016898e-02 2.276744345099492861e-01 -1.692028721059470747e-02
-2.851502542894715830e+01 1.198219465784004623e+00 1.738278939282592028e-02 4.243977824881291383e+00 2.455105925301214950e-02 2.277733574287576224e-01 -1.753515952021976812e-02
-2.842535553766116863e+01 1.198947284627073895e+00 1.750337566410301027e-02 4.247539995069379515e+00 2.469803972880185022e-02 2.279850119445043510e-01 -1.284915999907143384e-02
-2.833568564637517184e+01 1.199267358555255125e+00 1.755652275069266577e-02 4.253496811512744280e+00 2.490039550120684564e-02 2.293088808413298041e-01 -1.420303377543693374e-02
-2.824601575508915374e+01 1.199750195061319413e+00 1.763683072014340936e-02 4.257078707763498393e+00 2.605559443681473158e-02 2.307210552021146666e-01 -1.346895167818129568e-02
-2.815634586380318183e+01 1.199042959688291443e+00 1.751925468653756091e-02 4.248776852704770235e+00 2.602813528100567445e-02 2.295377371360095564e-01 -1.620418197925826628e-02
-2.806667597251716373e+01 1.199868059327013237e+00 1.765645913888694296e-02 4.257290350508252885e+00 2.687991115741268297e-02 2.322812745723036865e-01 -1.643190291163178565e-02
-2.797700608123117050e+01 1.199187252313700824e+00 1.754321472263889459e-02 4.252230306671527238e+00 2.780041218806022715e-02 2.344814315641267355e-01 -1.802697123403690024e-02
-2.788733618994518082e+01 1.200614026226769493e+00 1.778091177843837967e-02 4.261666839677117125e+00 2.881244690093236194e-02 2.352012781176656686e-01 -1.652046972010143278e-02
-2.779766629865917693e+01 1.201038962904208640e+00 1.785197828079676530e-02 4.265658836526604603e+00 3.027804351467093882e-02 2.362821199950476680e-01 -1.765339445184147676e-02
-2.770799640737319081e+01 1.202557488344007552e+00 1.810695913427948223e-02 4.272507043412331562e+00 3.251470233164708429e-02 2.383558940529428571e-01 -1.809926073122850379e-02
-2.761832651608719758e+01 1.202225548342227057e+00 1.805108562068086231e-02 4.267992168706627787e+00 3.012633132982543357e-02 2.389874146158059154e-01 -2.095437434164919982e-02
-2.752865662480117592e+01 1.202560099918222214e+00 1.810739902738597862e-02 4.268793205689996206e+00 2.891501804135819531e-02 2.376979762944215202e-01 -2.280168472219437983e-02
-2.743898673351520756e+01 1.202308217285673164e+00 1.806499367196534589e-02 4.268178108741300214e+00 2.880688823121060199e-02 2.361286508101959891e-01 -2.027882198346694920e-02
-2.734931684222918236e+01 1.202406548396796060e+00 1.808154284987853466e-02 4.267474833096411402e+00 2.926822823669729401e-02 2.327026396914675110e-01 -1.691547228169092490e-02
-2.725964695094319268e+01 1.204015119815323054e+00 1.835321502139589112e-02 4.276662670810939204e+00 2.944511152418120142e-02 2.265624385599438739e-01 -1.605373764734584208e-02
-2.716997705965720655e+01 1.204853380344327318e+00 1.849549686764057066e-02 4.279072625734785973e+00 2.742781776158369558e-02 2.294893959359225466e-01 -1.744670071339102582e-02
-2.708030716837119911e+01 1.204081071994004715e+00 1.836439183111807094e-02 4.273650165162992565e+00 2.810012921068553299e-02 2.280616345184685034e-01 -1.455912151575452888e-02
-2.699063727708521299e+01 1.203819759564169312e+00 1.832012524257017883e-02 4.271897019197612444e+00 2.767412601820153431e-02 2.318799914601297751e-01 -1.733429609706335639e-02
-2.690096738579922331e+01 1.203648593306014369e+00 1.829115504546774407e-02 4.272293731998825450e+00 2.630210198110908074e-02 2.326698337261556560e-01 -1.487179143742772304e-02
-2.681129749451319810e+01 1.203588386991110371e+00 1.828096982562779638e-02 4.270447024083638077e+00 2.624761582082540609e-02 2.343628365651263812e-01 -1.773442333604833762e-02
-2.672162760322722974e+01 1.203882452643822765e+00 1.833074121787930943e-02 4.270976958743919027e+00 2.664988910190773871e-02 2.396734131586916172e-01 -1.746416362287445470e-02
-2.663195771194119743e+01 1.204697705599855118e+00 1.846903685166853548e-02 4.277265924535631925e+00 2.606063037193556350e-02 2.354447467695301166e-01 -1.549735362220623115e-02
-2.654228782065521486e+01 1.204685639324802215e+00 1.846698664573009907e-02 4.277945481704252373e+00 2.542992393191799080e-02 2.351039136278726405e-01 -1.531955268158601870e-02
-2.645261792936923229e+01 1.205743359552063243e+00 1.864708691766919779e-02 4.280148047184884952e+00 2.546630512606449723e-02 2.363955998736540498e-01 -1.594884867069455703e-02
-2.636294803808321419e+01 1.205817384035527740e+00 1.865972005224514341e-02 4.281590634789602667e+00 2.513521869044718637e-02 2.418802075684812758e-01 -1.736096712370218884e-02
-2.627327814679723161e+01 1.205444157766692559e+00 1.859606308175895673e-02 4.281728275734606015e+00 2.431210622164719712e-02 2.391928471212597107e-01 -1.815828055659764878e-02
-2.618360825551124904e+01 1.204958300055169795e+00 1.851333947468927765e-02 4.276993236228860518e+00 2.083995202487444465e-02 2.415252622047762421e-01 -1.784298862465901261e-02
-2.609393836422521318e+01 1.205595831789244565e+00 1.862192083962094236e-02 4.277229944764145309e+00 2.288194029733456314e-02 2.455494893912764376e-01 -1.901455018296940858e-02
-2.600426847293924837e+01 1.205901491278578819e+00 1.867407849999003222e-02 4.280908121891290996e+00 2.312275838388445567e-02 2.480599631209919054e-01 -2.046291296544000896e-02
-2.591459858165321606e+01 1.206401350526994598e+00 1.875951278740400907e-02 4.286422090568891896e+00 2.356997486569558514e-02 2.419792354505800047e-01 -1.891158273371455062e-02
-2.582492869036723349e+01 1.206206925540476149e+00 1.872626190350965003e-02 4.289657727931285969e+00 2.415674610703090475e-02 2.437433410173302784e-01 -1.900692707733963455e-02
-2.573525879908125447e+01 1.206114602627542887e+00 1.871048178298637121e-02 4.282923588328313436e+00 2.383973727809498080e-02 2.420520701585474055e-01 -1.702681152186064431e-02
-2.564558890779523281e+01 1.204602856666312283e+00 1.845292357699479524e-02 4.274934501158635491e+00 2.456910554564775001e-02 2.474342497077468561e-01 -1.589338392874602157e-02
-2.555591901650925024e+01 1.205470566463929805e+00 1.860056416279320946e-02 4.279615999854772035e+00 2.475806948301083332e-02 2.461592227868301119e-01 -1.641218189809985281e-02
-2.546624912522327122e+01 1.206234172113903602e+00 1.873092009253668477e-02 4.284970673744237679e+00 2.386052516429985199e-02 2.458092899736521175e-01 -1.756198090187148855e-02
-2.537657923393723536e+01 1.205866212080647815e+00 1.866805518593572799e-02 4.279534963025113825e+00 2.490740080958576616e-02 2.430474458812518501e-01 -1.925029702732510353e-02
-2.528690934265127055e+01 1.205390254817648943e+00 1.858687738809483569e-02 4.279093643778321798e+00 2.340111669575252462e-02 2.404101472621254232e-01 -1.928182479159790477e-02
-2.519723945136523824e+01 1.204920239117130754e+00 1.850686596931419570e-02 4.274639407867971919e+00 2.295635420234225232e-02 2.364914835463304554e-01 -1.531208479921527914e-02
-2.510756956007925567e+01 1.202883086962419190e+00 1.816183926249628766e-02 4.257774433716815743e+00 2.305506016459810126e-02 2.303411760945474340e-01 -1.257192069758736666e-02
-2.501789966879327665e+01 1.202504529799800048e+00 1.809803982383523246e-02 4.252381554390121110e+00 2.332758544009778598e-02 2.258009337997202992e-01 -1.126789186964461710e-02
-2.492822977750725499e+01 1.201720062711017389e+00 1.796614664105555814e-02 4.248596260751968501e+00 2.412968367356854368e-02 2.244421677455669117e-01 -1.212184450111975995e-02
-2.483855988622127242e+01 1.200914919363882394e+00 1.783122027093156370e-02 4.244164815308756999e+00 2.448529654219287408e-02 2.263557273565567074e-01 -1.567957373347273961e-02
-2.474888999493529695e+01 1.201482678880431365e+00 1.792631903595959253e-02 4.246424910709359679e+00 2.408202339570191669e-02 2.301917601845480388e-01 -1.492098745426715355e-02
-2.465922010364925754e+01 1.201534577342633581e+00 1.793502308324373962e-02 4.248406605221612509e+00 2.399185557653273071e-02 2.319271555256663120e-01 -1.867698357354427574e-02
-2.456955021236329273e+01 1.202992677659755039e+00 1.818032741910816097e-02 4.260611596529854772e+00 2.195253880665864674e-02 2.351670339539787546e-01 -1.989770442126774508e-02
-2.447988032107725687e+01 1.202535184704006443e+00 1.810320250517047369e-02 4.256746639806030963e+00 2.341854118218490363e-02 2.358097671176785926e-01 -1.793539900177251734e-02
-2.439021042979127785e+01 1.202425008855283695e+00 1.808465050044719136e-02 4.254547382474263451e+00 2.319673067110611733e-02 2.311578258544472186e-01 -1.801430025236708601e-02
-2.430054053850529527e+01 1.204501821585272081e+00 1.843576619708692244e-02 4.260518545464858420e+00 2.390861188530107179e-02 2.312663777235202944e-01 -1.674628678755469072e-02
-2.421087064721927362e+01 1.204137768471879033e+00 1.837400249026852062e-02 4.257015066113646995e+00 2.440991743700897734e-02 2.308284143502078167e-01 -1.761498687363687726e-02
-2.412120075593329460e+01 1.203207817606994023e+00 1.821664606842496315e-02 4.248238471590716436e+00 2.452411865032271335e-02 2.310651248905992439e-01 -1.937958521832352024e-02
-2.403153086464731913e+01 1.202695290178693588e+00 1.813017689192605864e-02 4.245886353094237009e+00 2.352452222968996753e-02 2.335648845434956655e-01 -1.963756349421411432e-02
-2.394186097336127972e+01 1.201690909269367724e+00 1.796125325479464019e-02 4.236835707641167126e+00 2.330505160477296112e-02 2.334903547599158913e-01 -1.845725994960294505e-02
-2.385219108207531491e+01 1.202500943478221673e+00 1.809743588347653698e-02 4.236398760614723535e+00 2.087763945883628139e-02 2.369429697221648035e-01 -1.933291417121126010e-02
-2.376252119078927194e+01 1.202001009626080696e+00 1.801333355827561267e-02 4.237663277798286110e+00 2.130128949417134376e-02 2.382105686934255506e-01 -1.936789771941591076e-02
-2.367285129950330003e+01 1.201120410580295728e+00 1.786561390659499593e-02 4.233050993936339879e+00 2.201145717881947128e-02 2.382889968981186934e-01 -1.876163155041615446e-02
-2.358318140821731745e+01 1.201364267875703051e+00 1.790646695524764076e-02 4.238666057899521000e+00 2.323835924472351586e-02 2.396776754727652226e-01 -1.770454796805894307e-02
-2.349351151693129580e+01 1.201124743435532993e+00 1.786633942373019868e-02 4.237151575731500586e+00 2.517665174458875305e-02 2.440499141556966012e-01 -1.985890883183416555e-02
-2.340384162564530968e+01 1.201299881391848290e+00 1.789567637982628079e-02 4.238513905170880669e+00 2.471888744499929277e-02 2.419983539011546780e-01 -1.812927260522089953e-02
-2.331417173435934131e+01 1.203904487430386805e+00 1.833447306725408121e-02 4.249032684629635348e+00 2.603708069155941107e-02 2.396340629771956943e-01 -1.526690895217673594e-02
-2.322450184307329835e+01 1.202598227369886530e+00 1.811382174574030501e-02 4.241509155651964846e+00 2.364601363447766877e-02 2.390250030586686114e-01 -1.455485347902183389e-02
-2.313483195178732643e+01 1.202781510899477713e+00 1.814471060181704898e-02 4.245200660498679390e+00 2.354693718566319011e-02 2.422070794235031965e-01 -1.501181270980841455e-02
-2.304516206050130123e+01 1.203262791631684481e+00 1.822593158606367059e-02 4.246767767605422073e+00 2.563838950338407155e-02 2.423307349821992307e-01 -1.645153437483855285e-02
-2.295549216921531865e+01 1.201972938806921354e+00 1.800861641911677413e-02 4.241411942224255327e+00 2.489205472962354587e-02 2.417916952756326010e-01 -1.849659254319417634e-02
-2.286582227792933253e+01 1.202093157121427502e+00 1.802882224660357080e-02 4.240296080977318027e+00 2.443396761407843482e-02 2.379970876629994569e-01 -1.721515026266367057e-02
-2.277615238664332509e+01 1.201042155872972916e+00 1.785251274753185680e-02 4.236700819263425899e+00 2.432475497180801305e-02 2.420811364539451338e-01 -1.765136795769909478e-02
-2.268648249535733541e+01 1.201115389260364985e+00 1.786477312541992490e-02 4.236190665977141556e+00 2.497043535926283045e-02 2.372903891256173126e-01 -1.772288942730551251e-02
-2.259681260407135284e+01 1.201595050117494123e+00 1.794516750778785141e-02 4.237953943055118522e+00 2.347436221782531890e-02 2.375493429474420659e-01 -1.879461912688156974e-02
-2.250714271278533829e+01 1.201325508535395326e+00 1.789997090643233313e-02 4.240476390916201765e+00 2.109504326613668296e-02 2.346984534217170237e-01 -1.971100917820175699e-02
-2.241747282149935572e+01 1.203827823202829439e+00 1.832149052660575483e-02 4.259294211651209139e+00 2.132055654359846578e-02 2.341154300366866114e-01 -1.716145831997781951e-02
-2.232780293021331275e+01 1.203922366243965092e+00 1.833750130006794876e-02 4.263737838536745706e+00 2.212612905328776441e-02 2.381007980828682979e-01 -1.909650928590800670e-02
-2.223813303892735860e+01 1.205487188157823519e+00 1.860339739949631865e-02 4.272116523732454318e+00 2.255230259616098493e-02 2.370245047607583977e-01 -1.806453269340079978e-02
-2.214846314764136537e+01 1.204753154036998897e+00 1.847845950087662059e-02 4.266841803171285363e+00 2.418433180206274249e-02 2.403019850777586564e-01 -1.786831440647593944e-02
-2.205879325635533306e+01 1.204655375805513184e+00 1.846184494946287447e-02 4.265529330453918355e+00 2.416388262765997719e-02 2.397244008684949190e-01 -2.130319592153642749e-02
-2.196912336506933983e+01 1.204502215842792046e+00 1.843583313467395124e-02 4.262451566509816381e+00 2.229743341830302261e-02 2.435658885030936027e-01 -2.387975262640848473e-02
-2.187945347378338568e+01 1.205528529355827105e+00 1.861044500272376889e-02 4.270892672661638301e+00 2.153548777018796795e-02 2.444614329202673408e-01 -2.101885779496031476e-02
-2.178978358249734271e+01 1.206023347881630459e+00 1.869488999485519054e-02 4.269924590789488050e+00 2.316611956713232612e-02 2.476059147514814984e-01 -2.383719395972096547e-02
-2.170011369121135658e+01 1.203919022549340356e+00 1.833693494338606289e-02 4.259188008375070389e+00 2.352883090682212838e-02 2.471220163012669835e-01 -2.523378652079730222e-02
-2.161044379992535625e+01 1.203378276655417300e+00 1.824544465507235702e-02 4.253626799421058813e+00 2.286586929443707589e-02 2.466784292004560175e-01 -2.346954919793731165e-02
-2.152077390863936301e+01 1.203811574804100282e+00 1.831873949691190107e-02 4.256476191219584315e+00 2.242648614384313080e-02 2.462333940201690274e-01 -2.067729962357058721e-02
-2.143110401735336623e+01 1.204787555986637670e+00 1.848430667283681994e-02 4.260600450752695778e+00 2.334302858871866934e-02 2.479226719479102059e-01 -1.932474997132949471e-02
-2.134143412606737655e+01 1.203541855434831609e+00 1.827309970566387554e-02 4.257999005613460675e+00 2.215421417556130701e-02 2.514642952145554333e-01 -1.867457264547507309e-02
-2.125176423478137977e+01 1.205195352124075914e+00 1.855368037586035967e-02 4.268553175361697427e+00 2.249446846885229043e-02 2.505551113084593107e-01 -1.916977642972587589e-02
-2.116209434349538654e+01 1.205680118805117162e+00 1.863629713798636844e-02 4.272842857003538164e+00 2.184599073466321831e-02 2.507529701117683363e-01 -1.728281594700293439e-02
-2.107242445220939331e+01 1.203454275937414719e+00 1.825829099197534555e-02 4.258674844915692148e+00 2.231306622053320574e-02 2.498680653115039896e-01 -1.767422380853936326e-02
-2.098275456092340363e+01 1.203599571252521816e+00 1.828286169973461495e-02 4.257088725006026309e+00 2.213913301455682284e-02 2.507474655158948296e-01 -1.579485509179526931e-02
-2.089308466963735711e+01 1.203903039371440276e+00 1.833422781121468725e-02 4.252219675688937883e+00 2.390345676737113539e-02 2.537777704631396514e-01 -1.627098758572549306e-02
-2.080341477835140651e+01 1.203168189044602210e+00 1.820995380716469714e-02 4.248534369165279045e+00 2.480716398098619171e-02 2.515195059641788800e-01 -1.587541142843418643e-02
-2.071374488706540973e+01 1.202484223629513016e+00 1.809462036061371126e-02 4.241627050234681562e+00 2.580084754043868514e-02 2.503111449843407055e-01 -1.650797011712318296e-02
-2.062407499577937386e+01 1.201767212039938082e+00 1.797406187090522245e-02 4.235109983537238776e+00 2.635310013574237303e-02 2.444684929478030677e-01 -1.648907044976638536e-02
-2.053440510449337708e+01 1.202608567256920225e+00 1.811556371341266347e-02 4.238771567233079018e+00 2.551384116621429818e-02 2.424639065825035522e-01 -1.686368068023027383e-02
-2.044473521320743004e+01 1.203036189665976918e+00 1.818767027805376357e-02 4.242265944716645976e+00 2.470697558073605901e-02 2.429877075179228685e-01 -1.476597706727299231e-02
-2.035506532192138351e+01 1.203286916865778045e+00 1.823000717480049993e-02 4.250819356767788548e+00 2.389359291297426385e-02 2.363193220176459941e-01 -1.880636309617643442e-02
-2.026539543063539028e+01 1.201957277330000906e+00 1.800598483534007754e-02 4.240169485243416858e+00 2.505085187182890666e-02 2.327433273065148134e-01 -1.882912283297780848e-02
-2.017572553934940416e+01 1.202446304442416070e+00 1.808823571196388480e-02 4.238609017494411546e+00 2.581531246678476360e-02 2.363915669541735987e-01 -1.701670927009275858e-02
-2.008605564806340382e+01 1.200951984055771637e+00 1.783742172736058063e-02 4.231692866307864342e+00 2.437159478529690032e-02 2.320292970305405378e-01 -1.487158322149677650e-02
-1.999638575677739993e+01 1.200764583880770342e+00 1.780607674878292856e-02 4.232134280701165707e+00 2.468078889985375959e-02 2.272995997076384389e-01 -1.832930395047710145e-02
-1.990671586549142802e+01 1.199188334286201973e+00 1.754339444070818210e-02 4.223340994856298991e+00 2.352227231535169646e-02 2.273312541737739501e-01 -2.117046284748020854e-02
-1.981704597420542058e+01 1.200104632119280978e+00 1.769588569371860487e-02 4.229306593339138942e+00 2.351873772194093895e-02 2.267268000215627299e-01 -2.004912277246892124e-02
-1.972737608291942024e+01 1.199207501563992029e+00 1.754657830366407323e-02 4.231250765718447937e+00 2.258673441969896029e-02 2.317821229028135255e-01 -2.025802526175354487e-02
-1.963770619163343767e+01 1.200004298004001324e+00 1.767915954645976617e-02 4.235167722923304012e+00 2.507793521485114294e-02 2.307396072388397945e-01 -2.125408031711958912e-02
-1.954803630034744444e+01 1.200829437217373785e+00 1.781692150937436159e-02 4.241527794526295025e+00 2.481328684738422913e-02 2.359846611857696896e-01 -2.246809619161964366e-02
-1.945836640906139436e+01 1.201892387586469768e+00 1.799508327958454501e-02 4.247398527452770800e+00 2.521854228746294585e-02 2.357261209157876236e-01 -2.142170026204858954e-02
-1.936869651777545798e+01 1.203042680407308440e+00 1.818876573379241135e-02 4.259570683992049744e+00 2.511960456526629928e-02 2.360210050225859668e-01 -1.819555563026796843e-02
-1.927902662648945409e+01 1.204085575746035586e+00 1.836515518417355941e-02 4.264672485089022302e+00 2.585284316258005394e-02 2.353840316525862841e-01 -1.738895862275383064e-02
-1.918935673520341467e+01 1.203095067744528457e+00 1.819760831779240751e-02 4.258563906692318213e+00 2.525382793786086488e-02 2.354328790300635466e-01 -1.502535510333511369e-02
-1.909968684391741078e+01 1.202002431771707736e+00 1.801357255615623765e-02 4.254040906350060602e+00 2.453712143667436882e-02 2.358308710370357053e-01 -1.599041150740449641e-02
-1.901001695263147440e+01 1.199946869464846522e+00 1.766958909703961189e-02 4.244168453759820103e+00 2.384597191938341021e-02 2.431852054835829946e-01 -1.990878990117531805e-02
-1.892034706134542432e+01 1.199935300518970793e+00 1.766766141273956592e-02 4.247656099310213484e+00 2.374003647215671212e-02 2.404534036373423000e-01 -2.077365131086721106e-02
-1.883067717005942754e+01 1.199617804911487839e+00 1.761479475522004234e-02 4.252367285939829600e+00 2.269543453800280247e-02 2.346151822991317804e-01 -1.903218938507567071e-02
-1.874100727877345207e+01 1.201547027331366424e+00 1.793711138579101583e-02 4.263276813261446030e+00 2.288232710413107621e-02 2.317647526036993588e-01 -2.148478848929553583e-02
-1.865133738748744818e+01 1.201117506802519941e+00 1.786512768934039874e-02 4.267896086349995954e+00 2.308097541629025237e-02 2.304755372943241565e-01 -2.211350785383475043e-02
-1.856166749620143719e+01 1.200879683492879657e+00 1.782532568578512611e-02 4.261105079566947396e+00 2.367022198219613863e-02 2.238197169011451604e-01 -2.236422213030694536e-02
-1.847199760491547593e+01 1.202138422613017843e+00 1.803643288665859878e-02 4.271449205789809689e+00 2.433165496327716407e-02 2.287616108128519565e-01 -2.204245948528966992e-02
-1.838232771362946494e+01 1.203383317161442978e+00 1.824629654014062186e-02 4.279382880476529039e+00 2.412650323894881613e-02 2.298713381126757938e-01 -2.113969784539596400e-02
-1.829265782234345750e+01 1.204307785263988961e+00 1.840283544525275761e-02 4.285628823561958178e+00 2.235276433042669708e-02 2.348613039228074351e-01 -2.129903732790528262e-02
-1.820298793105748913e+01 1.202982421158750537e+00 1.817859677608912872e-02 4.275345845040642523e+00 2.402153950054780954e-02 2.394690332782438702e-01 -2.247908675444541815e-02
-1.811331803977148525e+01 1.203070739133205835e+00 1.819350159745827811e-02 4.276119475496804156e+00 2.334510492826448111e-02 2.383102953227200504e-01 -2.023346178026787234e-02
-1.802364814848543517e+01 1.204147307609740425e+00 1.837561969400658413e-02 4.289869492780073124e+00 2.349841535027470327e-02 2.352562703092892782e-01 -1.828921843533401134e-02
-1.793397825719951300e+01 1.205027079433830250e+00 1.852504018452089118e-02 4.295499825513189762e+00 2.398627981181101695e-02 2.347538009406875681e-01 -2.052199330870820709e-02
-1.784430836591349845e+01 1.205583881211854447e+00 1.861988290152999381e-02 4.300342457019867837e+00 2.302304682515900203e-02 2.350336392239870120e-01 -1.949603127747073089e-02
-1.775463847462745548e+01 1.205279780783028665e+00 1.856805756833276866e-02 4.296559917940384388e+00 2.218880800279346768e-02 2.418390948099605753e-01 -2.226847243126968412e-02
-1.766496858334144093e+01 1.204607798222618431e+00 1.845376291310185657e-02 4.293674597559482997e+00 2.295412963255455061e-02 2.384075825102940915e-01 -2.208271300333799342e-02
-1.757529869205551876e+01 1.204397287192590760e+00 1.841802198367548105e-02 4.289063547135802068e+00 2.382799116874616957e-02 2.434681466508298864e-01 -2.207952178559863601e-02
-1.748562880076946868e+01 1.204681505191271595e+00 1.846628422956148041e-02 4.290802917829733332e+00 2.268359922054370356e-02 2.408190159795852714e-01 -2.225349335403172327e-02
-1.739595890948346124e+01 1.205180117667469908e+00 1.855108665244895039e-02 4.290978430269064781e+00 2.316128385540184784e-02 2.445811395481659600e-01 -1.956189126316614652e-02
-1.730628901819750354e+01 1.205514164114179332e+00 1.860799596785811527e-02 4.289021669497816269e+00 2.464877974682217268e-02 2.482544784787451830e-01 -2.004727519556907811e-02
-1.721661912691148899e+01 1.206003970194118979e+00 1.869157985961950041e-02 4.286212865317861720e+00 2.451051666620770661e-02 2.435588880482033869e-01 -1.739258223876324547e-02
-1.712694923562547800e+01 1.205640320683855737e+00 1.862950841739463570e-02 4.284277663241495837e+00 2.411738376935242817e-02 2.448961729398348164e-01 -2.135723211076358263e-02
-1.703727934433952385e+01 1.205861851533359674e+00 1.866731075719257893e-02 4.289902821309158121e+00 2.456159407748736631e-02 2.401820685610531192e-01 -2.096844320835306724e-02
-1.694760945305350575e+01 1.207830520826507437e+00 1.900472848552522964e-02 4.304293333775232711e+00 2.284122676737838920e-02 2.441946888926274650e-01 -2.088065386635210366e-02
-1.685793956176749120e+01 1.207353448072855384e+00 1.892271694956942918e-02 4.299948649357729913e+00 2.303390412619792105e-02 2.466695916990912230e-01 -1.932485928717023183e-02
-1.676826967048153705e+01 1.208434072840732565e+00 1.910870605052855664e-02 4.305085846534387528e+00 2.327491904144409623e-02 2.540037515142453128e-01 -2.216194355329386551e-02
-1.667859977919552961e+01 1.208542770898375807e+00 1.912745863931214485e-02 4.301233482471470637e+00 2.387437588204908978e-02 2.480557848940153909e-01 -2.184789377465562107e-02
-1.658892988790947598e+01 1.210098200672554247e+00 1.939668677637945704e-02 4.306670062597230952e+00 2.304005083292447534e-02 2.435558835776974462e-01 -2.171107501904250003e-02
-1.649925999662356091e+01 1.210259050136267778e+00 1.942462242012152340e-02 4.306947378662301595e+00 2.468981585330621772e-02 2.467199084500540929e-01 -2.275135391490092085e-02
-1.640959010533754281e+01 1.208000967615006083e+00 1.903406709690394494e-02 4.287405971390747972e+00 2.519156896752226468e-02 2.544873809676035381e-01 -2.436236212706315712e-02
-1.631992021405149629e+01 1.208282486961542279e+00 1.908256796435664482e-02 4.287625419746095901e+00 2.497940800577492029e-02 2.554763063818598634e-01 -2.029694390953680483e-02
-1.623025032276547819e+01 1.207588106955912011e+00 1.896303665012574746e-02 4.280909704473746302e+00 2.331629252835963270e-02 2.535102484131546707e-01 -1.859136266268703389e-02
-1.614058043147956667e+01 1.208140364262771715e+00 1.905807591856756300e-02 4.278656979639201552e+00 2.405643794403188040e-02 2.557842830676809731e-01 -1.887606552603400545e-02
-1.605091054019350949e+01 1.209482218169831258e+00 1.928986901249613028e-02 4.284663113318777583e+00 2.576785197052416584e-02 2.586203648720895587e-01 -1.985748341994748520e-02
-1.596124064890749850e+01 1.209197428982583755e+00 1.924057127522124655e-02 4.282179746818163046e+00 2.494677536653962940e-02 2.641214207487335708e-01 -1.921514678283344282e-02
-1.587157075762154612e+01 1.208861639160997870e+00 1.918251645867985467e-02 4.274715846020548327e+00 2.548462530810087154e-02 2.602748537945160923e-01 -1.540844691456902740e-02
-1.578190086633553335e+01 1.208353226052337082e+00 1.909476360945622231e-02 4.269380852818646765e+00 2.528577613272002533e-02 2.565778296029846417e-01 -1.547962696637945196e-02
-1.569223097504950992e+01 1.208339413876231339e+00 1.909238207693145228e-02 4.268817992946678075e+00 2.658352379460016124e-02 2.504288920212525693e-01 -1.525359192140774735e-02
-1.560256108376356998e+01 1.207226545948126839e+00 1.890092803306725466e-02 4.258446466782737083e+00 2.578957660481951894e-02 2.495362780832284522e-01 -1.294268879660370915e-02
-1.551289119247754833e+01 1.208985489624897269e+00 1.920392002878418269e-02 4.268141706019722648e+00 2.643731952345451316e-02 2.507278369118043915e-01 -1.672185187869259723e-02
-1.542322130119153023e+01 1.209108704758997455e+00 1.922522421624467404e-02 4.266380995829329059e+00 2.724372154423505832e-02 2.498833838735296797e-01 -1.434810913837787812e-02
-1.533355140990558674e+01 1.207495114208525511e+00 1.894705387624037729e-02 4.256234801279485502e+00 2.856612302747827889e-02 2.419512594469102607e-01 -1.240044220175258102e-02
-1.524388151861957219e+01 1.206115062932585191e+00 1.871056044522834139e-02 4.248629963509498175e+00 2.769814677514396972e-02 2.400403356898045681e-01 -1.174372228528223691e-02
-1.515421162733351501e+01 1.206228311220584049e+00 1.872991804644069669e-02 4.253049758845442341e+00 2.492133107221079433e-02 2.399746827103059754e-01 -1.167619916034990518e-02
-1.506454173604760705e+01 1.206260087248164137e+00 1.873535112654622914e-02 4.251594384756877787e+00 2.404279303387768865e-02 2.403836200916963095e-01 -1.519395671997464392e-02
-1.497487184476158539e+01 1.207384962516175220e+00 1.892812964772017104e-02 4.266040536176790354e+00 2.323838797519267932e-02 2.396132244909134346e-01 -1.623982915223952384e-02
-1.488520195347553887e+01 1.206556512128535097e+00 1.878606741726401852e-02 4.265097645048692598e+00 2.386728972370852006e-02 2.401891845763083899e-01 -1.714622980316626508e-02
-1.479553206218951722e+01 1.205103786240046659e+00 1.853809334658476637e-02 4.252084699887426211e+00 2.489468362787812528e-02 2.354680603426098084e-01 -1.774664263604948042e-02
-1.470586217090360925e+01 1.205642063425076405e+00 1.862980566949951067e-02 4.255751803418060142e+00 2.553879082928498662e-02 2.360393378162529698e-01 -1.510872578867331756e-02
-1.461619227961755030e+01 1.205683378869361499e+00 1.863685328451156198e-02 4.263984959057181001e+00 2.564991515917402695e-02 2.363022081621423964e-01 -1.428258232510189359e-02
-1.452652238833153753e+01 1.205469060468455700e+00 1.860030746900817600e-02 4.258836364938473729e+00 2.686805276844454055e-02 2.339354308673563532e-01 -1.686973138458676760e-02
-1.443685249704559759e+01 1.205899670982038652e+00 1.867376769483636290e-02 4.261512185316903789e+00 2.603822261419622835e-02 2.370670749537914512e-01 -1.710103562611917788e-02
-1.434718260575957416e+01 1.205672119663979913e+00 1.863493256562731570e-02 4.260385781425486407e+00 2.473012319289224006e-02 2.367487077927225292e-01 -2.077639928445317030e-02
-1.425751271447354895e+01 1.205194145185589427e+00 1.855347488422540159e-02 4.256584280728398895e+00 2.546393280059550471e-02 2.365469421260381899e-01 -1.730192593044159802e-02
-1.416784282318761790e+01 1.204747655825793462e+00 1.847752506585498278e-02 4.257653401097692303e+00 2.587299921287551652e-02 2.358624452812895789e-01 -1.913584482730866163e-02
-1.407817293190159091e+01 1.203602755474195929e+00 1.828340034264805403e-02 4.251481727989182779e+00 2.508152834388886407e-02 2.406418810558037524e-01 -2.319725124307314354e-02
-1.398850304061556926e+01 1.204642660484388728e+00 1.845968483648041669e-02 4.254408226932161696e+00 2.545460307081348975e-02 2.401864260818192542e-01 -2.072506043314331289e-02
-1.389883314932963287e+01 1.204415346716904756e+00 1.842108696332450668e-02 4.252362529037791106e+00 2.564764163730634539e-02 2.389363398415387252e-01 -1.955270015499900246e-02
-1.380916325804361477e+01 1.204109534999815434e+00 1.836921633777560681e-02 4.253433233483284504e+00 2.607113647108078372e-02 2.353947965723273972e-01 -1.754334202596501482e-02
-1.371949336675755760e+01 1.203461960364450301e+00 1.825959013071570824e-02 4.250080303424339512e+00 2.673560401675031256e-02 2.377470462396538697e-01 -1.847470047395524673e-02
-1.362982347547165318e+01 1.202775478971468415e+00 1.814369366870058342e-02 4.248228138657769826e+00 2.528018976950114141e-02 2.375882078877908643e-01 -2.050104536279355807e-02
-1.354015358418563153e+01 1.204077514323914633e+00 1.836378884192840788e-02 4.252744508391929301e+00 2.415957519015016555e-02 2.307418782591510731e-01 -1.696964258281202440e-02
-1.345048369289957790e+01 1.204855924742822548e+00 1.849592947739026050e-02 4.256387912514376204e+00 2.555411506148075676e-02 2.346884011426274286e-01 -1.704054731933815972e-02
-1.336081380161355447e+01 1.207692475396479503e+00 1.898098164043651725e-02 4.265728744809813122e+00 2.436133748900954146e-02 2.391570951566147629e-01 -1.766469361242752056e-02
-1.327114391032765184e+01 1.206245273961566777e+00 1.873281825750625074e-02 4.256055274829920521e+00 2.376578447546565803e-02 2.341333625239084837e-01 -1.917844873737092198e-02
-1.318147401904159288e+01 1.205103371646432997e+00 1.853802278448915541e-02 4.255010317834758027e+00 2.397406034608027744e-02 2.317442191853644196e-01 -1.799657364625321596e-02
-1.309180412775557123e+01 1.205790167041942862e+00 1.865507471927219107e-02 4.266765473283975041e+00 2.359122823868618074e-02 2.371499407729085462e-01 -1.707072951944605885e-02
-1.300213423646964017e+01 1.204515459558503920e+00 1.843808173329122835e-02 4.258794465969543808e+00 2.508722712992836335e-02 2.421912867411372960e-01 -1.802235229084742443e-02
-1.291246434518361674e+01 1.204238547278787319e+00 1.839109104801761596e-02 4.261376076336564012e+00 2.513777178331812537e-02 2.417165285212047321e-01 -1.879032404612469842e-02
-1.282279445389758799e+01 1.203822441154163814e+00 1.832057926736110898e-02 4.255986321903606040e+00 2.684908240824674872e-02 2.380233079628160109e-01 -2.069456472873837730e-02
-1.273312456261166403e+01 1.204193146511971957e+00 1.838339180035913900e-02 4.256446572343594248e+00 2.560080951343887343e-02 2.367909808928375104e-01 -1.715389411831053784e-02
-1.264345467132563350e+01 1.203559006994600500e+00 1.827600046270416723e-02 4.253812308183689161e+00 2.499347417111982481e-02 2.379965316953284449e-01 -1.801178018579133872e-02
-1.255378478003960829e+01 1.204379646092046174e+00 1.841502823407578648e-02 4.259425680748354814e+00 2.203776767526580832e-02 2.381097722989908294e-01 -1.729446414100655957e-02
-1.246411488875367901e+01 1.204603557541361614e+00 1.845304262140878837e-02 4.262782339146641064e+00 2.068367955669558542e-02 2.396713883657001776e-01 -1.768775153848614959e-02
-1.237444499746765736e+01 1.203632886718033035e+00 1.828849769008500381e-02 4.255599626628146837e+00 2.179261424414601425e-02 2.374916344391925782e-01 -1.742276824332460866e-02
-1.228477510618160018e+01 1.201587696800321625e+00 1.794393383938691633e-02 4.249214929810602115e+00 2.133570100638675776e-02 2.389733029730876923e-01 -1.737149837648072417e-02
-1.219510521489570465e+01 1.200906231756446951e+00 1.782976684696679914e-02 4.244281559613732213e+00 2.143850435074909355e-02 2.342727347750108158e-01 -1.818205004386251947e-02
-1.210543532360967056e+01 1.200848501426499126e+00 1.782010997694502552e-02 4.245283194905569601e+00 2.250302877663839379e-02 2.367128328352719469e-01 -1.521780333775487638e-02
-1.201576543232362404e+01 1.201901348611895681e+00 1.799658856927821571e-02 4.242230945304183543e+00 2.321119913171552224e-02 2.397587650428887052e-01 -1.600309075687639596e-02
-1.192609554103758995e+01 1.201639491613441635e+00 1.795262426905308573e-02 4.244100518545313783e+00 2.397172867686180042e-02 2.324755339808990684e-01 -1.777805012249311298e-02
-1.183642564975169087e+01 1.201853467146480225e+00 1.798854599683794020e-02 4.254507547742843343e+00 2.346557812035053245e-02 2.283829395438554954e-01 -1.584976810241000081e-02
-1.174675575846564435e+01 1.202605343408971850e+00 1.811502058166511442e-02 4.259318450043759086e+00 2.455017480792298298e-02 2.300642979011499611e-01 -1.372432969110499480e-02
-1.165708586717962270e+01 1.203197360058382737e+00 1.821487994776474495e-02 4.260529157988300675e+00 2.546085962784367177e-02 2.351907726462849346e-01 -1.601675019758573917e-02
-1.156741597589368631e+01 1.204298940719282784e+00 1.840133501746762934e-02 4.267975763954580337e+00 2.464996093442974046e-02 2.274445310182405811e-01 -1.527944530510639241e-02
-1.147774608460765933e+01 1.204162632626073925e+00 1.837821792955687816e-02 4.271743778431306815e+00 2.552318851198680238e-02 2.292201119427755285e-01 -1.561142743970701796e-02
-1.138807619332163057e+01 1.205112682395403922e+00 1.853960746346286492e-02 4.274410164848346128e+00 2.571107149146626206e-02 2.312088455884737659e-01 -1.439737759719556670e-02
-1.129840630203569773e+01 1.205762646675037963e+00 1.865037812529032890e-02 4.275606552931624726e+00 2.371720381670558084e-02 2.330682037495319103e-01 -1.510409346785522577e-02
-1.120873641074966365e+01 1.204614777094928257e+00 1.845494832126159945e-02 4.264104079397821323e+00 2.625573932573891170e-02 2.364165840551275266e-01 -1.476046418870109386e-02
-1.111906651946365798e+01 1.204195122176574761e+00 1.838372681205852066e-02 4.266892393620723922e+00 2.577858323758966397e-02 2.369640974356802543e-01 -1.567319910948005920e-02
-1.102939662817772692e+01 1.205965234878033421e+00 1.868496378950723624e-02 4.269836520673448987e+00 2.713532686527447141e-02 2.409392472927003592e-01 -1.722636908546141057e-02
-1.093972673689169994e+01 1.206245932616808014e+00 1.873293087532407197e-02 4.276515199027193681e+00 2.752851774002635851e-02 2.428681238844664081e-01 -1.876422766226200356e-02
-1.085005684560564276e+01 1.208202956942431738e+00 1.906886082809433614e-02 4.289418038189789506e+00 2.634298438214335153e-02 2.507396975955896168e-01 -2.082670289681277584e-02
-1.076038695431972947e+01 1.208413491190140077e+00 1.910515621518110718e-02 4.289176240691416453e+00 2.568254210330946780e-02 2.493592479077513524e-01 -2.044044625488330991e-02
-1.067071706303369538e+01 1.207202729136007902e+00 1.889683995134891492e-02 4.276399281149300791e+00 2.594700268817500335e-02 2.516934318384029257e-01 -1.860988255433233818e-02
-1.058104717174768261e+01 1.208544434480484542e+00 1.912774570334985214e-02 4.281469531258094818e+00 2.540942499785955183e-02 2.465936396168869338e-01 -1.665543518954123656e-02
-1.049137728046164852e+01 1.208350851870323206e+00 1.909435423731339898e-02 4.279073233816084176e+00 2.512235164276347549e-02 2.426940692096712093e-01 -1.838871621924429225e-02
-1.040170738917573701e+01 1.209458273373836379e+00 1.928572197182376602e-02 4.275471014634367073e+00 2.639720308321222286e-02 2.425670208961633323e-01 -2.008243451863172060e-02
-1.031203749788967805e+01 1.208264452624177698e+00 1.907945933529880955e-02 4.267424568706503329e+00 2.672281260886819748e-02 2.485696330922919084e-01 -2.203264615888221589e-02
-1.022236760660365285e+01 1.209421260688466893e+00 1.927931245197050947e-02 4.273697241903136934e+00 2.673007620323633593e-02 2.439095138912223681e-01 -2.071413013343708850e-02
-1.013269771531770758e+01 1.208457937732203336e+00 1.911282252844412333e-02 4.268355064201524662e+00 2.717841270808426385e-02 2.510242097536542483e-01 -2.176349431913934124e-02
-1.004302782403172323e+01 1.208640920907339877e+00 1.914439842883716714e-02 4.270412380430967048e+00 2.704945421251538085e-02 2.458675566730044171e-01 -2.354621489143869997e-02
-9.953357932745689141e+00 1.208625109650204532e+00 1.914166910553591339e-02 4.269360471358553788e+00 2.565214350585401717e-02 2.381400335870735019e-01 -2.102765794603905433e-02
-9.863688041459752753e+00 1.209525941667217941e+00 1.929744257197238411e-02 4.276464266807195713e+00 2.510695934412667321e-02 2.376821151785459274e-01 -2.134556820917015568e-02
-9.774018150173718666e+00 1.209434827936664680e+00 1.928166179575330208e-02 4.282346514020359152e+00 2.488542355095567718e-02 2.395980863845298403e-01 -2.215722439987123302e-02
-9.684348258887693461e+00 1.208958128608682570e+00 1.919919065377859169e-02 4.270437546828459219e+00 2.448448171883001179e-02 2.414675668430832089e-01 -2.136730948942504316e-02
-9.594678367601744640e+00 1.209665416105599967e+00 1.932161034964860469e-02 4.277613316691645018e+00 2.521167531529978564e-02 2.430310476371732586e-01 -2.034510563690045820e-02
-9.505008476315714105e+00 1.209836363938254777e+00 1.935124988953898506e-02 4.275871884045930216e+00 2.396843718956798153e-02 2.391129655406624421e-01 -1.914218542876870016e-02
-9.415338585029708440e+00 1.210414112139109433e+00 1.945156964442115721e-02 4.278670497875343592e+00 2.356063819701751175e-02 2.475883788259725660e-01 -2.027229309398497631e-02
-9.325668693743793369e+00 1.209213650444935562e+00 1.924337776235232611e-02 4.273584142780627815e+00 2.456088455372946663e-02 2.419430372007908003e-01 -1.527886567675901079e-02
-9.235998802457755730e+00 1.208678255361442355e+00 1.915084374387024391e-02 4.264731822157475705e+00 2.545776693033956553e-02 2.382890875454401203e-01 -1.786640809516653813e-02
-9.146328911171709208e+00 1.208430287509710155e+00 1.910805315100252977e-02 4.260652386730372498e+00 2.548374273370556178e-02 2.391239617482433522e-01 -1.583110049629730953e-02
-9.056659019885669792e+00 1.207108206640060910e+00 1.888061929680487361e-02 4.252734130936381085e+00 2.502552821012394776e-02 2.394778936120997292e-01 -1.269073138350317737e-02
-8.966989128599745840e+00 1.207828794377688864e+00 1.900443141775201572e-02 4.257027795068692555e+00 2.559781850867613728e-02 2.384639570203913317e-01 -1.563370548010115796e-02
-8.877319237313752609e+00 1.208703957475207202e+00 1.915528143893510671e-02 4.258863143321572231e+00 2.527721241685915513e-02 2.412973193432363384e-01 -1.467665091535498567e-02
-8.787649346027718522e+00 1.207628307404850831e+00 1.896994778494470735e-02 4.253033542567797198e+00 2.426451786706727495e-02 2.423147003630612417e-01 -1.336070739486427093e-02
-8.697979454741771477e+00 1.205551694647110095e+00 1.861439459885644299e-02 4.247820395444545483e+00 2.397454939103917798e-02 2.422285364695778154e-01 -1.536251122921123563e-02
-8.608309563455744495e+00 1.205431628833538049e+00 1.859392782647392717e-02 4.248205317461287933e+00 2.414858416265954627e-02 2.489935282183159404e-01 -1.685042878366885613e-02
-8.518639672169710408e+00 1.204240192888033301e+00 1.839137014385533453e-02 4.246214431167854464e+00 2.618098312476161219e-02 2.485961514477000867e-01 -1.569399478401013390e-02
-8.428969780883763363e+00 1.204396700913963780e+00 1.841792248692347700e-02 4.242918010699153086e+00 2.614840318699854921e-02 2.466271284624482196e-01 -1.633985230951302131e-02
-8.339299889597723947e+00 1.203817447222746306e+00 1.831973373989853604e-02 4.240024661713058585e+00 2.676218805018964683e-02 2.509421039238382001e-01 -1.796144402055299336e-02
-8.249629998311764467e+00 1.204214594525410797e+00 1.838702886503382206e-02 4.243765338634212014e+00 2.589411975579719929e-02 2.502369025530791768e-01 -1.746379107966559985e-02
-8.159960107025815645e+00 1.204288448980396886e+00 1.839955522229683171e-02 4.247498958391853208e+00 2.567066918216530727e-02 2.485805393043013511e-01 -1.943160053010018970e-02
-8.070290215739785111e+00 1.204169623607089790e+00 1.837940324900108613e-02 4.248156810330927513e+00 2.566369918480456910e-02 2.469167452615730063e-01 -1.789376138827998564e-02
-7.980620324453727044e+00 1.203540416827598269e+00 1.827285641048939646e-02 4.247149967479410648e+00 2.670321177981993879e-02 2.453273797985497107e-01 -1.472890212089225312e-02
-7.890950433167798650e+00 1.201856228141520599e+00 1.798900971359568279e-02 4.237334543611003923e+00 2.746705864762493884e-02 2.410547749305146925e-01 -1.683629044826445015e-02
-7.801280541881761010e+00 1.201559665122210463e+00 1.793923129918598147e-02 4.235998244682003921e+00 2.680696657499980276e-02 2.455947752151860508e-01 -1.870008102157694543e-02
-7.711610650595788208e+00 1.201749641260330570e+00 1.797111198283313227e-02 4.234408591254291032e+00 2.749569024066849873e-02 2.408041962650343815e-01 -1.644895319018338867e-02
-7.621940759309749680e+00 1.200024809738382325e+00 1.768257837616279970e-02 4.227875042041151943e+00 3.024724710863300678e-02 2.378399183335416500e-01 -1.718933914407029875e-02
-7.532270868023822175e+00 1.199812178745784053e+00 1.764715191385138326e-02 4.230442508947792390e+00 2.939438931563433111e-02 2.387296651507553602e-01 -1.793782042186872067e-02
-7.442600976737763219e+00 1.199744391250705755e+00 1.763586443710474239e-02 4.229344704600403126e+00 3.001990234440946731e-02 2.445429021068538933e-01 -2.153127089797280194e-02
-7.352931085451733573e+00 1.199322636372168738e+00 1.756570864106585250e-02 4.230808177998155450e+00 2.968310197824960625e-02 2.414483981018321068e-01 -2.316913114689062719e-02
-7.263261194165772316e+00 1.198080102266773528e+00 1.735974148091087854e-02 4.229005812835270994e+00 2.832167099760180690e-02 2.369359691208242635e-01 -2.289451429863156168e-02
-7.173591302879832377e+00 1.196601920518977513e+00 1.711611356654674232e-02 4.223587588458978637e+00 2.796418883034306260e-02 2.355486173587782450e-01 -1.918629302919061183e-02
-7.083921411593793849e+00 1.196101146865589104e+00 1.703392395522052016e-02 4.221466980173485872e+00 2.621096079268652249e-02 2.386674272027088373e-01 -1.975070809349776385e-02
-6.994251520307845915e+00 1.195628972122104283e+00 1.695658870125046902e-02 4.220446457692085040e+00 2.714127544353007668e-02 2.401392084162818907e-01 -1.786964263211442486e-02
-6.904581629021803835e+00 1.195485324354357726e+00 1.693309225218495029e-02 4.213937179991400939e+00 2.888307999063371642e-02 2.422847325334015756e-01 -1.717409208172114912e-02
-6.814911737735769748e+00 1.196162894337850169e+00 1.704404880455095972e-02 4.221993628580009705e+00 2.806733279139476261e-02 2.375117690635120127e-01 -1.572451922419738565e-02
-6.725241846449812932e+00 1.198352387447423117e+00 1.740478455648136746e-02 4.233167472952554355e+00 2.794432011504569338e-02 2.383164854894194995e-01 -1.655939245671790572e-02
-6.635571955163775293e+00 1.198843880036762899e+00 1.748622094567325869e-02 4.238461322918345431e+00 2.785567433250289021e-02 2.390997738196133648e-01 -1.783406684536880185e-02
-6.545902063877814037e+00 1.200704546788703420e+00 1.779603995970777119e-02 4.252979498883129317e+00 2.766180795065777132e-02 2.471585403038236983e-01 -1.565067764194295538e-02
-6.456232172591882090e+00 1.200121547709061209e+00 1.769870628701669668e-02 4.250801178925092572e+00 2.704554652936062495e-02 2.432511557128445301e-01 -1.420183336558651643e-02
-6.366562281305844451e+00 1.200365482385319371e+00 1.773940330854925640e-02 4.261058291673001541e+00 2.541331005286133829e-02 2.425567613252186394e-01 -1.414122511788990129e-02
-6.276892390019789936e+00 1.200731565160655157e+00 1.780055648635248122e-02 4.264533484642712757e+00 2.721466434857974098e-02 2.448391129343456263e-01 -1.556929200275335157e-02
-6.187222498733751408e+00 1.199860988421840524e+00 1.765528132000190875e-02 4.255456260161950333e+00 2.740347684576329573e-02 2.413264800584856706e-01 -1.744265475432703327e-02
-6.097552607447811468e+00 1.199849195070562757e+00 1.765331694837260490e-02 4.259168352423649218e+00 2.733346991363505216e-02 2.439062687641986304e-01 -1.775924843994216434e-02
-6.007882716161859094e+00 1.199957758501727589e+00 1.767140357591179267e-02 4.260080198076420466e+00 2.677727447591976215e-02 2.410677885406576348e-01 -1.746444669142624417e-02
-5.918212824875828559e+00 1.200229220910164152e+00 1.771666493257814667e-02 4.266664678047668247e+00 2.554441765127275776e-02 2.401568822045238860e-01 -1.763198081217271992e-02
-5.828542933589863750e+00 1.202324024371879796e+00 1.806765356174583337e-02 4.271898651920199796e+00 2.464412055844013988e-02 2.380205046508103439e-01 -1.609265647933476664e-02
-5.738873042303829664e+00 1.202685182302227540e+00 1.812847340435544408e-02 4.272564830759341348e+00 2.502508244703315066e-02 2.403741706935845213e-01 -1.689201962073287253e-02
-5.649203151017787583e+00 1.202272480747952343e+00 1.805898085094295724e-02 4.271140931417280129e+00 2.580655069149721814e-02 2.369414955178130167e-01 -1.966121683435021611e-02
-5.559533259731831656e+00 1.203251855869793996e+00 1.822408428902164146e-02 4.279041332328757719e+00 2.555859482266296251e-02 2.309068304547990391e-01 -2.118635214786467047e-02
-5.469863368445788687e+00 1.204235897803074939e+00 1.839064170003987253e-02 4.281296071145112236e+00 2.647682613169252339e-02 2.300022726576354537e-01 -1.979805370667472170e-02
-5.380193477159869175e+00 1.204646059031923011e+00 1.846026217997487340e-02 4.280464087910917925e+00 2.626604880771717110e-02 2.287793814384209423e-01 -2.188513228408560038e-02
-5.290523585873904366e+00 1.204111549575007656e+00 1.836955783136820508e-02 4.278182840346843818e+00 2.598024593759462597e-02 2.286306735495617914e-01 -2.147328405840057131e-02
-5.200853694587870280e+00 1.202887875171936294e+00 1.816264686904453529e-02 4.275978776215254129e+00 2.507038258015813204e-02 2.361468329613998773e-01 -2.151265449774085806e-02
-5.111183803301812212e+00 1.203318212125545017e+00 1.823529462847436888e-02 4.276906431931853270e+00 2.599677630564334666e-02 2.405118740814399247e-01 -1.893136796281384704e-02
-5.021513912015867831e+00 1.202241341561402832e+00 1.805374227370776241e-02 4.265411138984445572e+00 2.760393676919278491e-02 2.396736232442501224e-01 -1.950716695471416476e-02
-4.931844020729825750e+00 1.201896688083175624e+00 1.799580567807088083e-02 4.262289381950150613e+00 2.660976698763070636e-02 2.402612113206492872e-01 -2.162903886720451627e-02
-4.842174129443892916e+00 1.203387204556408019e+00 1.824695355237496153e-02 4.268855106527169596e+00 2.725412814048275290e-02 2.434409961305194492e-01 -2.087239137810395495e-02
-4.752504238157850835e+00 1.204444783768272575e+00 1.842608336660592205e-02 4.266223775205268964e+00 2.953520133599162392e-02 2.477684684176205132e-01 -2.011414375711174929e-02
-4.662834346871906455e+00 1.203600774387204586e+00 1.828306522116546207e-02 4.257117158572274462e+00 2.890916578202490025e-02 2.475379878663371835e-01 -1.831794898777449124e-02
-4.573164455585848387e+00 1.202828503302517449e+00 1.815263399303168601e-02 4.256934147465331719e+00 2.893938623432834936e-02 2.426595704693046973e-01 -2.198727616152462705e-02
-4.483494564299814300e+00 1.202112630691556383e+00 1.803209622996826411e-02 4.256076077137386449e+00 2.625595685762534270e-02 2.451688252600105200e-01 -1.966171380094040161e-02
-4.393824673013841497e+00 1.202354467332518828e+00 1.807277674616888929e-02 4.255263287976379871e+00 2.556490728263252632e-02 2.468899944566005089e-01 -2.082971576608227612e-02
-4.304154781727937973e+00 1.202391572671521303e+00 1.807902199567487656e-02 4.255184466895930662e+00 2.727443765831700714e-02 2.500953059756907959e-01 -1.971765068685269601e-02
-4.214484890441895892e+00 1.202789923464398836e+00 1.814612893260236781e-02 4.260254784446365406e+00 2.697173613984736942e-02 2.483402765469575335e-01 -2.126685767252681214e-02
-4.124814999155931083e+00 1.205401707071165340e+00 1.858882881889609151e-02 4.275877467313774716e+00 2.447568064727057013e-02 2.535052475847296982e-01 -2.212257873543814479e-02
-4.035145107869889003e+00 1.205900893498351500e+00 1.867397643220675141e-02 4.281695192658406590e+00 2.473598332003665301e-02 2.517673587917097500e-01 -2.007658200334750884e-02
-3.945475216583850475e+00 1.204431156407597570e+00 1.842377029609246208e-02 4.269574787681688299e+00 2.541380090394824293e-02 2.472742928526697748e-01 -1.694515375266388707e-02
-3.855805325297881669e+00 1.204088975384948190e+00 1.836573140739064525e-02 4.270231083868030630e+00 2.527362127015187962e-02 2.424980710782010385e-01 -1.677176743258168914e-02
-3.766135434011843586e+00 1.203807186033533316e+00 1.831799646182297181e-02 4.263435756091952911e+00 2.689284004437772491e-02 2.452157101676145645e-01 -1.712732784199763603e-02
-3.676465542725919633e+00 1.205889729503826668e+00 1.867207028487513631e-02 4.273246597907558453e+00 2.689605760918666044e-02 2.471314926984521654e-01 -1.642370350618604230e-02
-3.586795651439971255e+00 1.205142258929207566e+00 1.854464175213049737e-02 4.265713117127743814e+00 2.850438894070237913e-02 2.414899391339088153e-01 -1.612738762665598749e-02
-3.497125760153929175e+00 1.205895639166942201e+00 1.867307929373485109e-02 4.266088724742991722e+00 2.817747485847689123e-02 2.392742876374078231e-01 -1.816842315719805617e-02
-3.407455868867874660e+00 1.206907584886889317e+00 1.884621166231276179e-02 4.267061829597690092e+00 2.646716808032232443e-02 2.392571056272454755e-01 -1.782104451409984372e-02
-3.317785977581832579e+00 1.207859633009908729e+00 1.900973808825701106e-02 4.270070154373011739e+00 2.647977959914341040e-02 2.356886582145269748e-01 -1.602878211642110376e-02
-3.228116086295884202e+00 1.207381087399890696e+00 1.892746404838627217e-02 4.266900610352672096e+00 2.704756644223376555e-02 2.350767062598598800e-01 -1.698352894707065228e-02
-3.138446195009960249e+00 1.206694158249235205e+00 1.880963825971893044e-02 4.264918144856595816e+00 2.738426879075341741e-02 2.420380691995851208e-01 -1.705630140611568910e-02
-3.048776303723926162e+00 1.205916114115728410e+00 1.867657534791303253e-02 4.257373860509240160e+00 2.702103507980078631e-02 2.477748525549099690e-01 -2.045936790483343995e-02
-2.959106412437952915e+00 1.206201538002169338e+00 1.872534088767466298e-02 4.258296722229341746e+00 2.616313971004445571e-02 2.397556933072972907e-01 -2.127907297261246236e-02
-2.869436521151914832e+00 1.205444726585175541e+00 1.859616002575059657e-02 4.256689814604433408e+00 2.583830150801778858e-02 2.440971358616476905e-01 -1.851509854714046555e-02
-2.779766629865868754e+00 1.204144930615618003e+00 1.837521670792580109e-02 4.250794193654345854e+00 2.461023327852767187e-02 2.475096105022493720e-01 -2.140991531494560590e-02
-2.690096738579903946e+00 1.204107846939735715e+00 1.836893019439359009e-02 4.248102669896800521e+00 2.421777274937111923e-02 2.451120522427246706e-01 -2.264337088689611852e-02
-2.600426847293857868e+00 1.204192636001732319e+00 1.838330523402695316e-02 4.249736334694867779e+00 2.491512278829368515e-02 2.437731428659367927e-01 -2.157606216834983756e-02
-2.510756956007970331e+00 1.204240960776918223e+00 1.839150037868700349e-02 4.248202121126836595e+00 2.494763211161128355e-02 2.422410170040934230e-01 -2.055509947089349115e-02
-2.421087064721989535e+00 1.204307374040052947e+00 1.840276568220511333e-02 4.250455165913617606e+00 2.546760308469621370e-02 2.417063400690552255e-01 -1.995226699758803277e-02
-2.331417173435955448e+00 1.203957941431383238e+00 1.834352752086401694e-02 4.246290674032737300e+00 2.486524787676007431e-02 2.401217308561471864e-01 -1.894146587485714267e-02
-2.241747282149892939e+00 1.203921292211349803e+00 1.833731937904098386e-02 4.248617650805106116e+00 2.542241574992570516e-02 2.364986038342936914e-01 -2.037826138218421651e-02
-2.152077390863936124e+00 1.204416284156248906e+00 1.842124606736939008e-02 4.250947085778752133e+00 2.635484505597903565e-02 2.315409812780087062e-01 -2.053865424339690673e-02
-2.062407499577894043e+00 1.205395103273385171e+00 1.858770353987940216e-02 4.260961100155878256e+00 2.612231309445101068e-02 2.276666391601351036e-01 -1.826973792889374781e-02
-1.972737608291994515e+00 1.204100150437907413e+00 1.836762558382776245e-02 4.255213348552040031e+00 2.622988513232308444e-02 2.254530431120104206e-01 -1.874591028502916451e-02
-1.883067717005952435e+00 1.204631793184873123e+00 1.845783875868500790e-02 4.265898650127300407e+00 2.519016857369114210e-02 2.274214583132856127e-01 -1.846865632304475410e-02
-1.793397825719995842e+00 1.204082716402413267e+00 1.836467054470430904e-02 4.265040534119973969e+00 2.369334990458017362e-02 2.254467083510845182e-01 -2.072946778595209649e-02
-1.703727934433933333e+00 1.203908609983469713e+00 1.833517130713979704e-02 4.271114306452670206e+00 2.400124678053251748e-02 2.253160334070373472e-01 -2.125323426274510624e-02
-1.614058043147891031e+00 1.203117913936798233e+00 1.820146517499968142e-02 4.268502646181502769e+00 2.456325136448249749e-02 2.227466437655902798e-01 -2.168786596372185640e-02
-1.524388151861918228e+00 1.202290477426950721e+00 1.806200875656194249e-02 4.264346524859991661e+00 2.367182869242705559e-02 2.202963150731992448e-01 -2.113129903266692047e-02
-1.434718260576034909e+00 1.202142383334029674e+00 1.803709888352503232e-02 4.263988725606875363e+00 2.418724143360802270e-02 2.215558486248850045e-01 -2.219730202725687940e-02
-1.345048369289992829e+00 1.200296949540755165e+00 1.772796540883977978e-02 4.258131958150067398e+00 2.338075156731583490e-02 2.218060079943031671e-01 -2.048900444237279975e-02
-1.255378478004019804e+00 1.200948174846741656e+00 1.783678434794713774e-02 4.262610709935417574e+00 2.336059837469918812e-02 2.209811758435990536e-01 -2.171012845120142906e-02
-1.165708586717973727e+00 1.201518649946934358e+00 1.793235165334550185e-02 4.264498552317069979e+00 2.359873239993068306e-02 2.270583429006607090e-01 -2.336758062992987453e-02
-1.076038695431935421e+00 1.201979947478909683e+00 1.800979413490930159e-02 4.267728405911138445e+00 2.372969803062770916e-02 2.285031935056625885e-01 -2.424602482867987963e-02
-9.863688041459545142e-01 1.200974134853674880e+00 1.784112832939160898e-02 4.262013092229257616e+00 2.416057192198488995e-02 2.300078285700822567e-01 -2.279491699623758735e-02
-8.966989128599123227e-01 1.201986770128207871e+00 1.801094062467645252e-02 4.266775564132422538e+00 2.458234117096752200e-02 2.299762595529349918e-01 -2.415729178413550046e-02
-8.070290215740169026e-01 1.201053508879790011e+00 1.785441316927185995e-02 4.262014845930390372e+00 2.414373970895710222e-02 2.338693789326978523e-01 -2.515386847226431730e-02
-7.173591302880644172e-01 1.199348140817167341e+00 1.756994760416330514e-02 4.258795840431940150e+00 2.378343596280073011e-02 2.321242485291340474e-01 -2.432454593588412664e-02
-6.276892390020140100e-01 1.198163701625030608e+00 1.737356550315646841e-02 4.250094942619837113e+00 2.263827968034938520e-02 2.349502440606507370e-01 -2.462478927003059273e-02
-5.380193477159596060e-01 1.198246150135125587e+00 1.738720398890028496e-02 4.246852087671639353e+00 2.363381019685734455e-02 2.353377396040307878e-01 -2.183300448453680265e-02
-4.483494564299092544e-01 1.199302740736024164e+00 1.756240220333041280e-02 4.257578334386812990e+00 2.347265408751091770e-02 2.394475321283459079e-01 -2.048844818708674825e-02
-3.586795651439526611e-01 1.198552440187539148e+00 1.743791140260775308e-02 4.254626092864422837e+00 2.562271082202403905e-02 2.371447112694685111e-01 -1.825858257482980418e-02
-2.690096738580613489e-01 1.198185903631581839e+00 1.737723765371076978e-02 4.254994296498296080e+00 2.363369199520137798e-02 2.369115726965187740e-01 -1.975455172700707820e-02
-1.793397825720232375e-01 1.198131987395448572e+00 1.736832065273261061e-02 4.256021798083010843e+00 2.328644905626387276e-02 2.440808281312077388e-01 -2.125447198361408996e-02
-8.966989128604220538e-02 1.199439957193221051e+00 1.758521167768167803e-02 4.265454302054435765e+00 2.325311066724858669e-02 2.509430451579062749e-01 -2.285547922103357832e-02
0.000000000000000000e+00 1.199271386974255504e+00 1.755719210867484614e-02 4.266425437285314537e+00 2.082882744643676023e-02 2.490442050854248524e-01 -1.948329094828764665e-02
