-4.179555996984175437e+01 1.099170091050601483e+00 4.614658677747990323e-03 1.000000000000000000e+00 1.494797954111592975e-04 -1.289647338061464775e-03 6.329089026286294521e-04
-4.151692290338525737e+01 1.095457848724155525e+00 4.285446157569400283e-03 7.223633417624155673e-01 -8.211685806237128959e-03 6.757738614799668753e-02 2.197460376383884514e-02
-4.123828583692893801e+01 1.094204207384064320e+00 4.176859574736388470e-03 5.505102344325673025e-01 -1.037742310091600145e-02 1.069119441082124200e-01 3.981203761256116302e-02
-4.095964877047233443e+01 1.093172646176539198e+00 4.088493210221921803e-03 4.424204639276820283e-01 -1.055163212025014320e-02 1.171068164299775005e-01 5.709489225899840037e-02
-4.068101170401472899e+01 1.092520555362642254e+00 4.033092574786636964e-03 3.734479240824761792e-01 -1.148401156286747542e-02 1.109010703554138694e-01 7.028352739361595769e-02
-4.040237463755713065e+01 1.092026185083217804e+00 3.991329034060742131e-03 3.277181039891967629e-01 -1.181952092452473631e-02 9.254811497975211354e-02 8.168419926790469743e-02
-4.012373757110062655e+01 1.092191544209769605e+00 4.005275483524500801e-03 2.985194574615138152e-01 -1.130524785908842804e-02 6.881854439541271184e-02 8.955970219034962987e-02
-3.984510050464560749e+01 1.093432850229842268e+00 4.110699092424674461e-03 2.797926765874926835e-01 -1.140485337631981858e-02 5.525224969814938186e-02 9.767940772400540705e-02
-3.956646343819057421e+01 1.094423298007698886e+00 4.195741963916574391e-03 2.672085340647883944e-01 -1.051245988588258434e-02 4.397982249963460627e-02 1.030187677601790974e-01
-3.928782637173555514e+01 1.094543631344480517e+00 4.206129978738995523e-03 2.588509858463218793e-01 -1.025132106985044735e-02 3.623736378311202128e-02 1.053318299938981045e-01
-3.900918930528052897e+01 1.095442868068339237e+00 4.284140841490521878e-03 2.527147062148452084e-01 -8.950743613229800860e-03 3.079830039612654197e-02 1.051470018748886237e-01
-3.873055223882550280e+01 1.095589021719262979e+00 4.296883699242567967e-03 2.491963701567297962e-01 -9.687335282506096684e-03 3.096473569162683584e-02 1.068410139831120070e-01
-3.845191517236599310e+01 1.095718184709519649e+00 4.308159986961754284e-03 2.464334462958576999e-01 -1.089124005228289324e-02 3.179271091620301803e-02 1.065588648709024783e-01
-3.817327810590581549e+01 1.097309114513297601e+00 4.448191223784800363e-03 2.448572926218094692e-01 -1.006387463629244104e-02 3.215541248971418020e-02 1.084901014106126327e-01
-3.789464103944560947e+01 1.097851507913129021e+00 4.496412666149293691e-03 2.445490386065494182e-01 -9.931281278151156758e-03 3.114574188955912537e-02 1.099574673225052618e-01
-3.761600397298543896e+01 1.097788408014331418e+00 4.490790223793644786e-03 2.437459612037525813e-01 -1.056631538411171439e-02 2.957130332506525613e-02 1.095684530962214853e-01
-3.733736690652524004e+01 1.097228134002121935e+00 4.441012614369702072e-03 2.433571864252203898e-01 -1.113835357590413702e-02 2.635244865564783517e-02 1.074920815355461523e-01
-3.705872984006503401e+01 1.096798206779181495e+00 4.402992471533043184e-03 2.430021502295132418e-01 -9.266848706683497583e-03 2.646148847459797726e-02 1.091739453388926029e-01
-3.678009277360484930e+01 1.096840502437028464e+00 4.406726029181365356e-03 2.432917182901568887e-01 -1.025700982134850406e-02 2.873505498469281633e-02 1.103530364644583206e-01
-3.650145570714467169e+01 1.098362856526962750e+00 4.542097607662692882e-03 2.427277979444167066e-01 -8.659897202500689561e-03 2.976304087929660877e-02 1.121165152944836180e-01
-3.622281864068447277e+01 1.098657170359659263e+00 4.568490501218658295e-03 2.430075077626212277e-01 -9.305267418687144729e-03 2.834263734480240229e-02 1.133026093495077963e-01
-3.594418157422428806e+01 1.098051583156443911e+00 4.514261977288755445e-03 2.427366767354742771e-01 -9.099964363711821394e-03 2.893019725945274873e-02 1.110075811400962759e-01
-3.566554450776407492e+01 1.098312119941737608e+00 4.537555007235183346e-03 2.427366269943833366e-01 -1.140757959564822101e-02 2.984757351661512445e-02 1.141848696413120534e-01
-3.538690744131145749e+01 1.098120533470688942e+00 4.520420934020705217e-03 2.429061394277195196e-01 -1.056976370427195958e-02 2.999633819185612907e-02 1.125314416787570743e-01
-3.510827037486161828e+01 1.099255929631547835e+00 4.622406315280797040e-03 2.421195415396194539e-01 -1.071986676614351472e-02 3.290583347294410987e-02 1.099449824068119835e-01
-3.482963330841175775e+01 1.098645439206749730e+00 4.567437124650505775e-03 2.420515728691333690e-01 -1.023314943083769406e-02 2.947388095079803150e-02 1.093534705680246216e-01
-3.455099624196187591e+01 1.098160800935657599e+00 4.524019631338929703e-03 2.424606623136235928e-01 -9.604443890478703630e-03 3.110066984013954566e-02 1.100866146367467241e-01
-3.427235917551204381e+01 1.098690357653043126e+00 4.571471108620162038e-03 2.415569577150041281e-01 -9.546581499577209626e-03 2.962561594459828598e-02 1.099015756718048353e-01
-3.399372210906216196e+01 1.099063279841795637e+00 4.605026604064227369e-03 2.416563189668538281e-01 -1.003983671899051112e-02 2.917787111324875518e-02 1.079677461687659351e-01
-3.371508504261229433e+01 1.098647709054935362e+00 4.567640932456012992e-03 2.417950714122941436e-01 -1.001820534398504756e-02 3.104824824901644686e-02 1.141771082176998714e-01
-3.343644797616246223e+01 1.097620466500032421e+00 4.475842091799103750e-03 2.421124130663480645e-01 -8.640861035252156777e-03 3.167083649129673328e-02 1.116414809406749975e-01
-3.315781090971258749e+01 1.098053339171005893e+00 4.514418783594209561e-03 2.422641798598419161e-01 -9.336244204587659801e-03 3.094604802259225476e-02 1.146118262049441033e-01
-3.287917384326274117e+01 1.096895401429692773e+00 4.411574336547596786e-03 2.423931883554156508e-01 -8.881782813438569499e-03 3.134983190615096837e-02 1.124685300974979235e-01
-3.260053677681288065e+01 1.096862493143245354e+00 4.408667798726409459e-03 2.425129844117246969e-01 -8.871007232210119386e-03 2.886461091296022019e-02 1.082045635528410682e-01
-3.232189971036301301e+01 1.097526055154791846e+00 4.467449009455726205e-03 2.422209119530714105e-01 -6.784525376006934373e-03 2.916585146038350868e-02 1.100018562427939467e-01
-3.204326264391315249e+01 1.098312821105232429e+00 4.537617769989191197e-03 2.422836242078948987e-01 -8.115323013908163491e-03 2.781405847389246955e-02 1.116427995872356915e-01
-3.176462557746328841e+01 1.098842021400141977e+00 4.585103899920311976e-03 2.421992859589846558e-01 -9.908229607963852173e-03 2.916654457213605986e-02 1.111954031974228679e-01
-3.148598851101343499e+01 1.098347077842444453e+00 4.540684665540972720e-03 2.425386324184596598e-01 -1.063981009734899646e-02 2.900817213193817093e-02 1.136173337729520921e-01
-3.120735144456356380e+01 1.098681696450257927e+00 4.570693143240364686e-03 2.418955313519622341e-01 -9.555405940186452451e-03 2.684899270698684962e-02 1.089749278947260980e-01
-3.092871437811370683e+01 1.098926865945265563e+00 4.592738738732865533e-03 2.419269852002219889e-01 -1.078637982308356530e-02 2.994950504349941020e-02 1.102120327759859991e-01
-3.065007731166387828e+01 1.099239182832212780e+00 4.620894300176509040e-03 2.423487818874769939e-01 -9.245944936316774845e-03 3.137701656846240972e-02 1.104656485887243050e-01
-3.037144024521397512e+01 1.099244897681285638e+00 4.621410249586163643e-03 2.425740275986464634e-01 -1.000103638745750666e-02 2.959558610634089454e-02 1.140470865897444813e-01
-3.009280317876412170e+01 1.099091568755228510e+00 4.607576736216520419e-03 2.426878111401527260e-01 -1.019646450810769191e-02 2.756368095109502231e-02 1.121005699174289078e-01
-2.981416611231429670e+01 1.098686560096041820e+00 4.571129997320677596e-03 2.425316683315985322e-01 -1.031823742251328398e-02 2.683725174960690379e-02 1.123305647637955901e-01
-2.953552904586444683e+01 1.098122579846684488e+00 4.520603785907170713e-03 2.424920745440320435e-01 -1.114746466493691385e-02 2.625618530403636686e-02 1.122530775601431746e-01
-2.925689197940494424e+01 1.098009009825614557e+00 4.510461101983387344e-03 2.427223881674338279e-01 -1.003216267429609017e-02 2.609447694809436183e-02 1.128004033877940543e-01
-2.897825491293439271e+01 1.098353998842942270e+00 4.541304398587062141e-03 2.422215947884850118e-01 -1.264949804622576661e-02 2.483242001300000820e-02 1.123799351691273235e-01
-2.869961784646390157e+01 1.098408406451722330e+00 4.546177648384969183e-03 2.419782853707269921e-01 -1.140240944088437292e-02 2.907002584214199090e-02 1.131399073889701734e-01
-2.842098077999334294e+01 1.097714612050182392e+00 4.484218912494022935e-03 2.426849802258469191e-01 -1.064636000946300037e-02 2.834132561553407217e-02 1.157874870763640207e-01
-2.814234371352285180e+01 1.097904017560183743e+00 4.501093994927637953e-03 2.424094736435127018e-01 -1.086799440844891766e-02 2.964993287073249342e-02 1.118788424600349191e-01
-2.786370664705229672e+01 1.099243112771326469e+00 4.621249101003616078e-03 2.422424451892011554e-01 -9.639156375620105618e-03 2.765578060682635439e-02 1.126046020700575273e-01
-2.758506958058180558e+01 1.098145899545053705e+00 4.522687739567654575e-03 2.423490299816668248e-01 -9.584111553799545477e-03 3.160292187795752522e-02 1.126534044934110607e-01
-2.730643251411124695e+01 1.097850503821884649e+00 4.496323171912175454e-03 2.426276914595128786e-01 -9.864728153899448432e-03 3.012534308549614723e-02 1.116551600382693077e-01
-2.702779544764075581e+01 1.097341671932968055e+00 4.451078848266051824e-03 2.427682657136242261e-01 -1.081415072216412691e-02 3.074112493040674979e-02 1.139141997477352286e-01
-2.674915838117020073e+01 1.097247815846299712e+00 4.442756832774313880e-03 2.431597259209795636e-01 -1.210550548734539746e-02 2.859174464284930731e-02 1.116693910700677639e-01
-2.647052131469971670e+01 1.097998898657515987e+00 4.509558614836803314e-03 2.430507760010488794e-01 -1.124420869491468342e-02 3.142680288434925029e-02 1.114339395964735885e-01
-2.619188424822915096e+01 1.097771034226569853e+00 4.489242732899911825e-03 2.427457058274153923e-01 -9.504457010965356237e-03 3.093302070635288448e-02 1.119360339626137013e-01
-2.591324718175866693e+01 1.098507187906234250e+00 4.555031702106276947e-03 2.429329788742522200e-01 -1.076294510637063571e-02 3.062133452352794674e-02 1.101424199467645332e-01
-2.563461011528810474e+01 1.097598275230906140e+00 4.473868643070560980e-03 2.431492895372121821e-01 -1.085191948660139266e-02 3.025816255040186115e-02 1.092499289333341561e-01
-2.535597304881761360e+01 1.098538947161473045e+00 4.557880089490193298e-03 2.430098369095556876e-01 -1.039677704297230915e-02 2.984056928208743409e-02 1.087581139949724968e-01
-2.507733598234705497e+01 1.098278040294567326e+00 4.534504951100998271e-03 2.429623834190665077e-01 -1.175064145242975255e-02 2.775424407430028897e-02 1.078942624915293358e-01
-2.479869891587657449e+01 1.097959303690901889e+00 4.506025324238258079e-03 2.428633387837627333e-01 -1.092926269658715810e-02 2.795167603193927930e-02 1.079618411133714817e-01
-2.452006184940601941e+01 1.098411945789106614e+00 4.546494749248480849e-03 2.429717816306174172e-01 -9.613260953545543080e-03 2.673185526049510694e-02 1.098714816979263625e-01
-2.424142478293551406e+01 1.098440529624548745e+00 4.549056049482955166e-03 2.425028723361179750e-01 -1.061446996483324419e-02 2.812260832719070888e-02 1.133763713839185949e-01
-2.396278771646495898e+01 1.098302775171102530e+00 4.536718574275427907e-03 2.422865270301440555e-01 -1.078933222358477613e-02 2.925539334803849492e-02 1.114955838764249002e-01
-2.368415064999448205e+01 1.097806387124588445e+00 4.492391894736977309e-03 2.424907916205996106e-01 -1.054222660175693424e-02 3.022714490499590900e-02 1.102308392559757655e-01
-2.340551358352393052e+01 1.096978084792661567e+00 4.418881098698521082e-03 2.424154845326478291e-01 -9.644621720019947234e-03 3.355079337375576481e-02 1.118118274114046906e-01
-2.312687651705340741e+01 1.097599015369918662e+00 4.473934456348735433e-03 2.423689889683520449e-01 -9.144166490050707058e-03 3.033546834076997212e-02 1.145955564070905569e-01
-2.284823945058286299e+01 1.096230820197599209e+00 4.353051475269140158e-03 2.426467757705503270e-01 -7.558706900157695883e-03 3.259213990950131368e-02 1.171210568835212712e-01
-2.256960238411238961e+01 1.096551938361834955e+00 4.381283200775104580e-03 2.424794179811930184e-01 -8.807925697577552449e-03 3.270487544422140402e-02 1.130627463405168565e-01
-2.229096531764184874e+01 1.096575051305224591e+00 4.383318528961066551e-03 2.425145333985645468e-01 -8.815381762149692921e-03 2.880576066880315145e-02 1.120762106054068175e-01
-2.201232825117130432e+01 1.096948009449413064e+00 4.416222671023720125e-03 2.424688886916800401e-01 -8.866815539488157386e-03 2.655251660333595581e-02 1.122111966356631602e-01
-2.173369118470076700e+01 1.098087041613091897e+00 4.517428796012662451e-03 2.423899051206347965e-01 -8.666587629143684968e-03 2.673689975055428686e-02 1.133622514152817506e-01
-2.145505411823029362e+01 1.097517545689723262e+00 4.466692889300530322e-03 2.426343502499101190e-01 -8.957636041295975043e-03 2.871320299689854999e-02 1.099142775397081856e-01
-2.117641705175975630e+01 1.097820082668502950e+00 4.493612143692982119e-03 2.427844933073657896e-01 -1.062835101513229762e-02 3.141989746967981112e-02 1.099095214292908351e-01
-2.089777998528920477e+01 1.098061167934555327e+00 4.515117897460868557e-03 2.432308120172204380e-01 -1.029869770057206119e-02 3.020799358298975265e-02 1.132023625435187586e-01
-2.061914291881867101e+01 1.097199636251067423e+00 4.438487694540194095e-03 2.422212966810347035e-01 -1.210544708505098717e-02 3.133214761242298502e-02 1.114049723928069446e-01
-2.034050585234819764e+01 1.096615495965801212e+00 4.386881158807129366e-03 2.427108974817384635e-01 -1.094693588390437816e-02 3.270167328019298741e-02 1.112001321970113588e-01
-2.006186878587767097e+01 1.097741968301604309e+00 4.486654378264190446e-03 2.423119474871970880e-01 -9.934356302481815726e-03 3.256375814796408363e-02 1.137996984150306673e-01
-1.978323171940710523e+01 1.097831999236583034e+00 4.494674015641186848e-03 2.423922412389761805e-01 -1.195769118692312748e-02 2.968311116944820707e-02 1.123378928141242072e-01
-1.950459465293657502e+01 1.097337441128548585e+00 4.450703554562743247e-03 2.423758745082163213e-01 -1.195202059339576899e-02 2.905745766033130881e-02 1.143599727460756221e-01
-1.922595758646610165e+01 1.097784073199529642e+00 4.490404096488070929e-03 2.422038901946118039e-01 -1.005137620728260676e-02 2.621073305438632872e-02 1.112699302212131341e-01
-1.894732051999557854e+01 1.097040008034509517e+00 4.424357001240719622e-03 2.424280898935973483e-01 -8.917374951602828267e-03 2.797927284186587510e-02 1.109791031652489629e-01
-1.866868345352500214e+01 1.097908694327579981e+00 4.501511048031370255e-03 2.418290016529350273e-01 -1.010204855137994927e-02 2.785716113863207291e-02 1.104232477391220574e-01
-1.839004638705447903e+01 1.098899883854233872e+00 4.590310076251005733e-03 2.420524137782334440e-01 -1.076371130684027067e-02 2.958864084610654185e-02 1.104173335830758163e-01
-1.811140932058401276e+01 1.098768639323167262e+00 4.578505333158316981e-03 2.420933231558269338e-01 -1.100440205605051139e-02 2.421745277564075344e-02 1.088061199968977238e-01
-1.783277225411348965e+01 1.099061571015462757e+00 4.604872581437977064e-03 2.426171270125076773e-01 -1.310802875887394879e-02 2.277786415476475146e-02 1.100794533051921709e-01
-1.755413518764290615e+01 1.098660200563938316e+00 4.568762611178556199e-03 2.427666341756557489e-01 -9.847053221517522784e-03 2.266042917973789053e-02 1.105066122836706188e-01
-1.727549812117238304e+01 1.099905179578656078e+00 4.681203872837685909e-03 2.419404436048234186e-01 -1.010228645120640582e-02 2.450144093296662343e-02 1.121639542276983703e-01
-1.699686105470191677e+01 1.100031207662473420e+00 4.692657658337914817e-03 2.421123682082880757e-01 -9.647341957462281584e-03 2.546474052957210105e-02 1.122569662076497166e-01
-1.671822398823139721e+01 1.099388633323989284e+00 4.634395914286243423e-03 2.424748048057144278e-01 -9.458572616353437199e-03 2.567272947618852788e-02 1.136891893822093297e-01
-1.643958692176080305e+01 1.098463615615046240e+00 4.551125200854017061e-03 2.427473196564697011e-01 -8.291486606162164555e-03 2.885951705950463853e-02 1.140467796090585684e-01
-1.616094985529029060e+01 1.098560492311358994e+00 4.559812881829133913e-03 2.425406622043720373e-01 -8.176565482783497429e-03 2.694330412382500359e-02 1.120177773773180646e-01
-1.588231278881982078e+01 1.098207659229412769e+00 4.528209042698336240e-03 2.426578540581813270e-01 -9.405896512310071497e-03 2.760059662799251023e-02 1.139688048650814023e-01
-1.560367572234930833e+01 1.099116755355178388e+00 4.609847764721480834e-03 2.428415959006857694e-01 -8.472718035871183370e-03 2.687264873559983003e-02 1.134493741827323626e-01
-1.532503865587870706e+01 1.099078375525566420e+00 4.606387337010381389e-03 2.423847390996376194e-01 -1.005603179251691147e-02 2.627770565586657475e-02 1.134113820951621471e-01
-1.504640158940819461e+01 1.099333093517327997e+00 4.629376194814779910e-03 2.427317645229054854e-01 -9.429649509242627251e-03 2.834651667370221423e-02 1.103848570631636855e-01
-1.476776452293773012e+01 1.099538511238104643e+00 4.647954701396325716e-03 2.426331802454872455e-01 -9.705485289013654829e-03 2.408394006684737645e-02 1.123755119322997348e-01
-1.448912745646721234e+01 1.098961516085027901e+00 4.595858487736054210e-03 2.428455350558675063e-01 -1.063654989243397950e-02 2.851620677487875025e-02 1.108752685993965037e-01
-1.421049038999660574e+01 1.097709948264744106e+00 4.483803768090904862e-03 2.431246111227536866e-01 -9.891683607957753657e-03 2.954753184902038712e-02 1.106038315365062280e-01
-1.393185332352609862e+01 1.097331008871680114e+00 4.450133009397005956e-03 2.427353554242786815e-01 -1.003358923253385229e-02 2.934725739157550625e-02 1.126342782331718750e-01
-1.365321625705563591e+01 1.096771696941417851e+00 4.400653131112541860e-03 2.428454598563880296e-01 -1.008507817335597620e-02 2.927987917375672947e-02 1.116859558942279312e-01
-1.337457919058512701e+01 1.098057451429541143e+00 4.514786004718010504e-03 2.424926603498354649e-01 -9.041661793899600022e-03 2.861329493738984375e-02 1.129413573424483674e-01
-1.309594212411450442e+01 1.098079279177180290e+00 4.516735438465618868e-03 2.424523638289886041e-01 -1.073895072601721741e-02 2.909823437998128662e-02 1.135549511372231646e-01
-1.281730505764400263e+01 1.097632565236626112e+00 4.476918193262444112e-03 2.426121201504333469e-01 -1.007841584966327753e-02 2.727703137411414611e-02 1.140749151526482541e-01
-1.253866799117353992e+01 1.097907393922409547e+00 4.501395081919740138e-03 2.423511624547591836e-01 -1.057594130781702724e-02 2.774142654365382640e-02 1.129770218584310176e-01
-1.226003092470303280e+01 1.098505222830361339e+00 4.554855488110798323e-03 2.421144435938288875e-01 -1.078521604066712790e-02 2.789070663398382152e-02 1.142340588909518256e-01
-1.198139385823240843e+01 1.098893185621023560e+00 4.589707260578723691e-03 2.419605004559691741e-01 -1.088374315110646889e-02 2.824497624197199602e-02 1.122928202491574323e-01
-1.170275679176190664e+01 1.099688243862602333e+00 4.661518898166613911e-03 2.420489867506521731e-01 -1.072113424292396415e-02 3.208926220747981839e-02 1.125865670665240625e-01
-1.142411972529144393e+01 1.099579974632729717e+00 4.651708991308414753e-03 2.423167209847502668e-01 -1.005997191505191880e-02 3.238293426084082327e-02 1.121939320854765804e-01
-1.114548265882094213e+01 1.100163568511110856e+00 4.704701114869466738e-03 2.420750237925423376e-01 -8.674641103039231957e-03 3.199600782922382147e-02 1.110253413873520389e-01
-1.086684559235031244e+01 1.099940187424917948e+00 4.684384167227120810e-03 2.416078841168261826e-01 -1.015558104253286992e-02 3.421538755070784726e-02 1.108888959736650942e-01
-1.058820852587981065e+01 1.098984442429133734e+00 4.597923223286087824e-03 2.425089866892139179e-01 -1.053445689389965328e-02 2.768244579447890624e-02 1.090317580476288239e-01
-1.030957145940934794e+01 1.098999531635495241e+00 4.599282387445474685e-03 2.422981251523433910e-01 -1.036091687273837242e-02 3.072153506375946766e-02 1.115002592667081183e-01
-1.003093439293884614e+01 1.099133247349844744e+00 4.611335101458696739e-03 2.425256289639000917e-01 -1.030322338618553865e-02 3.113334007717723922e-02 1.118553956891035345e-01
-9.752297326468216454e+00 1.097949019480507271e+00 4.505107816712039526e-03 2.427089611718658835e-01 -9.914885199616040728e-03 3.207969913781728161e-02 1.098616370150585220e-01
-9.473660259997714661e+00 1.097642274732951506e+00 4.477781875707340098e-03 2.425345335711152905e-01 -9.395769258431222598e-03 3.145910075816379936e-02 1.145981210482093504e-01
-9.195023193527246619e+00 1.097334214840351541e+00 4.450417376507712075e-03 2.427109441949077129e-01 -8.078749005918445941e-03 3.089804054398573654e-02 1.138128058869725540e-01
-8.916386127056755484e+00 1.097959471248724173e+00 4.506040273663372564e-03 2.418995004689183659e-01 -7.303379191752510172e-03 3.107553634109838647e-02 1.130216255407679726e-01
-8.637749060586115135e+00 1.096505788506324519e+00 4.377220568917594701e-03 2.420034112149610506e-01 -1.091590484400956247e-02 2.880378821515840529e-02 1.097857524893481734e-01
-8.359111994115636435e+00 1.097711358749146271e+00 4.483929319712601225e-03 2.414458321496942839e-01 -1.047723645977927630e-02 3.144732414529444881e-02 1.106079827808173072e-01
-8.080474927645155958e+00 1.097545575050215882e+00 4.469183703562459864e-03 2.418088616909182531e-01 -1.057138824445515851e-02 3.309392715228705317e-02 1.130784087383685799e-01
-7.801837861174637290e+00 1.097192820382202560e+00 4.437883903960854193e-03 2.420514371696650957e-01 -9.590137935745632336e-03 3.124995444390401070e-02 1.107513127300419897e-01
-7.523200794704047567e+00 1.097115580951012692e+00 4.431044268146000498e-03 2.425844688748805822e-01 -8.983739918773336192e-03 3.071504892968154876e-02 1.113002126138804976e-01
-7.244563728233523570e+00 1.098380268500943613e+00 4.543657046330848437e-03 2.420633504288748072e-01 -8.937773758088150833e-03 2.916327969328070743e-02 1.120057739515543244e-01
-6.965926661763032435e+00 1.098138445154094978e+00 4.522021532458384008e-03 2.419162501031663914e-01 -1.017739112403627869e-02 2.848970823641531341e-02 1.119765276320549979e-01
-6.687289595292569722e+00 1.098797450451475255e+00 4.581095517810773732e-03 2.419074764272532985e-01 -9.046078160353476089e-03 2.693882496339481541e-02 1.127951550930075680e-01
-6.408652528821924044e+00 1.098959964311623683e+00 4.595718751493366172e-03 2.424704523714545923e-01 -1.051202430912716833e-02 2.643933784246462956e-02 1.111445316132220473e-01
-6.130015462351466660e+00 1.099100613513560365e+00 4.608392224692114958e-03 2.424416224206810133e-01 -9.805188791647646146e-03 2.822569259693244459e-02 1.120567883685356092e-01
-5.851378395880964867e+00 1.098239812332082899e+00 4.531084775352800520e-03 2.425888595201629305e-01 -1.025420045031421104e-02 2.905223726644378876e-02 1.129010260233711815e-01
-5.572741329410429323e+00 1.098391101737142383e+00 4.544627411640439485e-03 2.422823729307082008e-01 -1.079964216804480889e-02 3.236710216168800502e-02 1.109039249407866856e-01
-5.294104262939867134e+00 1.098586311765975765e+00 4.562129624137337136e-03 2.419121884653485932e-01 -1.022187332284560553e-02 2.843091839225429796e-02 1.129252823590783383e-01
-5.015467196469331590e+00 1.099130151438862724e+00 4.611055878398356844e-03 2.421367746264818654e-01 -1.163647383682093334e-02 2.684597499039589885e-02 1.108078416589886456e-01
-4.736830129998819139e+00 1.099411778430902986e+00 4.636488535680272083e-03 2.417394362071224601e-01 -1.099736686401070300e-02 2.724098427300309516e-02 1.116872125980454683e-01
-4.458193063528377742e+00 1.098561732172320893e+00 4.559924120133548864e-03 2.422507570734042937e-01 -9.752189114454294649e-03 3.001136541696613688e-02 1.121985349114503067e-01
-4.179555997057721406e+00 1.099074033911749293e+00 4.605995962310871494e-03 2.421041605404636587e-01 -9.559819240760311643e-03 3.085535728674342407e-02 1.123426286243016103e-01
-3.900918930587296884e+00 1.099357218598874919e+00 4.631556319934740373e-03 2.420540318166494453e-01 -9.831056232382751406e-03 3.308009231751127266e-02 1.106278628065137798e-01
-3.622281864116772887e+00 1.099084463363419140e+00 4.606936151324861339e-03 2.419590447800670230e-01 -1.101367747642647936e-02 3.229388191103396005e-02 1.133428822325634883e-01
-3.343644797646226685e+00 1.098856252360445707e+00 4.586384073963861718e-03 2.421159617315619128e-01 -1.088447934154135842e-02 3.006825028133371103e-02 1.119479135763209177e-01
-3.065007731175692030e+00 1.098419572186268400e+00 4.547178058513526300e-03 2.424047847162695279e-01 -1.132028036564391819e-02 3.113095478999110960e-02 1.119741507420784626e-01
-2.786370664705140499e+00 1.098672551321138835e+00 4.569871778146508690e-03 2.427293612297070635e-01 -1.060159648471199409e-02 3.102833578854871655e-02 1.121306991548393500e-01
-2.507733598234616501e+00 1.098406370386111774e+00 4.545995235282609959e-03 2.424857192699052810e-01 -8.558713402360028019e-03 3.202696631283333956e-02 1.111862096405045880e-01
-2.229096531764191536e+00 1.098949024986815237e+00 4.594733728579852849e-03 2.421627922801303234e-01 -1.039701996935499251e-02 3.058820941098200005e-02 1.127979301174670823e-01
-1.950459465293529870e+00 1.098933661692832464e+00 4.593350520136790793e-03 2.423038789973840090e-01 -9.496685939044317501e-03 3.170743056067946292e-02 1.123892675582382206e-01
-1.671822398823116229e+00 1.099599260512555299e+00 4.653455709688780750e-03 2.424888533421303560e-01 -7.602205374025335777e-03 3.026671389260101805e-02 1.110163562803291454e-01
-1.393185332352581129e+00 1.100469834107423051e+00 4.732623577859140784e-03 2.428032041929316098e-01 -6.672632120000629614e-03 2.968097643157203286e-02 1.095908898762665701e-01
-1.114548265882024269e+00 1.099811038647769745e+00 4.672656647324593959e-03 2.427367895512342333e-01 -8.315186778631826134e-03 2.799437227366583653e-02 1.112983061252796474e-01
-8.359111994115112632e-01 1.099398248443700377e+00 4.635265193469642608e-03 2.422787285511406041e-01 -9.594207304616955354e-03 2.984712532339584348e-02 1.144740472953472282e-01
-5.572741329409487410e-01 1.099191132257923531e+00 4.616557255460673748e-03 2.427723391030547906e-01 -9.646136771221700684e-03 3.016129511583786130e-02 1.141606801806959171e-01
-2.786370664704082567e-01 1.098843271674637245e+00 4.585216364102875919e-03 2.423644735379251458e-01 -9.927615372566060345e-03 2.881470791457454300e-02 1.137027118651105090e-01
0.000000000000000000e+00 1.099232348727559483e+00 4.620277337346712088e-03 2.422237969563608706e-01 -7.924443983669702748e-03 3.094020113117067206e-02 1.155865218265172412e-01
