-2.486840083131806622e+01 2.007728692885326183e+00 3.107246132893585200e-01 1.000000000000000000e+00 7.060674125135301717e-04 1.283412595305429785e-03 -9.144371727433320220e-05
-2.480582533223870456e+01 1.826842760925467157e+00 2.242535513135269776e-01 1.121297539650081720e+00 1.525481831585123651e-03 1.478939899837946638e-02 8.090068409374295486e-03
-2.474349913793654920e+01 1.674220231835516159e+00 1.588727081852514544e-01 1.252015233760188195e+00 1.140704916099219901e-03 2.309292466698407292e-02 1.439329110265048957e-02
-2.468117294363439740e+01 1.550121785305743627e+00 1.117882862961447898e-01 1.395463515395094056e+00 2.192130615216275526e-03 3.207479573763798164e-02 1.971499118603532025e-02
-2.461884674933224204e+01 1.446147991972045466e+00 7.724452771030893006e-02 1.549437358176970481e+00 2.309695798774033960e-03 3.781194779875710066e-02 2.096080261285382038e-02
-2.455652055503009024e+01 1.360093867946728263e+00 5.254015003151124574e-02 1.712407955367324597e+00 3.172004251917638195e-03 4.538237931573203127e-02 2.048658584455757131e-02
-2.449419436072793488e+01 1.289463343543941987e+00 3.523722448430899323e-02 1.894490202515255461e+00 1.764141470046820580e-03 5.060251617910336425e-02 2.370265549834790070e-02
-2.443186816642577242e+01 1.228533867482092701e+00 2.271238672499900635e-02 2.085086355532052682e+00 2.875235812924770216e-04 5.561850012454083725e-02 2.656011171656791695e-02
-2.436979127690081981e+01 1.178850704175331110e+00 1.431071983644349732e-02 2.292863554844769780e+00 9.282682884963033409e-04 5.678740761650519220e-02 2.443130388231259942e-02
-2.430746508259865379e+01 1.135649793692249609e+00 8.444801121883727113e-03 2.513480822614279742e+00 -1.665805465304400716e-03 5.800042167724846903e-02 2.479572682014640275e-02
-2.424513888829648778e+01 1.100462624997409211e+00 4.731965427629672427e-03 2.751890895618913202e+00 -1.152802474998082614e-03 6.326554953142110582e-02 2.258016995248183015e-02
-2.418281269399432531e+01 1.070347355539617018e+00 2.364128401719928219e-03 3.004657727986277393e+00 -1.090513247114215361e-03 6.650294932277434068e-02 2.426236018077065557e-02
-2.412048649969216285e+01 1.045996828333887407e+00 1.026494881329428899e-03 3.279515609197271697e+00 -5.333776378031651264e-04 6.585934691477152159e-02 2.726905927607243055e-02
-2.405816030538999684e+01 1.024790505587451328e+00 3.022986792283570423e-04 3.570405582027578628e+00 1.007535536585737372e-03 6.418094367903130759e-02 2.731294975708589007e-02
-2.399583411108785569e+01 1.007487761299107110e+00 2.789412812708412515e-05 3.868510768087014107e+00 1.987821642684160957e-03 6.492239813404990234e-02 2.626154529642273777e-02
-2.393350791678571454e+01 9.930799243544038424e-01 2.405476154962796209e-05 4.185333072256083753e+00 9.764014857778025372e-04 6.498535182600521931e-02 2.698878971641082217e-02
-2.387118172248357340e+01 9.821555348486848969e-01 1.611322251033539543e-04 4.523881552428466790e+00 2.050411376232541463e-04 6.587192591769845673e-02 2.605714806151862573e-02
-2.380885552818143225e+01 9.733366594100451019e-01 3.619146017019014838e-04 4.886146992115016907e+00 1.009888436084910388e-03 6.560827107514134726e-02 2.932225937064857416e-02
-2.374628002910207769e+01 9.654192275552978542e-01 6.120668372222651255e-04 5.256508037109490772e+00 3.570278742684227565e-03 6.690870002227930491e-02 3.120766313931849084e-02
-2.368395383479993299e+01 9.604667455716218161e-01 8.026649417730707947e-04 5.649157050976338468e+00 2.149392132803764482e-03 6.460506634093018952e-02 3.087279098911572747e-02
-2.362162764049779540e+01 9.568976013665037028e-01 9.564942375824142529e-04 6.056386427950178231e+00 3.582835866021415530e-03 6.440810944633114377e-02 3.077467559065319783e-02
-2.355930144619564715e+01 9.555571233052337909e-01 1.017856715069098694e-03 6.495801840464053178e+00 2.823931707184258646e-03 6.324364080519286058e-02 3.102520245173241015e-02
-2.349697525189350600e+01 9.565257705238446873e-01 9.733184649951889811e-04 6.951979518206620412e+00 2.937992024662049260e-03 6.216360607078000311e-02 3.485600518030572414e-02
-2.343464905759136485e+01 9.574228297687846778e-01 9.329864858551029094e-04 7.426872418959734823e+00 3.163198437375241805e-03 6.382707309216582858e-02 3.516577785689285751e-02
-2.337232286328922370e+01 9.589535455081533710e-01 8.661913347183525236e-04 7.904641639842528988e+00 3.445920877775873140e-03 6.215215400059360268e-02 3.482213513023109386e-02
-2.330999666898707545e+01 9.619416010344601364e-01 7.431369789459366104e-04 8.413193343641191646e+00 4.577688998028530375e-03 6.005537190942103476e-02 3.555636907856585260e-02
-2.324767047468491654e+01 9.643441749142214192e-01 6.511950857976886442e-04 8.933164007506009696e+00 4.722459417590979189e-03 5.878210346935203168e-02 3.664876118965494645e-02
-2.318534428038273276e+01 9.691600356433095476e-01 4.855609086906118033e-04 9.480845315283415786e+00 4.487936033757585798e-03 5.641550995260428275e-02 3.574445743014530857e-02
-2.312301808608054188e+01 9.743323544269443248e-01 3.351616599725944223e-04 1.004497917896711634e+01 4.226004428240221281e-03 5.637517333139108189e-02 3.340183072297851774e-02
-2.306094119655556796e+01 9.797578687461291347e-01 2.076792991700486535e-04 1.062658722469028483e+01 4.042838291046177597e-03 5.834619026391592994e-02 3.331926254506812485e-02
-2.299861500225337707e+01 9.878240933444374372e-01 7.473360392037074751e-05 1.124427137608385152e+01 4.827362694965541684e-03 5.784957357019270691e-02 3.386768516362579501e-02
-2.293628880795119329e+01 9.932675855883487115e-01 2.276493475225106755e-05 1.184942367482807768e+01 3.223590292198729324e-03 5.855812226318089786e-02 3.637458739616041686e-02
-2.287396261364900951e+01 1.000222346112478178e+00 2.471523337756794531e-08 1.248245023072177418e+01 1.133862681942391466e-03 5.864862628826077173e-02 3.875123458389716224e-02
-2.281163641934681863e+01 1.008915976077424670e+00 3.951262596529545035e-05 1.315052801890830203e+01 3.558786898500943224e-04 6.091456065575455436e-02 4.340059855162170521e-02
-2.274931022504463485e+01 1.016053217692330479e+00 1.274902893691302885e-04 1.379430654549819835e+01 1.069967260731655677e-03 5.969644425538952331e-02 4.543386928980876205e-02
-2.268698403074244396e+01 1.024820207839683528e+00 3.030176205911332132e-04 1.447948176863184777e+01 2.017082910768130954e-03 6.040804532624084733e-02 4.533518980666616238e-02
-2.262465783644026018e+01 1.034243018676065162e+00 5.732424713802627969e-04 1.519336502638017805e+01 3.100558911965742726e-03 5.809932592394702333e-02 4.541669015084177918e-02
-2.256233164213807285e+01 1.043546840663595709e+00 9.215061018031309170e-04 1.591881679822522422e+01 3.242121512511196828e-03 5.771246223638400175e-02 4.532368961753627246e-02
-2.250000544783588552e+01 1.052943799414975290e+00 1.353939563083078612e-03 1.662753106815858928e+01 2.659100669636531734e-03 5.725434384197873594e-02 4.725633997964887728e-02
-2.243767925353370174e+01 1.062228977731458857e+00 1.859468235561392846e-03 1.737153258297555425e+01 3.394928372515174705e-03 5.723279463463400857e-02 5.252375287628728573e-02
-2.237535305923150730e+01 1.072161633895984734e+00 2.484804725172332085e-03 1.812249885787199233e+01 4.142880825603421392e-03 5.848598907912361949e-02 5.364376861004805513e-02
-2.231302686492931997e+01 1.081427072083970042e+00 3.145540138999300406e-03 1.887742894606533994e+01 4.132479170927786348e-03 5.673449871413838858e-02 5.577144911807890154e-02
-2.225070067062714330e+01 1.090307829601934175e+00 3.847760752940729279e-03 1.963161426068016269e+01 5.656481299488261977e-03 5.564082305620770413e-02 5.543009317937754726e-02
-2.218837447632494886e+01 1.099712619776810119e+00 4.663728853806531349e-03 2.039644811943968605e+01 6.708361318806853671e-03 5.303328801488189220e-02 5.458809190338070189e-02
-2.212604828202276153e+01 1.111017170287294853e+00 5.741204945180392039e-03 2.122564211832349557e+01 9.031082743855306516e-03 5.254212598180796334e-02 5.573745378857423993e-02
-2.206372208772057775e+01 1.122059494207581887e+00 6.893663372413066925e-03 2.205016404199115954e+01 9.987349643284584855e-03 5.190425918321895510e-02 5.744877174570811595e-02
-2.200139589341839041e+01 1.132046927857938590e+00 8.019493231318633453e-03 2.284951350140884330e+01 1.058237909371359357e-02 4.986569973503717640e-02 5.995700501878234445e-02
-2.193906969911619242e+01 1.143826884490138029e+00 9.447327729659338313e-03 2.369004221919511721e+01 1.193507938062813439e-02 4.983580726733304739e-02 6.109812171938622249e-02
-2.187674350481402286e+01 1.154335684063650502e+00 1.081067087377074465e-02 2.450718058119267440e+01 1.355660558702603824e-02 4.946763133960613290e-02 6.396805924023657441e-02
-2.181441731051183197e+01 1.165606162548948666e+00 1.236489964540810060e-02 2.534699992156816961e+01 1.274826638128933633e-02 4.842775914592949149e-02 6.407394658827900158e-02
-2.175209111620963753e+01 1.176204550264867699e+00 1.391177861371326041e-02 2.618697026373235204e+01 1.441835796452137740e-02 4.808050795488314627e-02 6.731762267091695451e-02
-2.168976492190745020e+01 1.187418723532619902e+00 1.563691228926467058e-02 2.703503648591501474e+01 1.529790603835515413e-02 4.843079994942238453e-02 6.851928732223712404e-02
-2.162743872760533748e+01 1.198235848627073885e+00 1.738549967294689136e-02 2.787138244777300500e+01 1.763242304447004347e-02 4.989137995185054936e-02 6.857198557735365296e-02
-2.156511253330324607e+01 1.210274063528979704e+00 1.942723078302627249e-02 2.875692033344348886e+01 1.819711587724442622e-02 5.006981001868895248e-02 6.990865050536727854e-02
-2.150278633900114755e+01 1.222241864553672119e+00 2.155509822219905947e-02 2.959990988639827947e+01 1.933504668146943106e-02 5.006356112293087329e-02 7.281978143158733541e-02
-2.144046014469904193e+01 1.233494784289427271e+00 2.364335569420786265e-02 3.044031218478035328e+01 2.128064810662284867e-02 5.089332595400684195e-02 7.418162422454252503e-02
-2.137813395039693987e+01 1.245385003790768996e+00 2.594028168634382459e-02 3.128181293134554508e+01 2.244772071282573681e-02 4.939938952837120978e-02 7.409602668049544705e-02
-2.131580775609485201e+01 1.255899982744883792e+00 2.804754944218360024e-02 3.212298485478190457e+01 2.301821434637279368e-02 5.013521655322424053e-02 7.572262921645570022e-02
-2.125348156179275350e+01 1.266682534951526495e+00 3.028122937245536495e-02 3.294354225682935322e+01 2.511566865833606693e-02 4.850682144407833518e-02 7.719030310123707606e-02
-2.119115536749064788e+01 1.277236884565540187e+00 3.253782388388137825e-02 3.376363936687553746e+01 2.723867599317921287e-02 4.763318008079411164e-02 7.969570212944528109e-02
-2.112882917318854581e+01 1.288173134606691805e+00 3.494809467977300077e-02 3.457417861571326512e+01 2.979977155264411717e-02 4.652832247033761304e-02 8.114207356666858217e-02
-2.106650297888646151e+01 1.298216156914314912e+00 3.722502174649505724e-02 3.537109444578540263e+01 3.217228849200736568e-02 4.746409065066169164e-02 8.340187480592409219e-02
-2.100417678458436299e+01 1.309694883776819641e+00 3.990068683970499075e-02 3.616937788428914757e+01 3.341383021238466394e-02 4.807657832083262611e-02 8.342504323758472007e-02
-2.094185059028225382e+01 1.320099313406071007e+00 4.239234220914323004e-02 3.697225835334203481e+01 3.320442499732077085e-02 4.734031779452990696e-02 8.128490227733305151e-02
-2.087927509120294189e+01 1.330988767989382593e+00 4.506666738783543513e-02 3.777785564741554936e+01 3.590572467575094823e-02 4.611455708326649833e-02 8.306183269116719503e-02
-2.081694889690085759e+01 1.342772865504868518e+00 4.803608698411493405e-02 3.860972392046105739e+01 3.725492779881398736e-02 4.706751840572619833e-02 8.281233226307255224e-02
-2.075462270259875552e+01 1.353300369844523177e+00 5.075404245337589160e-02 3.940069820592500349e+01 3.853527212481697856e-02 4.763758908009715909e-02 8.426510294767666776e-02
-2.069229650829664990e+01 1.364290231347124571e+00 5.365591498021499151e-02 4.018995643880841584e+01 3.968209225107494770e-02 4.707143692189579703e-02 8.758227797105021251e-02
-2.062997031399454784e+01 1.374398283631210305e+00 5.638226019728354022e-02 4.093402426270267114e+01 4.148900714477701812e-02 4.903755705798019254e-02 8.937936194760705277e-02
-2.056764411969246353e+01 1.383943658341588057e+00 5.900651126551598180e-02 4.168302719405539136e+01 4.444067104093267495e-02 4.994156282501580058e-02 9.020974899037563499e-02
-2.050531792539036147e+01 1.396068327014354349e+00 6.240837901924445319e-02 4.248241741796156390e+01 4.791133104039811685e-02 4.797372259839005615e-02 9.089757689799955742e-02
-2.044299173108825585e+01 1.406303380380066637e+00 6.533883474853180440e-02 4.320347801866672199e+01 4.838950517046470418e-02 4.605056820830896042e-02 9.116839969269266430e-02
-2.038066553678615733e+01 1.418005571260562148e+00 6.875421420167182607e-02 4.393153909392606948e+01 5.097986078778982133e-02 4.788291271313272618e-02 9.452572242789461510e-02
-2.031833934248406592e+01 1.430119713518716695e+00 7.236155700351409870e-02 4.471363562574655504e+01 5.335792152313176967e-02 4.716760169642587874e-02 9.508945435192020512e-02
-2.025601314818197096e+01 1.440627336352672705e+00 7.554866738786797375e-02 4.540820001802125461e+01 5.569163996633163388e-02 4.811321014702649168e-02 9.709759786149853300e-02
-2.019368695387986890e+01 1.451176466227370732e+00 7.880188274737609522e-02 4.611310141035329480e+01 5.723514138956246888e-02 4.760086690332441389e-02 9.876043518236843344e-02
-2.013136075957775972e+01 1.460710840760610862e+00 8.178764629333357128e-02 4.674167102744518587e+01 5.900770736623384832e-02 4.925950445499514829e-02 1.011433238450505784e-01
-2.006903456527567897e+01 1.471278057168021958e+00 8.514660746488500465e-02 4.743329855242134130e+01 5.957372264831740233e-02 4.887777040282294955e-02 1.004336956207679127e-01
-2.000670837097356980e+01 1.480903498300233156e+00 8.825112496185050226e-02 4.808149100671457177e+01 6.226304103647855442e-02 4.850685027798016385e-02 1.007664493084934054e-01
-1.994438217667147129e+01 1.491176492432686240e+00 9.161109180257154261e-02 4.871063103757590795e+01 6.448205182191467377e-02 4.877015717652406074e-02 1.013917205031155816e-01
-1.988205598236937632e+01 1.500850111066117432e+00 9.481842278407237590e-02 4.930373340042044106e+01 6.481621795659144036e-02 4.973161254537879217e-02 1.013045920781368431e-01
-1.981972978806727781e+01 1.510092545694680988e+00 9.792160820639000951e-02 4.986385940611749845e+01 6.637231323007029837e-02 4.878532013349692886e-02 1.019396568497001332e-01
-1.975740359376518285e+01 1.519295589867480478e+00 1.010487901438711367e-01 5.043249124909755210e+01 6.948940582619156370e-02 4.736142589129961611e-02 1.062551326127554735e-01
-1.969507739946308433e+01 1.529075814589100135e+00 1.044123044442999415e-01 5.105551324803519009e+01 7.103243411213369662e-02 4.736078337116366582e-02 1.095210837327839637e-01
-1.963275120516097161e+01 1.538653674173111385e+00 1.077458776660182860e-01 5.157849688122900034e+01 7.431902127570162719e-02 4.666115400084541037e-02 1.097346444798540377e-01
-1.957042501085889086e+01 1.549669480167011448e+00 1.116278105763675033e-01 5.220618434792390161e+01 7.684084695347247196e-02 4.792083264923166497e-02 1.113948906427489338e-01
-1.950809881655677813e+01 1.558780722808384978e+00 1.148767950893842538e-01 5.270482632137662193e+01 8.001095254461172701e-02 4.753236192500828738e-02 1.156113518107069610e-01
-1.944577262225468317e+01 1.569889836857646825e+00 1.188843875658862070e-01 5.325423747719545986e+01 8.377791858805619385e-02 4.766177437233160702e-02 1.131249292092433439e-01
-1.938344642795259176e+01 1.579040748117298554e+00 1.222232068960234508e-01 5.376949917674575374e+01 8.530385328314282756e-02 4.858416705905279492e-02 1.155237227630590141e-01
-1.932112023365048614e+01 1.587445509265810628e+00 1.253193829421431760e-01 5.426506534107108592e+01 8.667399785155444070e-02 4.966915079865698995e-02 1.168237020198523296e-01
-1.925879403934839829e+01 1.596596055816376314e+00 1.287221579541551475e-01 5.476196199607345960e+01 8.765761468709315496e-02 4.946000877434668375e-02 1.162722571386383963e-01
-1.919646784504629977e+01 1.606290613102791642e+00 1.323630593390729415e-01 5.519638683850598682e+01 9.007529114669576842e-02 4.991071238641625607e-02 1.140353841654293265e-01
-1.913414165074418705e+01 1.615088211613734170e+00 1.356986362364801524e-01 5.572757894776754739e+01 9.106352687443607097e-02 5.118491682919903973e-02 1.135713766560495358e-01
-1.907181545644210630e+01 1.623556982866099618e+00 1.389375721432735133e-01 5.618048753615201463e+01 9.271986855426744834e-02 5.161390122975281769e-02 1.149533297964958761e-01
-1.900948926213999002e+01 1.631324261711635693e+00 1.419321462380481180e-01 5.656747087691728382e+01 9.585551258192825941e-02 5.187809958213047967e-02 1.166181275588862587e-01
-1.894716306783789506e+01 1.639059046311604373e+00 1.449367213833259171e-01 5.693523466059205163e+01 1.015378407849172882e-01 5.168504789407984967e-02 1.213592693061550792e-01
-1.888483687353580720e+01 1.647212413720047453e+00 1.481280007615096150e-01 5.729217222894645545e+01 1.057982420808208507e-01 5.291050930704356559e-02 1.239003297004338394e-01
-1.882251067923370158e+01 1.655132983501333088e+00 1.512516253316202874e-01 5.770257488544577029e+01 1.064580027920425526e-01 5.160396199006798967e-02 1.227434575860004151e-01
-1.876018448493161017e+01 1.663635882252650466e+00 1.546303845600179860e-01 5.812095597502688804e+01 1.078574382408889198e-01 5.126056869712714709e-02 1.216395727059353116e-01
-1.869785829062951876e+01 1.671270760733283511e+00 1.576864890977198730e-01 5.847700628677954882e+01 1.101810843177530169e-01 5.021683587493663836e-02 1.245951417958455626e-01
-1.863553209632739893e+01 1.679541677776222430e+00 1.610207324281902608e-01 5.882422836023840773e+01 1.122741464726907390e-01 5.058498428261027496e-02 1.237385272041299639e-01
-1.857320590202532173e+01 1.687386333773460034e+00 1.642055500414237867e-01 5.920728987666643661e+01 1.120792431408969975e-01 4.881942064167331397e-02 1.215508440806657708e-01
-1.851087970772319835e+01 1.693783330186470426e+00 1.668186463953369447e-01 5.950538538911224862e+01 1.138018409432201838e-01 5.081467127795651073e-02 1.232828889113095211e-01
-1.844855351342111049e+01 1.701215865188143495e+00 1.698726549536485608e-01 5.977970069237191097e+01 1.179875282080507376e-01 5.046220728317839938e-02 1.265338924505853835e-01
-1.838622731911902264e+01 1.708283750950947422e+00 1.727945388493765666e-01 6.012751908734880146e+01 1.184444306177933615e-01 5.085798405608740053e-02 1.258402056524856039e-01
-1.832390112481690991e+01 1.715719428323350559e+00 1.758869439337737983e-01 6.043545998352860238e+01 1.183862347071324289e-01 4.978900007407743855e-02 1.275154017411865848e-01
-1.826157493051482206e+01 1.722427893595080306e+00 1.786930320488825386e-01 6.066054771833022130e+01 1.221650900500237946e-01 4.893842374152732738e-02 1.278816619720003211e-01
-1.819924873621273420e+01 1.730362948895961539e+00 1.820317653409087022e-01 6.089499649922972679e+01 1.276758910284561954e-01 4.961523345631352333e-02 1.282455707475737006e-01
-1.813692254191061082e+01 1.737238343939895069e+00 1.849416502392996486e-01 6.113044364842116352e+01 1.293649404861722529e-01 5.030038141060352158e-02 1.281156689900297130e-01
-1.807459634760853362e+01 1.743059706666856723e+00 1.874176855998559432e-01 6.127028968913668194e+01 1.323926486019422477e-01 5.199542765292160251e-02 1.296768119005391462e-01
-1.801227015330641024e+01 1.749747735099083989e+00 1.902761089264208838e-01 6.152064567978376175e+01 1.297456145298829522e-01 5.197492028095405253e-02 1.256085865494222242e-01
-1.794994395900432238e+01 1.756544819068350360e+00 1.931961105481037055e-01 6.181132247185374240e+01 1.298413820474500213e-01 5.293454909916998213e-02 1.222510328514253980e-01
-1.788761776470223452e+01 1.763398766724874944e+00 1.961557024277704731e-01 6.197632045823365132e+01 1.303398329389483523e-01 5.272133109271421453e-02 1.233581384643015200e-01
-1.782529157040012180e+01 1.769992608851221227e+00 1.990172380644725791e-01 6.217199420759310158e+01 1.337143883490419793e-01 5.341997997771204265e-02 1.249290125269586632e-01
-1.776296537609803394e+01 1.775645802570280818e+00 2.014816133799111064e-01 6.234057896455995973e+01 1.363948891361746740e-01 5.536049386125983796e-02 1.237876881321520045e-01
-1.770063918179594609e+01 1.780050019154618024e+00 2.034085545967783126e-01 6.246752170646988134e+01 1.379428452232905056e-01 5.347856879460458068e-02 1.222032970875753938e-01
-1.763831298749382270e+01 1.786095547112200199e+00 2.060635682656699608e-01 6.264845705446145274e+01 1.374663873821297400e-01 5.328504791540759900e-02 1.225961339905485420e-01
-1.757598679319174906e+01 1.792004889174208415e+00 2.086698462913699759e-01 6.282510525568068260e+01 1.386650425619183891e-01 5.439974143485656888e-02 1.258458303827402203e-01
-1.751366059888962212e+01 1.797950341673689278e+00 2.113030246521090394e-01 6.299757309112933257e+01 1.394074452002029563e-01 5.503825591178269916e-02 1.277416700213144796e-01
-1.745133440458753782e+01 1.802868414308208100e+00 2.134894542765386483e-01 6.311542935962385314e+01 1.387017005730463159e-01 5.470409991403778899e-02 1.266377718633013294e-01
-1.738900821028544996e+01 1.807950640773654749e+00 2.157566796333836301e-01 6.320301890748392992e+01 1.419428948722332995e-01 5.539268708205126457e-02 1.253932025790180926e-01
-1.732668201598333368e+01 1.811134753258894836e+00 2.171811689209705021e-01 6.314674321665486900e+01 1.445211966430852701e-01 5.753940466588249730e-02 1.296360643043360794e-01
-1.726435582168124583e+01 1.817152646609486499e+00 2.198818504822402931e-01 6.325238152036934736e+01 1.448876704787475100e-01 5.716760240783739372e-02 1.293186926198592046e-01
-1.720202962737916152e+01 1.821275045962805983e+00 2.217382154571670982e-01 6.327518178299109763e+01 1.468039224961427969e-01 5.465280255605103887e-02 1.279666340064087304e-01
-1.713970343307703459e+01 1.825773238506627649e+00 2.237696488720253285e-01 6.328929596183884598e+01 1.465545967577405462e-01 5.543631106640568157e-02 1.305116742288519593e-01
-1.707737723877496094e+01 1.830704634738893777e+00 2.260036956914628359e-01 6.342377762090132620e+01 1.445593554311429552e-01 5.545201144014848260e-02 1.313437656420260169e-01
-1.701505104447283756e+01 1.834925205305635965e+00 2.279214846812404049e-01 6.345455611144880947e+01 1.424574264564039128e-01 5.507876013033948664e-02 1.304848378023930611e-01
-1.695272485017074970e+01 1.838869598738590128e+00 2.297185644187041964e-01 6.352974708978870666e+01 1.413532661687445791e-01 5.482715129499073775e-02 1.327863449127544837e-01
-1.689039865586866185e+01 1.843840873942381497e+00 2.319900464890108926e-01 6.359471470294218420e+01 1.420659682502037058e-01 5.258451944425546892e-02 1.308744486213835601e-01
-1.682807246156654912e+01 1.847765474061533464e+00 2.337884168709002397e-01 6.364637719998422938e+01 1.420435184189996758e-01 5.132956106702253607e-02 1.319584055600238337e-01
-1.676574626726446127e+01 1.850977858512059759e+00 2.352637868982079272e-01 6.362773311742693494e+01 1.427721774071318284e-01 5.101678602849160638e-02 1.324186834160061832e-01
-1.670342007296238052e+01 1.854376641264071202e+00 2.368280441248321599e-01 6.371233155768271672e+01 1.424762434579688597e-01 5.149536976091111107e-02 1.333084568739182907e-01
-1.664109387866025003e+01 1.858377924708797257e+00 2.386739009596144934e-01 6.376456576689758293e+01 1.440406252554062849e-01 5.125617815287061840e-02 1.314900667720052263e-01
-1.657876768435817283e+01 1.861282862882602585e+00 2.400169016717664805e-01 6.375402884678085513e+01 1.459882891183993392e-01 5.114665505551729829e-02 1.321870433966415570e-01
-1.651644149005604589e+01 1.865473909117618678e+00 2.419587815360165761e-01 6.383203813207623512e+01 1.484694158872873482e-01 5.171606070816319595e-02 1.317565411085167837e-01
-1.645411529575396159e+01 1.870027424825689621e+00 2.440743283845474565e-01 6.394583504956290199e+01 1.483274021729964476e-01 5.244663249521321763e-02 1.291457622508985770e-01
-1.639178910145187729e+01 1.875323239112177021e+00 2.465422003548131125e-01 6.401721383109928354e+01 1.468902259107081609e-01 5.227804032698091935e-02 1.302199098388586440e-01
-1.632946290714976101e+01 1.879410522635011960e+00 2.484523467506818406e-01 6.407277378122049072e+01 1.460342324649451240e-01 5.403485059666515711e-02 1.292960906250132380e-01
-1.626713671284766960e+01 1.882109819639229409e+00 2.497164275540320055e-01 6.407891101795755162e+01 1.452524362311916895e-01 5.480402798037931761e-02 1.347714258218061789e-01
-1.620481051854559240e+01 1.886111377990403515e+00 2.515941403847519187e-01 6.409391439525192880e+01 1.451156734087331035e-01 5.410605928541876303e-02 1.386012780294094415e-01
-1.614248432424346191e+01 1.889321785367700679e+00 2.531038644167576956e-01 6.407813258439841775e+01 1.465546861272030155e-01 5.514277337934585937e-02 1.350008733984069398e-01
-1.608015812994138116e+01 1.893010135728409038e+00 2.548419091952146553e-01 6.414491858404134916e+01 1.475876388506776049e-01 5.757352152156352404e-02 1.330803500296699193e-01
-1.601783193563926488e+01 1.896542114212767194e+00 2.565098260310578748e-01 6.422274167514923704e+01 1.471469900165363609e-01 5.901467426530433713e-02 1.324009111497303215e-01
-1.595550574133717703e+01 1.898586764281813721e+00 2.574769631447691998e-01 6.414823972399109664e+01 1.510615755659237280e-01 5.832113303298269713e-02 1.317803920146461971e-01
-1.589317954703508384e+01 1.900715494188683685e+00 2.584851030144124096e-01 6.411705344890607705e+01 1.506621447618321508e-01 5.962814946902637164e-02 1.331846375074215993e-01
-1.583085335273298000e+01 1.903751586816510466e+00 2.599251280681470488e-01 6.415715731955661738e+01 1.477086105954526773e-01 5.992946850927619723e-02 1.314392860718915645e-01
-1.576852715843088681e+01 1.906339703926863027e+00 2.611546858627631362e-01 6.415463523017511704e+01 1.461507463167578402e-01 5.954998457318191191e-02 1.317971221998817111e-01
-1.570620096412879718e+01 1.909670648722750164e+00 2.627398567565650822e-01 6.409299408999255832e+01 1.452148562246265706e-01 5.915656992092228894e-02 1.338274603408659003e-01
-1.564387476982668801e+01 1.913784987462703535e+00 2.647020374910349361e-01 6.415437751147041467e+01 1.477748413138449124e-01 5.864154382097819945e-02 1.351039481837161271e-01
-1.558154857552460015e+01 1.917203611060219526e+00 2.663359392513416912e-01 6.421086578999479855e+01 1.485116054586133605e-01 5.991495994997198676e-02 1.360980843259369799e-01
-1.551922238122247144e+01 1.920355477693170387e+00 2.678451641587727972e-01 6.418157360077790941e+01 1.492125119257581012e-01 6.127810964326952520e-02 1.353355767422333433e-01
-1.545689618692040135e+01 1.921126591095367653e+00 2.682148109401470970e-01 6.405680461595760278e+01 1.496128193316817179e-01 6.113291248188568866e-02 1.359786963139495986e-01
-1.539456999261830461e+01 1.923435575445203272e+00 2.693226261958532319e-01 6.403163962420092048e+01 1.521602539109349894e-01 6.166219144922836098e-02 1.359715879005628236e-01
-1.533224379831618478e+01 1.926406616303740771e+00 2.707502056342191432e-01 6.400336018792960147e+01 1.532722693265060054e-01 6.065708089310030415e-02 1.356257748380138572e-01
-1.526991760401408804e+01 1.928666568128796222e+00 2.718377013341514159e-01 6.401796900358368703e+01 1.546035196114564358e-01 6.311580287369801534e-02 1.360831827301609287e-01
-1.520759140971201795e+01 1.931837791342342125e+00 2.733660180092994940e-01 6.403955482841611513e+01 1.538768641253860092e-01 6.179475478926008819e-02 1.319917322538239901e-01
-1.514526521540988924e+01 1.935863257167519835e+00 2.753099024360127212e-01 6.409319766758810033e+01 1.549585759916373706e-01 6.128004843968357790e-02 1.318822454668698851e-01
-1.508293902110779960e+01 1.936952731125013649e+00 2.758367501342023909e-01 6.399960736281882134e+01 1.578427744802562704e-01 6.084339342804478273e-02 1.341609463644111988e-01
-1.502061282680569754e+01 1.940944799404699772e+00 2.777699348779228972e-01 6.406237460640163306e+01 1.584466862285862643e-01 6.188766206803485853e-02 1.342901950347065165e-01
-1.495828663250360258e+01 1.942367081846207322e+00 2.784597072617290836e-01 6.401739802583055905e+01 1.561484568110864946e-01 6.191455935580197911e-02 1.360393564680182354e-01
-1.489596043820150406e+01 1.945733261267584169e+00 2.800943571620754247e-01 6.409051991236994184e+01 1.551448872401388346e-01 6.266560854623062782e-02 1.357978143821195194e-01
-1.483363424389941088e+01 1.949714726716729407e+00 2.820316588345045394e-01 6.411178773013033094e+01 1.552584119084202963e-01 6.224955124244752752e-02 1.359741184776589729e-01
-1.477130804959731414e+01 1.951252055137904007e+00 2.827808090492349713e-01 6.399436766694510226e+01 1.536480237758126866e-01 6.330090611765004649e-02 1.378420340676262401e-01
-1.470898185529521740e+01 1.953660815900676972e+00 2.839558618406182733e-01 6.401713333021872643e+01 1.520938188741205177e-01 6.305133480685651270e-02 1.377037779912330395e-01
-1.464665566099312244e+01 1.957216408953042164e+00 2.856931446635496696e-01 6.401925249809798402e+01 1.528383480338720568e-01 6.190467269370318604e-02 1.364672640562502315e-01
-1.458432946669102925e+01 1.957954995551359101e+00 2.860544366145728601e-01 6.386856568866136286e+01 1.518992628720856330e-01 6.311431228856360931e-02 1.372755051573967267e-01
-1.452200327238889699e+01 1.959435693246664778e+00 2.867791730675877115e-01 6.382239920745161754e+01 1.482828776624029732e-01 6.345108627476363228e-02 1.365394510593612165e-01
-1.445967707808683222e+01 1.961360270567874098e+00 2.877220224470496968e-01 6.378338982692415726e+01 1.503617824174247608e-01 6.426188119294592993e-02 1.348548096705055321e-01
-1.439735088378473371e+01 1.961906028827857584e+00 2.879895644342362893e-01 6.369279303708074025e+01 1.521327969001936564e-01 6.499709873512302116e-02 1.366905152805767409e-01
-1.433502468948260855e+01 1.963051486278051705e+00 2.885513429639299243e-01 6.361185706622104874e+01 1.526372112573154693e-01 6.363015819294991215e-02 1.374571411766690177e-01
-1.427269849518051004e+01 1.964140306422457405e+00 2.890856599265311244e-01 6.353087639817876209e+01 1.527295448403450107e-01 6.429233743372515797e-02 1.370035670226510960e-01
-1.421037230087844883e+01 1.964796681438642834e+00 2.894079114765882865e-01 6.345116994448442682e+01 1.562147598995701769e-01 6.350003984662724865e-02 1.392423022085438056e-01
-1.414804610657631656e+01 1.965496882382282928e+00 2.897518026740590891e-01 6.337324068094500262e+01 1.565202824246821889e-01 6.256172707479670803e-02 1.375224826703949632e-01
-1.408571991227421982e+01 1.967253339203695051e+00 2.906150133754611398e-01 6.334748489742036526e+01 1.560989903444710558e-01 6.310428694958457319e-02 1.375727988122371903e-01
-1.402339371797212664e+01 1.968703495397759351e+00 2.913282934702076110e-01 6.335362691225576270e+01 1.572426231905231508e-01 6.214574688351730269e-02 1.372615138966591097e-01
-1.396106752367002990e+01 1.970939987238428337e+00 2.924294074063640281e-01 6.334319564698412108e+01 1.547499292471615773e-01 6.356930157862811237e-02 1.347649609038546470e-01
-1.389874132936792428e+01 1.971487370287988483e+00 2.926991021165145090e-01 6.327765718440557663e+01 1.519810416342001480e-01 6.447508309189375897e-02 1.354278581685652849e-01
-1.383641513506584353e+01 1.974183348829964046e+00 2.940285302525145195e-01 6.331524688883898477e+01 1.521185877739232861e-01 6.397398110926393044e-02 1.350089582943027333e-01
-1.377408894076373969e+01 1.973854637271072354e+00 2.938663376383788828e-01 6.322657212185832520e+01 1.527558572294926142e-01 6.329487444582625189e-02 1.339077479071579535e-01
-1.371176274646163940e+01 1.974103603183351652e+00 2.939891796671488811e-01 6.319657137486148457e+01 1.489047358019131018e-01 6.497477594137075763e-02 1.334177743378767989e-01
-1.364943655215955154e+01 1.974934661223542998e+00 2.943993463424982027e-01 6.316022474893141236e+01 1.490414336423122876e-01 6.605694724806969453e-02 1.310350137999319597e-01
-1.358711035785745658e+01 1.975977221653106630e+00 2.949141498973613107e-01 6.309393420237343264e+01 1.488808201023937849e-01 6.378300889879082169e-02 1.317718023764538615e-01
-1.352478416355532076e+01 1.978423729150830424e+00 2.961232978858668874e-01 6.309879652214811330e+01 1.487513042439966848e-01 6.377981432979600018e-02 1.324599764478886499e-01
-1.346245796925326488e+01 1.981445466520326937e+00 2.976188545626647919e-01 6.316460239293919443e+01 1.461820763869019213e-01 6.496867703077235934e-02 1.355829890070852639e-01
-1.340013177495116103e+01 1.982630012284859689e+00 2.982057599411234161e-01 6.317838520571662997e+01 1.456167333652798324e-01 6.514621926712423072e-02 1.352869153100167143e-01
-1.333780558064903410e+01 1.983911652749848376e+00 2.988411747426388265e-01 6.316854143667284660e+01 1.462224987420451539e-01 6.562820260698166985e-02 1.365072080145542932e-01
-1.327547938634693026e+01 1.983205268523300369e+00 2.984909102110891999e-01 6.305145106151684331e+01 1.470357959316374863e-01 6.565158437417227544e-02 1.347762132073294372e-01
-1.321315319204487437e+01 1.982588628140495857e+00 2.981852493717717101e-01 6.299829664511518956e+01 1.465477482417803234e-01 6.565139224806335050e-02 1.343941846034204524e-01
-1.315082699774273856e+01 1.982113836777391391e+00 2.979499672124854559e-01 6.290825009093450149e+01 1.478669632796795474e-01 6.566987264271893776e-02 1.332859625500328049e-01
-1.308850080344064182e+01 1.981017678246759450e+00 2.974069866697295339e-01 6.277132424492934604e+01 1.470735051823429396e-01 6.452519327041894570e-02 1.348418450134406255e-01
-1.302617460913855929e+01 1.981267783767615143e+00 2.975308491303182423e-01 6.267839376263925999e+01 1.487855270705544519e-01 6.393110090098021170e-02 1.351758540827466271e-01
-1.296384841483645545e+01 1.982515138273985844e+00 2.981488278247044210e-01 6.263872846610359346e+01 1.504120450647481455e-01 6.368586025190318967e-02 1.382242050310119319e-01
-1.290152222053434805e+01 1.983671985954884809e+00 2.987223204204948468e-01 6.265434483715488767e+01 1.492025109519275472e-01 6.400235874850336570e-02 1.352356530014920954e-01
-1.283919602623227618e+01 1.984746569831493890e+00 2.992553364721542986e-01 6.262692107392574314e+01 1.506422674129312966e-01 6.519791954776027465e-02 1.374305343491013520e-01
-1.277686983193016701e+01 1.985603939315459865e+00 2.996808199071090417e-01 6.264839270541027361e+01 1.516337147590617884e-01 6.583390053782484097e-02 1.355559610752489763e-01
-1.271454363762806139e+01 1.986826381672339714e+00 3.002877990353405302e-01 6.257182054268599103e+01 1.535704794553304220e-01 6.585326774315308773e-02 1.347285931942872328e-01
-1.265221744332598419e+01 1.988126470938370582e+00 3.009337475552561481e-01 6.254009202376327892e+01 1.533964892562909577e-01 6.594199740632385176e-02 1.368849902151811349e-01
-1.258989124902388035e+01 1.989704783448903891e+00 3.017185057431327477e-01 6.251124013592040285e+01 1.523734481429729615e-01 6.611667649133003144e-02 1.340263273907899011e-01
-1.252756505472174453e+01 1.990661319731150680e+00 3.021944147283597282e-01 6.247214909354581636e+01 1.522336776436058470e-01 6.648147245256327831e-02 1.329535018476561692e-01
-1.246523886041969931e+01 1.990232668571769059e+00 3.019811177895616039e-01 6.241693211669407049e+01 1.528536260104415012e-01 6.469080116098811783e-02 1.362664567512602842e-01
-1.240291266611759013e+01 1.991401818006697466e+00 3.025629961063240891e-01 6.237824621588529084e+01 1.531776449851332822e-01 6.524126177025685314e-02 1.325106058948619658e-01
-1.234058647181545965e+01 1.993764919571619387e+00 3.037401488778823655e-01 6.246866263221944138e+01 1.511955986298670895e-01 6.398517221716965020e-02 1.311887182370779226e-01
-1.227826027751335047e+01 1.994897400673081966e+00 3.043047798877762666e-01 6.241415915845112039e+01 1.504637164452323483e-01 6.321991108414713734e-02 1.309124939946619826e-01
-1.221593408321130347e+01 1.996118351172619931e+00 3.049138808665184941e-01 6.242210327921166169e+01 1.508458088429021904e-01 6.403862279243356659e-02 1.310319631604325852e-01
-1.215360788890916766e+01 1.996213172832705052e+00 3.049612006297632849e-01 6.237367994623367906e+01 1.507636080146897151e-01 6.291630653644818272e-02 1.305514206875065253e-01
-1.209128169460706204e+01 1.996385690060143769e+00 3.050472993446138315e-01 6.233575305474327877e+01 1.499320932920066574e-01 6.365262110511023252e-02 1.264231980210864803e-01
-1.202895550030499194e+01 1.996030248614170111e+00 3.048699162234101978e-01 6.226155099243049307e+01 1.500117299152186057e-01 6.300216011485171297e-02 1.279481059643364782e-01
-1.196662930600288277e+01 1.997533506674457504e+00 3.056203338517418100e-01 6.231671007485957858e+01 1.485143562759521085e-01 6.424413817738697241e-02 1.300103602455479346e-01
-1.190430311170077182e+01 1.995377995362686230e+00 3.045444916085481291e-01 6.223752822985897382e+01 1.483497025642499800e-01 6.259636606351126620e-02 1.329676939544428838e-01
-1.184197691739870528e+01 1.995015453675631489e+00 3.043636571604823038e-01 6.215618422142857469e+01 1.496398407908316186e-01 6.376078514029147326e-02 1.317490172382010938e-01
-1.177965072309659256e+01 1.995728748762310545e+00 3.047194775216005569e-01 6.209357331207948505e+01 1.510589655966486922e-01 6.324808734183426373e-02 1.330216454937504511e-01
-1.171732452879448338e+01 1.996446257129793844e+00 3.050775285135178816e-01 6.208232088773084456e+01 1.498147157458626644e-01 6.335939245063006153e-02 1.317208901543110988e-01
-1.165499833449241329e+01 1.997982466901344845e+00 3.058445620381387009e-01 6.212378899556328093e+01 1.464720355941632746e-01 6.337532219537259093e-02 1.308686268299799893e-01
-1.159267214019030945e+01 1.995934478350389174e+00 3.048221274776784506e-01 6.204693887871724911e+01 1.446099931444329578e-01 6.392002741622074269e-02 1.303014829462861845e-01
-1.153034594588817185e+01 1.994390445342948848e+00 3.040519828698182714e-01 6.190356004729549255e+01 1.464864423064810295e-01 6.480020813217833575e-02 1.269674355402168053e-01
-1.146801975158613018e+01 1.993553405001482703e+00 3.036347279542105371e-01 6.184792035794621512e+01 1.465257438500148779e-01 6.457670451037693382e-02 1.274698437126579875e-01
-1.140569355728401746e+01 1.993367816515873026e+00 3.035422381156180904e-01 6.179725169054844258e+01 1.466883862212214895e-01 6.516622311405310952e-02 1.273275625552323376e-01
-1.134336736298188519e+01 1.993453762669953333e+00 3.035850691453384487e-01 6.173626674063700648e+01 1.466222356121803516e-01 6.668402588559682598e-02 1.269538104910733212e-01
-1.128104116867977247e+01 1.994350257263370230e+00 3.040319455508813107e-01 6.173392856953014984e+01 1.479629246942078258e-01 6.597824588402335932e-02 1.288605251629759973e-01
-1.121871497437773257e+01 1.994723267567183322e+00 3.042179398457999229e-01 6.168456468751000443e+01 1.499855638355053478e-01 6.726629872502899732e-02 1.271711085147844977e-01
-1.115638878007559320e+01 1.994624622045756634e+00 3.041687487836866044e-01 6.160584930624945343e+01 1.485282302810266852e-01 6.789346593413546349e-02 1.295385008021867068e-01
-1.109406258577348581e+01 1.995757960292270594e+00 3.047340521344970021e-01 6.161003751605306178e+01 1.467128242137942518e-01 6.740839808580147141e-02 1.330438844221421002e-01
-1.103173639147141749e+01 1.995562792779952410e+00 3.046366805772262598e-01 6.160775640704211042e+01 1.459683340844795396e-01 6.770486667675966463e-02 1.319150299597091347e-01
-1.096941019716930832e+01 1.995153954345871172e+00 3.044327368833221747e-01 6.155553153956741141e+01 1.475036583475514418e-01 6.981703818266180028e-02 1.314496536074070965e-01
-1.090708400286719382e+01 1.994030411345641740e+00 3.038724884951947702e-01 6.146805542106506692e+01 1.475804608652763750e-01 7.040668555669389594e-02 1.319100987424340621e-01
-1.084475780856513438e+01 1.993602170256799644e+00 3.036590320344371152e-01 6.143004005822091784e+01 1.477420926645728327e-01 6.991693317371031058e-02 1.294404486708819746e-01
-1.078243161426301988e+01 1.993795125889549880e+00 3.037552049196606818e-01 6.143660690904286525e+01 1.454209441971840155e-01 6.998772409413774043e-02 1.297562482411039331e-01
-1.072010541996090716e+01 1.994089159600092698e+00 3.039017751182125915e-01 6.145446801655860014e+01 1.434923329577148798e-01 6.919691643904998801e-02 1.262873538845164789e-01
-1.065777922565884595e+01 1.994717839697881967e+00 3.042152330941466642e-01 6.150653694617593459e+01 1.421522725557497757e-01 6.999094020378210379e-02 1.240514284092340547e-01
-1.059545303135673500e+01 1.993804511548351366e+00 3.037598831556238554e-01 6.147923514958290525e+01 1.411632583553477649e-01 7.145765998187096624e-02 1.268838270917973243e-01
-1.053312683705459385e+01 1.993397391762422144e+00 3.035569766486891918e-01 6.144360182162915152e+01 1.406124323371059082e-01 7.119163208824356992e-02 1.256954356452608945e-01
-1.047080064275255928e+01 1.991753706931700174e+00 3.027381965120284901e-01 6.139622749526135692e+01 1.412836158857352087e-01 7.325931646468152036e-02 1.286015642106794199e-01
-1.040847444845044301e+01 1.991813727825836100e+00 3.027680831633664527e-01 6.135141397943636576e+01 1.437606306184656957e-01 7.149526528085545229e-02 1.299149323196026329e-01
-1.034614825414831074e+01 1.992416470672483841e+00 3.030682617397704171e-01 6.137713985443875231e+01 1.423967309462417785e-01 7.116626397099733159e-02 1.296668232350058902e-01
-1.028382205984619624e+01 1.992348135800874553e+00 3.030342249401249966e-01 6.137987444591357900e+01 1.385093479792338933e-01 7.272956083753644163e-02 1.299537861748972511e-01
-1.022149586554415990e+01 1.993956881423634364e+00 3.038358342784581723e-01 6.141542465939522089e+01 1.388395982522474814e-01 7.198161886825694966e-02 1.307760927041264898e-01
-1.015916967124201875e+01 1.994787584563357141e+00 3.042500137933579207e-01 6.146059162246795893e+01 1.383961947419930505e-01 7.173526993958571907e-02 1.313575812945472765e-01
-1.009684347693990958e+01 1.993425240357081352e+00 3.035708549230058395e-01 6.133598553235881212e+01 1.400296228569526125e-01 7.025747862934504651e-02 1.316432843312440315e-01
-1.003451728263785014e+01 1.993164995124041772e+00 3.034411700024323144e-01 6.133640501035582560e+01 1.385635444178798803e-01 6.903547862553653658e-02 1.314900490582281145e-01
-9.972191088335735643e+00 1.992690483968936110e+00 3.032047563698466730e-01 6.135419223016349832e+01 1.407578756974780243e-01 7.057988692048081103e-02 1.321590078464478235e-01
-9.909864894033617588e+00 1.992050311829072884e+00 3.028858960433119529e-01 6.137325086669794416e+01 1.418052194058967153e-01 7.197165990269650815e-02 1.323603006164301710e-01
-9.847538699731563483e+00 1.992181654181536032e+00 3.029513073186534955e-01 6.139248833823223350e+01 1.404346285886106660e-01 7.554037274612404596e-02 1.262623211586925420e-01
-9.785212505429445429e+00 1.992974585055115266e+00 3.033462960105756112e-01 6.141258274660648198e+01 1.388951136854976454e-01 7.670723318214271724e-02 1.242507782027503782e-01
-9.722886311127330927e+00 1.993093568462826148e+00 3.034055797828744128e-01 6.144730648966507403e+01 1.381913747176540253e-01 7.554001726828202257e-02 1.202797727247315179e-01
-9.660560116825275045e+00 1.993718084014560521e+00 3.037168046094478324e-01 6.146392677411642325e+01 1.359682230169635409e-01 7.698208124476733916e-02 1.207130424433123378e-01
-9.598233922523162320e+00 1.992769265953986180e+00 3.032440036512471515e-01 6.139509815995270969e+01 1.341597514219893539e-01 7.632350273339627567e-02 1.222840385791505863e-01
-9.535907728221021173e+00 1.994019757573990637e+00 3.038671775709000933e-01 6.140437765370032963e+01 1.343077741122702395e-01 7.507381334852709920e-02 1.256217057398838211e-01
-9.473581533918988384e+00 1.992682182920848089e+00 3.032006210792833611e-01 6.137059303423050949e+01 1.383554918872864636e-01 7.433074949599291492e-02 1.255651533512822937e-01
-9.411255339616872106e+00 1.992481903896614837e+00 3.031008543652279341e-01 6.132179721662703287e+01 1.371930346046785210e-01 7.673968968657442213e-02 1.275510873476038143e-01
-9.348929145314734512e+00 1.991111103368925717e+00 3.024182770467350734e-01 6.124774586515577113e+01 1.367644767625369739e-01 7.667664580738570157e-02 1.260308290772534368e-01
-9.286602951012620011e+00 1.990044273727536117e+00 3.018873871343309423e-01 6.117426118817109426e+01 1.403125229144888131e-01 7.824432993541351189e-02 1.289487098434928258e-01
-9.224276756710585445e+00 1.989891667818994181e+00 3.018114688463227058e-01 6.112585653503120398e+01 1.420507881572943831e-01 7.719886943318550465e-02 1.297061586890636831e-01
-9.161950562408446075e+00 1.989314771039729868e+00 3.015245277615770103e-01 6.103472165533690941e+01 1.415179448571691756e-01 7.657704235948066540e-02 1.296232042894978342e-01
-9.099624368106329797e+00 1.990180130774974687e+00 3.019549781577043346e-01 6.101879213063942586e+01 1.425997485037352464e-01 7.663649435207182947e-02 1.303800915173781994e-01
-9.037298173804277468e+00 1.991070420294969834e+00 3.023980265290127090e-01 6.103355615918248134e+01 1.444904026302778755e-01 7.703263467498980277e-02 1.305519463096845578e-01
-8.974971979502161190e+00 1.991355037035877462e+00 3.025397068888422414e-01 6.106235627529368060e+01 1.445317137154213116e-01 7.522205642457810426e-02 1.308807722883745805e-01
-8.912645785200041360e+00 1.989754394886123601e+00 3.017431834217692010e-01 6.094130820142021321e+01 1.474806664046219018e-01 7.568541060392401654e-02 1.335054357114602575e-01
-8.850319590897992583e+00 1.990233409330561809e+00 3.019814863513411440e-01 6.093206503739689595e+01 1.475246021224294879e-01 7.583325943924096313e-02 1.339009058457269752e-01
-8.787993396595872753e+00 1.988794715392058654e+00 3.012659308054815854e-01 6.086732338837948930e+01 1.484658470292219146e-01 7.620719302621827007e-02 1.350637890514470585e-01
-8.725667202293754698e+00 1.988968849172075837e+00 3.013525109753849573e-01 6.083997765274784797e+01 1.484700742586509969e-01 7.738341978059151693e-02 1.357519093026471890e-01
-8.663341007991704146e+00 1.988600760288959934e+00 3.011695044014716105e-01 6.083331575294458560e+01 1.447300203498110283e-01 7.575148791457592123e-02 1.354588575924202398e-01
-8.601014813689587868e+00 1.988302261812131988e+00 3.010211219700839047e-01 6.081103095031951256e+01 1.455464789201827425e-01 7.565456681261950589e-02 1.349620229702830077e-01
-8.538688619387448497e+00 1.988083167302502563e+00 3.009122252839586675e-01 6.082031852097312452e+01 1.438925258887556180e-01 7.340770124242659844e-02 1.347841250614522368e-01
-8.476362425085421037e+00 1.987695189154426556e+00 3.007194180506181924e-01 6.072672951947344444e+01 1.456048350546740033e-01 7.235881120494735974e-02 1.374001351144558958e-01
-8.414036230783295878e+00 1.987316522307226441e+00 3.005312748425075231e-01 6.068913810662282060e+01 1.445424848226637138e-01 7.146513013436482653e-02 1.391374917687379364e-01
-8.351710036481163613e+00 1.987706274592455635e+00 3.007249264730273985e-01 6.067253608704692880e+01 1.445253315077715817e-01 7.074189605964502359e-02 1.401412427670948868e-01
-8.289383842179040229e+00 1.986251992549134426e+00 3.000025505094785494e-01 6.063519423347309356e+01 1.436719226868094779e-01 6.885492387319286367e-02 1.398510176696421414e-01
-8.227057647877009217e+00 1.984639750323750729e+00 2.992023386381679195e-01 6.062086253625348320e+01 1.427584309590033407e-01 6.902873419447878856e-02 1.416484425168684502e-01
-8.164731453574876952e+00 1.983588989474275532e+00 2.986811646360915118e-01 6.056861826646048286e+01 1.458521233787663240e-01 7.035284150036574813e-02 1.443635938207594449e-01
-8.102405259272762450e+00 1.983055560999537503e+00 2.984166931960290370e-01 6.052298199185158012e+01 1.485104617115112491e-01 7.144114823457821395e-02 1.444028689496699991e-01
-8.040079064970706568e+00 1.983081541565107297e+00 2.984295725677175160e-01 6.053102006408536795e+01 1.481222104172413845e-01 7.056897612829782229e-02 1.436393584519024824e-01
-7.977752870668588514e+00 1.981435391589605466e+00 2.976138642817636182e-01 6.046696395908714550e+01 1.468074605431046731e-01 7.146674110262118962e-02 1.401730815076009107e-01
-7.915426676366466907e+00 1.980194850234964221e+00 2.969996011608110331e-01 6.044816752906263702e+01 1.483336054677242555e-01 6.910435256263207371e-02 1.380150554960180020e-01
-7.853100482064413690e+00 1.980377078332075103e+00 2.970898081556537784e-01 6.048505183012573383e+01 1.455479351768511898e-01 6.817218443755720947e-02 1.372434711749078717e-01
-7.790774287762290307e+00 1.980591796102482594e+00 2.971961091333903404e-01 6.056575798864518134e+01 1.430947854186775947e-01 6.604913544229730482e-02 1.368015837867740392e-01
-7.728448093460186463e+00 1.981057160671344075e+00 2.974265389182365604e-01 6.055157942993327680e+01 1.426990567041709346e-01 6.555309633782656353e-02 1.380032473674507876e-01
-7.666121899158133246e+00 1.982069473692181782e+00 2.979279860817602987e-01 6.051617051685852289e+01 1.440594184479439821e-01 6.633525308201146387e-02 1.430602726779380829e-01
-7.603795704856015192e+00 1.980247995556090990e+00 2.970259084119546422e-01 6.048979406732210151e+01 1.446822867272004043e-01 6.730914912392305105e-02 1.430249826717407691e-01
-7.541469510553874045e+00 1.980690591482153318e+00 2.972450240097166407e-01 6.050898890536944208e+01 1.462476979053097537e-01 6.824433172358002064e-02 1.453752694862604777e-01
-7.479143316251835039e+00 1.981328616685047450e+00 2.975609784830726134e-01 6.058786666796291343e+01 1.453801945412462326e-01 6.807960703223119026e-02 1.450883275450875198e-01
-7.416817121949711655e+00 1.980939591907175279e+00 2.973683183926179030e-01 6.060470905593079038e+01 1.443805685094806945e-01 6.901846813711730311e-02 1.439712519170317784e-01
-7.354490927647601595e+00 1.980871098055139612e+00 2.973344015849705979e-01 6.060679053789699822e+01 1.452858590581497522e-01 6.928294908105209204e-02 1.422492936619246251e-01
-7.292164733345478211e+00 1.982593464330400179e+00 2.981876462336494615e-01 6.067268369451631571e+01 1.436405149070977272e-01 7.062749546169860837e-02 1.414325286753786159e-01
-7.229838539043439205e+00 1.983385157092527606e+00 2.985800969179871478e-01 6.072814745127657687e+01 1.436672754736030289e-01 6.917516978342576339e-02 1.411227062708353130e-01
-7.167512344741298058e+00 1.982025304656589659e+00 2.979061015968984538e-01 6.069012789059031832e+01 1.440671083236344518e-01 6.826896172810974217e-02 1.424126152192885797e-01
-7.105186150439180004e+00 1.981528209610700086e+00 2.976598395707759082e-01 6.064746437249164046e+01 1.467738859094759596e-01 6.725067730690162393e-02 1.431162210960806869e-01
-7.042859956137118793e+00 1.981055447371978584e+00 2.974256904601995100e-01 6.062263402333259421e+01 1.477039159394008538e-01 6.761749437077715918e-02 1.440785649920836298e-01
-6.980533761835029161e+00 1.981285100268732613e+00 2.975394255582434200e-01 6.062663254526470524e+01 1.485464752703428426e-01 6.855084578795890560e-02 1.441193705658932456e-01
-6.918207567532904889e+00 1.980819075313027255e+00 2.973086417457297959e-01 6.063843024690881123e+01 1.483314680824646681e-01 6.820414378060631055e-02 1.402457778215731588e-01
-6.855881373230849007e+00 1.981569003763306469e+00 2.976800467176080600e-01 6.065508585457074275e+01 1.491062226405323321e-01 6.793663490243828651e-02 1.395647359855901604e-01
-6.793555178928725624e+00 1.982433299716792385e+00 2.981082702871685752e-01 6.071567527396869934e+01 1.481106393952955624e-01 6.736273146853949401e-02 1.418343513485465224e-01
-6.731228984626606682e+00 1.982370890396426333e+00 2.980773426326698283e-01 6.076161654376333132e+01 1.449010461704552111e-01 6.738324326741168546e-02 1.401544693914005268e-01
-6.668902790324542806e+00 1.983813440974201869e+00 2.987924682998199799e-01 6.084736970165106840e+01 1.432916742215969153e-01 6.830650606033078498e-02 1.378911529955723914e-01
-6.606576596022422088e+00 1.984239297986010175e+00 2.990036824923621994e-01 6.088594691822301286e+01 1.431237793096351296e-01 6.816791599882585095e-02 1.382610374987501278e-01
-6.544250401720317356e+00 1.986080705794505352e+00 2.999175036384356119e-01 6.096548441623692582e+01 1.405086067090686175e-01 6.885567131813434549e-02 1.352012203176435057e-01
-6.481924207418275685e+00 1.986220632674814635e+00 2.999869792269397317e-01 6.092220549763784732e+01 1.404009528250985683e-01 6.873386659498315066e-02 1.351764700361793026e-01
-6.419598013116149637e+00 1.987071507833707784e+00 3.004095570737751464e-01 6.091164492722014501e+01 1.383470301220033893e-01 6.813175391073116038e-02 1.333083359666779599e-01
-6.357271818814017372e+00 1.986450646338550730e+00 3.001011949059756434e-01 6.083001791425133575e+01 1.381237529790807772e-01 6.649978519128313392e-02 1.343373661076735504e-01
-6.294945624511890436e+00 1.986331094830791288e+00 3.000418286868046236e-01 6.079417217716282806e+01 1.389607986360702208e-01 6.657553018463165106e-02 1.353582866903415560e-01
-6.232619430209842548e+00 1.987164982821199466e+00 3.004559915855785635e-01 6.085719127360046343e+01 1.395517429310503543e-01 6.608386244070713067e-02 1.349029409631513354e-01
-6.170293235907747587e+00 1.986530825403734823e+00 3.001410118069939292e-01 6.082671622198623851e+01 1.375848587793306599e-01 6.582562985882836615e-02 1.312900165297697097e-01
-6.107967041605623315e+00 1.987029605530967968e+00 3.003887424593180144e-01 6.085468562225528899e+01 1.386541253121165163e-01 6.593244971917683328e-02 1.317598363891724911e-01
-6.045640847303559440e+00 1.987993091569643989e+00 3.008674584068712354e-01 6.088900904500202671e+01 1.396242418480434788e-01 6.617787536212260679e-02 1.347722456759433973e-01
-5.983314653001441386e+00 1.987493709401052744e+00 3.006193069409430763e-01 6.082735671875835948e+01 1.421052512906725296e-01 6.554010825409778418e-02 1.370246768807562854e-01
-5.920988458699317114e+00 1.987874226260874400e+00 3.008083864962726173e-01 6.080870944447769233e+01 1.428664127438604436e-01 6.657591105124309461e-02 1.370786835620149968e-01
-5.858662264397253239e+00 1.987396027916370711e+00 3.005707747364458893e-01 6.076839205449095260e+01 1.409691733172426797e-01 6.772636487706912289e-02 1.363492963192236562e-01
-5.796336070095126303e+00 1.987130008214957666e+00 3.004386173871180787e-01 6.068441583840314735e+01 1.424900832709994347e-01 6.791925547743314640e-02 1.378546335720139404e-01
-5.734009875793053546e+00 1.986924786512306307e+00 3.003366764460234650e-01 6.065996692020349457e+01 1.453714726434414406e-01 6.862096942366303909e-02 1.362243984771333016e-01
-5.671683681490988782e+00 1.986445693898265974e+00 3.000987355789566102e-01 6.065261457242174004e+01 1.440919335488334008e-01 6.828423807768747855e-02 1.386571171349438025e-01
-5.609357487188868063e+00 1.986933254180645481e+00 3.003408824279850675e-01 6.068658177919132157e+01 1.446809612708356285e-01 6.728392171417242607e-02 1.373334817778738004e-01
-5.547031292886726916e+00 1.987125836419751490e+00 3.004365450013959382e-01 6.068145909040048025e+01 1.425823460321443692e-01 6.659083270718109404e-02 1.380886335562703793e-01
-5.484705098584677252e+00 1.985344955488777208e+00 2.995522753451516085e-01 6.061809756133128957e+01 1.446334310718675464e-01 6.872885164474479280e-02 1.403220384281637922e-01
-5.422378904282550316e+00 1.985252473304645271e+00 2.995063766718424336e-01 6.064373839578411207e+01 1.419047141441961424e-01 6.928363341302393175e-02 1.379336189183532901e-01
-5.360052709980468677e+00 1.986067349396517745e+00 2.999108722656997905e-01 6.067889089793979451e+01 1.418682117185009750e-01 6.911229492928919194e-02 1.389498581768783270e-01
-5.297726515678342629e+00 1.985349259122242360e+00 2.995544112803592007e-01 6.066993398133028847e+01 1.411624495823660397e-01 6.824493841843751185e-02 1.379463134872022934e-01
-5.235400321376292077e+00 1.985181493000069297e+00 2.994711507987396493e-01 6.065075016032375999e+01 1.423393787976320601e-01 6.798083537592239378e-02 1.370867742266504152e-01
-5.173074127074150930e+00 1.983615251424531323e+00 2.986941870611494743e-01 6.067739981394799287e+01 1.415211970007777542e-01 7.104714778685963794e-02 1.386184095891097590e-01
-5.110747932772030211e+00 1.983657771921704338e+00 2.987152719288992397e-01 6.069905103517000100e+01 1.415369232186453607e-01 7.295972511000363425e-02 1.375020051353147144e-01
-5.048421738469957454e+00 1.984007901419238662e+00 2.988889099943072836e-01 6.074952587342833255e+01 1.426000599485402198e-01 7.340578921353708985e-02 1.359955480820449480e-01
-4.986095544167898908e+00 1.983235656325309071e+00 2.985059755602567089e-01 6.075872370780416531e+01 1.425789536253219414e-01 7.396232969989097183e-02 1.330887174333987011e-01
-4.923769349865771972e+00 1.983773562994218587e+00 2.987726922003725027e-01 6.074603539348783698e+01 1.448473595936159986e-01 7.340364284278914908e-02 1.362424864427035642e-01
-4.861443155563708096e+00 1.983757413540995218e+00 2.987646835547793644e-01 6.077416766226806999e+01 1.458417835215719272e-01 7.275359008941580108e-02 1.351808716325882953e-01
-4.799116961261578496e+00 1.983338742533839572e+00 2.985570843201437174e-01 6.074885516152829723e+01 1.454263448411337034e-01 7.198031810136992781e-02 1.393251031702476550e-01
-4.736790766959454224e+00 1.984551158060936737e+00 2.991583863359270623e-01 6.086925507778303057e+01 1.437188895517801379e-01 7.375818726716375229e-02 1.362262958849606298e-01
-4.674464572657384132e+00 1.983097416732552576e+00 2.984374424647944224e-01 6.083326083619374458e+01 1.445603679514309847e-01 7.532473776538101129e-02 1.346060304940278063e-01
-4.612138378355258084e+00 1.983414170996838921e+00 2.985944824522136498e-01 6.085169570838873199e+01 1.483639487341804342e-01 7.675468449088296286e-02 1.372135202881886451e-01
-4.549812184053184438e+00 1.982575549667480397e+00 2.981787675855157582e-01 6.080612616764998535e+01 1.495488397793583724e-01 7.745683079714207886e-02 1.406202748273505110e-01
-4.487485989751132109e+00 1.983053406367052407e+00 2.984156250856252468e-01 6.083626752644037339e+01 1.474534693833919330e-01 7.602541449318267475e-02 1.377529193580105948e-01
-4.425159795449005173e+00 1.982085863420683491e+00 2.979361068464561058e-01 6.081184937403310187e+01 1.453113052598228871e-01 7.632403846074531373e-02 1.394578538813598390e-01
-4.362833601146866691e+00 1.982191161982947092e+00 2.979882816932912792e-01 6.077712500941476748e+01 1.482267834259235750e-01 7.589773753590418892e-02 1.384422770825844695e-01
-4.300507406844740643e+00 1.981912050504576639e+00 2.978499896960848936e-01 6.076581199645825393e+01 1.491061061019162970e-01 7.487788004411730092e-02 1.373540221327416988e-01
-4.238181212542682097e+00 1.981848338705999524e+00 2.978184250468440819e-01 6.075645774264649646e+01 1.465844312361902213e-01 7.607947978180948367e-02 1.347693886252900597e-01
-4.175855018240614669e+00 1.981891317220651372e+00 2.978397177201520529e-01 6.082821195902693745e+01 1.443938721376509526e-01 7.577940685329870307e-02 1.347108837957022298e-01
-4.113528823938493950e+00 1.982583067094251916e+00 2.981824932715283483e-01 6.090134769363890399e+01 1.454130361610612432e-01 7.601887718153617357e-02 1.337522119761996864e-01
-4.051202629636417640e+00 1.982338539394532972e+00 2.980613111126789727e-01 6.087694142710910228e+01 1.463397401579518142e-01 7.719424531537057155e-02 1.319525285329275488e-01
-3.988876435334294257e+00 1.981619445100937460e+00 2.977050331275793438e-01 6.086633946764602854e+01 1.445562727119540924e-01 7.742162692174789362e-02 1.325410150762372785e-01
-3.926550241032164656e+00 1.982016988173261440e+00 2.979019810745181518e-01 6.082897067060601159e+01 1.446664287124629356e-01 7.822558222665106087e-02 1.324217446866169934e-01
-3.864224046730094564e+00 1.981052043373777050e+00 2.974240047385512398e-01 6.069830734551323559e+01 1.450739824022097835e-01 7.660515271719116337e-02 1.331548032867559406e-01
-3.801897852427964963e+00 1.981314659250507093e+00 2.975540655557302738e-01 6.069485045678935364e+01 1.447093124381620688e-01 7.675250670840051692e-02 1.358882470234787088e-01
-3.739571658125920628e+00 1.980088815329720475e+00 2.969471154021555703e-01 6.065469692354250952e+01 1.456891289991278371e-01 7.617675879734152333e-02 1.338309910613831033e-01
-3.677245463823844762e+00 1.979426470015376305e+00 2.966193288773549819e-01 6.067385359657869515e+01 1.434552767600582868e-01 7.569066208962170472e-02 1.345971071030495625e-01
-3.614919269521720935e+00 1.980650647432951272e+00 2.972252468922653712e-01 6.075240391789681382e+01 1.440501442024536560e-01 7.604558196506563950e-02 1.357268185266934379e-01
-3.552593075219580232e+00 1.981741647257463601e+00 2.977655693628245004e-01 6.084410546940318909e+01 1.425215667967910105e-01 7.550174724754751820e-02 1.359456117040394596e-01
-3.490266880917518577e+00 1.979369223961499058e+00 2.965910037672729871e-01 6.072009411811966828e+01 1.428361324715724523e-01 7.475085304346971993e-02 1.366316261100613549e-01
-3.427940686615388977e+00 1.979794867533169578e+00 2.968016304497851365e-01 6.073681870019720463e+01 1.442808545369239359e-01 7.474125338113603301e-02 1.362499884060264510e-01
-3.365614492313336203e+00 1.978457084357479134e+00 2.961397937488954302e-01 6.069046966330044768e+01 1.451138796974136003e-01 7.519301265319038030e-02 1.370614095665686483e-01
-3.303288298011206603e+00 1.977640483239569091e+00 2.957360242740653122e-01 6.070638472977896072e+01 1.445332272252528583e-01 7.662629189663520968e-02 1.396526450560795773e-01
-3.240962103709144948e+00 1.977541516382655740e+00 2.956871015652814405e-01 6.070020876229801843e+01 1.437500788057183287e-01 7.776108267499153015e-02 1.404962957423708803e-01
-3.178635909407004245e+00 1.976982882889464443e+00 2.954109968621565496e-01 6.072036166455652051e+01 1.419095586947362042e-01 7.721871573641254927e-02 1.404029403055170322e-01
-3.116309715104880418e+00 1.976721869170733337e+00 2.952820181513375886e-01 6.074038648019426745e+01 1.426911645753174418e-01 7.716054827901551449e-02 1.413143445007737087e-01
-3.053983520802799223e+00 1.976225596425283282e+00 2.950368353848851211e-01 6.071075544902869581e+01 1.445222173971674740e-01 7.702934086815022008e-02 1.395975156421988272e-01
-2.991657326500765990e+00 1.976415463788386173e+00 2.951306316095483329e-01 6.070126848032057865e+01 1.471365149478905676e-01 7.501657589778862323e-02 1.399711541871194453e-01
-2.929331132198636389e+00 1.977318473125099230e+00 2.955768528230223735e-01 6.069024406512799885e+01 1.453699254563000920e-01 7.486267943527678825e-02 1.356932018953758701e-01
-2.867004937896560524e+00 1.977120466174265845e+00 2.954789900160427196e-01 6.060165268795375937e+01 1.468069968958894689e-01 7.172695750569432760e-02 1.382870605915854645e-01
-2.804678743594431367e+00 1.977278655872087842e+00 2.955571727681699512e-01 6.067615917936199565e+01 1.450172066217354228e-01 7.364546845427848154e-02 1.388900581826271463e-01
-2.742352549292304431e+00 1.976623011694200294e+00 2.952331727428293418e-01 6.061800318936728615e+01 1.453755891887124896e-01 7.362529250280586135e-02 1.373615388278367766e-01
-2.680026354990225901e+00 1.975032565229078774e+00 2.944476782883469479e-01 6.055927241583163578e+01 1.438778808513395402e-01 7.462427875848735848e-02 1.364856140658426142e-01
-2.617700160688099409e+00 1.974302708173404808e+00 2.940874313130822371e-01 6.050115787916634247e+01 1.447714451350735898e-01 7.414216966593648039e-02 1.354767330025117567e-01
-2.555373966386051965e+00 1.975505482366794130e+00 2.946811763219925329e-01 6.052400414105421333e+01 1.480416588368823061e-01 7.459649568548928911e-02 1.388577758678545271e-01
-2.493047772083987645e+00 1.977555850487113132e+00 2.956941872492182544e-01 6.061685056446264497e+01 1.469801091301103646e-01 7.571343210735079210e-02 1.408800318300367782e-01
-2.430721577781858045e+00 1.978535766832626663e+00 2.961787074005364229e-01 6.065532183904922903e+01 1.485471251340280963e-01 7.532680437033383025e-02 1.398570904475510690e-01
-2.368395383479720007e+00 1.976989778708621470e+00 2.954144046353672781e-01 6.061818482125132590e+01 1.466589233805703218e-01 7.350881506606615767e-02 1.361506527357949359e-01
-2.306069189177590406e+00 1.977265359614558182e+00 2.955506010571253839e-01 6.060118291706771032e+01 1.452511287591593536e-01 7.581507933773173891e-02 1.342695343167497612e-01
-2.243742994875526087e+00 1.976575445191399938e+00 2.952096710590971229e-01 6.061477093498873359e+01 1.426243796245469098e-01 7.680991354922017678e-02 1.325520301433048553e-01
-2.181416800573479087e+00 1.976294859157676331e+00 2.950710507427339868e-01 6.056247456911706450e+01 1.449515118822280457e-01 7.611535066877253564e-02 1.333239550448203914e-01
-2.119090606271355259e+00 1.976871149420497797e+00 2.953557821559380514e-01 6.056260564137400593e+01 1.481755920785213232e-01 7.614024994550092074e-02 1.361528022019366235e-01
-2.056764411969273620e+00 1.978184338305422507e+00 2.960049151573200810e-01 6.064047012779582957e+01 1.459505966730264004e-01 7.496452727466719479e-02 1.338767483832476179e-01
-1.994438217667147129e+00 1.979090584722221768e+00 2.964531461719706051e-01 6.070271953934511089e+01 1.466786078593771692e-01 7.531779705130453584e-02 1.338622922141038396e-01
-1.932112023365014641e+00 1.979216506945858489e+00 2.965154441134265628e-01 6.073225028837391903e+01 1.460023443951360966e-01 7.465481512122811025e-02 1.335478944797006406e-01
-1.869785829062938998e+00 1.979733644464169107e+00 2.967713318046496518e-01 6.077319709925936309e+01 1.436397112592112946e-01 7.468169761147437635e-02 1.325034659664668935e-01
-1.807459634760806733e+00 1.979312505526612975e+00 2.965629405457966827e-01 6.071852539616037348e+01 1.452569037698629717e-01 7.386191441397366164e-02 1.358698111148030074e-01
-1.745133440458784824e+00 1.979187849012165934e+00 2.965012657180104982e-01 6.065718501557643094e+01 1.446757166086371227e-01 7.244552777620603956e-02 1.348594941032268957e-01
-1.682807246156697856e+00 1.977289165634511958e+00 2.955623672785117062e-01 6.056464140879049296e+01 1.447642894713012662e-01 7.131711882738261954e-02 1.374631821048766800e-01
-1.620481051854574028e+00 1.978022097476183294e+00 2.959246927120876558e-01 6.059860623001350888e+01 1.435037957784538187e-01 6.986426265234305100e-02 1.360119963574910884e-01
-1.558154857552430217e+00 1.978809856326557703e+00 2.963142750060757669e-01 6.064239732387390802e+01 1.425604435745789766e-01 7.130462927484626512e-02 1.372052953222709648e-01
-1.495828663250360346e+00 1.979137415672297173e+00 2.964763145386510867e-01 6.067831116204311570e+01 1.407728443558252107e-01 7.226483557975930949e-02 1.401181249221634673e-01
-1.433502468948230746e+00 1.979138328345138254e+00 2.964767660648212066e-01 6.070290016192987537e+01 1.420903146565456743e-01 7.190642421524401362e-02 1.423703283308771494e-01
-1.371176274646200399e+00 1.979726820918096042e+00 2.967679549635672265e-01 6.073911035925483759e+01 1.401720539103341323e-01 7.137719186955621131e-02 1.434088507121966394e-01
-1.308850080344070799e+00 1.980143718462833435e+00 2.969742913083200930e-01 6.071539312140352962e+01 1.416158151215381744e-01 7.149697836701682241e-02 1.413382847747217397e-01
-1.246523886042000928e+00 1.980458998794664804e+00 2.971303633806996469e-01 6.076430138085824950e+01 1.418973171791864663e-01 7.095171220199830708e-02 1.360780236968630319e-01
-1.184197691739857117e+00 1.980487235508707755e+00 2.971443425348702094e-01 6.075459520450151985e+01 1.433723914763383178e-01 7.204812299573949697e-02 1.358856650681301292e-01
-1.121871497437727738e+00 1.981705737613695062e+00 2.977477801280243863e-01 6.082664708853279478e+01 1.414985782232472400e-01 7.214380924629119896e-02 1.353589645303652222e-01
-1.059545303135646321e+00 1.981014132040605835e+00 2.974052305583169131e-01 6.079648539524492890e+01 1.412885565997571424e-01 7.181977255722787890e-02 1.367642452265677988e-01
-9.972191088336274101e-01 1.982163599094397988e+00 2.979746241639800175e-01 6.093023014353165223e+01 1.422754042718416545e-01 7.253800083118744357e-02 1.347548072216428749e-01
-9.348929145314978095e-01 1.981727063387592302e+00 2.977583446376499410e-01 6.091775635620042806e+01 1.407254555260503137e-01 7.368632351194126517e-02 1.352522856950784669e-01
-8.725667202294165037e-01 1.980112469099299721e+00 2.969588234306571595e-01 6.089168925398965371e+01 1.391055094614533638e-01 7.329346976634786015e-02 1.385021424910575227e-01
-8.102405259272841276e-01 1.979305604570647192e+00 2.965595261377997893e-01 6.082930389441209229e+01 1.385120507584133298e-01 7.235697815501671015e-02 1.366952663428018522e-01
-7.479143316251574136e-01 1.980464218374848206e+00 2.971329474237128787e-01 6.086615876164736250e+01 1.416254284137802855e-01 7.170308063722571901e-02 1.373033093767360713e-01
-6.855881373230704456e-01 1.980085953342780813e+00 2.969456987993752684e-01 6.083069868014364090e+01 1.429065981957310660e-01 7.081053550686217113e-02 1.355712795088278855e-01
-6.232619430209409561e-01 1.980037919024446591e+00 2.969219234789334250e-01 6.085574264495905084e+01 1.406503735292789214e-01 7.118669350172650290e-02 1.343080341319961291e-01
-5.609357487189134961e-01 1.981239313934383128e+00 2.975167489032626289e-01 6.090437446448513015e+01 1.421190749444127266e-01 7.276660141366096679e-02 1.343093905592420145e-01
-4.986095544168462901e-01 1.982516444777023157e+00 2.981494753150655264e-01 6.091117513177975695e+01 1.423297445080944357e-01 7.262174795014501860e-02 1.339060440219258796e-01
-4.362833601147110829e-01 1.982707386822862627e+00 2.982441090292212715e-01 6.094157953319069065e+01 1.421424959527970433e-01 7.412773124265779889e-02 1.324754002886160131e-01
-3.739571658125730447e-01 1.982593398678480723e+00 2.981876136958917511e-01 6.089647170546929544e+01 1.431269416572942266e-01 7.484761639291961921e-02 1.321770125691883180e-01
-3.116309715104378930e-01 1.984121765455356678e+00 2.989453847585474833e-01 6.094909905513507198e+01 1.449941452446304735e-01 7.514054197884517672e-02 1.368168287525808324e-01
-2.493047772083678559e-01 1.985168770880056943e+00 2.994648372417844095e-01 6.092185957881264358e+01 1.431095525394799339e-01 7.517472196049201916e-02 1.361611022062889642e-01
-1.869785829063432270e-01 1.986035631401822821e+00 2.998951246498440248e-01 6.101185972671222402e+01 1.433621757079205916e-01 7.364392784662499025e-02 1.350826656716487273e-01
-1.246523886042165269e-01 1.986837893248960984e+00 3.002935166767801700e-01 6.110770467621007640e+01 1.403332767667058723e-01 7.509315487662075739e-02 1.341338569469072428e-01
-6.232619430212952422e-02 1.987171926223711749e+00 3.004594408693630481e-01 6.109614216694274802e+01 1.417558390095155219e-01 7.434692381956409246e-02 1.362799924694524933e-01
0.000000000000000000e+00 1.987978082255853485e+00 3.008599991044537125e-01 6.112753979129263371e+01 1.435902981830975145e-01 7.485452441169643256e-02 1.381400722890639421e-01
