-4.374619314376636225e+01 1.501992012537102017e+00 9.519977709405130772e-02 1.000000000000000000e+00 2.720400142486856503e-04 -6.940672582413531409e-04 -1.048515684488077193e-03
-4.345455185614078175e+01 1.528627865411083642e+00 1.042573523831401561e-01 7.361188409680849976e-01 -1.294043001407728030e-02 3.223285589637416709e-02 -5.543981021133487230e-03
-4.316291056851558494e+01 1.543140240837045818e+00 1.093207831628932869e-01 5.568219193780112874e-01 -1.668346300626747172e-02 6.621252754785060535e-02 -7.637279093219888695e-03
-4.287126928089038103e+01 1.547551301062377815e+00 1.108774251064049698e-01 4.316270578895426424e-01 -1.868362996819068061e-02 9.735873681423874715e-02 -3.254299699215316283e-03
-4.257962799326518422e+01 1.547180510795549191e+00 1.107462615931335548e-01 3.398783611674329741e-01 -2.228557128522083014e-02 1.257792302745247837e-01 4.218499951038068296e-04
-4.228798670563997320e+01 1.545367731099442477e+00 1.101058354138932383e-01 2.718968260971580397e-01 -2.387317780117838989e-02 1.471073952228167114e-01 2.394579253866263493e-03
-4.199634541801477639e+01 1.542732199652916192e+00 1.091771995636941495e-01 2.210185472673167340e-01 -2.252945620386999012e-02 1.598810351659441797e-01 6.227388315469138159e-03
-4.170470413038957957e+01 1.539228989623635746e+00 1.079473546567523146e-01 1.824332989131138005e-01 -2.221300876895752896e-02 1.643684001701192776e-01 1.024205105278004624e-02
-4.141306284276101479e+01 1.537578269741572745e+00 1.073696431897713799e-01 1.527788300382733333e-01 -2.102927653334068711e-02 1.622515764125282700e-01 1.418284703541413186e-02
-4.112142155513241448e+01 1.532689794659517490e+00 1.056655670660078816e-01 1.304920167908792117e-01 -2.275407939406336524e-02 1.542122439257410105e-01 2.000231623961656879e-02
-4.082978026750379996e+01 1.527737537441157922e+00 1.039496301411018675e-01 1.134452867310477564e-01 -2.396761422081821608e-02 1.366859330449329002e-01 2.583163953568068036e-02
-4.053813897987519965e+01 1.522696248364391325e+00 1.022136373077028870e-01 1.002470646186114089e-01 -2.262806211306976276e-02 1.193713734248044445e-01 3.088312710233279829e-02
-4.024649769224658513e+01 1.521524160088022493e+00 1.018115907346427984e-01 8.995548776043552075e-02 -2.292470670890960072e-02 9.794213509934499018e-02 3.737429694484162290e-02
-3.995485640461797061e+01 1.518494759947412343e+00 1.007752052581212254e-01 8.200878922017108830e-02 -2.354544439048063958e-02 8.159721918857167078e-02 3.835988959369282525e-02
-3.966321511698936320e+01 1.517547994501326381e+00 1.004521237014588952e-01 7.581967584600744769e-02 -2.211757792298004593e-02 6.533007813666291685e-02 4.762075760103881561e-02
-3.937157382936075578e+01 1.516292764121414338e+00 1.000243793706871998e-01 7.098744873445304859e-02 -2.407186768204215566e-02 5.308590947349271782e-02 4.925198751835049155e-02
-3.907993254173214837e+01 1.514539642482132242e+00 9.942811604596080155e-02 6.736496303071322356e-02 -2.472991637306143353e-02 4.383950486850855810e-02 5.086430992889386798e-02
-3.878829125410352674e+01 1.512391680164747232e+00 9.869938822646784349e-02 6.452602682838114168e-02 -2.284196410712460018e-02 3.653597137933063677e-02 5.505825504137660392e-02
-3.849664996647491222e+01 1.511887430298160195e+00 9.852860617342701355e-02 6.216819880498612033e-02 -2.251070901537231481e-02 3.144714775087947833e-02 5.603507844312732855e-02
-3.820500867884631901e+01 1.511656342774762241e+00 9.845037737554573898e-02 6.044609069856038408e-02 -2.191811811359459586e-02 2.855060912320220301e-02 6.262798292172544468e-02
-3.791336739121771160e+01 1.511196966056989721e+00 9.829493649214976481e-02 5.912606737922350419e-02 -2.286564431510485287e-02 2.754808252715490111e-02 6.416063579086320190e-02
-3.762172610358908997e+01 1.509729646192813579e+00 9.779905365237362425e-02 5.808685745023813712e-02 -2.385008376642119149e-02 2.514712217951090359e-02 6.483227096334047423e-02
-3.733008481596048966e+01 1.509713263651556669e+00 9.779352247790606967e-02 5.708985362671401692e-02 -2.300797146094552686e-02 2.664851687245668038e-02 6.456429929275030177e-02
-3.703844352833188225e+01 1.509088389431868293e+00 9.758263652271642608e-02 5.652665143570707179e-02 -2.279614093905568684e-02 2.450931302056423566e-02 6.673291486918717097e-02
-3.674680224070326773e+01 1.509583667898313664e+00 9.774977171193038883e-02 5.603210300036172431e-02 -2.145527336539953048e-02 2.271622466225063641e-02 6.827639872519063180e-02
-3.645516095307466031e+01 1.509253406887997251e+00 9.763831085773527763e-02 5.559178166689265205e-02 -2.292737126744377740e-02 2.268457121151598588e-02 6.830208834873129076e-02
-3.616351966544603869e+01 1.509975259919718260e+00 9.788199338623410073e-02 5.531319221091401256e-02 -2.577250526329327024e-02 2.426521726163136106e-02 6.680344929900712547e-02
-3.587187837781742417e+01 1.509354444574059206e+00 9.767240530964987899e-02 5.510390861089678460e-02 -2.497664053833703601e-02 2.273438647524528636e-02 7.034205404952620366e-02
-3.558023709018884517e+01 1.508975356667392242e+00 9.754450791801827503e-02 5.488626577433189380e-02 -2.235606568514488662e-02 2.467150154989672731e-02 6.800660355706875104e-02
-3.528859580256020223e+01 1.509147269185967533e+00 9.760250026828193315e-02 5.476283144349640419e-02 -2.115881281719240656e-02 2.490162113545419872e-02 7.076234901600321481e-02
-3.499695451493163034e+01 1.509789238717738957e+00 9.781917464080297497e-02 5.468531630383181852e-02 -2.228337543998539297e-02 2.492372061392534102e-02 7.137152661093114359e-02
-3.470531322730300872e+01 1.508539056570649128e+00 9.739738629072636211e-02 5.465231397665016450e-02 -2.209900660851725485e-02 2.334746432417954612e-02 7.110766719254400792e-02
-3.441367193967437998e+01 1.507997917767501139e+00 9.721502897347183980e-02 5.453494327542182663e-02 -2.424563226893785423e-02 2.417626939216174428e-02 6.751548250440705945e-02
-3.412203065204579389e+01 1.509780363006614001e+00 9.781617772188727633e-02 5.438905690235591728e-02 -2.430074607554541521e-02 2.396364393834037390e-02 6.765637283745321029e-02
-3.383038936441716515e+01 1.508248294435211578e+00 9.729938692077905182e-02 5.442732258248567101e-02 -2.377040280684450738e-02 2.524414541661455444e-02 6.903697278950282623e-02
-3.353874807678853642e+01 1.509373429886653240e+00 9.767881226912045189e-02 5.439678241077190723e-02 -2.470399941107134095e-02 2.254834249782009664e-02 6.969256033093210179e-02
-3.324710678915996453e+01 1.510384993011707255e+00 9.802041242281878120e-02 5.432180173897103309e-02 -2.369344125983084692e-02 2.273195992444294877e-02 7.012684493007437236e-02
-3.295546550153132870e+01 1.510276988326525682e+00 9.798391834418296309e-02 5.431261075247568321e-02 -2.396739021991101115e-02 2.463055443031118147e-02 6.842705982035657275e-02
-3.266382421390274970e+01 1.511034983691624367e+00 9.824014799423985700e-02 5.424212257616135152e-02 -2.256869817610218654e-02 2.309913036146369475e-02 6.701191390082081312e-02
-3.237218292627412808e+01 1.511183338151084854e+00 9.829032658168773695e-02 5.432695561069654511e-02 -2.314948692078436579e-02 2.255558817635043567e-02 6.742383522893481695e-02
-3.208054163864550645e+01 1.510313718296743657e+00 9.799632858770690458e-02 5.441313358033281200e-02 -2.290642148413795862e-02 2.252157033356790711e-02 6.697156456242185640e-02
-3.178890035101690259e+01 1.510213921209717203e+00 9.796261074177559092e-02 5.435692196222102757e-02 -2.187267931142888866e-02 2.483045663725753915e-02 6.871344146560798283e-02
-3.149725906338828807e+01 1.509517920956366499e+00 9.772757874789522736e-02 5.433765543420457367e-02 -2.347079655656332531e-02 2.570470047443268111e-02 6.657722662644301181e-02
-3.120561777575967710e+01 1.510272697517164309e+00 9.798246861330572877e-02 5.439480967658447824e-02 -2.208898791627375222e-02 2.368011715138082160e-02 6.724412773039055435e-02
-3.091397648813107324e+01 1.509210512097640233e+00 9.762383766956478359e-02 5.445331600772149866e-02 -2.140213971207213794e-02 2.465583555257159012e-02 7.155960852676961081e-02
-3.062233520050245161e+01 1.508784090437356618e+00 9.748000210984147929e-02 5.446578788609471311e-02 -2.283439891364434995e-02 2.681679424179069654e-02 7.098003672566355338e-02
-3.033069391287388683e+01 1.509685916365112845e+00 9.778428958099083523e-02 5.436293765730538380e-02 -2.307810031069038731e-02 2.789118718933143032e-02 6.947045129575654676e-02
-3.003905262524522612e+01 1.511030715014215708e+00 9.823870432319059542e-02 5.427625641204616991e-02 -2.292845815782756577e-02 2.997733019126523624e-02 6.948806343025931698e-02
-2.974741133761661871e+01 1.509359704718464146e+00 9.767418043086628643e-02 5.433886552484109428e-02 -2.228483695573912557e-02 2.648140635410524760e-02 6.995833984970147024e-02
-2.945577004998805037e+01 1.508807879589268319e+00 9.748802428454189650e-02 5.428050353555352592e-02 -2.301115948627569657e-02 2.709744372432961595e-02 7.051185503972420832e-02
-2.916412876235944651e+01 1.506652766593488790e+00 9.676228717230200838e-02 5.444915313664110829e-02 -2.254636478655577467e-02 2.604477079199312914e-02 7.010925989936184211e-02
-2.887248747473077870e+01 1.505693099700920801e+00 9.643977614936505294e-02 5.440381771264869021e-02 -2.308890144117738130e-02 2.717026444561918691e-02 7.208960544504386392e-02
-2.858084618710221392e+01 1.506593070378371202e+00 9.674221348940065246e-02 5.436227756749047180e-02 -2.229601573055863678e-02 2.626024262718518187e-02 7.298819996338019866e-02
-2.828920489947361006e+01 1.507086616519442090e+00 9.690822240239188590e-02 5.427052809483647738e-02 -2.355277623957093003e-02 2.250578108824881352e-02 6.964197443109310104e-02
-2.799756361184497422e+01 1.506945378350412978e+00 9.686070465130980356e-02 5.430256439908243138e-02 -2.446012437867357489e-02 2.361673237338230910e-02 7.037756789094587462e-02
-2.770592232421637746e+01 1.508052632564735429e+00 9.723346135678290203e-02 5.426248639126257656e-02 -2.350561505391050854e-02 2.459889367655504130e-02 6.744984364715352065e-02
-2.741428103658778426e+01 1.508329064748132886e+00 9.732660626959543926e-02 5.421891658673392428e-02 -2.280833005855336867e-02 2.572947856004362613e-02 6.838621648494327965e-02
-2.712263974898280594e+01 1.508460308735147581e+00 9.737084120768474405e-02 5.424518345579713158e-02 -2.353355031327771657e-02 2.577804957830296534e-02 7.001748746459679484e-02
-2.683099846138147981e+01 1.508894133281126093e+00 9.751711282787711710e-02 5.428233190022180993e-02 -2.357879556503212834e-02 2.542141587452723464e-02 6.994531241901059959e-02
-2.653935717378015013e+01 1.509007857306043032e+00 9.755547057163221902e-02 5.434536710152511330e-02 -2.305505167954118376e-02 2.525338619232534235e-02 7.018787907224155465e-02
-2.624771588617879203e+01 1.509513977644073579e+00 9.772624773810550947e-02 5.434678529852796092e-02 -2.195150224611857812e-02 2.501491503035613642e-02 7.220204931080749511e-02
-2.595607459857745880e+01 1.507257923244592401e+00 9.696586811562074582e-02 5.441899988282909023e-02 -2.196749855234736079e-02 2.419060034919565810e-02 6.951330393865130797e-02
-2.566443331097604030e+01 1.507537502509993077e+00 9.705997591332993224e-02 5.438219915516467190e-02 -2.197898345738732301e-02 2.501382834215281140e-02 6.968927642052434590e-02
-2.537279202337471062e+01 1.508174655118913465e+00 9.727457319528448609e-02 5.433060327739352297e-02 -2.389321730107816372e-02 2.544533675452860522e-02 6.867204798340703631e-02
-2.508115073577335608e+01 1.510458422024368197e+00 9.804522652726571641e-02 5.424347121256745119e-02 -2.440915005425643713e-02 2.756629380333466134e-02 6.934715105556719938e-02
-2.478950944817202640e+01 1.510046988210034247e+00 9.790621984746661344e-02 5.424032843877117649e-02 -2.480563438480057684e-02 2.387722903467271937e-02 6.742350056648035994e-02
-2.449786816057070382e+01 1.510292669156742429e+00 9.798921647709751825e-02 5.422243336454275753e-02 -2.355189266981561058e-02 2.606348352234464857e-02 6.863990733233514552e-02
-2.420622687296937414e+01 1.510083703126024135e+00 9.791862130172646062e-02 5.426101833108647882e-02 -2.265004204242135333e-02 2.676678040891284499e-02 7.192679084375448728e-02
-2.391458558536802315e+01 1.509228900981189225e+00 9.763004218825982461e-02 5.417702359533363432e-02 -2.241561943996907627e-02 2.621940418876579290e-02 7.093408028141486021e-02
-2.362294429776668991e+01 1.508657580224559425e+00 9.743734452896185561e-02 5.417668188837446858e-02 -2.254943609760211992e-02 2.553709025108840888e-02 7.117324582822713575e-02
-2.333130301016525365e+01 1.508788388044442819e+00 9.748145132994323614e-02 5.418637672101069697e-02 -2.343595776772673320e-02 2.595769384017405576e-02 7.066549554394073451e-02
-2.303966172256392753e+01 1.508589336952030013e+00 9.741433671406274364e-02 5.418554391705033418e-02 -2.278383452347671964e-02 2.782513584395440373e-02 7.188192204531315688e-02
-2.274802043496258008e+01 1.510077881955592671e+00 9.791665500479596052e-02 5.417528353913304145e-02 -2.250793443234006333e-02 2.860338271721916611e-02 7.037662403580252635e-02
-2.245637914736125040e+01 1.509685097400843556e+00 9.778401309014767007e-02 5.417481499914268001e-02 -2.226012574316713760e-02 2.730959874599084292e-02 7.029232002830823611e-02
-2.216473785975992428e+01 1.507934493353107142e+00 9.719366413187824350e-02 5.430906639599267227e-02 -2.358965289740760571e-02 2.842337168095534009e-02 7.210895739173872609e-02
-2.187309657215858749e+01 1.508459128535212024e+00 9.737044339518785563e-02 5.431898762161039423e-02 -2.485593169274334310e-02 2.540186952177756613e-02 6.853654476771493809e-02
-2.158145528455724360e+01 1.509154382630187641e+00 9.760490017155037945e-02 5.431325238519369575e-02 -2.446523688932931290e-02 2.356103281434752950e-02 6.979143727459247160e-02
-2.128981399695590682e+01 1.509403675761931574e+00 9.768901964919307623e-02 5.425435811419073578e-02 -2.311400199043433037e-02 2.401725153584772371e-02 6.792474195949294025e-02
-2.099817270935449187e+01 1.509639443289237049e+00 9.776860025336586713e-02 5.416302998053459938e-02 -2.297288931368278095e-02 2.498413723392318986e-02 6.912598828439936449e-02
-2.070653142175314798e+01 1.509789480532759631e+00 9.781925629108334519e-02 5.416629440299194215e-02 -2.248624050243860223e-02 2.430315665802740277e-02 6.778401681206264184e-02
-2.041489013415182541e+01 1.509297626045036589e+00 9.765323174778484105e-02 5.416819111894612127e-02 -2.294050948586645253e-02 2.617139973692985538e-02 7.093797046741691370e-02
-2.012324884655047441e+01 1.508450300022709856e+00 9.736746756915920509e-02 5.418909265467741071e-02 -2.289048409870086953e-02 2.754036260656923807e-02 7.102890394729573231e-02
-1.983160755894911986e+01 1.507652773865995721e+00 9.709878685025924439e-02 5.425582361643769419e-02 -2.274043752368474017e-02 2.825834980847791514e-02 7.070578245768383008e-02
-1.953996627134781860e+01 1.507375220185024345e+00 9.700534667158572377e-02 5.419073568360108228e-02 -2.402566661329667147e-02 2.746369713712211447e-02 6.973388607637036329e-02
-1.924832498374644274e+01 1.506097872084328326e+00 9.657575671445817189e-02 5.421467854039697248e-02 -2.358996587661277289e-02 2.842844280887143332e-02 6.962021699406367725e-02
-1.895668369614514503e+01 1.505658452833384287e+00 9.642814012392625367e-02 5.418613112462264403e-02 -2.403763922202105038e-02 2.312778531550969269e-02 6.922017878678084213e-02
-1.866504240854369456e+01 1.508087200653283055e+00 9.724510737244224101e-02 5.416587154680207322e-02 -2.354925129166980657e-02 2.730940845678807294e-02 7.032933856740535006e-02
-1.837340112094240752e+01 1.508892514930546769e+00 9.751656701871175281e-02 5.411796602071614753e-02 -2.289644831154771798e-02 2.665038342236130536e-02 7.075485703146995597e-02
-1.808175983334102099e+01 1.508245849197088040e+00 9.729856292772154358e-02 5.413741196938311184e-02 -2.311955617662989418e-02 2.354599687179253359e-02 6.949948793830602878e-02
-1.779011854573974105e+01 1.506983267133117588e+00 9.687345097899091595e-02 5.424627712009671976e-02 -2.329390258060547170e-02 2.609664856381698275e-02 6.974151617144067061e-02
-1.749847725813837229e+01 1.507588638311292861e+00 9.707719220419042117e-02 5.425561059250433998e-02 -2.358187042432892747e-02 2.664016707720524846e-02 7.057050069450698793e-02
-1.720683597053699287e+01 1.508593078711823576e+00 9.741559817317962944e-02 5.424210948589603537e-02 -2.455906288606650792e-02 2.798623013363314010e-02 7.169983150259152949e-02
-1.691519468293570228e+01 1.508668813209015802e+00 9.744113185922526066e-02 5.422862753557632781e-02 -2.406672817324638849e-02 2.657919931209468470e-02 7.100423563085953016e-02
-1.662355339533432286e+01 1.507633038327272024e+00 9.709214163859120061e-02 5.429726316739021119e-02 -2.448947923443959077e-02 2.654369302219339311e-02 6.623855734031898479e-02
-1.633191210773296831e+01 1.508476251792440603e+00 9.737621522782813344e-02 5.427361957304276119e-02 -2.531523542350530565e-02 2.741036774844237897e-02 7.128632594243224097e-02
-1.604027082013158534e+01 1.507791903924198929e+00 9.714563860581165722e-02 5.432683038356962008e-02 -2.260790294550327206e-02 2.871029054486096480e-02 6.925213508563682341e-02
-1.574862953253030184e+01 1.507217758491076198e+00 9.695235128218027132e-02 5.446531349240112813e-02 -2.243595221227279168e-02 2.863777414857326953e-02 7.271327209414082948e-02
-1.545698824492891887e+01 1.505686709879403118e+00 9.643763011104428129e-02 5.445474191613126208e-02 -2.315302616843342709e-02 2.893317494762424891e-02 6.882993008112626987e-02
-1.516534695732753235e+01 1.505355270512553467e+00 9.632634002829404407e-02 5.443624491277419125e-02 -2.280805832042249320e-02 2.600711502530582767e-02 7.012422630335578277e-02
-1.487370566972626484e+01 1.505276345310559760e+00 9.629984581891792850e-02 5.441660497329919854e-02 -2.424105342042917610e-02 2.733098228296521395e-02 6.883720362637961443e-02
-1.458206438212486233e+01 1.506768759471558194e+00 9.680129587997016172e-02 5.434170851050954681e-02 -2.299558303207913101e-02 2.707971747587778824e-02 6.897761673782301650e-02
-1.429042309452360016e+01 1.509103192477782907e+00 9.758763035307066458e-02 5.426553325338948769e-02 -2.381529508923658361e-02 2.580890712583426908e-02 7.095278538795381229e-02
-1.399878180692213547e+01 1.509387462295522564e+00 9.768354787750072044e-02 5.429134254002109666e-02 -2.415085761256281077e-02 2.750674177375787149e-02 7.078065812321229777e-02
-1.370714051932087685e+01 1.510383264536939718e+00 9.801982834220540619e-02 5.425029805916659065e-02 -2.376722252555724460e-02 2.595694080437647641e-02 6.992035407447393103e-02
-1.341549923171946723e+01 1.510685405258710645e+00 9.812194665084877920e-02 5.432685348966258959e-02 -2.397597108932987206e-02 2.652943819695642927e-02 6.849989296011545215e-02
-1.312385794411821038e+01 1.510651972686591682e+00 9.811064505447875117e-02 5.435289678676680919e-02 -2.252096733838201623e-02 2.864125103312978315e-02 7.143623532303756962e-02
-1.283221665651681676e+01 1.511665770307245360e+00 9.845356836945934331e-02 5.424593737776343960e-02 -2.311724132808612789e-02 2.899346775322086955e-02 7.151910966970137506e-02
-1.254057536891541780e+01 1.511137129466632478e+00 9.827469617968498383e-02 5.438455324942716856e-02 -2.148854050382324049e-02 2.702010226311752847e-02 7.342603337287224863e-02
-1.224893408131415207e+01 1.511674920896277419e+00 9.845666566184596569e-02 5.424674137359297016e-02 -2.233243064198120117e-02 2.542502786501900716e-02 7.177895324905365915e-02
-1.195729279371274956e+01 1.510576502462162019e+00 9.808513478843433608e-02 5.425590293239505868e-02 -2.331451459687262917e-02 2.634747848337617993e-02 7.288368184835150587e-02
-1.166565150611143231e+01 1.507824058027140923e+00 9.715646764392515955e-02 5.438912021575860456e-02 -2.504723714780278040e-02 2.537237905156841319e-02 6.885340035728962360e-02
-1.137401021851002625e+01 1.507144562860247339e+00 9.692772023851120577e-02 5.430605927579941483e-02 -2.334873578529087640e-02 2.491143588103260018e-02 7.107016669781002216e-02
-1.108236893090877295e+01 1.508070257441259887e+00 9.723939912560819465e-02 5.423247588894628685e-02 -2.257894982600683678e-02 2.593664907671433886e-02 6.721948114493932203e-02
-1.079072764326731892e+01 1.509541741755195954e+00 9.773561926975687930e-02 5.424836190462785368e-02 -2.354824557537658208e-02 2.435035519372115084e-02 6.948972154105453880e-02
-1.049908635561136627e+01 1.511324309285811740e+00 9.833801680448800431e-02 5.410934166014712970e-02 -2.435046764333941710e-02 2.435119983880023112e-02 6.804876484502027367e-02
-1.020744506795548645e+01 1.511108782878239687e+00 9.826510821598105627e-02 5.415358604515855406e-02 -2.439044927745279839e-02 2.378178384535153261e-02 6.754905143458460326e-02
-9.915803780299709658e+00 1.509159293699509297e+00 9.760655705999604637e-02 5.423553505654309798e-02 -2.199149086615165630e-02 2.447695204278811307e-02 7.209487665820964175e-02
-9.624162492643829836e+00 1.510513901077221055e+00 9.806397631091284817e-02 5.417533127033493517e-02 -2.365013005543553995e-02 2.532564897682128280e-02 7.019660663779780929e-02
-9.332521204987878960e+00 1.511438158640027396e+00 9.837653813972924155e-02 5.416543609647136992e-02 -2.252739639181546363e-02 2.211754210220846784e-02 7.037141671322481862e-02
-9.040879917331992033e+00 1.511328833276699424e+00 9.833954740468592304e-02 5.428972853946563426e-02 -2.351875006426118811e-02 2.370773685550937177e-02 7.032248124101139752e-02
-8.749238629676229451e+00 1.511432862493524265e+00 9.837474604382312471e-02 5.427068197239154346e-02 -2.148139025561972282e-02 2.563292668420818002e-02 7.073328112194511574e-02
-8.457597342020342523e+00 1.510569806342392019e+00 9.808287150248667929e-02 5.430451166573933841e-02 -2.293714335863710277e-02 2.264160461528752499e-02 7.213013521890589141e-02
-8.165956054364391647e+00 1.510633399658597664e+00 9.810436681211753829e-02 5.426677660571578576e-02 -2.272008834189788440e-02 2.381045865632001185e-02 7.226321756721633405e-02
-7.874314766708504720e+00 1.509834362702207944e+00 9.783441146685190049e-02 5.426460526722018396e-02 -2.140598878217903414e-02 2.666943828282461112e-02 7.194785606647106924e-02
-7.582673479052749244e+00 1.509595322677467433e+00 9.775370599541949312e-02 5.437659605442042576e-02 -2.226759627910227315e-02 2.552798351552857184e-02 7.175838266767288476e-02
-7.291032191396855211e+00 1.510039228595665195e+00 9.790359890385857966e-02 5.429105660774102143e-02 -2.313954841619486266e-02 2.738370189374860972e-02 6.861432811740203475e-02
-6.999390903740903447e+00 1.510155180366884231e+00 9.794276636547694093e-02 5.430460339675519110e-02 -2.451885151506830868e-02 2.744780870165151876e-02 6.976044576117991503e-02
-6.707749616085017408e+00 1.508563116530176940e+00 9.740549719838392795e-02 5.426545898113727118e-02 -2.327987409488469980e-02 2.762625163183045698e-02 6.837964520410177993e-02
-6.416108328429261931e+00 1.507835016876640566e+00 9.716015853028475702e-02 5.426677322876240911e-02 -2.323255259851832177e-02 2.643030765733056162e-02 7.018489629417883069e-02
-6.124467040773367899e+00 1.507806415352525908e+00 9.715052578926863802e-02 5.418328559060189148e-02 -2.381573901151456951e-02 2.618739015421407343e-02 6.922687597750901145e-02
-5.832825753117416134e+00 1.507876447799692210e+00 9.717411273778214786e-02 5.419270720691757998e-02 -2.394798472202533737e-02 2.740694295433790742e-02 6.971560430486546667e-02
-5.541184465461522102e+00 1.505881616517074750e+00 9.650309811952367811e-02 5.418787817684109220e-02 -2.290736856911318800e-02 2.742435430812022526e-02 7.005622325991570087e-02
-5.249543177805773730e+00 1.505869355775336427e+00 9.649897931372308779e-02 5.415752425099949058e-02 -2.252047148866957033e-02 2.856936366098808411e-02 6.616307417827768655e-02
-4.957901890149880586e+00 1.507257963367852893e+00 9.696588161884539536e-02 5.415520489836930101e-02 -2.302763802852361014e-02 2.462232562487655027e-02 6.832768269077910128e-02
-4.666260602493928822e+00 1.508316442262843893e+00 9.732235234153979730e-02 5.419767815347796558e-02 -2.347080795396383826e-02 2.647431158164621767e-02 6.910137150296520592e-02
-4.374619314838034789e+00 1.508656123258520720e+00 9.743685330011980783e-02 5.418702006037186270e-02 -2.388167446340238101e-02 2.509298897252706245e-02 7.297572247417712099e-02
-4.082978027182293523e+00 1.510595015422242726e+00 9.809139226419621993e-02 5.416179969473120664e-02 -2.492768848773116441e-02 2.686322383087827795e-02 6.958892721313392205e-02
-3.791336739526399935e+00 1.510008867070933736e+00 9.789334402893579146e-02 5.421950669910462206e-02 -2.324406534729678980e-02 2.673860001759201244e-02 7.084937951434183701e-02
-3.499695451870441065e+00 1.509048656645178399e+00 9.756923308163645281e-02 5.426995485351335247e-02 -2.336648521083152866e-02 2.524304037835950129e-02 6.992205131190179501e-02
-3.208054164214539927e+00 1.509444727436960676e+00 9.770287441364650105e-02 5.428855678397989659e-02 -2.270272506027079182e-02 2.541219118681392955e-02 6.892957630974050343e-02
-2.916412876558813316e+00 1.509237798603424219e+00 9.763304435222375233e-02 5.435644921754003572e-02 -2.335008218750175835e-02 2.589970938073569984e-02 7.228517251885445416e-02
-2.624771588902912622e+00 1.507819407834676273e+00 9.715490149804445474e-02 5.437190887156033436e-02 -2.340353707938112870e-02 2.624125398732911688e-02 7.181157845926633421e-02
-2.333130301246953309e+00 1.509081412232748498e+00 9.758028278720426441e-02 5.431544775492815752e-02 -2.250609632043694408e-02 2.458958631359955266e-02 6.869221778847761639e-02
-2.041489013591052171e+00 1.508517413203869673e+00 9.739009026347911213e-02 5.436225620885417470e-02 -2.308734108863600559e-02 2.632314753795431464e-02 6.969291150010917257e-02
-1.749847725935325782e+00 1.508760534553296173e+00 9.747205884265230935e-02 5.435901305120764693e-02 -2.466858603041098899e-02 2.652665102900578914e-02 7.226918305848679946e-02
-1.458206438279417538e+00 1.508515947826985171e+00 9.738959628910109911e-02 5.438469241373734137e-02 -2.354102300091516151e-02 2.490081858471991302e-02 7.231642783159075716e-02
-1.166565150623465774e+00 1.508810586991584879e+00 9.748893729015356557e-02 5.440452867601042186e-02 -2.368957606131651822e-02 2.710861258493071912e-02 7.025555150604248511e-02
-8.749238629675647472e-01 1.507995915034971768e+00 9.721435431562724938e-02 5.436343858386800953e-02 -2.284631766077338880e-02 2.355203810969290490e-02 7.166455824439686706e-02
-5.832825753118237033e-01 1.508475199458530813e+00 9.737586050800117743e-02 5.438188275684766038e-02 -2.285448978631841183e-02 2.238887638280483497e-02 6.977511269734072707e-02
-2.916412876559227874e-01 1.508316531865706134e+00 9.732238253852604215e-02 5.441057848648468004e-02 -2.129436637056256881e-02 2.447730161353598582e-02 7.371912816178453898e-02
0.000000000000000000e+00 1.509138344346069971e+00 9.759948927554157327e-02 5.431450065068734595e-02 -2.347430653994021788e-02 2.418491096987531244e-02 6.975042186974755865e-02
