-2.973351411048870219e+01 1.103871231472363101e+00 5.047928579309982067e-03 1.000000000000000000e+00 4.647701465232657696e-03 -2.316528946695398713e-03 2.129782776881872296e-04
-2.965869669470601977e+01 1.120336182730077956e+00 6.707379311165662106e-03 8.803357605384116713e-01 3.890085492457913147e-03 2.071089041951312479e-02 1.693481828708356604e-02
-2.958417735627705625e+01 1.127794514526440084e+00 7.530546018187603274e-03 7.806713096130397656e-01 5.157793390118462634e-03 4.416958711531564219e-02 2.996487536892767853e-02
-2.950965801784809273e+01 1.133300510313818066e+00 8.166329267011634974e-03 6.987346268421023021e-01 5.548468704703531616e-03 6.370090954973874064e-02 4.165343115971784083e-02
-2.943513867941912565e+01 1.138513345778208175e+00 8.790017078257078564e-03 6.300468412846066402e-01 7.470138828134953272e-03 7.830105438085194214e-02 5.740142584759189842e-02
-2.936061934099016213e+01 1.141112316352457468e+00 9.108813548951100181e-03 5.746831184659514369e-01 8.697212514771214542e-03 9.177455203032426623e-02 6.689708203344160720e-02
-2.928610000256119505e+01 1.140890365298628639e+00 9.081385539563308074e-03 5.273492411937545921e-01 1.055548944870734508e-02 1.024372006130543217e-01 7.547559412179467853e-02
-2.921158066413222087e+01 1.140737287370711561e+00 9.062490704989850654e-03 4.881391026964145841e-01 1.137575609445121323e-02 1.080518604813577310e-01 8.277822345272146942e-02
-2.913735940305695848e+01 1.140431847773926366e+00 9.024843262591453197e-03 4.540535979554295998e-01 1.094409948097185142e-02 1.132408581840625289e-01 9.145677367745581876e-02
-2.906284006462798430e+01 1.139204873397198892e+00 8.874333818907870208e-03 4.258083288811470579e-01 1.081063192000622161e-02 1.160742484929094542e-01 9.399845788445412853e-02
-2.898832072619900302e+01 1.138072267338013033e+00 8.736429838193310315e-03 4.011409068882592632e-01 1.127814469009356772e-02 1.112312152340101945e-01 9.423823213856423464e-02
-2.891380138777002529e+01 1.134839160480968889e+00 8.348228416587610834e-03 3.803966669923476429e-01 1.188184928189347372e-02 1.106615935629607778e-01 9.886349161858955237e-02
-2.883928204934105111e+01 1.132701314017984018e+00 8.095990718215387294e-03 3.631067778843078964e-01 1.409228656313870655e-02 1.055865755177225335e-01 1.052753290670720016e-01
-2.876476271091207337e+01 1.130116139547059584e+00 7.795733743914456948e-03 3.477195808065903226e-01 1.544606937382954695e-02 1.033181585566454591e-01 1.043546540932041577e-01
-2.869024337248312051e+01 1.128223678775056360e+00 7.579248571000743451e-03 3.346551998709673126e-01 1.398661316352357332e-02 9.799604446794002444e-02 1.064360796576387380e-01
-2.861572403405417475e+01 1.126815721809230952e+00 7.420012269136466720e-03 3.235563614065444238e-01 1.522911994781111361e-02 9.165774725294427439e-02 1.089776719789619652e-01
-2.854120469562521833e+01 1.126044223769650854e+00 7.333419717137149019e-03 3.124686619560926304e-01 1.498047050884122183e-02 8.044369399047755775e-02 1.122449446324704225e-01
-2.846668535719626902e+01 1.125246715342737014e+00 7.244401202760250569e-03 3.037781865852928198e-01 1.470717638415207189e-02 7.357901744229393415e-02 1.105136361751140883e-01
-2.839186794141359726e+01 1.123344295313199570e+00 7.034081225602104026e-03 2.958775151657345726e-01 1.598867267665358971e-02 6.692280913336320913e-02 1.093549855678921934e-01
-2.831734860298464440e+01 1.121727276462788803e+00 6.857568014616205465e-03 2.893681142660417538e-01 1.690248073167573833e-02 5.863079300457939985e-02 1.091654396191336918e-01
-2.824282926455569864e+01 1.119730068570137904e+00 6.642422515995533017e-03 2.845678427242229747e-01 1.744388753701043779e-02 5.287972115704010767e-02 1.105296773948711564e-01
-2.816830992612674223e+01 1.118353221571260159e+00 6.495956154546331240e-03 2.795408205478141506e-01 1.717955981123368142e-02 4.782083105135336021e-02 1.080623641957758202e-01
-2.809379058769779292e+01 1.118446555496979133e+00 6.505836990963353994e-03 2.749493349432302614e-01 2.069063375645516234e-02 4.473398346769954376e-02 1.092012077182657886e-01
-2.801927124926884005e+01 1.114899839504107426e+00 6.135268668144400195e-03 2.715371250151895066e-01 1.903748863986208864e-02 4.277711391979061029e-02 1.103301675839920282e-01
-2.794475191083989074e+01 1.113998678415051069e+00 6.042723252627418828e-03 2.685169430486842868e-01 1.806204815509787273e-02 4.260062551959852700e-02 1.087636035137921064e-01
-2.787023257241093432e+01 1.112927792801956528e+00 5.933598801818013024e-03 2.653768999018409347e-01 1.671965259678927576e-02 4.175801310599935173e-02 1.134022736981147861e-01
-2.779571323398196014e+01 1.113273644205285962e+00 5.968740311278392108e-03 2.622376002180980548e-01 1.858187738845248210e-02 4.149696277783607862e-02 1.162448927886622907e-01
-2.772119389555295754e+01 1.110766942925772494e+00 5.716226617614325600e-03 2.604570826807751649e-01 1.736750024363236181e-02 4.119282964237031691e-02 1.145419979983957198e-01
-2.764667455712394784e+01 1.110287699239197901e+00 5.668528994710639313e-03 2.588131775025585557e-01 1.813393370022683623e-02 4.146868084912925384e-02 1.140624532401598168e-01
-2.757245329604866768e+01 1.109798451587293844e+00 5.620027896395887734e-03 2.574133768555515456e-01 1.566782796466105812e-02 3.916061981400335845e-02 1.105674782175705556e-01
-2.749793395761965442e+01 1.108232374675931720e+00 5.466083903173477032e-03 2.559834785045583816e-01 1.357384706620682474e-02 3.882968937804408965e-02 1.096556798509380620e-01
-2.742341461919065537e+01 1.107673042710268341e+00 5.411585738767099585e-03 2.540944169516629048e-01 1.375291330139482432e-02 3.911233403491132243e-02 1.119433955332514025e-01
-2.734889528076165632e+01 1.107247400618739830e+00 5.370284401372715788e-03 2.529736963324374921e-01 1.519348364946204559e-02 3.688885555820763801e-02 1.133661120858164562e-01
-2.727437594233264306e+01 1.105493985550674463e+00 5.201704728920966692e-03 2.522720896541876257e-01 1.573098652414402221e-02 3.562910825285312694e-02 1.127200802528101620e-01
-2.719985660390364401e+01 1.103520458086924894e+00 5.014972271873738285e-03 2.508988680675502958e-01 1.614594705861483945e-02 3.638171993698753603e-02 1.164213877380335660e-01
-2.712533726547463431e+01 1.102989690408118895e+00 4.965297045241762186e-03 2.500035720738831291e-01 1.560561682397562829e-02 3.853939544627025399e-02 1.140090424786071449e-01
-2.705081792704563171e+01 1.102915389296492243e+00 4.958361580794004575e-03 2.495408523990254035e-01 1.528628271941119554e-02 3.941846539487725565e-02 1.176598902474494529e-01
-2.697629858861662910e+01 1.103911659199625639e+00 5.051733387319123914e-03 2.488963702577246251e-01 1.542037526567047352e-02 3.764678007090899170e-02 1.173203267039753667e-01
-2.690177925018761940e+01 1.103100861088861961e+00 4.975682487807067678e-03 2.475088797368615035e-01 1.766758458845728297e-02 3.417608272261579705e-02 1.123103455131048145e-01
-2.682725991175862035e+01 1.101392547965452717e+00 4.817216107730074026e-03 2.475958751554419857e-01 1.638299129836922122e-02 3.725578021239867726e-02 1.161914454345011893e-01
-2.675274057332960709e+01 1.101821295242692011e+00 4.856761688571950564e-03 2.468626820851234638e-01 1.600212115348506256e-02 3.653828421387421421e-02 1.104195407847429894e-01
-2.667822123490060093e+01 1.103701358693737200e+00 5.031955862424219994e-03 2.464041850567349201e-01 1.431020537199540962e-02 3.265955844908954159e-02 1.142094332188759720e-01
-2.660370189647160899e+01 1.100597523776208231e+00 4.744288020545647799e-03 2.466837637442979014e-01 1.504848360712214908e-02 3.201206038418005079e-02 1.135257720907728862e-01
-2.652918255804259573e+01 1.099194044239162116e+00 4.616820036486557477e-03 2.460479264055866755e-01 1.581073395856120306e-02 3.264222248077910948e-02 1.111197772881209606e-01
-2.645466321961358958e+01 1.099263575505309731e+00 4.623096714011371011e-03 2.457907980953790983e-01 1.774852460404186330e-02 3.177021102161933785e-02 1.136348746022887435e-01
-2.638014388118459053e+01 1.099747707213306835e+00 4.666910794151185593e-03 2.458499860841369677e-01 1.735682703890540843e-02 3.367535538458509004e-02 1.131932737453688331e-01
-2.630562454275558437e+01 1.099571632161234325e+00 4.650953510604974306e-03 2.455409093609478566e-01 1.877194791893639636e-02 2.947920816183624212e-02 1.100750182005877931e-01
-2.623110520432656756e+01 1.100247828950283946e+00 4.712375476265018293e-03 2.446984258990899663e-01 1.837427969239039532e-02 2.832146649110847680e-02 1.106036399257361025e-01
-2.615658586589758272e+01 1.100790740474898444e+00 4.761963945875649640e-03 2.445916725360066935e-01 1.905566497228614042e-02 2.897488708779453331e-02 1.093910118931378656e-01
-2.608206652746857301e+01 1.100628182638819341e+00 4.747090709640577888e-03 2.445345643498212651e-01 1.974385701826035858e-02 3.123162719355112443e-02 1.098270800019622989e-01
-2.600754718903955975e+01 1.101101159023065268e+00 4.790426281483531334e-03 2.444892047570524363e-01 2.123502335552861220e-02 3.293331672159524603e-02 1.101590747071048287e-01
-2.593302785061055360e+01 1.099679837539099037e+00 4.660756882657435263e-03 2.447248951411502838e-01 1.847681394547771860e-02 3.103072314347272639e-02 1.121240448040690674e-01
-2.585850851218163626e+01 1.098938080458214506e+00 4.593748336254782627e-03 2.448825032596898821e-01 1.885604705255549199e-02 3.190901085426189193e-02 1.126026709690831074e-01
-2.578398917375274735e+01 1.098622831461149030e+00 4.565407426713158356e-03 2.448822660200774548e-01 1.923701278918986748e-02 3.383492627113177109e-02 1.159846392372254620e-01
-2.570946983532384778e+01 1.099206533409345488e+00 4.617947155267213000e-03 2.444779145001935439e-01 2.043629290416100128e-02 3.756751035441650843e-02 1.173938423865657638e-01
-2.563495049689494110e+01 1.099231149053270684e+00 4.620169038275195872e-03 2.446379084147069227e-01 2.037472748210666929e-02 3.439107021915897150e-02 1.197778711984651551e-01
-2.556043115846603797e+01 1.098597163752449868e+00 4.563103522053871264e-03 2.446408752615306936e-01 2.177829265542759185e-02 3.535322831199155108e-02 1.184445364580706261e-01
-2.548591182003715261e+01 1.099228870403223368e+00 4.619963339318328144e-03 2.443494677265725390e-01 2.021240435227053198e-02 3.514353883219475949e-02 1.197702251866916145e-01
-2.541139248160825304e+01 1.100192738222603550e+00 4.707357200905093464e-03 2.440278410979020984e-01 1.693313492122437008e-02 3.819313370861363022e-02 1.214309694929255751e-01
-2.533687314317934636e+01 1.098865253637399730e+00 4.587193888141993803e-03 2.449888586986424532e-01 1.719444868079983077e-02 3.773163876392634369e-02 1.180244173847262018e-01
-2.526235380475044323e+01 1.097925383184109815e+00 4.502999433176710364e-03 2.451498884253512089e-01 1.858362229972219601e-02 3.538523159226005660e-02 1.154129062178431003e-01
-2.518783446632156142e+01 1.098529969829848518e+00 4.557074856205545199e-03 2.449970312917679749e-01 1.842459198181701716e-02 3.036506254028114790e-02 1.126441985251831757e-01
-2.511331512789265830e+01 1.098180070620015547e+00 4.525742235816879178e-03 2.448917671505698446e-01 1.977653970219390295e-02 3.081122474586769563e-02 1.132387844114414593e-01
-2.503879578946374806e+01 1.099041033544822188e+00 4.603021654909195126e-03 2.446098435986157615e-01 2.026586502574836968e-02 3.138532971204218563e-02 1.107886950354303596e-01
-2.496397837368112604e+01 1.097480185796582575e+00 4.463373936255926600e-03 2.449941902483776801e-01 1.806115151609245448e-02 3.576412669541317174e-02 1.109613613991322079e-01
-2.488945903525224423e+01 1.097177845052247358e+00 4.436557434876170491e-03 2.452692302260462698e-01 1.909969813509525619e-02 3.662058263084030929e-02 1.122225184140395043e-01
-2.481493969682334466e+01 1.097533579222454536e+00 4.468117620852099514e-03 2.453059317843495069e-01 1.747872124173101283e-02 3.478439563733363993e-02 1.120380841520112747e-01
-2.474042035839443443e+01 1.096902003966898187e+00 4.412157596686505645e-03 2.451279281394889986e-01 1.878256596690768693e-02 3.373493251783846181e-02 1.115480262504137676e-01
-2.466590101996553130e+01 1.097568429705330528e+00 4.471215153079619031e-03 2.449985609108884521e-01 1.750438667007744517e-02 3.575699930312262187e-02 1.078880492290944237e-01
-2.459138168153664950e+01 1.099125401194658957e+00 4.610627464928129804e-03 2.445605836483788764e-01 1.854923336869716832e-02 3.309959303124430235e-02 1.113069943668625883e-01
-2.451686234310774282e+01 1.099448994424095272e+00 4.639854279092969769e-03 2.448655934333015816e-01 1.970767354945796718e-02 3.165599473010182602e-02 1.092869063015112774e-01
-2.444234300467883969e+01 1.099720482761328499e+00 4.664441828161530745e-03 2.445583051068166147e-01 1.951335551603462087e-02 3.257601501685512130e-02 1.095167053372494703e-01
-2.436782366624994012e+01 1.098191592988451371e+00 4.526772419685909377e-03 2.444874013645253197e-01 1.992306239850805127e-02 3.243759221648637170e-02 1.127251733082568902e-01
-2.429330432782104765e+01 1.097813287165325447e+00 4.493006656818648858e-03 2.449758616643928910e-01 1.988312106788644659e-02 3.501976767028839449e-02 1.132439770307567400e-01
-2.421878498939215163e+01 1.098704677595736756e+00 4.572757488878156917e-03 2.445854792886880402e-01 2.119587713283264604e-02 3.255415105229737122e-02 1.138585665356127985e-01
-2.414426565096324850e+01 1.100187933875108826e+00 4.706919686436730754e-03 2.444773074242024002e-01 2.246592874625262873e-02 3.210972177898292063e-02 1.159645983020687193e-01
-2.406974631253433827e+01 1.099120912827602936e+00 4.610222686710532813e-03 2.441896899403530885e-01 2.173722712405541657e-02 2.930132691712031973e-02 1.138753183678761910e-01
-2.399522697410546002e+01 1.099642226991030647e+00 4.657348281342205132e-03 2.439222445528801686e-01 2.095213624284726281e-02 2.799878804803874674e-02 1.160373804728484226e-01
-2.392070763567654623e+01 1.100194042456644761e+00 4.707475976050937150e-03 2.432328915731717112e-01 2.028010195749550132e-02 3.316568213104688356e-02 1.115352933678675218e-01
-2.384618829724764666e+01 1.100751716090906163e+00 4.758391418721266697e-03 2.433070952484521210e-01 1.678339193440948895e-02 3.186788632488903733e-02 1.153893488976123483e-01
-2.377166895881875064e+01 1.100623467599442407e+00 4.746659632414385044e-03 2.435249215112787191e-01 1.728308268367906991e-02 2.888684620556763658e-02 1.135545791036469687e-01
-2.369714962038985462e+01 1.101369140958248005e+00 4.815061519544000523e-03 2.434862403088558502e-01 1.645699723581764418e-02 3.044367934983550558e-02 1.089921605749335914e-01
-2.362263028196096215e+01 1.103998454014182506e+00 5.059906509731801338e-03 2.429765535728064807e-01 1.758900582664666562e-02 2.975135062408279171e-02 1.102115393880902100e-01
-2.354811094353206258e+01 1.103190522152396547e+00 4.984065924764316535e-03 2.436752182765109520e-01 1.842603718176454020e-02 2.904937930800526730e-02 1.131013111982783342e-01
-2.347359160510314524e+01 1.102355953707262248e+00 4.906288138181905123e-03 2.442274121423429201e-01 1.731657813952893615e-02 2.886226419137863722e-02 1.157225288050202083e-01
-2.339907226667426698e+01 1.102216533319519298e+00 4.893350675132301930e-03 2.439811018155587929e-01 1.569388550246184066e-02 3.074765419689370546e-02 1.155502524210627185e-01
-2.332455292824535320e+01 1.101801272749542981e+00 4.854911538945280713e-03 2.435119343866813946e-01 1.669185164154507461e-02 3.080804547043363220e-02 1.158575496981202879e-01
-2.325003358981645718e+01 1.102902220381267506e+00 4.957132832487068375e-03 2.435446671713757671e-01 1.658242408263231604e-02 3.353337358415436203e-02 1.133254167617147035e-01
-2.317551425138756471e+01 1.103081579514509025e+00 4.973880496283333841e-03 2.435424034207368249e-01 1.664877167997142263e-02 3.008298082365785248e-02 1.120188999110117573e-01
-2.310099491295865803e+01 1.102478621684013005e+00 4.917684295952268192e-03 2.442777188563468871e-01 1.582258820283582654e-02 2.936722535596689165e-02 1.115385915735958022e-01
-2.302647557452976912e+01 1.100535411131128960e+00 4.738612353088880735e-03 2.442713410060979307e-01 1.795147737136837743e-02 2.946210747218816484e-02 1.128166614386390820e-01
-2.295195623610087310e+01 1.100610227818520359e+00 4.745449270222176774e-03 2.443243951222426602e-01 1.632932337314590282e-02 2.855923089682052551e-02 1.130436627643631731e-01
-2.287743689767195576e+01 1.101485896397868425e+00 4.825813216067564859e-03 2.440395347959419259e-01 1.507082685092055348e-02 2.909438235574725307e-02 1.160320844920106620e-01
-2.280291755924308106e+01 1.099628075859935716e+00 4.656066083253626586e-03 2.447863391506688857e-01 1.400265281399385234e-02 2.737866861346032951e-02 1.140455074713953576e-01
-2.272839822081415662e+01 1.099725166689505373e+00 4.664866566593886543e-03 2.447748421242946504e-01 1.308099192570402226e-02 2.805541011201211771e-02 1.149881200417514071e-01
-2.265387888238526415e+01 1.099433766752576203e+00 4.638476979033606673e-03 2.444689417054624891e-01 1.334677913048815633e-02 2.722448971896400741e-02 1.125279992962493897e-01
-2.257935954395637523e+01 1.100315407693065461e+00 4.718534722730816089e-03 2.439888452454410939e-01 1.576324190457349325e-02 2.703399087402056505e-02 1.127386924328330903e-01
-2.250484020552746856e+01 1.100494467206490246e+00 4.734872761791020235e-03 2.439180180687051114e-01 1.166520614804172386e-02 2.773308135876422983e-02 1.124517354739806990e-01
-2.243032086709857964e+01 1.100177142748062664e+00 4.705937047228242465e-03 2.441646253893597629e-01 1.517860213693587174e-02 3.148635017326148478e-02 1.124875345814247418e-01
-2.235580152866968717e+01 1.098975225359534402e+00 4.597093086108186566e-03 2.450281181956222576e-01 1.452624659602994722e-02 3.450166997028904226e-02 1.156225803887271086e-01
-2.228128219024076273e+01 1.099192913785857595e+00 4.616718022056640058e-03 2.453016719337138829e-01 1.472494705633306707e-02 3.326706278035385794e-02 1.150433150094592738e-01
-2.220676285181188803e+01 1.098400059811252216e+00 4.545429886559343435e-03 2.452629330251562267e-01 1.400963357734450604e-02 3.156395472370368549e-02 1.134540981383316410e-01
-2.213224351338296358e+01 1.098118727155101171e+00 4.520259535378143290e-03 2.449695190402419731e-01 1.533531557836959915e-02 2.818033502863016848e-02 1.119026922229369309e-01
-2.205772417495407467e+01 1.096896929086036865e+00 4.411709284636813888e-03 2.449255990679556350e-01 1.721911954606551026e-02 2.958634094701419887e-02 1.131959672265702710e-01
-2.198320483652518931e+01 1.097539780981615198e+00 4.468668763251498754e-03 2.446343447568440355e-01 1.744469810885754604e-02 2.907803244541511123e-02 1.116621062408769821e-01
-2.190868549809627197e+01 1.098101871418409647e+00 4.518753565192601407e-03 2.444963429739467620e-01 1.679386567665037272e-02 2.968453173250808555e-02 1.147569828799046426e-01
-2.183416615966738306e+01 1.097067038000862249e+00 4.426748273321040594e-03 2.450194363248348883e-01 1.661077116949373489e-02 3.159688163512531373e-02 1.161954189747068794e-01
-2.175964682123849769e+01 1.098329793511628516e+00 4.539137133379125832e-03 2.447845407992944589e-01 1.826533345953609833e-02 3.072470497432470971e-02 1.172968386251460465e-01
-2.168512748280956970e+01 1.099106805565374101e+00 4.608950548077847542e-03 2.451364646315470075e-01 1.563492217744267762e-02 3.200896739247412887e-02 1.171234192054443068e-01
-2.161060814438069855e+01 1.098908050986438845e+00 4.591045137549737420e-03 2.445448313475551416e-01 1.416608377200829702e-02 3.486860183818053099e-02 1.132670596619159975e-01
-2.153608880595176700e+01 1.097777844732571895e+00 4.489849317807478868e-03 2.449879200625061926e-01 1.305208895930819006e-02 3.302024454834737166e-02 1.130003834063805918e-01
-2.146156946752288164e+01 1.097962047946442254e+00 4.506270168278009303e-03 2.451660563322282660e-01 1.424859363872094803e-02 3.297560783690903219e-02 1.145557558676204013e-01
-2.138705012909399628e+01 1.099302056224096047e+00 4.626572138222997954e-03 2.447203338839542275e-01 1.890272924184941208e-02 3.410439193370131544e-02 1.185622735305272568e-01
-2.131253079066507894e+01 1.098287355598461579e+00 4.535338555418516604e-03 2.452060347448260236e-01 1.931292060394136298e-02 3.305207614977620501e-02 1.166434391301649082e-01
-2.123801145223619358e+01 1.097762672428261421e+00 4.488498033143079047e-03 2.444700460053335078e-01 1.876689759746743777e-02 3.410094868285885178e-02 1.153180792149648137e-01
-2.116349211380730821e+01 1.095792284409121686e+00 4.314635369295452549e-03 2.450850155645901418e-01 1.873207677768054871e-02 3.094713532150657892e-02 1.127556108889797293e-01
-2.108897277537837667e+01 1.096668976991632016e+00 4.391594205380516813e-03 2.445887405831820016e-01 1.825126244227573760e-02 2.945587379660733612e-02 1.105563552376070124e-01
-2.101445343694950552e+01 1.098297307440355031e+00 4.536229201482847029e-03 2.448496469639238615e-01 1.713311337555085967e-02 3.169276755046486482e-02 1.126318588342879179e-01
-2.093993409852057752e+01 1.099073833801377909e+00 4.605977923741233493e-03 2.446914982770560520e-01 1.570917733114077230e-02 3.221506800420149280e-02 1.125269491089321977e-01
-2.086541476009169216e+01 1.098003927020409165e+00 4.510007418146194658e-03 2.446825001760911389e-01 1.815168113242977138e-02 3.425736004481936409e-02 1.127356821697250433e-01
-2.079089542166280680e+01 1.100034216683788202e+00 4.692931287076207436e-03 2.439766545468686487e-01 1.978481042804075898e-02 3.708965974298385204e-02 1.182812865477917974e-01
-2.071637608323388591e+01 1.100286262088645994e+00 4.715877878018651104e-03 2.437643006824483649e-01 1.987731903808793305e-02 3.684815037953231842e-02 1.167383411336050253e-01
-2.064185674480500055e+01 1.099640372145133993e+00 4.657180209030165052e-03 2.446148695447726285e-01 2.006959959289554563e-02 3.455912201624559282e-02 1.169423344513852991e-01
-2.056733740637611874e+01 1.098020537825546317e+00 4.511490153989605734e-03 2.452483965460341420e-01 1.877540230914353028e-02 3.414711128401348023e-02 1.186487504340688892e-01
-2.049281806794718719e+01 1.097872311996716421e+00 4.498267113722018151e-03 2.453259920556317697e-01 1.884358445035687682e-02 3.190404208332715819e-02 1.160947982073457230e-01
-2.041829872951831604e+01 1.098030987059293473e+00 4.512423004693080775e-03 2.448240965296271388e-01 2.203372706114980692e-02 2.953765402182261315e-02 1.179875598153669741e-01
-2.034377939108938449e+01 1.096822985177939636e+00 4.405179550650367704e-03 2.446639145098860879e-01 1.875094868482059252e-02 3.135715551906988890e-02 1.181866645925807729e-01
-2.026926005266049913e+01 1.097979301542393094e+00 4.507809687024355583e-03 2.443073019158145676e-01 1.823070364147592187e-02 3.356778850954578869e-02 1.197230905587604310e-01
-2.019474071423161377e+01 1.097963250530303192e+00 4.506377465462507725e-03 2.437112099200599569e-01 1.779476006082561859e-02 3.395351032064129054e-02 1.178538912339751887e-01
-2.012022137580269643e+01 1.098457774984408664e+00 4.550601675018250969e-03 2.436897059293456624e-01 1.916264175828895355e-02 3.481632360048580316e-02 1.154705301169512977e-01
-2.004570203737381107e+01 1.097679083847241444e+00 4.481056843254227484e-03 2.438800274728178119e-01 2.142338419761045942e-02 3.818124418041583812e-02 1.189299476645187814e-01
-1.997118269894493281e+01 1.097490881223152082e+00 4.464323970979233724e-03 2.440101062559039136e-01 1.827965489875271743e-02 3.645576141595598813e-02 1.154105231551156574e-01
-1.989666336051599416e+01 1.097248447173579500e+00 4.442812786752778353e-03 2.439925386386709583e-01 1.780405853312354639e-02 3.418756092928329493e-02 1.140556021039828977e-01
-1.982214402208712301e+01 1.097603336553053754e+00 4.474318705714311339e-03 2.438346498032110399e-01 1.715325232056965146e-02 3.211925328231231280e-02 1.148535810548434039e-01
-1.974762468365818791e+01 1.098872278108774747e+00 4.587825902480108242e-03 2.432273493972024747e-01 1.549643555007193182e-02 3.048367010377261641e-02 1.123125325298918037e-01
-1.967310534522930965e+01 1.100694065486971018e+00 4.753116035135188100e-03 2.424993294037680880e-01 1.682205887581103565e-02 3.048851444979351968e-02 1.135501837563258204e-01
-1.959858600680042429e+01 1.099263457499256136e+00 4.623086058062483850e-03 2.430548790539558690e-01 1.638761722294730661e-02 3.454201897774963892e-02 1.125778256990416920e-01
-1.952406666837150340e+01 1.100034055867052052e+00 4.692916662836124631e-03 2.431456041099578635e-01 1.819494869238270571e-02 3.295869709317186813e-02 1.122399840219421574e-01
-1.944954732994261448e+01 1.100246957666971337e+00 4.712296090590983866e-03 2.430681647913799093e-01 1.894097270640923703e-02 3.160548195286155826e-02 1.136582079799368789e-01
-1.937502799151373978e+01 1.100731738263416970e+00 4.756563014476869466e-03 2.429524199049115651e-01 1.779377212540024164e-02 3.329470237371123104e-02 1.163352791500564254e-01
-1.930050865308480468e+01 1.101385617956824658e+00 4.816578161312631834e-03 2.427319867778211515e-01 1.753493571396446890e-02 3.241694345725978227e-02 1.138199679493329119e-01
-1.922598931465592642e+01 1.100370825314783918e+00 4.723588398059308524e-03 2.434373070538281558e-01 1.733680921428466803e-02 3.131142703384541537e-02 1.171313219948446616e-01
-1.915146997622700198e+01 1.100400469366445089e+00 4.726292756591435329e-03 2.435148051063777963e-01 1.601365653723404656e-02 3.435572333746063356e-02 1.195224521854092031e-01
-1.907695063779811662e+01 1.100456574168137580e+00 4.731413054888333747e-03 2.428896512343030334e-01 1.925680802112642032e-02 3.461028692846226246e-02 1.208650152272588985e-01
-1.900243129936922770e+01 1.101085032897474836e+00 4.788945716427336907e-03 2.427487974441091545e-01 1.937364344123274074e-02 3.881344513043798183e-02 1.185630579418623098e-01
-1.892791196094032102e+01 1.100051121426286027e+00 4.694468677948773760e-03 2.429833078176726058e-01 1.800684517213408525e-02 3.566221068383746556e-02 1.172759425282486473e-01
-1.885339262251142856e+01 1.101937745450686235e+00 4.867528647216040616e-03 2.421261530870310041e-01 1.847907946421737529e-02 3.936075784974679692e-02 1.153722185806720368e-01
-1.877887328408253964e+01 1.099971736774878250e+00 4.687251141665543797e-03 2.424140380724759403e-01 1.822251474174155922e-02 3.843443688160358418e-02 1.145402443629351535e-01
-1.870435394565362586e+01 1.100716748020360125e+00 4.755191298631056274e-03 2.427536989920179022e-01 1.876910302958181148e-02 3.638655631260587914e-02 1.147231663406780705e-01
-1.862983460722474049e+01 1.098943350366555993e+00 4.594222800886171854e-03 2.431417109060620974e-01 1.748240944347074707e-02 3.345351738930849028e-02 1.161737130157217135e-01
-1.855531526879580539e+01 1.099927233502113966e+00 4.683207247601503531e-03 2.422314525802815588e-01 1.595344188149053211e-02 3.340367718981344242e-02 1.148126738176227929e-01
-1.848079593036694135e+01 1.100675141383073985e+00 4.751384961683424724e-03 2.424118985977399277e-01 1.712135380499833770e-02 3.298221057128805644e-02 1.139322095388291545e-01
-1.840627659193804533e+01 1.100446350470848156e+00 4.730479814869917310e-03 2.425837920959507954e-01 1.736893549349007027e-02 3.426947275581919417e-02 1.118548081263817939e-01
-1.833175725350911733e+01 1.101478070682946786e+00 4.825092215556700537e-03 2.425732043015841333e-01 1.653908115849733393e-02 3.232937143045737372e-02 1.135724177112921590e-01
-1.825723791508022487e+01 1.101680857791745849e+00 4.843791733804933552e-03 2.425261145730640555e-01 1.603634081358708621e-02 3.165252650356929071e-02 1.148932842356693018e-01
-1.818271857665135727e+01 1.101619202734526626e+00 4.838102777926067688e-03 2.426090231580688983e-01 1.633202579074298846e-02 3.173080560062084554e-02 1.149198038507769359e-01
-1.810819923822242217e+01 1.103266431432577965e+00 4.991168713989246886e-03 2.430693936033218872e-01 1.588550027449595753e-02 3.313504759578123765e-02 1.144840123260124215e-01
-1.803367989979353325e+01 1.103077064109081906e+00 4.973458545730988223e-03 2.432281792442817225e-01 1.491418125604910237e-02 3.477702450941971835e-02 1.143392474639355477e-01
-1.795916056136463013e+01 1.101516583197539978e+00 4.828640946166778969e-03 2.439329553040366916e-01 1.624653311442942130e-02 3.443917742164333273e-02 1.160330594290543277e-01
-1.788464122293573411e+01 1.102115129515719882e+00 4.883950997191618959e-03 2.435182617780687342e-01 1.984844836518586536e-02 3.212981676646505663e-02 1.158382119792833592e-01
-1.781012188450683809e+01 1.102343827830627454e+00 4.905162286799033544e-03 2.431140719973473030e-01 1.779083036900067083e-02 3.596506333098999086e-02 1.200074487420960123e-01
-1.773560254607794562e+01 1.102542848100718009e+00 4.923656026611572534e-03 2.429232979434768902e-01 1.989351542792671193e-02 3.527280080792014744e-02 1.170715211966046332e-01
-1.766108320764904605e+01 1.102524388051794757e+00 4.921939275689415916e-03 2.432656637649586173e-01 1.862745994514753214e-02 3.698186835614091644e-02 1.199681527517796609e-01
-1.758656386922015002e+01 1.099934390577606891e+00 4.683857481559847158e-03 2.441846815891635658e-01 2.038641344127693766e-02 3.783243966916836898e-02 1.192212561821261313e-01
-1.751204453079125400e+01 1.099962995071943173e+00 4.686456677172212704e-03 2.436484212296899377e-01 2.095656204630053782e-02 3.620489340105113862e-02 1.175494511835745715e-01
-1.743752519236236154e+01 1.099505343867396068e+00 4.644952596045318072e-03 2.436437336299381029e-01 2.105752097371816137e-02 3.540396860775633925e-02 1.172055441180906710e-01
-1.736300585393342288e+01 1.099163396167320617e+00 4.614054665865674476e-03 2.432952320943840008e-01 2.159787395094050350e-02 3.396381137003445100e-02 1.152929482031272157e-01
-1.728848651550456594e+01 1.098912489433980566e+00 4.591444631537155985e-03 2.435981306971645721e-01 1.892766775458044198e-02 3.373193143383382969e-02 1.111222723339388985e-01
-1.721396717707566637e+01 1.098090280746965686e+00 4.517718137225526509e-03 2.433612695412277482e-01 1.861453579141192707e-02 3.304840751697049606e-02 1.129651273550776186e-01
-1.713944783864673482e+01 1.098793316832405997e+00 4.580723853997978323e-03 2.434808305474778223e-01 1.947564434548813492e-02 3.378684462706824793e-02 1.139446387060383814e-01
-1.706492850021783525e+01 1.098117155463196770e+00 4.520119103127454019e-03 2.436923577674915964e-01 2.252497180217021000e-02 3.338557652239002721e-02 1.183929055719032952e-01
-1.699040916178897831e+01 1.098135312044281831e+00 4.521741536746226586e-03 2.438466633479976220e-01 2.078333810108902099e-02 3.371030881687906572e-02 1.080594318106726931e-01
-1.691588982336003966e+01 1.098556721126729974e+00 4.559474545120970057e-03 2.439746689059061058e-01 1.940551931842577488e-02 3.587770817917412119e-02 1.101518903819687228e-01
-1.684137048493114364e+01 1.099008195735189819e+00 4.600062893659703778e-03 2.442951566993548373e-01 1.771191817975785801e-02 3.541456282735937211e-02 1.102409846999975462e-01
-1.676685114650225117e+01 1.098458090801595066e+00 4.550629982617862557e-03 2.438181569269632365e-01 1.869238436353028512e-02 3.703577594782277160e-02 1.113926622371001901e-01
-1.669233180807335160e+01 1.098651905334366408e+00 4.568017724181722139e-03 2.438992407112010041e-01 2.043691985966707148e-02 3.459663894009165630e-02 1.101030249384955806e-01
-1.661781246964444847e+01 1.097814978623818272e+00 4.493157364065747394e-03 2.441948462611837622e-01 2.073251394646043883e-02 3.321206646126410172e-02 1.108723784803532925e-01
-1.654329313121557021e+01 1.097268978359694502e+00 4.444632628062120117e-03 2.443072766844217869e-01 1.859999302522016840e-02 3.141996270330783131e-02 1.103141956599915097e-01
-1.646877379278666353e+01 1.099300720442444979e+00 4.626451475251161516e-03 2.441777463961279648e-01 1.623540698808925015e-02 3.663114620274735694e-02 1.129106032623707484e-01
-1.639425445435776041e+01 1.100062042757857350e+00 4.695462036951036922e-03 2.437072829712740862e-01 1.743503241318390337e-02 3.993245338245557385e-02 1.107971508568182661e-01
-1.631973511592887505e+01 1.099158352095847890e+00 4.613599614609595334e-03 2.440780277477824500e-01 1.776693306741973510e-02 4.034497148152132312e-02 1.169904498428827461e-01
-1.624521577749997903e+01 1.099060062599064302e+00 4.604736624484337404e-03 2.438290956848311042e-01 1.909986791436382725e-02 3.914887432488762392e-02 1.167403536543902970e-01
-1.617069643907103682e+01 1.098124840131935231e+00 4.520805755478002341e-03 2.440995496862965464e-01 2.019861105563574427e-02 3.623370628098145779e-02 1.150633365426372429e-01
-1.609617710064219054e+01 1.098732644579791584e+00 4.575270291579003334e-03 2.437334956932359076e-01 2.176290779104607387e-02 3.704270536816809539e-02 1.129183912099025189e-01
-1.602165776221328386e+01 1.096958261887861052e+00 4.417128822821261847e-03 2.439414078198472446e-01 2.076791498995396099e-02 3.788398016598917145e-02 1.122187920452798887e-01
-1.594713842378435054e+01 1.097816490832768999e+00 4.493292102369178531e-03 2.438224844238749967e-01 2.019171047975939701e-02 3.904443193742203333e-02 1.132968746488678263e-01
-1.587261908535544563e+01 1.097061762580908484e+00 4.426281522714653471e-03 2.444296436052383059e-01 2.013804868690607930e-02 3.727578556628943773e-02 1.155865625628502980e-01
-1.579809974692659758e+01 1.097516097530201407e+00 4.466564217091614775e-03 2.441037121073899585e-01 1.894371045084003446e-02 4.225323182012935552e-02 1.161121091693612384e-01
-1.572358040849765359e+01 1.098696266419416201e+00 4.572001880690040876e-03 2.444632502598587942e-01 1.840501847327929291e-02 4.297711274343549853e-02 1.171482266602989625e-01
-1.564906107006875580e+01 1.099367766869525864e+00 4.632509692887490371e-03 2.444068510085484203e-01 1.713027303283827171e-02 4.188207002850195815e-02 1.194635867674705004e-01
-1.557454173163987754e+01 1.098519686234992632e+00 4.556152538030475152e-03 2.447017997905412967e-01 1.661168213683400161e-02 4.030751505184498873e-02 1.154384820040981613e-01
-1.550002239321097086e+01 1.097211097282558390e+00 4.439503068510500250e-03 2.451200179118004085e-01 1.799285570189062058e-02 3.917891757039876355e-02 1.160200189069429261e-01
-1.542550305478206241e+01 1.097259393843222464e+00 4.443783033036982633e-03 2.452380704866463090e-01 2.012293682909174070e-02 4.371347637894167776e-02 1.177792963042903207e-01
-1.535098371635319303e+01 1.097648821413760745e+00 4.478364262468517709e-03 2.457138902329599750e-01 1.899993733464910503e-02 4.189710718071366913e-02 1.165639187502497676e-01
-1.527646437792428102e+01 1.097377020947835291e+00 4.454215065215302860e-03 2.453640318727488279e-01 2.002425034653026320e-02 4.223142511881532862e-02 1.159697784368014378e-01
-1.520194503949537435e+01 1.098305056049260653e+00 4.536922724739420043e-03 2.454836343113847019e-01 1.929260983145948335e-02 3.950353544713471748e-02 1.137721021360309365e-01
-1.512742570106649964e+01 1.096851312962268565e+00 4.407680543504807757e-03 2.452016143971313678e-01 1.919379313047603688e-02 3.703825072560787413e-02 1.150779219611165888e-01
-1.505290636263759652e+01 1.096808472989262651e+00 4.403898562340385903e-03 2.455145201801622323e-01 1.931575436482495939e-02 3.951608430763411950e-02 1.146389794232629683e-01
-1.497838702420865076e+01 1.095933360764213216e+00 4.326976309352678629e-03 2.456796767330805820e-01 1.822288824314259939e-02 3.959494803342715474e-02 1.153120521713558999e-01
-1.490386768577981513e+01 1.096055472624432481e+00 4.337671671015411179e-03 2.452155345194685088e-01 1.588766478304691823e-02 4.131151548560058062e-02 1.143119652029455924e-01
-1.482934834735090490e+01 1.095394658682324662e+00 4.279941461178063400e-03 2.454553663104868944e-01 1.498067667139208088e-02 4.286962254111452431e-02 1.154815067060718237e-01
-1.475482900892196625e+01 1.095474260339072803e+00 4.286876372698256166e-03 2.453242012074846323e-01 1.741728889047286510e-02 4.096427916102182015e-02 1.144919001305398226e-01
-1.468030967049305424e+01 1.096579902185831124e+00 4.383745754413803652e-03 2.455034416789920182e-01 1.562265120140249493e-02 4.029700028684146673e-02 1.186476399443310292e-01
-1.460579033206421862e+01 1.095642593475964155e+00 4.301558975680908059e-03 2.450642946344071538e-01 1.455985084352192684e-02 3.732993659680764603e-02 1.147122067677276980e-01
-1.453127099363527286e+01 1.097046375244049576e+00 4.424920237346904872e-03 2.442933571282087379e-01 1.528532041913361304e-02 3.618810954316432210e-02 1.143772017011560893e-01
-1.445675165520636618e+01 1.096535606388870487e+00 4.379845273425789220e-03 2.444928040273137426e-01 1.471167252968495764e-02 3.982923956337777738e-02 1.144468134062487513e-01
-1.438223231677750036e+01 1.096296526905454094e+00 4.358821226842612973e-03 2.441720685982341488e-01 1.794137654745309174e-02 3.944697546975484831e-02 1.182397285184840219e-01
-1.430771297834858835e+01 1.095573788916391234e+00 4.295554749428248664e-03 2.445556356478741922e-01 1.593444371520640404e-02 3.666317697729325198e-02 1.195148332562962767e-01
-1.423319363991967634e+01 1.094931849608118402e+00 4.239726077311656294e-03 2.440479852853461584e-01 1.535123180242697200e-02 3.464979484048449215e-02 1.166160465211982661e-01
-1.415867430149081407e+01 1.095520329149502814e+00 4.290892308458638116e-03 2.439308760416202815e-01 1.630687052441120999e-02 3.360573752317048968e-02 1.198318630820387337e-01
-1.408415496306189851e+01 1.096366167745034703e+00 4.364940358525387643e-03 2.441747248015107008e-01 1.588679702889258735e-02 3.202319800974511715e-02 1.204698725028864326e-01
-1.400963562463298651e+01 1.096524399679610129e+00 4.378858721597919668e-03 2.440936195764392969e-01 1.643866671254863229e-02 3.231098465473066644e-02 1.150741463955071292e-01
-1.393511628620412068e+01 1.096463046372563976e+00 4.373459503274529370e-03 2.449762929955024426e-01 1.356342019592515248e-02 3.664289321869022842e-02 1.197390683742571710e-01
-1.386059694777521578e+01 1.096157840222369506e+00 4.346647264249672848e-03 2.450575883881885297e-01 1.457889745266840488e-02 3.600634242026304332e-02 1.164935262796435861e-01
-1.378607760934627002e+01 1.096258479210787895e+00 4.355479794563341112e-03 2.444972991357648451e-01 1.478767142235236365e-02 3.748158872468843050e-02 1.159407656641697482e-01
-1.371155827091743795e+01 1.098248331615009565e+00 4.531846872837627660e-03 2.435812096913407832e-01 1.622862792541644034e-02 3.931776553269889646e-02 1.184901224212303872e-01
-1.363703893248852239e+01 1.097447904110951722e+00 4.460507050847120625e-03 2.437857904430693057e-01 1.809497098175955401e-02 3.802515682496984684e-02 1.203392151111661312e-01
-1.356251959405958196e+01 1.097121372425564623e+00 4.431556937650890649e-03 2.439828389717243196e-01 1.774067683860103273e-02 3.855836956676438748e-02 1.194942637371304711e-01
-1.348800025563066640e+01 1.098127202829065396e+00 4.521016880672024119e-03 2.436151617915500722e-01 1.972020885511788571e-02 3.747128912320813604e-02 1.176855950289057984e-01
-1.341348091720183966e+01 1.098504858727625155e+00 4.554822838324465439e-03 2.438098292100372988e-01 1.944431371479827045e-02 3.728265001503839465e-02 1.172759325868690944e-01
-1.333896157877288857e+01 1.099477377461147709e+00 4.642421956962031193e-03 2.441465732635770547e-01 1.891838296412589118e-02 3.583929330225768539e-02 1.181900923022416866e-01
-1.326444224034398012e+01 1.098283401982350860e+00 4.534984746959860868e-03 2.438644125740663249e-01 1.953608771007137382e-02 3.857604042695286090e-02 1.147249012398557921e-01
-1.318992290191511785e+01 1.096695657054656436e+00 4.393946290638175989e-03 2.442428326994998400e-01 1.782856944759998730e-02 3.928785255132314497e-02 1.122180063268320843e-01
-1.311540356348620584e+01 1.094893909282961486e+00 4.236437207875975997e-03 2.450212916223716009e-01 1.802813864891988568e-02 3.317442087217765956e-02 1.167192474083313392e-01
-1.304088422505728673e+01 1.094625836016669851e+00 4.213233409609565272e-03 2.448063613694813345e-01 1.658984354079244897e-02 3.654368056323589048e-02 1.183896000840789359e-01
-1.296636488662843512e+01 1.096475139614858207e+00 4.374523485946552048e-03 2.447169774369299389e-01 1.769439230369036428e-02 3.770211421511922290e-02 1.191697697793339533e-01
-1.289184554819951600e+01 1.095460971126972050e+00 4.285718246820460764e-03 2.450935996721676779e-01 1.799712757273885452e-02 3.485424167629836562e-02 1.177968550140501419e-01
-1.281732620977060044e+01 1.095965636828265088e+00 4.329802052847206428e-03 2.453749178782693718e-01 1.812387616912983571e-02 3.803827669379783449e-02 1.171396698788474688e-01
-1.274280687134174528e+01 1.096072556818312727e+00 4.339169007147272716e-03 2.448438224451534584e-01 1.705086681660500370e-02 3.691473039787742522e-02 1.119797592133123104e-01
-1.266828753291283327e+01 1.097140879872543939e+00 4.433283969404636093e-03 2.442817985524439461e-01 1.509491076752644129e-02 3.407263137998986502e-02 1.116694207409819478e-01
-1.259376819448388396e+01 1.098204566575676777e+00 4.527932484866062368e-03 2.439742280827506549e-01 1.562828152890672131e-02 3.509721265896151993e-02 1.120665109260271380e-01
-1.251924885605505899e+01 1.096887734040920881e+00 4.410897054179518939e-03 2.440893322519813446e-01 1.527936637985866097e-02 3.451082996001856446e-02 1.097661348034085355e-01
-1.244472951762613988e+01 1.097803613030372771e+00 4.492144746759921259e-03 2.441293551489543689e-01 1.607257361171442536e-02 3.537731314025296253e-02 1.110125090421401478e-01
-1.237021017919719945e+01 1.096693441163256955e+00 4.393750917532773803e-03 2.443241350513859489e-01 1.711526984916954264e-02 3.652487367025374077e-02 1.103992933730334747e-01
-1.229569084076828034e+01 1.098322913223145125e+00 4.538521183780355739e-03 2.439199659753371330e-01 1.857480811956429764e-02 3.354676918549799602e-02 1.114064864394211235e-01
-1.222117150233945715e+01 1.097048164774660828e+00 4.425078543251470542e-03 2.437685102758098410e-01 1.797568385741269217e-02 3.400557872016633787e-02 1.113364682830933483e-01
-1.214665216391050784e+01 1.097020689001572791e+00 4.422648267748602313e-03 2.439164583401632058e-01 1.694683784198472432e-02 3.192961528682258104e-02 1.127416670735052057e-01
-1.207213282548159405e+01 1.097169317008814815e+00 4.435802130033056345e-03 2.440711494270112469e-01 1.682284393303576722e-02 3.162756526209371116e-02 1.170052570383865176e-01
-1.199761348705274244e+01 1.097620146761916660e+00 4.475813654886348636e-03 2.436565668723431333e-01 1.688462040784465684e-02 3.094577555026332971e-02 1.145465190519035087e-01
-1.192309414862382333e+01 1.096795162328320083e+00 4.402723786594606170e-03 2.438964474169696139e-01 1.659494560704040389e-02 3.016956195308216626e-02 1.134437156762818644e-01
-1.184857481019490066e+01 1.098596072124590428e+00 4.563005550866611193e-03 2.435926421701104794e-01 1.695973790955699473e-02 2.782101177717965709e-02 1.137802547307703027e-01
-1.177405547176605616e+01 1.096731802984748816e+00 4.397133820460502607e-03 2.441934237434510435e-01 1.809335240688378366e-02 2.579182529540916327e-02 1.155310523962729818e-01
-1.169953613333713349e+01 1.094516858973679785e+00 4.203817755038335990e-03 2.446440716471401655e-01 1.719912911299186636e-02 2.538549653006445805e-02 1.160583104816864941e-01
-1.162501679490821438e+01 1.094238744119395701e+00 4.179833471922481114e-03 2.447100479579787380e-01 1.999932863069354971e-02 2.826438375689304186e-02 1.163280181366978805e-01
-1.155049745647936632e+01 1.095641966852511695e+00 4.301504275623341256e-03 2.443538174070907787e-01 1.655910360898511444e-02 2.898602063167321496e-02 1.134708536412127738e-01
-1.147597811805045076e+01 1.095022852783763767e+00 4.247619610918906830e-03 2.441634606392715512e-01 1.781624573710683876e-02 3.144170297080865761e-02 1.137381045717328482e-01
-1.140145877962150145e+01 1.096380367425608515e+00 4.366188537093612654e-03 2.438957453170228773e-01 1.857573426588179921e-02 3.186283889423317112e-02 1.136221769153360345e-01
-1.132693944119268004e+01 1.097127190943534059e+00 4.432072029138395264e-03 2.437646009791748503e-01 1.681711657794060163e-02 3.106865524138209544e-02 1.152569779215444068e-01
-1.125242010276376092e+01 1.096960379469240410e+00 4.417315994075618479e-03 2.441080670553495979e-01 1.803796542889162316e-02 3.004811833992091993e-02 1.120087307706310042e-01
-1.117790076433481516e+01 1.098246398149699266e+00 4.531673908277994434e-03 2.434031912720247826e-01 1.881214228905940186e-02 2.985102195427344340e-02 1.136361167119124688e-01
-1.110338142590589605e+01 1.098722622046578001e+00 4.574369703522498942e-03 2.433183878199273453e-01 2.006654258310607009e-02 2.757184511613233746e-02 1.153386708377797942e-01
-1.102886208747707464e+01 1.098825373361024038e+00 4.583606505670606568e-03 2.429997067232261276e-01 1.772689942175548553e-02 2.988433754853591848e-02 1.119476145137399264e-01
-1.095434274904812533e+01 1.098808785352345829e+00 4.582114739115100699e-03 2.432961191805528556e-01 1.830932517689942002e-02 3.060056881774430096e-02 1.136419484493323556e-01
-1.087982341061920621e+01 1.099527391105238117e+00 4.646948074318563160e-03 2.435583194513555871e-01 1.737237329888047591e-02 3.239724321702220494e-02 1.169880718872113451e-01
-1.080530407219035993e+01 1.099711200971367875e+00 4.663600209386331574e-03 2.434931390940519580e-01 1.943856618817448034e-02 3.292347656655891103e-02 1.163269150088154374e-01
-1.073078473376144082e+01 1.100489921719814301e+00 4.734457687578547125e-03 2.432596428057543225e-01 1.879301894141655743e-02 3.374303381387353667e-02 1.206341449046878511e-01
-1.065626539533251460e+01 1.099536286945116403e+00 4.647753343680754989e-03 2.432966016993884650e-01 1.918304737193036319e-02 3.405541660599219200e-02 1.206216773764751116e-01
-1.058174605690367720e+01 1.098934052094142411e+00 4.593385666844751469e-03 2.430571001549870769e-01 1.868170371999943943e-02 3.543870189200239162e-02 1.188873031970046901e-01
-1.050722671847475098e+01 1.100055117918242953e+00 4.694832170839144392e-03 2.426697270325187117e-01 2.070057576384608591e-02 3.512816185750702175e-02 1.172511875588149594e-01
-1.043270738004582832e+01 1.099380937388346524e+00 4.633700198898763056e-03 2.431540603614985863e-01 1.839417685520171319e-02 3.576766633787190758e-02 1.172697939087610358e-01
-1.035818804161698736e+01 1.098623129994977354e+00 4.565434225985084971e-03 2.430817215119588370e-01 2.150656978600164887e-02 3.488393422368588070e-02 1.202810054422149694e-01
-1.028366870318806825e+01 1.098461426157737009e+00 4.550928945194904207e-03 2.433902178849850773e-01 2.016599131231594857e-02 3.731526103042475534e-02 1.184208924215798403e-01
-1.020914936475911894e+01 1.097944639143000556e+00 4.504717050821893665e-03 2.425623634533073114e-01 1.907965295748436513e-02 3.407237012609983656e-02 1.164296962319373852e-01
-1.013463002633030463e+01 1.098775064755793229e+00 4.579082934304021246e-03 2.428045939641017836e-01 1.873570915814431331e-02 3.189989435389851968e-02 1.160705926359932999e-01
-1.006011068790137486e+01 1.098378585304881083e+00 4.543506286165524544e-03 2.426693847629658451e-01 1.816508128992127061e-02 3.363462395316292597e-02 1.123156341624743232e-01
-9.985591349472436207e+00 1.098898755803087601e+00 4.590208553309743644e-03 2.429666953699176069e-01 2.006028653881982912e-02 3.622358455504309099e-02 1.127615978827409687e-01
-9.911072011043506436e+00 1.098140112459178086e+00 4.522170537344716301e-03 2.432642470092856168e-01 1.806064484456552585e-02 3.726296163026440733e-02 1.127365572482041528e-01
-9.836552672614688575e+00 1.098442494637716482e+00 4.549232152502954984e-03 2.430979919339934514e-01 1.830208608090567665e-02 3.426654754893574545e-02 1.127339364665765342e-01
-9.762033334185748146e+00 1.098438915200396382e+00 4.548911368384686571e-03 2.432468567027027129e-01 1.988038461447229691e-02 3.308134632878859116e-02 1.165269214594190778e-01
-9.687513995756829033e+00 1.095948557350256980e+00 4.328306650213775697e-03 2.433400426728724864e-01 1.766910710550970848e-02 3.321781103705141042e-02 1.160261315088853412e-01
-9.612994657327980974e+00 1.095886554726632545e+00 4.322880019280897490e-03 2.437885733359810569e-01 1.980161452962204624e-02 3.428402897979734160e-02 1.154844573715836931e-01
-9.538475318899058308e+00 1.096290767666119992e+00 4.358315360405790040e-03 2.437605718989159231e-01 1.939087360806550711e-02 3.635621112836859292e-02 1.147613167012655616e-01
-9.463955980470133866e+00 1.096151065743506292e+00 4.346053008296463238e-03 2.431929352352762974e-01 1.995414861941399026e-02 3.250274938671793984e-02 1.148410718138305753e-01
-9.389436642041287584e+00 1.095206098348336043e+00 4.263535120881942198e-03 2.435720002295371223e-01 1.743437570928069516e-02 3.051324655963135596e-02 1.100028018873762947e-01
-9.314917303612359589e+00 1.094543028156527598e+00 4.206077877194916437e-03 2.435367270635056813e-01 1.702194681745200500e-02 2.985940798871214788e-02 1.139984313359621165e-01
-9.240397965183452911e+00 1.096010500505302465e+00 4.333731272360599740e-03 2.431844752150945088e-01 2.166993819605739571e-02 2.930573621748532379e-02 1.145393286332463262e-01
-9.165878626754608405e+00 1.095434864700950861e+00 4.283443557201810359e-03 2.436089503160571990e-01 2.289453541284493243e-02 3.205854901793314671e-02 1.147976202033141324e-01
-9.091359288325685739e+00 1.095716583096296048e+00 4.308020076588842118e-03 2.439408284509249347e-01 2.131914904684794818e-02 3.275828675777327920e-02 1.130717465658183790e-01
-9.016839949896736428e+00 1.095671414730244653e+00 4.304075232891849123e-03 2.437070869076055635e-01 2.153860159329635746e-02 3.008178490831752219e-02 1.109171831781780720e-01
-8.942320611467907909e+00 1.095528201295497883e+00 4.291578720422059567e-03 2.443492466994465484e-01 1.861301626863055489e-02 3.298911501982020739e-02 1.137131334844703190e-01
-8.867801273038979915e+00 1.096948227018888167e+00 4.416241899782902269e-03 2.445451187232969836e-01 1.824527071255476959e-02 3.418813921285983326e-02 1.170795539253180056e-01
-8.793281934610066131e+00 1.097506813224969902e+00 4.465739327191103891e-03 2.438834672420287786e-01 1.674932393209667067e-02 3.471539266767414977e-02 1.163486784423976989e-01
-8.718762596181138136e+00 1.097270673756615800e+00 4.444782920141346350e-03 2.441186152392685049e-01 1.776383320451213263e-02 3.564815964746847338e-02 1.168877007580902405e-01
-8.644243257752309617e+00 1.095948941780985342e+00 4.328340306575625962e-03 2.446997254508018749e-01 1.653694750936795035e-02 3.625784454019616299e-02 1.143126926251383652e-01
-8.569723919323360306e+00 1.096187749768265718e+00 4.349271380298849743e-03 2.447801443784299036e-01 1.782564285364720419e-02 3.789951559999406305e-02 1.143164900933269085e-01
-8.495204580894437640e+00 1.096243164434735018e+00 4.354135157230779041e-03 2.442378518613562977e-01 1.917930812312064123e-02 3.409581596423345157e-02 1.148847231585109208e-01
-8.420685242465582476e+00 1.097427349847751588e+00 4.458682110111814034e-03 2.442321971577847417e-01 1.665569026154812768e-02 3.436688566890859498e-02 1.147312865183437725e-01
-8.346165904036693561e+00 1.096777529804749962e+00 4.401167797559890627e-03 2.449680584260849059e-01 1.818698908350271926e-02 3.350460124270326218e-02 1.146278162843909071e-01
-8.271646565607763790e+00 1.097079276691581118e+00 4.427831198686393854e-03 2.452924685214600553e-01 1.710823715376568258e-02 3.293089933361509347e-02 1.145305809432704963e-01
-8.197127227178915732e+00 1.096412205842235199e+00 4.368987803353721611e-03 2.448654612184464896e-01 1.672941771668189082e-02 3.212472370163983737e-02 1.135903073600286473e-01
-8.122607888749985960e+00 1.096496910541785441e+00 4.376439233300111198e-03 2.447693890363843439e-01 1.743952830481676833e-02 3.315004901078661553e-02 1.143060575770912524e-01
-8.048088550321063295e+00 1.097100869305347448e+00 4.429742097798242129e-03 2.443974480089075585e-01 2.063040939427664838e-02 3.259538925272166543e-02 1.139234731318996413e-01
-7.973569211892205466e+00 1.094194113463432982e+00 4.175990593217146496e-03 2.449236583788691191e-01 2.106627304407852203e-02 3.215283901980980907e-02 1.112627199119240740e-01
-7.899049873463280136e+00 1.094124501978378738e+00 4.170000086010011708e-03 2.449484099541403559e-01 1.837580509359465833e-02 3.284341868851914370e-02 1.121595979746871502e-01
-7.824530535034374346e+00 1.094744041739513785e+00 4.223457631328683681e-03 2.447801253498492202e-01 1.791130204899500297e-02 3.386770274763764577e-02 1.116033531996434292e-01
-7.750011196605543162e+00 1.094558997275319578e+00 4.207457343602741262e-03 2.450369922510737819e-01 1.601219179906642268e-02 3.100336227175673823e-02 1.137708626583147503e-01
-7.675491858176610727e+00 1.095742616215705789e+00 4.310294488175839267e-03 2.448320013774794024e-01 1.585153067482632239e-02 3.116392488733305682e-02 1.130395768332459611e-01
-7.600972519747671186e+00 1.096243287964993263e+00 4.354146002406647509e-03 2.444279025722626009e-01 1.922447305496717551e-02 3.200488080220547510e-02 1.181951575118433823e-01
-7.526453181318737862e+00 1.097338121289949342e+00 4.450763887308736844e-03 2.443029281598199931e-01 1.966813808005799316e-02 2.951373192724175698e-02 1.172138990344553794e-01
-7.451933842889900461e+00 1.097508843254639821e+00 4.465919684705901838e-03 2.436201418291106258e-01 1.837072961445637351e-02 2.828071034859731131e-02 1.125013353894947638e-01
-7.377414504461004441e+00 1.097471530573606469e+00 4.462605194710464462e-03 2.438098522890719821e-01 2.009655827931301764e-02 3.071547785045592935e-02 1.125744602170279524e-01
-7.302895166032075558e+00 1.097185885566722252e+00 4.437269615982494808e-03 2.444410077890879496e-01 1.962987589499428503e-02 2.929303262345185621e-02 1.095144535461638896e-01
-7.228375827603216841e+00 1.097336505477030766e+00 4.450620559558457479e-03 2.443592136888170507e-01 1.901108550344000891e-02 2.779010929695309440e-02 1.106726895254489806e-01
-7.153856489174294175e+00 1.096846686279445926e+00 4.407272019083405268e-03 2.440271914256830765e-01 1.926099574006455775e-02 3.266173328552102878e-02 1.115161963811080320e-01
-7.079337150745365292e+00 1.097402362045933444e+00 4.456464003531362961e-03 2.443735974509972098e-01 1.862689503775429023e-02 2.953446207141733476e-02 1.115322387371957963e-01
-7.004817812316506576e+00 1.097359984994925375e+00 4.452703480705005878e-03 2.443666016334445912e-01 1.871550731843796625e-02 3.258544578156666316e-02 1.118117658199498377e-01
-6.930298473887574140e+00 1.098282974824742908e+00 4.534946521471114322e-03 2.440130079184698042e-01 1.828268914632517200e-02 3.046453820408431476e-02 1.141937551483528240e-01
-6.855779135458705653e+00 1.098266738597883929e+00 4.533493685818859587e-03 2.435197665401667155e-01 1.767160642091674186e-02 2.643806585190731917e-02 1.128806378174587594e-01
-6.781259797029846936e+00 1.097194796609945788e+00 4.438058966105135061e-03 2.434943662828641942e-01 1.551930512455387476e-02 2.501890235095077103e-02 1.179860139665927093e-01
-6.706740458600921606e+00 1.097312595100979227e+00 4.448499886513371249e-03 2.435997841784672824e-01 1.763480616485255809e-02 2.916177697012311068e-02 1.159004991723108502e-01
-6.632221120171971407e+00 1.097826787785506797e+00 4.494209614613942083e-03 2.437463115643288269e-01 1.700714690954777814e-02 2.783994564379346087e-02 1.169268411132541041e-01
-6.557701781743130454e+00 1.098416075158016314e+00 4.546864726098054366e-03 2.436314229814002807e-01 1.718857839068145196e-02 2.735366317218089829e-02 1.155198818045350545e-01
-6.483182443314197130e+00 1.099224194919669939e+00 4.619541286167566652e-03 2.432845913789195014e-01 1.704989650671446047e-02 3.049310918737093562e-02 1.144016703220385039e-01
-6.408663104885318873e+00 1.099292731159781322e+00 4.625729823315563594e-03 2.432863870365350734e-01 1.730087802644478256e-02 2.833415442950398475e-02 1.134725602171193504e-01
-6.334143766456386437e+00 1.100302927588734381e+00 4.717396979890708941e-03 2.432836728768546508e-01 1.867608271072130829e-02 2.924981474551429164e-02 1.125062713808502035e-01
-6.259624428027544596e+00 1.099307138432445541e+00 4.627031234505224466e-03 2.439872630992425684e-01 1.962990084959014350e-02 2.751962583847446936e-02 1.093015750811185127e-01
-6.185105089598595285e+00 1.098769314873576874e+00 4.578566058774283243e-03 2.444065646245236756e-01 1.797709983162453298e-02 2.979859479138915329e-02 1.094669200751017257e-01
-6.110585751169669066e+00 1.099313290205350180e+00 4.627586977440784066e-03 2.448805037873910684e-01 1.875934371719865587e-02 3.009365443303322826e-02 1.085031162310024500e-01
-6.036066412740800580e+00 1.099359553922932387e+00 4.631767383071791477e-03 2.444861625695445295e-01 1.940390085703171466e-02 3.207411579343408259e-02 1.107882451545303543e-01
-5.961547074311948968e+00 1.099115181371648209e+00 4.609705826194271383e-03 2.444900600382476363e-01 1.652774017109225058e-02 3.328896767641853494e-02 1.139052236629232023e-01
-5.887027735883016533e+00 1.099790347289431924e+00 4.670779023575877265e-03 2.440594577853218983e-01 1.849964164357868757e-02 3.351525554761783376e-02 1.130482663092774592e-01
-5.812508397454157816e+00 1.098762595094023631e+00 4.577962030735530097e-03 2.445101768070314929e-01 1.562745606553363892e-02 3.464708027679605506e-02 1.146479387276477802e-01
-5.737989059025221827e+00 1.098269752143484768e+00 4.533763324716083565e-03 2.451030661458460658e-01 1.824178694531350745e-02 3.599019112100449586e-02 1.159720914117969987e-01
-5.663469720596292944e+00 1.098138023586703760e+00 4.521983857894165681e-03 2.447942163733772825e-01 1.659045909980080835e-02 3.649123878718709552e-02 1.177793328634945402e-01
-5.588950382167428010e+00 1.098805088347180936e+00 4.581782296951136813e-03 2.442656608375969318e-01 1.733288946455513457e-02 3.369430978028382928e-02 1.163391468022133418e-01
-5.514431043738494687e+00 1.098635454748425389e+00 4.566540679016642401e-03 2.441780207263617164e-01 1.739364035661374389e-02 3.395783592427815273e-02 1.147743037329839733e-01
-5.439911705309626200e+00 1.099759342668536588e+00 4.667966192153580329e-03 2.439567364708534747e-01 1.762629735417468174e-02 3.948717213737464732e-02 1.134335605779200618e-01
-5.365392366880781694e+00 1.098597301761790490e+00 4.563115908157416856e-03 2.441038698866945800e-01 1.767306955149902312e-02 3.700939641357074705e-02 1.126186782740798836e-01
-5.290873028451849258e+00 1.099195833632424124e+00 4.616981517174906235e-03 2.446745907210236826e-01 1.934866378995175884e-02 3.879150844261384373e-02 1.139245293382944307e-01
-5.216353690022902612e+00 1.100778881537803899e+00 4.760878174413549213e-03 2.440857034131238279e-01 1.970183024016404494e-02 3.665898083428241472e-02 1.139845524491175655e-01
-5.141834351593970176e+00 1.101270136982321901e+00 4.805953312738420191e-03 2.443073310177560353e-01 1.868560160922180108e-02 3.743566251903202718e-02 1.150375713082926882e-01
-5.067315013165118565e+00 1.099195473892457864e+00 4.616949052853355773e-03 2.446357650563748543e-01 1.619089313491662782e-02 3.698390355120680095e-02 1.136606421586127125e-01
-4.992795674736256295e+00 1.099614654197667019e+00 4.654850133510815557e-03 2.446538428520157460e-01 1.633536183050182666e-02 3.629735569686128732e-02 1.103233688557466730e-01
-4.918276336307330965e+00 1.099468315203214308e+00 4.641602065325975413e-03 2.442560654015172028e-01 1.731289636389521033e-02 3.287869813415945225e-02 1.093302923898173407e-01
-4.843756997878458925e+00 1.098895856786566982e+00 4.589947650927739264e-03 2.442281441205754466e-01 1.793533699185870245e-02 3.196023606799693051e-02 1.106839924703165307e-01
-4.769237659449529154e+00 1.099479375000735448e+00 4.642602689934077764e-03 2.439780070069240137e-01 1.706886672765870611e-02 3.115792912078371030e-02 1.089521968714724093e-01
-4.694718321020593166e+00 1.099743662132412592e+00 4.666543909907880372e-03 2.440036601464860011e-01 1.909835376650005634e-02 3.169330647417153979e-02 1.118607326246406630e-01
-4.620198982591728232e+00 1.100807663591416574e+00 4.763513580575098882e-03 2.436651488521510978e-01 1.891581394387670603e-02 3.365084950760897919e-02 1.131930258424724278e-01
-4.545679644162792243e+00 1.101675210252453851e+00 4.843270501035890074e-03 2.437585580493774051e-01 2.084555094447008289e-02 3.227403420186557986e-02 1.140345562407863444e-01
-4.471160305733957507e+00 1.102287740587813314e+00 4.899956328304408415e-03 2.440155069009240507e-01 2.041331719190482563e-02 3.370401767963656509e-02 1.162857048960264511e-01
-4.396640967305085468e+00 1.100569159673387754e+00 4.741695798642059367e-03 2.443242364741793349e-01 1.908645296818859555e-02 3.218560867835389139e-02 1.136597000869514901e-01
-4.322121628876156585e+00 1.100129789675116987e+00 4.701626217394380691e-03 2.443912992318523769e-01 2.033897638920173154e-02 3.298623620848203930e-02 1.101517046568701169e-01
-4.247602290447206386e+00 1.099282486776671064e+00 4.624804551079261805e-03 2.445099631818130892e-01 1.735437259341881047e-02 3.394600289919394442e-02 1.150110790478174883e-01
-4.173082952018352110e+00 1.100484947970320482e+00 4.734003525802263357e-03 2.442165398824586442e-01 1.696583150437958043e-02 3.640816216713602810e-02 1.112699540133882392e-01
-4.098563613589416121e+00 1.099739235505003743e+00 4.666142435332559790e-03 2.441153959589418276e-01 1.881265861237867501e-02 3.526237826661215990e-02 1.162756328247447069e-01
-4.024044275160570727e+00 1.099867713092411714e+00 4.677801345079959927e-03 2.437722829069321195e-01 1.802974883055693395e-02 3.038428396680118576e-02 1.155770679292810466e-01
-3.949524936731634739e+00 1.098714044175834292e+00 4.573598993618144259e-03 2.442647353902704099e-01 1.689980972209303642e-02 2.912245649457175650e-02 1.132893440484011166e-01
-3.875005598302780019e+00 1.097837905696217975e+00 4.495200377273522729e-03 2.442678261613291102e-01 1.746045037812654285e-02 3.243331505652996549e-02 1.115622226043342796e-01
-3.800486259873830264e+00 1.098890004556724920e+00 4.589420989827383557e-03 2.438944899918855935e-01 1.863714020979374483e-02 3.047827653951095186e-02 1.116353714077296666e-01
-3.725966921444900937e+00 1.098681933374243469e+00 4.570714423367663870e-03 2.440238372667175304e-01 2.059495559053283603e-02 3.420980499277595510e-02 1.115524571700160228e-01
-3.651447583016022236e+00 1.097142379379605348e+00 4.433416736729881014e-03 2.445935793248033563e-01 2.140223691644217371e-02 3.182713059709272457e-02 1.108326911280328037e-01
-3.576928244587201267e+00 1.097102828802422492e+00 4.429915528176980866e-03 2.445794955898734635e-01 1.891954494604152978e-02 3.140087232326117805e-02 1.135804361608954011e-01
-3.502408906158265278e+00 1.097519501653089202e+00 4.466866683779324720e-03 2.440082423246558718e-01 2.016382410377738632e-02 3.268166949771356827e-02 1.105121253251131613e-01
-3.427889567729393239e+00 1.098200663385368037e+00 4.527583456836223319e-03 2.441661530780422640e-01 1.935641481047483195e-02 3.536815523406666023e-02 1.119685705007890664e-01
-3.353370229300457250e+00 1.098352214242574121e+00 4.541144594796195366e-03 2.445435848903650955e-01 1.893029038361085381e-02 3.444426644344680821e-02 1.129268794426605410e-01
-3.278850890871524371e+00 1.097776976062367682e+00 4.489771946637091671e-03 2.448682317355559135e-01 2.138665308977393334e-02 3.327208612312380215e-02 1.114524718530555819e-01
-3.204331552442649222e+00 1.097161385371471676e+00 4.435099701427303032e-03 2.451440091908927976e-01 1.934423521167695156e-02 3.609624031065233885e-02 1.086486265362231751e-01
-3.129812214013716343e+00 1.097920856013574475e+00 4.502595657489810721e-03 2.452510908269496526e-01 2.007274458842310191e-02 3.661943705121949166e-02 1.104900558465073540e-01
-3.055292875584878498e+00 1.098913221987788846e+00 4.591510568511827928e-03 2.449730281323733994e-01 2.007994030249998091e-02 3.595101570484866838e-02 1.103366732245790183e-01
-2.980773537156020225e+00 1.100021641751715018e+00 4.691787821186121921e-03 2.446270143523432972e-01 1.678614717183769464e-02 3.441630127082083435e-02 1.075318449541860372e-01
-2.906254198727084237e+00 1.098384389695948204e+00 4.544026182607421860e-03 2.453570441360140020e-01 1.715255606972231756e-02 3.276739254780379473e-02 1.113219212444749445e-01
-2.831734860298138035e+00 1.099423738907284953e+00 4.637570093391177317e-03 2.451197634968184103e-01 1.580230305179662620e-02 3.103331778623502971e-02 1.144861237433840995e-01
-2.757215521869201602e+00 1.099106244105328978e+00 4.608899921179868131e-03 2.452133136619255582e-01 1.692825378568014322e-02 3.181542166128663307e-02 1.136381782304008436e-01
-2.682696183440343329e+00 1.100227950684871336e+00 4.710564453943300034e-03 2.445304797537239394e-01 1.791594046464469597e-02 3.008128041655824814e-02 1.109005916422960009e-01
-2.608176845011505485e+00 1.099858448780101527e+00 4.676960183315342912e-03 2.446489924820762496e-01 1.642511796718535561e-02 3.073676252550187893e-02 1.106690601504287663e-01
-2.533657506582576158e+00 1.100572838276966392e+00 4.742031952181521848e-03 2.440904218535229486e-01 1.939432027320694280e-02 3.129654110618027008e-02 1.107989042322909123e-01
-2.459138168153697457e+00 1.101342228339381002e+00 4.812584802033351150e-03 2.441696094632323233e-01 2.052994331346389562e-02 3.585348170316905031e-02 1.123539656651455915e-01
-2.384618829724764577e+00 1.101107003029464071e+00 4.790962881889099245e-03 2.438616798117108908e-01 2.123889389681827070e-02 3.453398233439081838e-02 1.162007119400767091e-01
-2.310099491295825036e+00 1.099238844366222878e+00 4.620863743554554093e-03 2.444470995670206259e-01 2.087669092582440655e-02 3.513637822572952124e-02 1.144643523183720701e-01
-2.235580152866953441e+00 1.099238352756994663e+00 4.620819361369543632e-03 2.443343282540187400e-01 2.128685618597845816e-02 3.761613048308224544e-02 1.194128951933444011e-01
-2.161060814438013900e+00 1.099083970182013426e+00 4.606891690224823588e-03 2.440735571200551290e-01 1.970426909495097759e-02 3.982854698758384049e-02 1.157031134520701832e-01
-2.086541476009206253e+00 1.097862030798063548e+00 4.497350616848014293e-03 2.440262644927138347e-01 1.957457800492617625e-02 3.780479396130047298e-02 1.142640425044978147e-01
-2.012022137580320891e+00 1.096150581203046093e+00 4.346010505966266257e-03 2.444198668024118171e-01 1.945800650288842179e-02 3.925834658774159797e-02 1.142558810655644325e-01
-1.937502799151391786e+00 1.097177453702080419e+00 4.436522772768958234e-03 2.440890061063963057e-01 2.048170900393092228e-02 3.788834785607651107e-02 1.108250667682373208e-01
-1.862983460722438478e+00 1.098960301578861376e+00 4.595749122031547729e-03 2.434405985740457357e-01 1.795678621688524823e-02 3.954046207413468988e-02 1.156460906971777391e-01
-1.788464122293573544e+00 1.100618505580090112e+00 4.746205994614643986e-03 2.429496708573337382e-01 1.829222368345803651e-02 3.824454284965809331e-02 1.151627779630240017e-01
-1.713944783864637333e+00 1.100753116669675791e+00 4.758519614392942021e-03 2.432756265494276093e-01 1.543889362784888787e-02 3.609445168814644223e-02 1.127282330066880223e-01
-1.639425445435819917e+00 1.102097221698441709e+00 4.882291902291488461e-03 2.432582342878971127e-01 1.718958278521167532e-02 3.404929196217890142e-02 1.127465181787713905e-01
-1.564906107006883706e+00 1.102150573585404469e+00 4.887235541245718573e-03 2.432968768720994990e-01 1.831786761391994423e-02 3.742260127374275741e-02 1.131034649302710138e-01
-1.490386768578018550e+00 1.101315944687148773e+00 4.810166543492561120e-03 2.434445659869262923e-01 1.833635040365474977e-02 3.738609648881445480e-02 1.116814318233505937e-01
-1.415867430149065465e+00 1.100810153638433597e+00 4.763741611907540419e-03 2.434393881549087590e-01 1.848242486742246796e-02 3.593993221815992151e-02 1.120800152047831816e-01
-1.341348091720129254e+00 1.101743680957017357e+00 4.849591693440166718e-03 2.434631886792535393e-01 1.910063148487954610e-02 3.424015352810907270e-02 1.132054458491015270e-01
-1.266828753291250775e+00 1.102985126620405598e+00 4.964870918283320611e-03 2.433863703976008597e-01 1.603754036731331808e-02 3.330668346839167626e-02 1.139818661505616337e-01
-1.192309414862446681e+00 1.103362169538215642e+00 5.000133625754937805e-03 2.439236201785118796e-01 1.695866641073217815e-02 3.415282120622888107e-02 1.142912627954103394e-01
-1.117790076433510693e+00 1.103716933640795261e+00 5.033419349853254787e-03 2.435130464676420747e-01 1.469385386695006360e-02 3.462322529869053117e-02 1.123580593204622363e-01
-1.043270738004631992e+00 1.102307095767040446e+00 4.901752562995839724e-03 2.440848640502559785e-01 1.830555079900916815e-02 3.148325374232685547e-02 1.134108614879391075e-01
-9.687513995756924512e-01 1.101882600608046880e+00 4.862428575920674234e-03 2.444854177218208635e-01 1.840364255139412264e-02 3.624318185362063877e-02 1.135654740627100590e-01
-8.942320611467596825e-01 1.101806617960786605e+00 4.855405423175446211e-03 2.445433880288590822e-01 1.935673948833364563e-02 3.870965247045856511e-02 1.150989961386174598e-01
-8.197127227178743203e-01 1.101461309100497665e+00 4.823548103550276411e-03 2.442557162679291904e-01 1.912902550408216579e-02 3.542478720165854328e-02 1.160604318992350253e-01
-7.451933842889381099e-01 1.101214779236232344e+00 4.800864011797856268e-03 2.444766296543814665e-01 1.994598673435581115e-02 3.148310326886275684e-02 1.113480775339020928e-01
-6.706740458601240240e-01 1.100966259249676282e+00 4.778047528512296971e-03 2.446635845099112694e-01 1.866518634840637347e-02 2.804752437634418921e-02 1.117746891182586910e-01
-5.961547074312623096e-01 1.101299944386783025e+00 4.808694695813825470e-03 2.442378645036721863e-01 1.758734655116249782e-02 2.931199382284862751e-02 1.145180007109523473e-01
-5.216353690023194378e-01 1.100157229312362039e+00 4.704123983865590719e-03 2.445263821583805175e-01 1.936372893692097502e-02 3.217897133159919321e-02 1.112318943642390534e-01
-4.471160305733730689e-01 1.100765710691280264e+00 4.759672424186650597e-03 2.441889762945803066e-01 1.822143910774139466e-02 3.180961446071533388e-02 1.100776780476088873e-01
-3.725966921444300861e-01 1.099934110995354652e+00 4.683832080184371915e-03 2.447291306870535421e-01 1.747599366703437088e-02 3.351664899201528547e-02 1.137565101894461445e-01
-2.980773537155650965e-01 1.101661853796525703e+00 4.842037887751921010e-03 2.441813166173811001e-01 1.839618448361560535e-02 3.355773406161256106e-02 1.150268614347805252e-01
-2.235580152867543136e-01 1.101377209787277600e+00 4.815804194995443321e-03 2.440204143580758933e-01 1.871287224815687197e-02 3.248461889121528889e-02 1.151316941880132366e-01
-1.490386768578215171e-01 1.100658453261043057e+00 4.749858668892589786e-03 2.439979980923248359e-01 1.721548241288135481e-02 3.343898020420911499e-02 1.155171304373051044e-01
-7.451933842893616877e-02 1.100935450751424627e+00 4.775222566595377360e-03 2.435992422794899248e-01 1.880465069542517145e-02 3.318679945574120466e-02 1.164526209602483459e-01
0.000000000000000000e+00 1.099859284045604513e+00 4.677036019105573761e-03 2.436407710466545473e-01 1.851088290785733378e-02 3.486082148643956241e-02 1.164007435960088127e-01
