0.000000000000000000e+00 1.989164846480877769e+00 3.014499709679701045e-01 2.832960567724232348e+01 3.223451001586921660e-02 7.956914162505480947e-02 5.555390578106631644e-02
8.062857333067433019e-02 1.967973237303721978e+00 2.909690376971622028e-01 2.739801496224232835e+01 3.196563581802455700e-02 8.260937376704324819e-02 5.388366238045123879e-02
1.609359172855277798e-01 1.948288643752586813e+00 2.813372750980083215e-01 2.656932645691779271e+01 3.038145640285769278e-02 8.438439809099740341e-02 4.900758193921397887e-02
2.412432612403811738e-01 1.926695647980392279e+00 2.708892118729928633e-01 2.575667049995317726e+01 2.794677217989426435e-02 8.668081594360046993e-02 5.170398485669006755e-02
3.215506051952354838e-01 1.906538246386388469e+00 2.612490852249788054e-01 2.500040681490165184e+01 2.619968552207214627e-02 8.828597656741100919e-02 4.907701735552517930e-02
4.018579491500879897e-01 1.886149051430478840e+00 2.516118398910114351e-01 2.431116358320705828e+01 2.488712491827170525e-02 9.117334213620448269e-02 4.783918611567232471e-02
4.821652931049426605e-01 1.867291732279406258e+00 2.428026226801104359e-01 2.365237601130816003e+01 2.223133970020572947e-02 9.198246639215407194e-02 4.884310945251205127e-02
5.624726370598052139e-01 1.847255791527819380e+00 2.335546096300799013e-01 2.301126195786621764e+01 1.947006047274023322e-02 9.410001499205666864e-02 4.961884972527282056e-02
6.424587516388509112e-01 1.827607585721020778e+00 2.245998043764412255e-01 2.242590100624645899e+01 1.542698463927036877e-02 9.547667205100734966e-02 4.808343651217701631e-02
7.227660955937199594e-01 1.807268523114089254e+00 2.154519209314567085e-01 2.183727962105388087e+01 1.551539567997788777e-02 9.702147993627426026e-02 4.565649541212355583e-02
8.030734395485872312e-01 1.788950356587900581e+00 2.073213016984878365e-01 2.132158844034342593e+01 1.550744547123548978e-02 9.971403655295064949e-02 4.421193721681901390e-02
8.833807835034553912e-01 1.769708315805215593e+00 1.988935761297773164e-01 2.082587622051746834e+01 1.443375694346794164e-02 1.019411294501195719e-01 4.288377219603222573e-02
9.636881274583221080e-01 1.750187714518301796e+00 1.904646668963753120e-01 2.033025526250533943e+01 1.301934700483092615e-02 1.013454646239423662e-01 4.019105142437709444e-02
1.043995471413186493e+00 1.731515710923578366e+00 1.825185525129635611e-01 1.985182317718912159e+01 1.106468337638136581e-02 1.041606019316584225e-01 3.943713772132424744e-02
1.124302815368027231e+00 1.713258324892491524e+00 1.748613142974941859e-01 1.940927364029924007e+01 9.276825704544636869e-03 1.067120230454021573e-01 4.146575191622069861e-02
1.204610159322861529e+00 1.695508570346553778e+00 1.675258330151984110e-01 1.898765271198220006e+01 8.416910476879830433e-03 1.087540240333191993e-01 3.987619734062414906e-02
1.284917503277701156e+00 1.677635378465081262e+00 1.602500893449378960e-01 1.858389642590953272e+01 7.739759018762358556e-03 1.093066788838850667e-01 3.833446137060441544e-02
1.365224847232539673e+00 1.661056593034039519e+00 1.536026913192261034e-01 1.820913103571750469e+01 5.352958993605334836e-03 1.083862190634836686e-01 3.679871166174013969e-02
1.445853420563201874e+00 1.643578820776390392e+00 1.467027487069675895e-01 1.783525437916671663e+01 3.362494849460548937e-03 1.080026685781168144e-01 3.745772482552373744e-02
1.526160764518043278e+00 1.627697647060851516e+00 1.405311172072790660e-01 1.750304930105991019e+01 3.318857889017828681e-03 1.092446059895544330e-01 3.592704974461507356e-02
1.606468108472875356e+00 1.611599033494467870e+00 1.343721588775946274e-01 1.716142202906700831e+01 2.598155211234744102e-03 1.085522848097635606e-01 3.419978464111458893e-02
1.686775452427718980e+00 1.596158073521283027e+00 1.285585358384543908e-01 1.684492367270464186e+01 7.474668787838245881e-04 1.096821021222248727e-01 3.146695714196682397e-02
1.767082796382555721e+00 1.579757263396185163e+00 1.224860589216321682e-01 1.654760303295593005e+01 1.565462909787687130e-03 1.123393453313427659e-01 3.464390310885717694e-02
1.847390140337398901e+00 1.564651618896754082e+00 1.169884274191202445e-01 1.626723523958735385e+01 5.347230843615390994e-04 1.145586064482780608e-01 3.243884758596621287e-02
1.927697484292235197e+00 1.550712664915371741e+00 1.119980558360380574e-01 1.600291429549266198e+01 -3.484110990727418405e-04 1.178993890518306581e-01 3.076173256831115158e-02
2.008004828247080820e+00 1.537293037126192141e+00 1.072699354876199274e-01 1.574551822707728022e+01 6.886845424307608526e-04 1.175294580261564692e-01 2.877125712259548732e-02
2.088312172201943095e+00 1.521814012909256109e+00 1.019109600764643853e-01 1.549221677143482978e+01 9.100458358642594047e-05 1.183163756232674529e-01 2.572712123060590106e-02
2.168619516156831573e+00 1.508074047346020352e+00 9.724067595116719920e-02 1.525715213112984969e+01 -1.298960908223308888e-03 1.203275329109685515e-01 2.673936979155674618e-02
2.248926860111734705e+00 1.493815771462912112e+00 9.248200462969058400e-02 1.502153950399811499e+01 -9.099081850664180989e-04 1.213505664321706118e-01 2.702522129302170964e-02
2.328912974690803495e+00 1.481258805302954951e+00 8.836653491099516478e-02 1.481812463298662585e+01 -2.276845124769368879e-03 1.232291406394208644e-01 2.912737789825179530e-02
2.409220318645707515e+00 1.467883036269407082e+00 8.406178481714871031e-02 1.460496227668860492e+01 -2.295772191962621757e-03 1.229139419564037328e-01 2.987925555145121148e-02
2.489527662600599989e+00 1.454114655448423887e+00 7.971742425451522340e-02 1.438866967637595984e+01 -2.656190253240871095e-03 1.236428492612198782e-01 2.730048924078834482e-02
2.569835006555490686e+00 1.440940702698785492e+00 7.564453663302644904e-02 1.417921537219117667e+01 -4.273897906267623038e-03 1.240222897177622602e-01 3.070907256293225682e-02
2.650142350510395595e+00 1.427821035208262090e+00 7.167150462917448728e-02 1.398397742315279757e+01 -4.614040876110974375e-03 1.253489719803159708e-01 2.840902756880737956e-02
2.730449694465284960e+00 1.416371196313305214e+00 6.827309110653034807e-02 1.382141643771227990e+01 -4.191158197845340320e-03 1.262589964958479583e-01 2.863107154151765463e-02
2.810757038420188092e+00 1.403522100100625725e+00 6.453723698468821768e-02 1.363209001789721952e+01 -5.542732060756054568e-03 1.259554077252531545e-01 2.807491486888451585e-02
2.891064382375080566e+00 1.392350924846062377e+00 6.135729352348173737e-02 1.346589565775773778e+01 -7.073429068944623449e-03 1.247726056330746014e-01 2.983070447232070294e-02
2.971371726329974816e+00 1.380998269922028454e+00 5.819164826754191777e-02 1.330511560117216163e+01 -6.617026875092969253e-03 1.253562502429239611e-01 2.935685187495410547e-02
3.051679070284872619e+00 1.370156655924093414e+00 5.523157523137511848e-02 1.314664736651332611e+01 -5.280305388534694763e-03 1.240058340985035895e-01 2.832645095354145715e-02
3.131986414239767313e+00 1.359083611452593265e+00 5.227295392844832911e-02 1.298379243385140747e+01 -6.723113818571443447e-03 1.245505791652021382e-01 2.886155195175953495e-02
3.212293758194671778e+00 1.349819907158197108e+00 4.984872571175041900e-02 1.284487531165874152e+01 -8.203698674153702200e-03 1.244247237661161576e-01 2.909425840806886127e-02
3.292601102149567360e+00 1.340408228279095670e+00 4.743401274257125211e-02 1.271164976252931389e+01 -9.096893581952193025e-03 1.237869767924356379e-01 2.588050686012393145e-02
3.372908446104450952e+00 1.330918198296845656e+00 4.504911960286117623e-02 1.258390012909465661e+01 -9.867422572685680821e-03 1.230739970419639090e-01 2.213775724653034571e-02
3.453215790059358525e+00 1.321451902506113552e+00 4.272084424238509204e-02 1.245239543159015838e+01 -1.086024106102565986e-02 1.234827214544551716e-01 2.246723508509147760e-02
3.533523134014254996e+00 1.312262760240171078e+00 4.050981519724772273e-02 1.233010390613091189e+01 -1.079914405108508592e-02 1.221771423212719004e-01 2.038874355911603209e-02
3.613830477969144805e+00 1.303558808911958522e+00 3.846073938023814032e-02 1.222027827945283818e+01 -1.114553415183193799e-02 1.232803545325979189e-01 1.957187085204281293e-02
3.694137821924041720e+00 1.295723666895903570e+00 3.665431168816263297e-02 1.211847328182676797e+01 -1.182469318193698701e-02 1.248302811915951993e-01 1.872463537542531226e-02
3.774445165878949737e+00 1.288309278946898617e+00 3.497855668377031213e-02 1.202922634425540771e+01 -1.164909929916618271e-02 1.251374405578300486e-01 1.736406284802339064e-02
3.854752509833830221e+00 1.278978640713412496e+00 3.291681824566652925e-02 1.191923754163215499e+01 -1.324007328181688037e-02 1.265778440331610522e-01 1.857578000946886673e-02
3.935059853788728024e+00 1.270530737329901294e+00 3.109602074733969213e-02 1.181597060364363649e+01 -1.376704230336970106e-02 1.264338153903158957e-01 1.761824757458289870e-02
4.015367197743634264e+00 1.261493984751143493e+00 2.919726399398173133e-02 1.169973387320705704e+01 -1.241222934108982164e-02 1.281748446144216069e-01 1.906347095675026138e-02
4.095674541698532956e+00 1.252357929133953274e+00 2.732981142389154239e-02 1.158717865177784923e+01 -1.412453290224149373e-02 1.284429025720073003e-01 1.938452193336060586e-02
4.175981885653333947e+00 1.244233983786779962e+00 2.571391729571675944e-02 1.149665029702724084e+01 -1.460781190978770530e-02 1.271741951993337616e-01 1.853063144563379949e-02
4.256289229608103852e+00 1.235610371752895453e+00 2.404529562346041649e-02 1.139427830520902063e+01 -1.536077090255957497e-02 1.266232803650655658e-01 2.104640670174853789e-02
4.336596573562887080e+00 1.227690786477756868e+00 2.255579100293245154e-02 1.131380435952536345e+01 -1.701680333146953633e-02 1.245640235771871274e-01 1.957603241959626414e-02
4.416903917517679190e+00 1.221329966481970342e+00 2.138956504343941800e-02 1.124064792580119487e+01 -1.562964111181302726e-02 1.231339285997914007e-01 1.924286484612948780e-02
4.497211261472464194e+00 1.213800171789567228e+00 2.004409583958610686e-02 1.115289985626002078e+01 -1.499442062441460125e-02 1.188687338081667044e-01 1.878271250780797624e-02
4.577518605427231435e+00 1.206791327044002049e+00 1.882628550553802627e-02 1.107599972467772531e+01 -1.559107176324073599e-02 1.165392001273675149e-01 1.934533545703003010e-02
4.657825949382015551e+00 1.199860475305933427e+00 1.765519585031530281e-02 1.099344585862511892e+01 -1.531577730195411192e-02 1.169480536435572315e-01 1.837137852755907352e-02
4.738133293336807661e+00 1.192918532644490215e+00 1.651567966890396533e-02 1.092168352332254599e+01 -1.560064106451123506e-02 1.174536493886527977e-01 1.866176177126732325e-02
4.818440637291593553e+00 1.185656524561612857e+00 1.535987422609610964e-02 1.084881101123901459e+01 -1.671081365627800214e-02 1.178111308000448082e-01 1.503842108665025094e-02
4.898747981246359018e+00 1.178398850100199402e+00 1.424223974888677580e-02 1.077275037552116821e+01 -1.635192302705214956e-02 1.176183242162153475e-01 1.647652302978616298e-02
4.979055325201144022e+00 1.172499834712386946e+00 1.336175434434516696e-02 1.071196812053854508e+01 -1.548993243331665999e-02 1.162418955745067178e-01 1.777382973861239834e-02
5.059362669155936132e+00 1.167508501343040184e+00 1.263650914436179051e-02 1.066178455088813948e+01 -1.473962619476903296e-02 1.135285054379285147e-01 1.980252095258107012e-02
5.139991242486546597e+00 1.162876107559293937e+00 1.197976802122038831e-02 1.061703563682601192e+01 -1.564897107400459869e-02 1.118393814584471291e-01 2.124206415857604266e-02
5.220298586441311173e+00 1.157687599280383672e+00 1.126303262208444567e-02 1.056183936892108299e+01 -1.533720727320240715e-02 1.103992786123667302e-01 1.903783289222600247e-02
5.300605930396097065e+00 1.152029839689723723e+00 1.050437524304767556e-02 1.050456866210108231e+01 -1.510306332575371384e-02 1.096617914562166424e-01 1.894639382940235817e-02
5.380913274350888287e+00 1.147402290522883117e+00 9.901781066901843564e-03 1.045764573847433176e+01 -1.416663224821133535e-02 1.091280707371865555e-01 1.577299462183861731e-02
5.461220618305675956e+00 1.142284449557971593e+00 9.254289166114232357e-03 1.040984324761859625e+01 -1.469565991787356168e-02 1.058492086740236010e-01 1.526415470910569110e-02
5.541527962260439644e+00 1.137135808766758682e+00 8.623156305679613443e-03 1.035733238495170205e+01 -1.419220679528516472e-02 1.070587320276808335e-01 1.709138983917977278e-02
5.621835306215229089e+00 1.133423670682493833e+00 8.180821479385425032e-03 1.031796375365050089e+01 -1.514264616641906522e-02 1.084133884313431967e-01 1.508540274274009635e-02
5.702142650170017646e+00 1.129943756628482010e+00 7.775898038093115305e-03 1.028915127871256985e+01 -1.618650919524006887e-02 1.072468554387632222e-01 1.423552206621328010e-02
5.782449994124800874e+00 1.124760535510515247e+00 7.190379835453675206e-03 1.023819072914054118e+01 -1.690111609116850752e-02 1.063047151614886082e-01 1.301789579919539544e-02
5.862757338079572556e+00 1.120392503751026725e+00 6.713430059501396263e-03 1.020743594005198318e+01 -1.766086893414503187e-02 1.052568760434301476e-01 1.331703156949352700e-02
5.943064682034354007e+00 1.116016251372613066e+00 6.250825357681455419e-03 1.016757873231291498e+01 -1.761054928165858846e-02 1.055788228162889142e-01 1.298985629421537877e-02
6.023372025989139011e+00 1.110842929365458920e+00 5.723806411594145604e-03 1.011555424389293734e+01 -1.822502309389315706e-02 1.053702555179716754e-01 1.133624813987132995e-02
6.103679369943933786e+00 1.106964880755480163e+00 5.342952233682585206e-03 1.008710201456123023e+01 -1.826171157445254101e-02 1.052500469162464536e-01 1.076377229106821425e-02
6.183986713898696586e+00 1.103565350826721359e+00 5.019184454873232282e-03 1.006026956387259830e+01 -1.761473637051680363e-02 1.045169003211858655e-01 7.580894968096341287e-03
6.264294057853491360e+00 1.101089166204902270e+00 4.789325181466533299e-03 1.004443629416095440e+01 -1.738020519114734375e-02 1.048688621252316377e-01 8.999978184286992408e-03
6.344601401808276364e+00 1.097186706493533670e+00 4.437342331834306930e-03 9.996400674585926183e+00 -1.739429909629900892e-02 1.038266763695408906e-01 1.149082598937336760e-02
6.424908745763053375e+00 1.093827639009971264e+00 4.144498601857907194e-03 9.969191293039653345e+00 -1.699167408836482415e-02 1.026897909446364970e-01 1.389206585674718913e-02
6.505216089717834826e+00 1.090619075533587612e+00 3.873581315194066232e-03 9.947090902050597094e+00 -1.773756868388682781e-02 1.015469604591554831e-01 1.487848321909550006e-02
6.585523433672611837e+00 1.087538710823815480e+00 3.621631316811313450e-03 9.923698915146504262e+00 -1.804613652852669892e-02 1.006935946977277757e-01 1.697935933698560551e-02
6.665830777627392401e+00 1.084501929076187698e+00 3.381099022864555992e-03 9.898203466785679083e+00 -1.767451594424748404e-02 1.011578292436024068e-01 1.478419021307938661e-02
6.746138121582192504e+00 1.082193861652908096e+00 3.203527542932738115e-03 9.880063771535134265e+00 -1.760235695105622292e-02 1.023076853538668896e-01 1.427797847647772900e-02
6.826445465536951751e+00 1.079283554238321230e+00 2.986108938472620267e-03 9.858737978754055220e+00 -1.881589330565190676e-02 1.006193336566457430e-01 1.175432764114144220e-02
6.906752809491752743e+00 1.077689775272995698e+00 2.870122242129027890e-03 9.840745051087425921e+00 -1.834122504880750931e-02 1.013223657177039910e-01 1.172004848849480564e-02
6.987060153446533306e+00 1.075666969897790759e+00 2.726063595473240952e-03 9.826562192677929630e+00 -1.820450445206747009e-02 1.003264319022938306e-01 9.972526672431765438e-03
7.067367497401307652e+00 1.073051542628453259e+00 2.545044133161145083e-03 9.812525760807677244e+00 -1.894799912209357839e-02 9.989492978444967919e-02 1.176568893945046518e-02
7.147674841356096209e+00 1.071253993569201812e+00 2.424074693717664930e-03 9.801442237719532713e+00 -1.760723227272882260e-02 9.858037130843676221e-02 1.170771373394454036e-02
7.227982185310868779e+00 1.069243911181723794e+00 2.292137548881731379e-03 9.794100828274451942e+00 -1.728694062855313379e-02 9.901481743318135686e-02 1.157213598226175706e-02
7.308289529265646678e+00 1.067788658500025578e+00 2.198822843503256408e-03 9.798818475550760354e+00 -1.826623214283439045e-02 9.820900776287418144e-02 1.308543945500829919e-02
7.388596873220451222e+00 1.064674185735885015e+00 2.005362266777721558e-03 9.771296506297320050e+00 -1.858022274262410151e-02 9.799693111514434785e-02 1.145243593598043591e-02
7.468904217175208693e+00 1.063129554268559485e+00 1.912586259249123011e-03 9.758175041640750891e+00 -1.965922744484240037e-02 1.001196023067726648e-01 1.258751945067044208e-02
7.549211561130015014e+00 1.060726272862877462e+00 1.772436277776075209e-03 9.740893804342389828e+00 -1.981987029414492701e-02 1.017711443100818708e-01 1.361602866490532922e-02
7.629518905084791136e+00 1.057742648671858188e+00 1.605588045487188475e-03 9.717053948584183587e+00 -2.028603113627102175e-02 1.016716522564566072e-01 1.457320877777520604e-02
7.709826249039561930e+00 1.054776533944628669e+00 1.447605619040032154e-03 9.693307100308327762e+00 -2.011445027625730769e-02 1.035909064807929575e-01 1.333194989542771727e-02
7.790133592994355816e+00 1.051568198983820812e+00 1.285626168647281686e-03 9.669168922043196446e+00 -2.110538327686218088e-02 1.028759043995914474e-01 1.322143207631912981e-02
7.870440936949126609e+00 1.050079657530825106e+00 1.213631923873186025e-03 9.664621044186057830e+00 -2.122816289842472531e-02 1.000890160167863807e-01 1.314682919600133199e-02
7.950748280903900955e+00 1.048869269905972512e+00 1.156571798512036342e-03 9.657892546988811944e+00 -2.186534213842102059e-02 1.000283494137314266e-01 1.360424033098318192e-02
8.031055624858710829e+00 1.047957789811997609e+00 1.114481621232031594e-03 9.653607956630185782e+00 -2.158400731797438174e-02 9.932268477311444188e-02 1.173506775417334363e-02
8.111362968813466523e+00 1.045689619878645171e+00 1.013028786672552639e-03 9.632195991727284579e+00 -2.286530373981659689e-02 9.499911896579264770e-02 1.449903626987176543e-02
8.191670312768275508e+00 1.043535937937127844e+00 9.210511894610431960e-04 9.612086669237513092e+00 -2.255300196387022282e-02 9.471236014535400205e-02 1.379711518972876090e-02
8.271977656723048966e+00 1.041954640877503335e+00 8.562293215540611735e-04 9.603946076227193984e+00 -2.083009773815616000e-02 9.526743930570695518e-02 1.249623976462982400e-02
8.352285000677817095e+00 1.040883640952863232e+00 8.136337894922504588e-04 9.598978168995040861e+00 -1.927521175722102242e-02 9.631714089278257951e-02 1.208200451466694830e-02
8.432592344632615422e+00 1.040033893695792022e+00 7.805909814485242904e-04 9.593513700053161841e+00 -1.924885404722608342e-02 9.799379273144893931e-02 1.127746678638988712e-02
8.512899688587385327e+00 1.039207222756219684e+00 7.490861018287497952e-04 9.591093915199035536e+00 -2.011438207239199527e-02 9.875732215764523869e-02 1.174114618374015595e-02
8.593207032542157009e+00 1.038261960025497421e+00 7.138371549832156493e-04 9.585533998817385992e+00 -2.093833959423069616e-02 9.879161415427173409e-02 1.174443697751234757e-02
8.673514376496969547e+00 1.036893071513550257e+00 6.642608772525551708e-04 9.577386250424281045e+00 -2.175460083514946588e-02 9.711346092208854308e-02 1.211550500680716111e-02
8.753821720451721689e+00 1.035622014948745395e+00 6.197881211417455294e-04 9.566601826701262468e+00 -2.178076728223046765e-02 9.668759085127591468e-02 1.291687022484986139e-02
8.834129064406536003e+00 1.034023341835723864e+00 5.659916950716617490e-04 9.556556719606128070e+00 -2.301098420768888167e-02 9.589943777986263684e-02 1.163185763212665029e-02
8.914436408361307684e+00 1.032133720862840054e+00 5.054877180206626686e-04 9.538645621830657007e+00 -2.249682944527469849e-02 9.569194831048051519e-02 1.205617104714468840e-02
8.994743752316072261e+00 1.030976849737055723e+00 4.700991375949162276e-04 9.533715499609028754e+00 -2.188873250726267386e-02 9.563739035867228899e-02 1.203258976468249246e-02
9.075051096270874140e+00 1.029161650449028853e+00 4.171112325450053449e-04 9.509509053545231794e+00 -2.171390597271504949e-02 9.427341681265501150e-02 1.141623896664888116e-02
9.155358440225642269e+00 1.028084740111434581e+00 3.871444607788827874e-04 9.499394485245282738e+00 -2.209978313688806470e-02 9.338237937081798890e-02 1.261475543281041778e-02
9.235665784180410398e+00 1.027204944595142999e+00 3.634769896730533079e-04 9.497154051470070968e+00 -2.210508446163355831e-02 9.323196528001405359e-02 1.342259490936667174e-02
9.315973128135226489e+00 1.025748375996951678e+00 3.259068928000014020e-04 9.478705683525372905e+00 -2.247733575272528594e-02 9.270337599920490390e-02 1.329073414187532248e-02
9.396280472089980407e+00 1.025758950171657968e+00 3.261723792832467439e-04 9.483758650605858875e+00 -2.124800947730893369e-02 9.329359553006823236e-02 1.290473155156451716e-02
9.476587816044796497e+00 1.025129933304505192e+00 3.105645485186360466e-04 9.482044559154829244e+00 -2.104756032723675493e-02 9.113950089123690201e-02 1.185342605032096985e-02
9.556895159999564626e+00 1.024309309878605578e+00 2.907684440303232032e-04 9.478646755058765194e+00 -2.104175905233448760e-02 9.037220644898572020e-02 1.204895839968307160e-02
9.637202503954327426e+00 1.022946811935208533e+00 2.593185605605438648e-04 9.463626803885897942e+00 -2.019454198203071010e-02 9.083891113118026939e-02 1.238671595418576118e-02
9.717509847909134635e+00 1.022255656817304015e+00 2.440428773574851440e-04 9.459683840379673470e+00 -1.995404841892702702e-02 9.122593821817226445e-02 9.792026013862554015e-03
9.797817191863899211e+00 1.021108466380524105e+00 2.196974042194127508e-04 9.450358004871729278e+00 -1.905112842654035216e-02 9.154595235196018310e-02 1.050533565380455496e-02
9.878124535818665564e+00 1.019547929413254783e+00 1.886068196800677610e-04 9.437962109282528544e+00 -1.927100424985644239e-02 9.115982483687595783e-02 1.198174538101470961e-02
9.958431879773485207e+00 1.019023512136490117e+00 1.786844265815705490e-04 9.434686763660327102e+00 -1.849249193015589307e-02 9.098764461934315262e-02 1.368546848766826265e-02
1.003873922372823735e+01 1.018575675393420532e+00 1.704206407662119116e-04 9.434527799270396642e+00 -1.853674223634334955e-02 9.139669203484775128e-02 1.404683692046536890e-02
1.011904656768305344e+01 1.017659557400454995e+00 1.541181897615796770e-04 9.429802460617072057e+00 -1.847810537428106956e-02 8.933966515846662737e-02 1.414457689800051668e-02
1.019935391163782157e+01 1.017389117869028636e+00 1.494605399234190390e-04 9.436456015590776403e+00 -1.883535137883758301e-02 9.047943797433365132e-02 1.235882056694765675e-02
1.027966125559258614e+01 1.015911465653719814e+00 1.252603989556413944e-04 9.423924688844968145e+00 -1.868251034528601792e-02 8.956117637338815995e-02 1.286789216012779354e-02
1.035996859954739335e+01 1.014789445909302978e+00 1.082973886028949090e-04 9.419605398502788773e+00 -1.921037574026509404e-02 8.901203522960166037e-02 1.437686966293162671e-02
1.044027594350215793e+01 1.014265523188511819e+00 1.007951102484066358e-04 9.420112536467646791e+00 -1.929436919435522160e-02 8.761432616585203281e-02 1.177876739067863950e-02
1.052058328745692073e+01 1.014450828154986439e+00 1.034180897934618149e-04 9.429462303688570302e+00 -1.855376023856861178e-02 8.931561014735311943e-02 1.370016035201840864e-02
1.060089063141174215e+01 1.013510310029851036e+00 9.045047325257314641e-05 9.423681867233085541e+00 -1.855258035585662449e-02 8.793991968200674803e-02 1.403389063542530638e-02
1.068119797536649429e+01 1.012487637335789170e+00 7.732745050189129832e-05 9.420864545478448093e+00 -1.887738992907921770e-02 9.014919955463503165e-02 1.386684040944217988e-02
1.076150531932131571e+01 1.013216910080253497e+00 8.658129892255735094e-05 9.427179959600460180e+00 -1.912930803416028683e-02 8.961828668025736966e-02 1.485127762311708004e-02
1.084181266327607496e+01 1.012392267061561268e+00 7.615562635620090615e-05 9.423181917918357797e+00 -1.793774885132842431e-02 9.045826896959241470e-02 1.227026155080325476e-02
1.092212000723084309e+01 1.011886112011818772e+00 7.008501709727943396e-05 9.425740008052095220e+00 -1.783923931506804436e-02 8.985176080763922213e-02 1.214367576936203029e-02
1.100242735118565029e+01 1.011904439856474935e+00 7.030046900633434015e-05 9.428308524676751290e+00 -1.753936268022905295e-02 9.048766175384144461e-02 1.153368223776431341e-02
1.108273469514042020e+01 1.011875216521771925e+00 6.995709128178144443e-05 9.437044683602351824e+00 -1.875606355878045930e-02 9.198548835592150474e-02 1.303659053793823283e-02
1.116304203909517767e+01 1.011081253633050903e+00 6.094725637217392189e-05 9.435728218228890185e+00 -1.940188447007196171e-02 9.110164139841561703e-02 1.241098857712241189e-02
1.124334938304999909e+01 1.010758773659516940e+00 5.746381264812999712e-05 9.438165179808120087e+00 -1.909039286221260456e-02 8.902605396292770368e-02 1.111506501522650618e-02
1.132365672700476011e+01 1.010063117154282208e+00 5.029602170972431729e-05 9.429432067135140372e+00 -2.041769541673267574e-02 8.942707998999653574e-02 1.004831012542070807e-02
1.140396407095956555e+01 1.009996144308748178e+00 4.963097895774142010e-05 9.431749680522219847e+00 -2.045303437168937213e-02 8.939793302545946674e-02 1.192190523914999842e-02
1.148427141491433723e+01 1.008801655138249265e+00 3.850877093397597761e-05 9.423484298797232483e+00 -2.081086396275520778e-02 8.886651769233670783e-02 1.308070868438857698e-02
1.156457875886910713e+01 1.008124656124697704e+00 3.282733125327223778e-05 9.410693224095240339e+00 -2.062832534574976159e-02 9.036330113131120501e-02 1.157075717762692628e-02
1.164488610282390013e+01 1.007792267045035661e+00 3.020291486072537723e-05 9.405761261941961493e+00 -1.951867172658172320e-02 8.872282062321634744e-02 1.061413021279422608e-02
1.172519344677867181e+01 1.007640164161145435e+00 2.903824335995491140e-05 9.411376321066111217e+00 -1.920274707917824647e-02 8.931139640078793185e-02 9.856139823162831173e-03
1.180550079073344527e+01 1.006126730479477871e+00 1.869210438025081106e-05 9.396899322784726394e+00 -1.972849962433333507e-02 9.051493082769181131e-02 9.353290825503225020e-03
1.188580813468824182e+01 1.005557851929852475e+00 1.538786969860605341e-05 9.393050978999134770e+00 -1.931043296204938697e-02 8.972656454706293139e-02 9.547742935007120027e-03
1.196611547864300995e+01 1.005636607223223677e+00 1.582622752631986790e-05 9.407434910095158642e+00 -1.911616710077646691e-02 9.182536064050049462e-02 9.988414898269905653e-03
1.204642282259783137e+01 1.005148034214426112e+00 1.320582483475482571e-05 9.400486650866490379e+00 -1.996511742339552101e-02 8.970715345765184479e-02 9.195334502535486634e-03
1.212673016655257996e+01 1.004328686996520004e+00 9.341816725398632837e-06 9.391532408461301884e+00 -1.995646996539102158e-02 8.906862428260969855e-02 1.003401188029069864e-02
1.220703751050735697e+01 1.004234787619092906e+00 8.941478469541054575e-06 9.391762195518005285e+00 -2.098590395454795823e-02 8.974484258853253349e-02 1.149522592466156734e-02
1.228734485446216773e+01 1.005199286001292380e+00 1.346961936557651562e-05 9.402058668484475135e+00 -2.018497983209108226e-02 9.101318023804660928e-02 1.130440078075418617e-02
1.236765219841694652e+01 1.004790555288956444e+00 1.143819433288648796e-05 9.396787891237817547e+00 -2.089100034394412303e-02 9.202276740371917452e-02 9.366877904208403480e-03
1.244795954237168978e+01 1.003895814035522083e+00 7.569031509108495315e-06 9.394012719013128176e+00 -1.909288175258458398e-02 9.274165024402286628e-02 9.849227973197727595e-03
1.252826688632651475e+01 1.002427194155368628e+00 2.940877973992006567e-06 9.390377143074369215e+00 -1.937469404690964070e-02 9.046410652558374565e-02 9.158010423877342362e-03
1.260857423028128288e+01 1.001870271830523906e+00 1.746780729275669228e-06 9.395591547298447921e+00 -1.943510794858063773e-02 8.941531224485232965e-02 7.911597922560980115e-03
1.268888157423607055e+01 1.001544453331693285e+00 1.191441454165319616e-06 9.392573763907583029e+00 -1.953828961837899073e-02 8.926169917323839575e-02 8.060402593456542086e-03
1.276918891819085111e+01 1.001296965444335108e+00 8.403331716519413241e-07 9.392176033768004473e+00 -1.934790559419242648e-02 8.882841950760367311e-02 8.542642627667684785e-03
1.284949626214563168e+01 1.001437652119961941e+00 1.032432408379704847e-06 9.398597381749475232e+00 -1.985208337304074713e-02 8.814895715280610111e-02 9.845643016373379491e-03
1.292980360610040691e+01 1.001241781883347004e+00 7.703734316764042356e-07 9.401980008554328805e+00 -1.872452149691163428e-02 8.833381992291383655e-02 7.864267515749350651e-03
1.301011095005518747e+01 1.000481787651484433e+00 1.160224066153376678e-07 9.388325534742763878e+00 -1.895532083213211788e-02 8.835632747340849136e-02 9.628707933274520403e-03
1.309041829400996804e+01 1.000105442395225586e+00 5.558658613372298440e-09 9.386851730334386801e+00 -1.890477990675587180e-02 8.977106270888493555e-02 8.024416468829821680e-03
1.317072563796474860e+01 1.000564993686883231e+00 1.595488398793698526e-07 9.397464104475981017e+00 -1.814748379189125640e-02 9.073894539757962341e-02 1.107184370456584625e-02
1.325103298191952206e+01 1.000549576884312453e+00 1.509620682422141077e-07 9.398766432183805364e+00 -1.930633329649304730e-02 9.043988940796252041e-02 9.679751578769374767e-03
1.333134032587434881e+01 1.000757701238047082e+00 2.869106638395341538e-07 9.402200890992846283e+00 -1.810889135787190421e-02 9.026295427730757215e-02 8.309603316929094555e-03
1.341164766982908496e+01 1.000440020373538408e+00 9.678057532192928941e-08 9.401387551257537112e+00 -1.765442325183504829e-02 8.899591633054905471e-02 7.630715228749973544e-03
1.349195501378386730e+01 1.000614121669473278e+00 1.884955436079168226e-07 9.407372385445635032e+00 -1.812259143559732250e-02 8.949558856044612098e-02 8.694493411151948611e-03
1.357226235773868694e+01 1.000484569008236457e+00 1.173656488982028831e-07 9.397721270746313138e+00 -1.864379307530149646e-02 8.935629312796558588e-02 1.052827856240158913e-02
1.365256970169347106e+01 9.997637063781584787e-01 2.792173643358965285e-08 9.391539326169793256e+00 -1.932847613256401254e-02 8.899341847760817992e-02 1.117577600575838520e-02
1.373287704564820366e+01 1.000504362073959541e+00 1.271478002685998490e-07 9.400617603059505001e+00 -1.833834184491834815e-02 8.854545731677293530e-02 1.005704817217009835e-02
1.381318438960302863e+01 1.000553209108053565e+00 1.529637472578960697e-07 9.399687733901501474e+00 -1.903107014488873011e-02 8.890911671565274177e-02 1.065636778225158114e-02
1.389349173355780742e+01 1.000325719709800110e+00 5.303514859320446889e-08 9.396508020810429684e+00 -1.915610192318683777e-02 8.828566292018974471e-02 1.296389493054463105e-02
1.397379907751258088e+01 9.992383304046063008e-01 2.902176622774288103e-07 9.388232383291649441e+00 -2.056131194818371782e-02 8.910370326315586453e-02 1.344778352846089965e-02
1.405410642146736677e+01 9.992580232722789724e-01 2.754009680723231226e-07 9.396766051299131561e+00 -2.081896163188623819e-02 8.904886671816669708e-02 1.245816057810148619e-02
1.413441376542215444e+01 9.991375849156811650e-01 3.720938371042136275e-07 9.390890104020957807e+00 -2.045111898291378932e-02 9.074382099547925740e-02 1.386113517665263015e-02
1.421472110937691369e+01 9.995722487481377705e-01 9.151166381778357700e-08 9.401320232960472367e+00 -2.111359227576262154e-02 8.998763179415958380e-02 1.245983378044838302e-02
1.429502845333170136e+01 9.996000365693262779e-01 8.000670682060430361e-08 9.404251342728327856e+00 -2.239725109008710094e-02 8.999495087309433705e-02 1.423928130317613297e-02
1.437533579728648903e+01 9.990184676473278236e-01 4.820183165316679202e-07 9.402220109725670127e+00 -2.048051906170893569e-02 9.066834987769195608e-02 1.320389238643224737e-02
1.445564314124125715e+01 9.989344430353256366e-01 5.681094269766474164e-07 9.401284757258434155e+00 -1.978972622702199896e-02 9.191857139902649687e-02 1.378049233652033426e-02
1.453595048519603772e+01 9.992979763686045125e-01 2.465339780571623382e-07 9.411759274418264098e+00 -2.056863007322334500e-02 9.122203949181978411e-02 1.212534146921397105e-02
1.461625782915086624e+01 9.996921256016473301e-01 4.740305228765262155e-08 9.417726469922314436e+00 -2.121514073516409318e-02 9.255767171042159069e-02 1.252221340694104762e-02
1.469656517310559174e+01 1.000146141596517824e+00 1.067764283054265483e-08 9.420121452619953928e+00 -2.033456486888554626e-02 9.078223429314323523e-02 1.168840036725020924e-02
1.477687251706038118e+01 1.000025923357226398e+00 3.360044180484244268e-10 9.421979726770864261e+00 -1.980756555027233384e-02 9.131161105368601483e-02 1.532582986485894923e-02
1.485717986101520260e+01 9.999036557746455722e-01 4.641402996885752100e-09 9.424789667062571041e+00 -1.837948357411755065e-02 9.031225558585478930e-02 1.414936070369424495e-02
1.493748720496999205e+01 9.997877951579983158e-01 2.251863324948628550e-08 9.431322139578899311e+00 -1.821678015171748072e-02 9.047449873032929746e-02 1.405301021510170154e-02
1.501779454892471755e+01 9.994482111346550957e-01 1.522915003722424832e-07 9.421170328524096860e+00 -1.664845089010641085e-02 8.874225199494757688e-02 1.400084505625354137e-02
1.509810189287954607e+01 9.993618946412602400e-01 2.036758734793057621e-07 9.430970787270537059e+00 -1.593911827317263247e-02 8.935765034171544441e-02 1.282230970658831785e-02
1.517840923683433019e+01 9.994596533598074650e-01 1.460398562503750081e-07 9.440853033273945982e+00 -1.578869196417743634e-02 8.877581143678600628e-02 1.102579690669417203e-02
1.525871658078908766e+01 9.989321848818882854e-01 5.705207398421733439e-07 9.433575991893905055e+00 -1.550578303035111440e-02 8.986074656075064560e-02 1.528152539774751788e-02
1.533902392474388066e+01 9.998965056001367646e-01 5.355914942846711109e-09 9.443536837077843415e+00 -1.596240727905253592e-02 8.929432620264045328e-02 1.591411815763997886e-02
1.541933126869867365e+01 9.993684114047530764e-01 1.995360977289153959e-07 9.439963425552578613e+00 -1.681952010179586440e-02 9.160715891203484451e-02 1.796410775153601744e-02
1.549963861265342402e+01 9.999553229468469695e-01 9.980492659332853601e-10 9.445602474196402198e+00 -1.708370476405286428e-02 9.327742138828336305e-02 1.890923900773763475e-02
1.557994595660821702e+01 1.000256791972341519e+00 3.296541514763440262e-08 9.445105131955831013e+00 -1.694052205226466087e-02 9.231219649220397117e-02 1.638598496267695478e-02
1.566025330056301001e+01 1.001174735039384034e+00 6.894613029701131268e-07 9.458081764514995271e+00 -1.783103075984436223e-02 9.242251276615948141e-02 1.351354952051179829e-02
1.574056064451776571e+01 1.000912396465240439e+00 4.159806479387502184e-07 9.454721103557858441e+00 -1.895131408033749049e-02 9.357827025739359761e-02 1.399154512721254712e-02
1.582086798847255338e+01 1.001143642916822341e+00 6.534613903915863914e-07 9.459176380803645756e+00 -1.887450366156046347e-02 9.092135825617772560e-02 1.409637857764053578e-02
1.590117533242738368e+01 1.001183933056340791e+00 7.002960596778212699e-07 9.466121082113089003e+00 -1.915144245954676985e-02 9.215793777264563724e-02 1.448321322188114366e-02
1.598148267638209852e+01 1.001118255688559611e+00 6.247821584084208707e-07 9.463601491617364303e+00 -1.806942153250468489e-02 9.187029940010196793e-02 1.502616621324574797e-02
