0.000000000000000000e+00 1.520305340880216516e+00 1.013941440381133097e-01 5.469743953142702786e-02 3.246007920500214652e-03 2.938857299461741096e-02 6.825208492474711675e-02
1.859019637520596124e-01 1.085727648519509092e+00 3.477242511361652855e-03 1.879241493663054152e-01 5.388986914301389930e-03 1.249549657633943801e-02 3.877782056513803810e-02
3.718039275038279579e-01 8.501808410769469138e-01 1.248703899551598107e-02 3.813422321869869847e-01 4.621635215866267375e-03 1.537043502407041060e-02 2.788614454880317464e-02
5.577058912555959980e-01 7.144775219030665703e-01 5.068126390789196023e-02 6.403784364050136846e-01 5.478706701277417934e-03 2.321192584416504820e-02 2.467972733215566955e-02
7.436078550073637050e-01 6.338555135786752004e-01 8.978976065955807107e-02 9.719549410219976426e-01 6.234380298133772313e-03 2.817149646489631662e-02 1.936882634472863324e-02
9.295098187591314121e-01 5.862084105482942009e-01 1.202883137818560044e-01 1.378920021695827502e+00 7.347542661651666925e-03 3.553996944655803125e-02 2.079638430976311556e-02
1.115411782510898897e+00 5.595063318229801519e-01 1.402067661860201264e-01 1.863408533602018302e+00 4.866951853932357554e-03 3.529856408194889661e-02 1.907493242843186915e-02
1.301313746262663829e+00 5.465214452772898523e-01 1.507031762832135025e-01 2.420765638062011504e+00 5.000725122134657558e-03 3.836769388098556360e-02 2.170174468874149984e-02
1.487215710014434089e+00 5.430023675192147126e-01 1.536439665047028003e-01 3.048293126194632219e+00 5.360264525309885002e-03 3.814338153339116855e-02 2.137013880754003864e-02
1.673117673766197022e+00 5.461508827944739908e-01 1.510108820927340556e-01 3.737952351138931206e+00 5.553967939063313153e-03 4.072935234189202502e-02 2.363687782391201211e-02
1.859019637517969281e+00 5.536814151448690158e-01 1.448472357072174699e-01 4.479817033273337579e+00 5.006266042267920602e-03 4.300573194030021112e-02 2.342717320746150189e-02
2.044921601269732658e+00 5.644545201209850704e-01 1.363499854180897364e-01 5.263840528882355763e+00 3.617344433792747584e-03 4.531521327199424659e-02 2.342181874472228087e-02
2.230823565021504251e+00 5.774549827825635751e-01 1.265797742988233887e-01 6.076458468827286019e+00 4.491330828738647994e-03 4.963030027156186547e-02 2.645186475702541659e-02
2.416725528773265630e+00 5.922484097957220195e-01 1.160775307645663945e-01 6.907990427507869846e+00 4.775490703300399112e-03 4.987944904320824879e-02 2.771861084307777889e-02
2.602627492525033670e+00 6.080071384718189753e-01 1.055757946491159283e-01 7.746380237506259370e+00 3.187814722107096092e-03 5.173932784124052331e-02 3.038972905896229759e-02
2.788529456276806595e+00 6.247806584297187493e-01 9.513529578404333886e-02 8.580752652385697843e+00 2.819147423150438880e-03 5.239996665562059175e-02 3.191935895791392364e-02
2.974431420028573747e+00 6.411744475224522288e-01 8.562815758876018979e-02 9.391322541519507183e+00 3.013941484412259019e-03 5.102076837811367338e-02 3.238401393832962549e-02
3.160333383780334238e+00 6.587664531420432956e-01 7.615265627380390923e-02 1.018351748356530173e+01 5.064473096147330440e-03 5.192118689582783664e-02 3.378050216887646534e-02
3.346235347532100501e+00 6.758281149152094436e-01 6.764461806284882694e-02 1.094309193298296989e+01 4.494054408340689317e-03 5.362354022871852061e-02 3.363694087740385502e-02
3.532137311283878756e+00 6.923913316089947978e-01 5.999530670742964089e-02 1.166091564791414115e+01 3.533708477177396542e-03 5.405742118844902855e-02 3.538244497020794771e-02
3.718039275035643687e+00 7.080529326834149595e-01 5.328935708935689242e-02 1.232749705153764097e+01 2.422960124980002520e-03 5.462000781420298795e-02 3.669956643198642871e-02
3.903941238787404622e+00 7.245420828936136592e-01 4.675751637248842796e-02 1.297828899572963124e+01 2.385125463482819057e-03 5.643498521910985527e-02 3.692433135175298559e-02
4.089843202539168665e+00 7.393388553495863214e-01 4.133778620453693042e-02 1.356384584072762145e+01 4.945301800179680365e-03 5.707407789901434991e-02 4.012487362740139313e-02
4.275745166290949584e+00 7.547418961028860007e-01 3.612134374964276473e-02 1.412956134486130999e+01 4.033060118943759993e-03 5.852109456132734838e-02 4.212319869977742409e-02
4.461647130042708298e+00 7.697908792194607663e-01 3.142726566914133546e-02 1.467146054367499808e+01 3.919034636999900803e-03 5.719329560132454388e-02 4.337955474420842478e-02
4.647549093794474118e+00 7.834580410223068725e-01 2.749581290045929882e-02 1.513039360211997320e+01 4.648306250237967986e-03 5.996860956508955759e-02 4.575383455933998422e-02
4.833451057546245266e+00 7.973352210743424040e-01 2.381530608871429422e-02 1.558093274917420246e+01 4.621837644437378628e-03 5.932646934481522472e-02 4.701975228092189485e-02
5.019353021298011974e+00 8.099934382258744403e-01 2.072257053005052696e-02 1.598760287536519442e+01 4.419729982023887400e-03 6.063916215812985289e-02 4.687787729430380884e-02
5.205254985049784011e+00 8.223429698637462204e-01 1.794070253232529777e-02 1.635452739961049318e+01 5.755441561109738563e-03 6.284561171152153181e-02 4.701526171043249325e-02
5.391156948801556048e+00 8.337322610576278770e-01 1.557521912907086636e-02 1.666957585448763268e+01 6.720361319649085195e-03 6.284091532915209166e-02 4.920748358675583467e-02
5.577058912553304992e+00 8.446314605042000156e-01 1.348634868164136358e-02 1.697060354660963810e+01 6.145257105308117584e-03 6.495709030846805176e-02 5.176066773618435285e-02
5.762960876305092128e+00 8.550521453403885364e-01 1.164496854329183373e-02 1.724909589220566275e+01 5.582651373864422166e-03 6.456383961501932500e-02 5.128898401815448760e-02
5.948862840056838408e+00 8.656830294365995826e-01 9.919483673665574486e-03 1.751205187513655659e+01 5.799727931479301858e-03 6.508909283376350385e-02 5.340502056058221703e-02
6.134764803808613109e+00 8.749853090746844142e-01 8.533491469086523784e-03 1.773744406120063744e+01 7.262157964816056029e-03 6.663051423038297838e-02 5.297782762082614560e-02
6.320666767560390475e+00 8.843256585245719004e-01 7.255550712614314279e-03 1.794992597953258695e+01 8.525802639687149465e-03 6.886902594972248159e-02 5.373882701305401216e-02
6.506568731312144749e+00 8.927828675640624434e-01 6.194744659656567509e-03 1.812305727471926886e+01 7.588162526051790528e-03 6.935308656682036277e-02 5.456758937849800345e-02
6.692470695063923003e+00 8.995166412384685284e-01 5.414366458106223412e-03 1.825149810253962812e+01 9.005317408598728299e-03 7.005678805018002164e-02 5.586570656293129294e-02
6.878372658815701257e+00 9.072777063514495532e-01 4.584400878986760741e-03 1.841185615416247856e+01 9.447960952077411739e-03 7.071804997402623971e-02 5.344271908293807272e-02
7.064274622567443984e+00 9.136779995528101495e-01 3.955067234610074034e-03 1.854455646369602562e+01 9.481972812901747621e-03 7.038542804693558030e-02 5.593491041522560131e-02
7.250176586319233785e+00 9.199266474371444735e-01 3.387990601466481233e-03 1.867393076028357513e+01 8.962100111939333424e-03 6.961305267815345865e-02 5.346001605628340758e-02
7.436078550070972959e+00 9.256512494544180125e-01 2.908985189264773341e-03 1.878075670322536439e+01 8.430149294357369705e-03 7.120935098083006065e-02 5.276692816424202043e-02
7.621980513822752989e+00 9.316284578146341033e-01 2.449652006863214937e-03 1.891626653605746000e+01 8.574204840611641260e-03 7.018698678470108865e-02 5.244298110630392362e-02
7.807882477574534796e+00 9.370390268729023031e-01 2.069373605760066459e-03 1.903043468543799932e+01 8.729616728560948488e-03 7.235733476413878928e-02 5.583564596753188419e-02
7.993784441326282852e+00 9.421515354201539516e-01 1.740687136924996825e-03 1.912417845472823075e+01 8.616505653086862365e-03 7.173300910496167859e-02 5.518760167650173243e-02
8.179686405078058442e+00 9.461766688745717468e-01 1.502642673906554038e-03 1.919856851683513810e+01 9.658065144954645909e-03 7.091153402940468531e-02 5.625541590960285443e-02
8.365588368829845578e+00 9.502497075151987715e-01 1.280186425763801816e-03 1.930032256863692197e+01 1.039142568563528740e-02 7.212023621261916262e-02 5.444804456242377522e-02
8.551490332581582976e+00 9.532797870887740332e-01 1.126619891967252374e-03 1.934587755373081208e+01 9.773728422770940408e-03 7.405946636269011840e-02 5.238656215209023387e-02
8.737392296333361230e+00 9.575577250026691134e-01 9.269975381519593438e-04 1.941406805711632089e+01 9.959638469091331575e-03 7.300359317544374838e-02 5.375290709467664407e-02
8.923294260085121721e+00 9.601902700809007429e-01 8.140862388465383570e-04 1.946269137276634709e+01 1.060486154468035305e-02 7.327058825648141704e-02 5.533872939355086173e-02
9.109196223836892869e+00 9.642354046319059346e-01 6.552231381575235325e-04 1.951701312807979605e+01 9.808864891671025682e-03 7.308041226349815123e-02 5.454110818271429295e-02
9.295098187588662242e+00 9.672862896520352249e-01 5.470573784010085427e-04 1.955485194200790033e+01 9.943678592320329135e-03 7.417745154535934637e-02 5.882310728561652990e-02
9.481000151340435167e+00 9.693415976982957538e-01 4.798009079258133691e-04 1.956492210916236729e+01 1.176499638356039157e-02 7.460029114286872987e-02 5.889064473369479136e-02
9.666902115092202763e+00 9.715788860111608249e-01 4.116992550068400425e-04 1.962668441921139362e+01 1.115462740317515848e-02 7.256630380839559913e-02 5.946979998145140306e-02
9.852804078843968583e+00 9.732414697979633322e-01 3.645269845458376512e-04 1.964554401289663588e+01 1.205644277462855282e-02 7.430926301208676255e-02 6.078468376231208059e-02
1.003870604259574328e+01 9.762438294656714532e-01 2.867279636485295380e-04 1.969088270706105348e+01 1.121600900381397765e-02 7.283737427071133863e-02 5.814566264956260583e-02
1.022460800634751266e+01 9.787162946536928088e-01 2.297640592239559576e-04 1.971902106133502741e+01 1.090037158343607621e-02 7.521633473784765378e-02 5.743087861718407239e-02
1.041050997009924828e+01 9.806366662242915755e-01 1.899250665914169189e-04 1.972291055382486036e+01 9.820026219957596336e-03 7.332638790546114338e-02 6.083064911145539405e-02
1.059641193385105673e+01 9.827762286898447108e-01 1.500546497462881823e-04 1.975528366181229245e+01 9.207233914476890477e-03 7.315096003446534823e-02 6.014975581509984792e-02
1.078231389760281900e+01 9.834806492944028200e-01 1.379659898415840080e-04 1.975811875258124317e+01 1.017367991724555526e-02 7.123081325181039591e-02 6.092780633219535558e-02
1.096821586135455640e+01 9.849197566359222389e-01 1.148631086931757583e-04 1.974557752057960158e+01 1.026113663989391966e-02 7.153787218903426282e-02 6.067155040271005051e-02
1.115411782510631511e+01 9.860994414491613957e-01 9.751751730951996322e-05 1.974591493448979307e+01 9.685475398643977885e-03 7.150849248592747176e-02 5.833984449190775246e-02
1.134001978885813067e+01 9.880867736633395237e-01 7.153115975292410889e-05 1.978591353009715803e+01 1.136331097295475469e-02 7.166203079454594449e-02 5.896769428627769011e-02
1.152592175260986274e+01 9.889719284768155871e-01 6.125998343912975042e-05 1.978767406016280717e+01 1.003569021744253956e-02 7.168540339439812004e-02 6.180368761823612500e-02
1.171182371636162500e+01 9.897309451386039347e-01 5.309051623616015125e-05 1.979828852623137081e+01 1.067274944792901727e-02 7.319696876258713347e-02 5.843209500869016304e-02
1.189772568011913378e+01 9.900671802559866119e-01 4.965956736436086261e-05 1.980123105131305294e+01 9.404100581580074336e-03 7.249753517330997932e-02 5.837355283533289529e-02
1.208362764389059762e+01 9.908787547378612448e-01 4.185325449385969565e-05 1.980873371606875111e+01 1.054043097020435256e-02 7.244219035879310986e-02 5.957835303080236122e-02
1.226952960766212009e+01 9.919528528356885699e-01 3.255304579315859703e-05 1.984142714389939854e+01 9.893061685374938963e-03 7.499964619532198395e-02 5.841940107206066574e-02
1.245543157143358037e+01 9.930131835028533915e-01 2.452209003014991368e-05 1.986271444791968577e+01 9.596409367823535708e-03 7.550031631805347032e-02 5.976434935312251867e-02
1.264133353520510639e+01 9.937616013802051951e-01 1.954011708465118458e-05 1.986263163666377807e+01 8.539108489192820048e-03 7.553967151743144759e-02 6.060993271622132361e-02
1.282723549897656312e+01 9.942677308953785653e-01 1.649251108444462627e-05 1.986537961733036184e+01 9.007966720171799863e-03 7.691715225016386437e-02 5.978331084214705271e-02
1.301313746274808913e+01 9.951111588893652993e-01 1.198947609310722223e-05 1.986685278042053682e+01 9.712199660087149355e-03 7.770860180111145710e-02 6.172343259522192205e-02
1.319903942651954765e+01 9.940691459970411037e-01 1.765736471871608149e-05 1.984679546722018273e+01 8.640892333606061890e-03 7.802061185133228605e-02 6.014514434913451058e-02
1.338494139029107366e+01 9.944022098314330149e-01 1.572634335834151992e-05 1.984861324510924874e+01 9.314597305425916310e-03 7.921063923127753814e-02 6.161843503268396582e-02
1.357084335406253039e+01 9.954756124525375727e-01 1.026601800554593352e-05 1.987241820259227865e+01 9.219836042676132076e-03 7.908907342544338470e-02 5.870653379763338120e-02
1.375674531783405818e+01 9.946602322520592399e-01 1.430751506807832751e-05 1.983054849052282975e+01 1.019525728878601691e-02 7.746785962937247083e-02 6.006867376042955564e-02
1.394264728160551314e+01 9.954558178899295395e-01 1.035618101589367429e-05 1.982738165892473248e+01 1.012126702643702247e-02 7.755048170804804131e-02 5.883616682649819157e-02
1.412854924537704271e+01 9.954328513095114239e-01 1.046128790450125828e-05 1.979924865829841352e+01 1.062613696463607545e-02 7.710728237576494615e-02 6.242806429096686011e-02
1.431445120914849412e+01 9.963457011928210649e-01 6.693260978467025640e-06 1.981683853069391077e+01 8.960904848878752452e-03 7.687081219601378523e-02 6.000576065161713352e-02
1.450035317292002723e+01 9.964168803476752823e-01 6.434748803164479919e-06 1.981925032477755977e+01 1.043273014696455801e-02 7.961676213944485214e-02 5.875912912014930739e-02
1.468625513669147686e+01 9.964297877092586075e-01 6.388417771402074563e-06 1.980721091571051673e+01 9.794811634407065565e-03 8.114205428735860037e-02 5.780181207001113680e-02
1.487215710046301176e+01 9.975216620396696321e-01 3.076163088382068839e-06 1.982480280456711341e+01 1.110923088635883994e-02 7.931019112053250275e-02 5.797740840013886759e-02
1.505805906423446139e+01 9.981924110477488066e-01 1.635660274971898268e-06 1.984771311569040719e+01 9.887182772109925910e-03 7.943870698498603500e-02 5.671291165715138666e-02
1.524396102800599451e+01 9.979009173325723570e-01 2.206161840377727362e-06 1.985086117846722686e+01 9.997183259983886613e-03 8.002650707364968030e-02 5.904178535300805969e-02
1.542986299177744769e+01 9.986320877018566300e-01 9.364461092246402496e-07 1.988212399542327091e+01 1.043594179150757716e-02 8.227440619250693532e-02 5.786864150477875890e-02
1.561576495554897726e+01 9.985521804235012455e-01 1.049103493697698189e-06 1.988222910380161323e+01 1.040826242120807855e-02 8.382417865731539575e-02 5.976129551066806933e-02
1.580166691932043577e+01 9.990214667261299031e-01 4.790762375597289874e-07 1.990348640867544106e+01 1.016825813176211978e-02 8.402318211226673939e-02 6.029193928894759774e-02
1.598756888309195645e+01 9.985475722527015208e-01 1.055795615625054404e-06 1.989726009176376564e+01 1.034203638215706010e-02 8.459517062256755038e-02 6.035916480367241321e-02
1.617347084686341319e+01 1.000255327156183816e+00 3.259043097908085815e-08 1.993610756948451979e+01 1.075989742286778163e-02 8.318003840681396921e-02 6.117479965112557899e-02
1.635937281063494453e+01 1.000253862962143137e+00 3.221774929387235739e-08 1.994807517548937170e+01 1.111818363259278221e-02 8.293106521527814079e-02 5.883481621218096536e-02
1.654527477440640837e+01 1.000612633401088303e+00 1.875832328052757722e-07 1.994075209238358326e+01 1.209533449755347857e-02 8.134744377177430263e-02 5.794080222202818015e-02
1.673117673817791484e+01 1.000893394415654170e+00 3.988392614585932819e-07 1.994113857820198277e+01 1.132469458796801602e-02 8.350460448469926300e-02 5.805993423871622788e-02
1.691707870194937868e+01 1.001565511447281231e+00 1.224135613442757856e-06 1.996083891766480178e+01 1.003903237320011820e-02 8.258122238219491040e-02 5.839888594068703975e-02
1.710298066572091358e+01 1.001756937150285021e+00 1.541608666124965818e-06 1.995222849760273576e+01 9.963280158798810612e-03 8.275014971901054062e-02 5.922945716367828545e-02
1.728888262949237742e+01 1.001147081015610452e+00 6.573947528524127365e-07 1.996411518332152113e+01 1.049443912163025745e-02 8.181431340141726016e-02 6.192615350240041061e-02
1.747478459326387679e+01 1.001414361908574024e+00 9.992676977365992641e-07 1.994678180753530938e+01 1.085550794109494538e-02 8.102551961450962792e-02 6.124981244122464780e-02
1.766068655703534418e+01 1.000769418510857767e+00 2.958506768268144918e-07 1.992575353879468736e+01 1.082861423907198126e-02 7.933250704201071091e-02 6.102115944117348506e-02
1.784658852080687907e+01 1.000368191511970872e+00 6.776586137732538290e-08 1.992751028313865191e+01 1.051226595139510833e-02 7.865729008087510299e-02 6.055269511652014436e-02
1.803249048457835357e+01 1.000462340851475451e+00 1.068465997081319632e-07 1.992661172100381606e+01 9.807703367873947531e-03 8.038117817933081166e-02 6.026335471425212087e-02
1.821839244834983873e+01 1.000342616849764887e+00 5.867975013990230082e-08 1.992132574920821497e+01 1.000854454429396176e-02 7.932793265426597851e-02 6.197301274646134506e-02
1.840429441212130968e+01 1.000046732314470610e+00 1.091920589374201916e-09 1.991368670135461372e+01 1.035056853041747132e-02 8.030946577253088303e-02 6.246729352361695548e-02
1.859019637589285168e+01 1.000809564631912840e+00 3.275206924296556951e-07 1.992982494769218604e+01 1.100293505722071963e-02 7.755335881703129264e-02 6.170858589536875466e-02
1.877609833966432618e+01 1.000494200138893452e+00 1.220766700922278417e-07 1.994327211254583077e+01 1.000281847222498494e-02 7.652420508053275894e-02 6.123762973736356779e-02
1.896200030343580067e+01 1.001816593273417766e+00 1.648010019746244670e-06 1.995912138153234139e+01 1.076431125026036315e-02 7.652385442989124986e-02 6.287753302613099948e-02
1.914790226720727873e+01 1.002304685706721266e+00 2.651714639025689463e-06 1.996747684107640808e+01 1.059797828894746934e-02 7.809439084157557276e-02 6.248912385869930669e-02
1.933380423097881717e+01 1.002935671078561297e+00 4.300667499837571711e-06 1.997832457736411982e+01 1.116614878617845988e-02 7.873174088425841100e-02 6.208998615270271138e-02
1.951970619475029878e+01 1.003029517572786355e+00 4.579741089225791706e-06 1.999713654772922311e+01 1.074601602875343599e-02 8.014400083261292995e-02 6.002980234198378867e-02
1.970560815852176617e+01 1.002540237068280105e+00 3.220948685814326723e-06 1.996856788871138022e+01 1.064623717325275873e-02 7.946229518216957333e-02 6.019002060578922120e-02
1.989151012229324422e+01 1.003156771190194307e+00 4.972140980749866629e-06 1.999228409406395102e+01 9.117765174140384302e-03 7.879142219916705769e-02 6.193456081381008144e-02
2.007741208606478622e+01 1.002014349965661077e+00 2.026082522141488262e-06 1.994521798766174570e+01 9.721459847739630233e-03 7.701287983219373690e-02 6.265731720617725986e-02
2.026331404983626783e+01 1.002026317281561774e+00 2.050211743620435761e-06 1.994043193537005720e+01 8.790699811377167619e-03 7.767798731464195527e-02 6.187762355512967105e-02
2.044921601360772812e+01 1.001977944453035896e+00 1.953556536258768683e-06 1.993460264635255186e+01 9.749557793944761339e-03 7.869858323161199598e-02 6.165777189661962587e-02
2.063511797737920972e+01 1.001415290190683649e+00 1.000579199899112592e-06 1.989369568922452203e+01 1.051197358002708103e-02 7.851297915471251720e-02 6.000088267463163372e-02
2.082101994115075172e+01 1.001016271995389229e+00 5.160547792203238476e-07 1.987861664945375040e+01 1.181616284661543212e-02 7.746397461607407164e-02 5.956679824222971265e-02
2.100692190492223688e+01 1.000583650421858817e+00 1.702576633844099518e-07 1.988596877910562100e+01 1.093253431267970401e-02 7.942985522327976333e-02 5.962812578250069329e-02
2.119282386869369006e+01 9.993711161208318483e-01 1.978304126585162664e-07 1.986593318318004719e+01 1.079965138371078402e-02 7.902149577429173899e-02 6.142235796800050995e-02
2.137872583246517877e+01 9.991737122440484953e-01 3.415638941548426386e-07 1.987677261135082674e+01 1.168957598835479277e-02 7.942932365542326734e-02 6.270466379009276281e-02
2.156462779623672077e+01 9.990031750318441039e-01 4.971604239782656531e-07 1.987551326268340190e+01 1.168206961818264028e-02 7.880704184033437976e-02 6.067428892469250296e-02
2.175052976000820948e+01 9.976873972469793017e-01 2.678195611726785080e-06 1.985154793009384377e+01 1.165452519935505915e-02 8.053043171054702354e-02 6.056187470377155657e-02
2.193643172377965556e+01 9.976748043943679534e-01 2.707465040333728590e-06 1.985440741053796998e+01 1.281218173414835730e-02 7.981101390840263099e-02 5.987170388775611002e-02
2.212233368755114427e+01 9.988691860450521487e-01 6.398525152712455921e-07 1.988664063822377415e+01 1.208674796361462397e-02 7.708676206085413041e-02 6.213333350935894978e-02
2.230823565132268627e+01 9.985043089021049534e-01 1.119662515598751629e-06 1.988840134921796832e+01 1.092567592929380264e-02 7.724870205009114199e-02 6.232070095765134682e-02
2.249413761509417853e+01 9.996541994833911815e-01 5.980278559690336074e-08 1.990578151045520627e+01 1.174415241890335027e-02 7.804160889732117412e-02 6.208818441992987325e-02
2.268003957886561395e+01 9.999891727360427085e-01 5.861524549526174032e-11 1.987861307893267693e+01 1.083820823760952602e-02 7.985142302369603595e-02 6.106017506966128494e-02
2.286594154263710976e+01 1.000633332599604852e+00 2.004704523450541107e-07 1.988560306187501325e+01 1.147570696803043230e-02 7.814338306294556225e-02 5.965263233502651752e-02
2.305184350640865532e+01 1.000479304045363005e+00 1.148294932554476573e-07 1.989499611325148720e+01 1.224046976478828166e-02 7.679863322247286461e-02 6.071477931791610660e-02
2.323774547018014758e+01 1.000532936607126500e+00 1.419602786276088352e-07 1.990593742181694026e+01 1.131036099860857451e-02 7.664665059338225672e-02 6.018221411362289358e-02
2.342364743395157944e+01 1.000312487150047280e+00 4.881394058430833793e-08 1.991351118434771195e+01 1.204511480656536397e-02 7.467591097521239507e-02 6.086269464103660765e-02
2.360954939772307526e+01 1.000416929565738355e+00 8.689098061979419127e-08 1.993321372598971664e+01 1.155845127468783755e-02 7.553718906913033104e-02 6.025159761895208799e-02
2.379545136149461726e+01 1.000937931797955871e+00 4.395831842505387721e-07 1.991184256552373100e+01 1.304671301090455822e-02 7.482116264906424341e-02 6.024174774428930901e-02
2.398135332526611663e+01 1.000055175508353322e+00 1.522112372401914372e-09 1.989850484155792287e+01 1.276745945987720586e-02 7.671976709516618864e-02 6.013785431762487532e-02
2.416725528903753784e+01 1.001206803696651493e+00 7.276022578950932379e-07 1.990549587460708381e+01 1.202634502091853852e-02 7.655572998433146648e-02 6.203564383088813750e-02
2.435315725280904076e+01 1.000320718482478277e+00 5.141917874140365316e-08 1.989146892186204241e+01 1.126827376123541898e-02 7.877395181773391708e-02 6.178343307045036648e-02
2.453905921658058986e+01 1.000083244187330855e+00 3.464605091357884740e-09 1.988903263166106683e+01 1.181437974538680248e-02 7.909668712451925487e-02 6.079662349646970665e-02
2.472496118035208568e+01 1.000463018372839574e+00 1.071599300585127437e-07 1.989807147748779315e+01 1.081543380654113526e-02 8.054878841040469251e-02 6.270888284822487280e-02
2.491086314412350688e+01 9.995275840210292584e-01 1.116235851546091597e-07 1.989036471089890767e+01 1.176766444265240838e-02 8.223053139673847101e-02 6.383425471885333102e-02
2.509676510789500625e+01 9.985649239560521195e-01 1.030707840060174699e-06 1.987099326516580788e+01 1.148767880395509464e-02 8.137961083873385126e-02 6.201368680446454201e-02
2.528266707166655536e+01 9.980724368552585934e-01 1.860140581794915773e-06 1.986353926056989749e+01 9.818359908081764759e-03 8.287667399375299448e-02 6.310001663691172658e-02
2.546856903543805473e+01 9.988695643219394071e-01 6.394243419315798205e-07 1.987203508776019234e+01 1.093811228886780972e-02 8.345159259845631727e-02 6.105795898673524458e-02
2.565447099920947238e+01 9.991194745689566670e-01 3.878902322153321425e-07 1.987411865480352446e+01 9.449481551926148040e-03 8.430801975539395365e-02 6.022345680258760908e-02
2.584037296298097530e+01 9.990584598975106312e-01 4.435273033142218130e-07 1.986834301932587721e+01 1.080769523914284873e-02 8.514859267855172387e-02 6.130844357667930566e-02
2.602627492675252441e+01 9.994853589798871063e-01 1.324731424833273594e-07 1.988757996885003010e+01 9.525786364809701173e-03 8.393402462153634613e-02 6.073630809052753265e-02
2.621217689052402733e+01 1.000005352513865020e+00 1.432465122251446550e-11 1.990407294733199350e+01 9.690142844427979477e-03 8.557936521999322255e-02 6.064835415579615530e-02
2.639807885429543433e+01 1.000991489835894255e+00 4.912013933605716837e-07 1.992339253546768774e+01 1.013168022224892641e-02 8.611989602500048913e-02 6.100209827953182590e-02
2.658398081806694080e+01 1.000757034716130978e+00 2.864062435160982453e-07 1.992237170614848552e+01 9.638424212169838592e-03 8.466260027974049918e-02 5.983977874534844588e-02
2.676988278183848990e+01 1.000281711457202016e+00 3.967322180026483860e-08 1.990941734778509087e+01 9.520251628697618679e-03 8.306869290972883346e-02 6.038208961489093668e-02
2.695578474560999283e+01 1.000213740542421181e+00 2.283925534533512956e-08 1.990912084449185926e+01 9.178643097839125908e-03 8.189737407097981425e-02 5.824709994412701625e-02
2.714168670938139627e+01 1.000982113867819212e+00 4.819582918793186704e-07 1.992051638796751689e+01 1.087288390557365411e-02 8.143469486132262625e-02 5.971750433424006382e-02
2.732758867315290630e+01 1.000400425493218393e+00 8.014889275013850969e-08 1.991703930788462529e+01 9.823715463907541079e-03 8.071897408066677770e-02 5.872854893406657256e-02
2.751349063692445540e+01 9.996102100736737883e-01 7.598784017065398494e-08 1.990792853014220753e+01 1.130916045646830105e-02 8.075290762806335010e-02 6.093663922972712005e-02
2.769939260069596543e+01 1.000122009702598014e+00 7.442578392325544488e-09 1.993278042122382132e+01 1.185610839386325166e-02 7.968858984990075112e-02 6.010944908999821257e-02
2.788529456446736177e+01 1.000348546061510024e+00 6.072806788757741450e-08 1.993523643997371764e+01 1.034905928662941364e-02 7.953942988456921825e-02 6.005371043643108198e-02
