0.000000000000000000e+00 1.098681227747269729e+00 4.570651045236753807e-03 2.445974959170481022e-01 2.171694207557697820e-02 3.774507013814749207e-02 1.164286773143648895e-01
2.212329795002616617e-01 9.796964286130654953e-01 2.089506395677488693e-04 6.108294057385200704e-01 2.944798403646836996e-02 2.101758050749463411e-02 8.508398265408922967e-02
4.424659590007563592e-01 9.123213600550860169e-01 4.084342548631159087e-03 1.010577393588661943e+00 2.609217924306503344e-02 4.723881791324172769e-02 7.455470011383333317e-02
6.636989385015151788e-01 8.749009468354163044e-01 8.545549484619024971e-03 1.434366723468857296e+00 2.163246035847272292e-02 7.222292340567579294e-02 6.820612857563164433e-02
8.849319180022734432e-01 8.574539093702961967e-01 1.124176076240707145e-02 1.869064442351575206e+00 1.703525848715452262e-02 9.124030666293263259e-02 6.642017054407245435e-02
1.106164897503029598e+00 8.514081573213021503e-01 1.227180188727719501e-02 2.295317845842186344e+00 1.683838236604728172e-02 1.085025261673532998e-01 6.098293024750912200e-02
1.327397877003789084e+00 8.544370041621813794e-01 1.174950576133132474e-02 2.714942206730000418e+00 1.254803500653921787e-02 1.269634022758742986e-01 5.631437289442297461e-02
1.548630856504540798e+00 8.610873796869952246e-01 1.064667311088404733e-02 3.097490850777227855e+00 1.228176282165643202e-02 1.385410382645383132e-01 5.287359183148925001e-02
1.769863836005299174e+00 8.717047071565430238e-01 9.009258162638977829e-03 3.443021441852252895e+00 1.289336739344395730e-02 1.460264131623652539e-01 4.825429258105252278e-02
1.991096815506056439e+00 8.840659481912060969e-01 7.289565292041236266e-03 3.748174533419603272e+00 1.389021592517565920e-02 1.526468835949158775e-01 4.499439100605934910e-02
2.212329795006815480e+00 8.955185938599440343e-01 5.870887894180734645e-03 4.006554773870810493e+00 1.553853684749959170e-02 1.643267485926926674e-01 4.324949655564134382e-02
2.433562774507574300e+00 9.071586531599904468e-01 4.596576530033882890e-03 4.230404154470512879e+00 1.907838239265331054e-02 1.738128255712472758e-01 4.069702344484629059e-02
2.654795754007638564e+00 9.194705110016203609e-01 3.427817142487660229e-03 4.427591009716334014e+00 2.211581537984601276e-02 1.779977298323550394e-01 3.834901434521730684e-02
2.876028733504033319e+00 9.305941971790502310e-01 2.526172339551449597e-03 4.575176146900268748e+00 2.565572658074175005e-02 1.792728314146729285e-01 3.736270969062072816e-02
3.097261713000433847e+00 9.407859198122144884e-01 1.825587947980052139e-03 4.692000159601566800e+00 2.988653657914053241e-02 1.812119525260330044e-01 3.500698013850864904e-02
3.318494692496834819e+00 9.512091779319349349e-01 1.230462791014172441e-03 4.791788969546362686e+00 3.190619384431401390e-02 1.878965985661275040e-01 3.152234790029061207e-02
3.539727671993231795e+00 9.607553022747823412e-01 7.908329359306298656e-04 4.875290151825412366e+00 3.428021790215542153e-02 1.957837905561023717e-01 2.919127398487867189e-02
3.760960651489608786e+00 9.684564738259819894e-01 5.082128130256616250e-04 4.930021806793764227e+00 3.567518511245042906e-02 1.996403926294016140e-01 2.938343266173924773e-02
3.982193630986003985e+00 9.752370672530904505e-01 3.117588919485103638e-04 4.974445950104378511e+00 3.849776056082600956e-02 2.074997059937858934e-01 2.844746963076714291e-02
4.203426610482410730e+00 9.791866704617819828e-01 2.196504605144894429e-04 4.995912891279619572e+00 4.054714666092758268e-02 2.090755541437714637e-01 3.094618081798607492e-02
4.424659589978786833e+00 9.837894492970342686e-01 1.328284143146049590e-04 5.014158920816806031e+00 4.037574307792107797e-02 2.142482554470474809e-01 3.131223018648779388e-02
4.645892569475194911e+00 9.860118738066773192e-01 9.875585840681856686e-05 5.020978713318240416e+00 4.156630251227880213e-02 2.155024461454593254e-01 3.261109254974237787e-02
4.867125548971586113e+00 9.878780220188435601e-01 7.407036996119782668e-05 5.016995930420947936e+00 4.034686976452020457e-02 2.113812081411766408e-01 3.180039132384307465e-02
5.088358528467975539e+00 9.905422839317411521e-01 4.500820462415358603e-05 5.022122283460090486e+00 4.029727493414757278e-02 2.140645423536852721e-01 3.248556626463029728e-02
5.309591507964387169e+00 9.932224595971188563e-01 2.307183290131513409e-05 5.024066661407206702e+00 4.143616554690006393e-02 2.164885295898419382e-01 3.430017581739413374e-02
5.530824487460760608e+00 9.960721401880584525e-01 7.734300827174495074e-06 5.037201631066501761e+00 4.203498777674861270e-02 2.197372237770373327e-01 3.325956456401043398e-02
5.752057466957177567e+00 9.978263146676554785e-01 2.365883040620492261e-06 5.043159469090779723e+00 4.252956863026441381e-02 2.247320428204999110e-01 3.188905632998456641e-02
5.973290446453565217e+00 9.983531885606722334e-01 1.357484510404027150e-06 5.033116624716387655e+00 4.288910746750199815e-02 2.284834775042075272e-01 3.164038399461926304e-02
6.194523425949936879e+00 9.990957753627984772e-01 4.090577025526315191e-07 5.026974797439659248e+00 4.249539362009317756e-02 2.259231322823051502e-01 3.246446826101920952e-02
6.415756405446355615e+00 1.000817756374956069e+00 3.341805712721822308e-07 5.040360305495124038e+00 4.347855614344874747e-02 2.201399287444729680e-01 3.222321068581238124e-02
6.636989384942738823e+00 1.002336872925645883e+00 2.726241108696146609e-06 5.043319176349657873e+00 4.423716529645974060e-02 2.261797906447907958e-01 3.189169947118303261e-02
6.858222364439124696e+00 1.003024132206068453e+00 4.563489717275374946e-06 5.044253813764849603e+00 4.400129301427255918e-02 2.249870867422398280e-01 3.461236379152565074e-02
7.079455343935540768e+00 1.003957788892150260e+00 7.811442547136886183e-06 5.036650484824021667e+00 4.506539674546670982e-02 2.258002903905016456e-01 3.277409305600351846e-02
7.300688323431913318e+00 1.003114621918926863e+00 4.840386803380437170e-06 5.028672614752083270e+00 4.545590830634573670e-02 2.268287480338409545e-01 3.422575934986275825e-02
7.521921302928293862e+00 1.002927609145417565e+00 4.277101899157094433e-06 5.018872222798416161e+00 4.422809156527694741e-02 2.289696809302275426e-01 3.473014901515570491e-02
7.743154282424707269e+00 1.001767269136163430e+00 1.559782666362644760e-06 5.000334518588320343e+00 4.347838618014313039e-02 2.260449936539794258e-01 3.639370166961430203e-02
7.964387261921101135e+00 1.002416308126557354e+00 2.914578412397967472e-06 5.009548683250575785e+00 4.336856022684434236e-02 2.238947587384501614e-01 3.555473592183085174e-02
8.185620241417510101e+00 1.001219049450382981e+00 7.424374638405166482e-07 4.991355846564186294e+00 4.332201665731023887e-02 2.227836535940265483e-01 3.141861231196890758e-02
8.406853220913891533e+00 1.000846687263312829e+00 3.582374651230849777e-07 4.995180997271681633e+00 4.377143932318438430e-02 2.229818767348708819e-01 3.346449214882782353e-02
8.628086200410271189e+00 1.001214488730186147e+00 7.368948645469254599e-07 4.994483147487932762e+00 4.095102284357997335e-02 2.232118781117461981e-01 3.161292101649711139e-02
8.849319179906675714e+00 1.001602187528513932e+00 1.282133142466255343e-06 4.993684179608618656e+00 4.233595767058435932e-02 2.239445062942802822e-01 3.238312427462106818e-02
9.070552159403085568e+00 1.002864223640119290e+00 4.094072833271591300e-06 5.002971554006979460e+00 4.090179769911862079e-02 2.292549208035556396e-01 3.244608244632928712e-02
9.291785138899491869e+00 1.002061544707208318e+00 2.122067299326069190e-06 5.000163708595046330e+00 3.986988703732016054e-02 2.330075824943532714e-01 2.744693237292173196e-02
9.513018118395869749e+00 1.002004202148105039e+00 2.005733641900937780e-06 5.008068981323758884e+00 4.068341534368036250e-02 2.282523121586033099e-01 2.917865393865375773e-02
9.734251097892242299e+00 1.001664778062131722e+00 1.384206946112047018e-06 4.998621547257478426e+00 4.206427216892776044e-02 2.295517907948959879e-01 3.229674769314869187e-02
9.955484077388641495e+00 1.002008099024676691e+00 2.013535710989819427e-06 4.995653960905578117e+00 4.409231765413604287e-02 2.298383600545345906e-01 3.154618182747499777e-02
1.017671705688502115e+01 1.002109036101247463e+00 2.220894555181925772e-06 4.998656796913184763e+00 4.257421507210779055e-02 2.254753516564868832e-01 3.318709897866765207e-02
1.039795003638144699e+01 1.003509666803548139e+00 6.144507949205294667e-06 5.013821570927572857e+00 4.236481549833972376e-02 2.274177811204057542e-01 3.603032383994133475e-02
1.061918301588876901e+01 1.001167771608617363e+00 6.813149030641171139e-07 4.995167116053425893e+00 4.424279360060005134e-02 2.331370916112628366e-01 3.616086957430873078e-02
1.084041599540265466e+01 1.001726811484227264e+00 1.489224790526821884e-06 4.997242638214635768e+00 4.374557872418249199e-02 2.301518566319175341e-01 3.377194051447043183e-02
1.106164897491646570e+01 1.000895766934929876e+00 4.009597743833510572e-07 4.992763052595690532e+00 4.471383153271269589e-02 2.329234849070512259e-01 3.372608217153152260e-02
1.128288195443035313e+01 1.000119445065003720e+00 7.132993781923261181e-09 4.990365895665150653e+00 4.327316894546258397e-02 2.328903396738999376e-01 3.394226169821240591e-02
1.150411493394418372e+01 1.000621149809986177e+00 1.928336949462905112e-07 4.994612060034251400e+00 4.342371777160286550e-02 2.336972316235750580e-01 3.187268869326383841e-02
1.172534791345801253e+01 9.997523094318657710e-01 3.068037503559236864e-08 4.988454957602381334e+00 4.259887321766295948e-02 2.274024189452731604e-01 2.853054039299921657e-02
1.194658089297188752e+01 9.995212418283123679e-01 1.146412852404653238e-07 4.992124783759845030e+00 4.037313643985068756e-02 2.287827437568437650e-01 3.072708419778401659e-02
1.216781387248571100e+01 1.000635740041728061e+00 2.019970931020067736e-07 4.994121516934399985e+00 4.012932454079386896e-02 2.273267071251335036e-01 3.310397765983598417e-02
1.238904685199953981e+01 9.990833236469794931e-01 4.204047044296900168e-07 4.986808124638932860e+00 4.060237536534284236e-02 2.305047410685928111e-01 3.099836536633099673e-02
1.261027983151343435e+01 1.000328989109053657e+00 5.410505061494543314e-08 4.990564613517483039e+00 4.150117973265236848e-02 2.307746918068378505e-01 3.179263829692224874e-02
1.283151281102724184e+01 9.999262496649696796e-01 2.719689678041983631e-09 4.990546004263777924e+00 4.081301782422354363e-02 2.328522000599892727e-01 3.331852838756073354e-02
1.305274579054113815e+01 9.996857564201672153e-01 4.938485992080033846e-08 4.980969591498932481e+00 4.317855485304544078e-02 2.326579273100406187e-01 3.496225391950191080e-02
1.327397877005496163e+01 9.994103296134739800e-01 1.739239576052089772e-07 4.978720200659358497e+00 4.280820702956831397e-02 2.304998781021253551e-01 3.672999673169999313e-02
1.349521174956878511e+01 1.000233953562054356e+00 2.736286692202132519e-08 4.992090400689323637e+00 4.282576568204909256e-02 2.270832418695848953e-01 3.280591126445292494e-02
1.371644472908266721e+01 1.000687333641855581e+00 2.361055849334041390e-07 4.997567399795334708e+00 4.155980665498858195e-02 2.261195331228090244e-01 3.242905264040600588e-02
1.393767770859649602e+01 1.000442761268290015e+00 9.798984734309817979e-08 4.994851728257653889e+00 4.252925212401877098e-02 2.216359025708845021e-01 3.539541597483369245e-02
1.415891068811031417e+01 1.001194357009409952e+00 7.126769289494613857e-07 5.004047652459461482e+00 4.000519213290943538e-02 2.295737108378813618e-01 3.446299022822108676e-02
1.438014366762420870e+01 1.000525564103989629e+00 1.380604427439133253e-07 5.001901036893624308e+00 4.100467432973298881e-02 2.308293470705791994e-01 3.340204472051613166e-02
1.460137664713803041e+01 1.000135399409552983e+00 9.165672711856486660e-09 4.998838901484790043e+00 4.166044974079074342e-02 2.287958781011142362e-01 3.523767101570594168e-02
1.482260962665190718e+01 1.000786355500138614e+00 3.090154995518236761e-07 5.001984675288809967e+00 4.335698267361923208e-02 2.277104033214908674e-01 3.459909497969435727e-02
1.504384260616573954e+01 9.999248434696170751e-01 2.824393544902299193e-09 4.988818107563779414e+00 4.534989680998400413e-02 2.295349366930811152e-01 3.785565030911192813e-02
1.526507558567957723e+01 9.997277891581920484e-01 3.705609606555020086e-08 4.984398994577628805e+00 4.275957132029021418e-02 2.308996093672008865e-01 3.741316815928422135e-02
1.548630856519342913e+01 9.999634176300424837e-01 6.691512153270606431e-10 4.986930269493255352e+00 4.358014885324850568e-02 2.307719536159869855e-01 3.323499176383276632e-02
1.570754154470726682e+01 9.992902027071151050e-01 2.520253634972829601e-07 4.984651927954928397e+00 4.514460072204807412e-02 2.261081587561191153e-01 3.227770448677073911e-02
1.592877452422110984e+01 1.000686768193785214e+00 2.357173600480051701e-07 4.992713392356478153e+00 4.435223539633103423e-02 2.208672719917138816e-01 3.170495051771417966e-02
1.615000750373496530e+01 1.000221715358249108e+00 2.457521764009256739e-08 4.991515924094174217e+00 4.490380791377877184e-02 2.217395867776006113e-01 2.945315168898252761e-02
1.637124048324879766e+01 1.000785685316767593e+00 3.084891354777517455e-07 4.995025104815939976e+00 4.445866663545592484e-02 2.251898907125913230e-01 3.130977644710024321e-02
1.659247346276269752e+01 1.000098902983328264e+00 4.890577596459175572e-09 4.995807645290476273e+00 4.422623407167064480e-02 2.263834972655501820e-01 3.029251321536658922e-02
1.681370644227648725e+01 9.998078616302278343e-01 1.846094131065906772e-08 4.994457809490094213e+00 4.278811816152103265e-02 2.272693868704625808e-01 2.902631446956005848e-02
1.703493942179033382e+01 1.000828768720998019e+00 3.432391656213147971e-07 5.005245019232789971e+00 4.213135518171690769e-02 2.263487349738730614e-01 3.356730327646170742e-02
1.725617240130422658e+01 9.997362701241411242e-01 3.478283936060328624e-08 4.998301860259388718e+00 4.187251683142436537e-02 2.218406550154851664e-01 3.138136417970677911e-02
1.747740538081807671e+01 9.996520427262688413e-01 6.055117872730275685e-08 4.999058212643784138e+00 4.200539935568864403e-02 2.256561765379756779e-01 3.338693907458312182e-02
1.769863836033186288e+01 9.984052255606198356e-01 1.273006374957622380e-06 4.986198178095902378e+00 4.297149025462527333e-02 2.245138977340749575e-01 3.472540301861887224e-02
1.791987133984576630e+01 9.988396330168298753e-01 6.737470141051672690e-07 4.985135612769629354e+00 4.402583177154162364e-02 2.263319073324137065e-01 3.298371512242880693e-02
1.814110431935961287e+01 9.998106169323358605e-01 1.793523761488757459e-08 4.989218102033151858e+00 4.377098558215240104e-02 2.275657053105312466e-01 3.406459767029674374e-02
1.836233729887344168e+01 9.991951760108390701e-01 3.240447043981750999e-07 4.991173279535600749e+00 4.227316157614754988e-02 2.275051519846330028e-01 3.437591893100806761e-02
1.858357027838729536e+01 9.985961368374333125e-01 9.863391211204202563e-07 4.980956100458723057e+00 4.342761292056081940e-02 2.245227816182597258e-01 3.151750659692231088e-02
1.880480325790115259e+01 9.998174194699861461e-01 1.666985406146865439e-08 4.990761009254993219e+00 4.133148543442950740e-02 2.261283825439381334e-01 3.498940814447903253e-02
1.902603623741496364e+01 1.000633988730746271e+00 2.008859535537971600e-07 4.993577263437893876e+00 4.250404447842307670e-02 2.307782357282273655e-01 3.726827678396971155e-02
1.924726921692882442e+01 9.997058962901074208e-01 4.325697765261704575e-08 4.987397192842620619e+00 4.362770169968670231e-02 2.326074864387944474e-01 3.453591339478665617e-02
1.946850219644268520e+01 9.992168965515029200e-01 3.067856792626907567e-07 4.982871487599489946e+00 4.330543973661329232e-02 2.261707620672910868e-01 3.425092776076115592e-02
1.968973517595649980e+01 9.985324224142433369e-01 1.077946761193684239e-06 4.975747221432664347e+00 4.488776406363009785e-02 2.258213114484058093e-01 3.565845724175713272e-02
1.991096815547034993e+01 9.992253525816645610e-01 3.001943512315674231e-07 4.984107049780599930e+00 4.373875101884958094e-02 2.238501610359447946e-01 3.364249631653831035e-02
2.013220113498426045e+01 9.995651346564639050e-01 9.458135460043521833e-08 4.994733474024561914e+00 4.305766258670772062e-02 2.229697136147791858e-01 3.567955379947933270e-02
2.035343411449802176e+01 1.000157988812453214e+00 1.247891809452576252e-08 5.004982981976274559e+00 4.320127201916854065e-02 2.258756183425860709e-01 3.421179562448999761e-02
2.057466709401188609e+01 1.000754154469114088e+00 2.842315876050221721e-07 5.009368608018999858e+00 4.288986101362352032e-02 2.252764319047075858e-01 3.549156030920354310e-02
2.079590007352578951e+01 1.001218053910073236e+00 7.412258229704156431e-07 5.011820087649719646e+00 4.339556088437782067e-02 2.280732136096184359e-01 3.485506275751508454e-02
2.101713305303071877e+01 1.000705384079565885e+00 2.486664198345740415e-07 5.007202117176637657e+00 4.311512049088897514e-02 2.252486571092467693e-01 3.411077535279563588e-02
2.123836603250960664e+01 1.000436814272141151e+00 9.537558090722724272e-08 5.002815119245843434e+00 4.133607732065972679e-02 2.273277326050262281e-01 3.459438561114649285e-02
2.145959901198860109e+01 1.000773701912118119e+00 2.991530308376136316e-07 4.997586973536653154e+00 4.202647728833125429e-02 2.274417548707106385e-01 3.447333545375683844e-02
2.168083199146748896e+01 9.999665085282266608e-01 5.608518633103956250e-10 4.998098914158624950e+00 4.210641650223841126e-02 2.274438477811658865e-01 3.619594338512792386e-02
2.190206497094648697e+01 9.996483811232660388e-01 6.183241195808651322e-08 5.004533213116018509e+00 4.300529263293288718e-02 2.252398110433927181e-01 3.693269059752508215e-02
2.212329795042537128e+01 9.995567877010911317e-01 9.824760172143188683e-08 5.003329412016750410e+00 3.953099162546282186e-02 2.257809617978742689e-01 3.497297636881520344e-02
2.234453092990436929e+01 1.000498410050576270e+00 1.241650342368198420e-07 5.004032942096150016e+00 4.229381003426485597e-02 2.304279714709151494e-01 3.463530102465497973e-02
2.256576390938325360e+01 1.000667664688450254e+00 2.227889080925245929e-07 5.004283133847831522e+00 4.146937100341794441e-02 2.308052301336914192e-01 3.266897454135165441e-02
2.278699688886225161e+01 1.000260559717761621e+00 3.393978782696357999e-08 4.997517246716017603e+00 4.322086067331230158e-02 2.320252242083989946e-01 3.078790663484539877e-02
2.300822986834113593e+01 1.001042645150391319e+00 5.431769270782243336e-07 5.008141182020350080e+00 4.095931623163437396e-02 2.302483135325752162e-01 3.326188032808165967e-02
2.322946284782013748e+01 9.990038933873022220e-01 4.964438933404910492e-07 4.984952600183324201e+00 4.323541851451146584e-02 2.244052755803113419e-01 3.131751095699655124e-02
2.345069582729901825e+01 9.988892735095079578e-01 6.173138218858609944e-07 4.981420965816050206e+00 4.338672231645902128e-02 2.259520669008297511e-01 3.407588505492577940e-02
2.367192880677801980e+01 9.983537563869293585e-01 1.356548026895665338e-06 4.984103272017641473e+00 4.214664091384825312e-02 2.262874050783725000e-01 3.226932217871946590e-02
2.389316178625690057e+01 9.992584542993169228e-01 2.750810116020421803e-07 4.992108033339476947e+00 4.164568388115787861e-02 2.278672223440425804e-01 3.302237948600102863e-02
2.411439476573590568e+01 9.991606433058104475e-01 3.524570686417368565e-07 4.991219135142355157e+00 4.131525779427022704e-02 2.248545509299655354e-01 3.277888177967817201e-02
2.433562774521477934e+01 1.000540184054327320e+00 1.458468858636348744e-07 5.008804824996966332e+00 4.062075174578248099e-02 2.296467411330539998e-01 3.395027463017652458e-02
2.455686072469378800e+01 1.000798230679960543e+00 3.184166738431264479e-07 5.013783824010789480e+00 4.065290890701563076e-02 2.308802022300310008e-01 3.182451913131879861e-02
2.477809370417266166e+01 9.997769802307773235e-01 2.487260685615582355e-08 5.004258324372103495e+00 4.038796315227043132e-02 2.282072919674704992e-01 3.341420043734807943e-02
2.499932668365167032e+01 9.995684575268405370e-01 9.314125030447650833e-08 4.996362034965782684e+00 4.031724713415135719e-02 2.311030007735178082e-01 3.422750085904662648e-02
2.522055966313054398e+01 9.998054048950327788e-01 1.893608405796327714e-08 4.995493944630970518e+00 4.130359207128123100e-02 2.293752919812945823e-01 3.330741906243790684e-02
2.544179264260954909e+01 9.999163872636298578e-01 3.495739701913280414e-09 4.994237668879124570e+00 4.096356254269729186e-02 2.280875020457299174e-01 3.215574717488225986e-02
2.566302562208842630e+01 1.000433120316038149e+00 9.376952940070562223e-08 5.001885989782071107e+00 4.158505278743917372e-02 2.240016881254826286e-01 3.170122806121848658e-02
2.588425860156743852e+01 1.000227796339832276e+00 2.594164668715264084e-08 4.999467736044562294e+00 4.189670970637061204e-02 2.279559594129608180e-01 3.191260888163451048e-02
2.610549158104630862e+01 9.996179090545969093e-01 7.301534487327799791e-08 4.988065810654959797e+00 4.403197462077337171e-02 2.267313062702042414e-01 3.271997643158786745e-02
2.632672456052531729e+01 9.987499496850438252e-01 7.819646263089972960e-07 4.987411572377214775e+00 4.427604794973576119e-02 2.313166912483295978e-01 2.994767872255555893e-02
2.654795754000419095e+01 9.991376691553200962e-01 3.720211284151007589e-07 4.992795522651459983e+00 4.286713480883813654e-02 2.318591829164663998e-01 2.942284071848046481e-02
2.676919051948319961e+01 9.997798948319863710e-01 2.422669750592630275e-08 5.002975285935807648e+00 4.162580990889919869e-02 2.322936066793422072e-01 3.154402337191268557e-02
2.699042349896207327e+01 1.000092572486513953e+00 4.284568209635608235e-09 5.002919100286404408e+00 4.099786674084635735e-02 2.321795230604552507e-01 3.372746180363922486e-02
2.721165647844107838e+01 1.000024027873325005e+00 2.886647242718093018e-10 5.002518723453218463e+00 4.178331913948130777e-02 2.307052537980608942e-01 3.525860029333686280e-02
2.743288945791995559e+01 1.000987264240722263e+00 4.870248187375299936e-07 5.009629784474833869e+00 4.355566889128081182e-02 2.310858333036038270e-01 3.546234543134185041e-02
2.765412243739896780e+01 1.000433064967272356e+00 9.374556863477132712e-08 4.999553364306193792e+00 4.355001177259005402e-02 2.341313109557669192e-01 3.735293043060163021e-02
2.787535541687784502e+01 9.999497047605465649e-01 1.264847966571695445e-09 4.993155200006944128e+00 4.299530126956324638e-02 2.318030307413314339e-01 3.780216251319218346e-02
2.809658839635683591e+01 1.000338823603616367e+00 5.738775466586267665e-08 4.998734577481377173e+00 4.278777108606188900e-02 2.251902108729931795e-01 3.590215265804636013e-02
2.831782137583571668e+01 9.996720840649176987e-01 5.377618660741328646e-08 4.995061815418236684e+00 4.245609339097756313e-02 2.278740861821682284e-01 3.414711075137597668e-02
2.853905435531473245e+01 9.994602497833975363e-01 1.457175845855085417e-07 4.996532468666438298e+00 4.136998584094264686e-02 2.274661080035172145e-01 3.460627525469416738e-02
2.876028733479361676e+01 1.000273909273269757e+00 3.750629626634530839e-08 5.000795944121402492e+00 4.187057705383595563e-02 2.297691775058620656e-01 3.346250322855760101e-02
2.898152031427259701e+01 1.000413071120755282e+00 8.529038887829113250e-08 4.994788807294468391e+00 4.219811685380320254e-02 2.298345403077192706e-01 3.362262014400801968e-02
2.920275329375148132e+01 1.000758041103311458e+00 2.871680428651783926e-07 4.992553963619137392e+00 4.359670867133724065e-02 2.320037618440100591e-01 3.505064395444530689e-02
2.942398627323050064e+01 1.000806553261363252e+00 3.250892922323752113e-07 4.990754402728359018e+00 4.210615185177520037e-02 2.312054948926875464e-01 3.540091133218888769e-02
2.964521925270938496e+01 1.000894247033774942e+00 3.996006686436161248e-07 4.995351393905714588e+00 4.201764183179965140e-02 2.314489877919639893e-01 3.659820597081139132e-02
2.986645223218835454e+01 1.001107503954658640e+00 6.128300720417961117e-07 4.998414513358893529e+00 4.354622467662126739e-02 2.296854968664201468e-01 3.731850424232598801e-02
3.008768521166724597e+01 1.000195791538070145e+00 1.916466171167558775e-08 4.989830588577935266e+00 4.251090885417483506e-02 2.259751137978393831e-01 3.614421275721564630e-02
3.030891819114626529e+01 9.997774435349814359e-01 2.476936518383738607e-08 4.982038072790686556e+00 4.266634475268892696e-02 2.263927749397779687e-01 3.375161367740260598e-02
3.053015117062516381e+01 1.000072540524689302e+00 2.630936628847608053e-09 4.987614860286039509e+00 4.321034293027068568e-02 2.212398556254286386e-01 3.398766320122022233e-02
3.075138415010410853e+01 1.001003401748757682e+00 5.030710412538309806e-07 4.997517387311924963e+00 4.409054115043389843e-02 2.188600826844654124e-01 3.896817864740514947e-02
3.097261712958301061e+01 1.001955189224441156e+00 1.908894689780712972e-06 4.998502129587544474e+00 4.344279997987263164e-02 2.175390829912210999e-01 3.656673556289098681e-02
3.119385010906202993e+01 1.001506871729765269e+00 1.134191960076814595e-06 4.986540051494604775e+00 4.253379038706889964e-02 2.238042815688700560e-01 3.635179171885165317e-02
3.141508308854093201e+01 1.000386819468474631e+00 7.479536301543878579e-08 4.973528730735019110e+00 4.259258486942034405e-02 2.247029436481231823e-01 3.242075413762326996e-02
3.163631606801986962e+01 1.000238216331609031e+00 2.836900510517917709e-08 4.972378673973511631e+00 4.123776749688968374e-02 2.241020678758474105e-01 3.349422474354667861e-02
3.185754904749877170e+01 9.992992308376594801e-01 2.456534804039667980e-07 4.971960954271461119e+00 4.054183470008081158e-02 2.258227939796306760e-01 3.241017151532764318e-02
3.207878202697779813e+01 1.000481579110039432e+00 1.159220040293528799e-07 4.979209739892911379e+00 4.051602443413823695e-02 2.306121964797672730e-01 3.314514691015602726e-02
3.230001500645670376e+01 9.995028585409898580e-01 1.236157865194169661e-07 4.974437886335570269e+00 4.175412332245120178e-02 2.263446775322875970e-01 3.519293997052699158e-02
3.252124798593563071e+01 9.984927795286211438e-01 1.136999390788763845e-06 4.973573586806803171e+00 4.140703842139457913e-02 2.270491508728445518e-01 3.333939360744302832e-02
3.274248096541453634e+01 9.980847271965841427e-01 1.836480237498274229e-06 4.972484882623100511e+00 4.234895953390337836e-02 2.277726924057756619e-01 3.471358811056528965e-02
3.296371394489356277e+01 9.974651545721893164e-01 3.218160180865677761e-06 4.964981651797153006e+00 4.407604043177625053e-02 2.273478902358122833e-01 3.719438295322369248e-02
3.318494692437247551e+01 9.974087145983779878e-01 3.363191264964086880e-06 4.973143453109699408e+00 4.252646126388148068e-02 2.266439734077979051e-01 3.429951103607065815e-02
