-3.942469574972122359e+01 2.025491559886093196e+00 3.196791431627802327e-01 1.000000000000000222e+00 -3.907907530371623750e-04 9.803658424003391242e-04 -2.497606931961218139e-03
-3.916186444470737626e+01 1.561693682671700945e+00 1.159227563294534802e-01 1.384646300267823538e+00 3.479379809159038710e-03 3.244780557429715467e-02 1.834933975366625017e-02
-3.889903313969348631e+01 1.300760497060849508e+00 3.781140589871700985e-02 1.875159595179973770e+00 4.417850850504658963e-03 5.210103283572386362e-02 2.207358251800884200e-02
-3.863620183467959635e+01 1.146575173915732160e+00 9.795784571709875710e-03 2.486975114179621915e+00 5.033213577866857587e-03 6.024182569729391590e-02 2.430894374630472241e-02
-3.837337052966570639e+01 1.055621145231423696e+00 1.491788303943308858e-03 3.229943703047435832e+00 3.858235620787831086e-03 6.405095548456402055e-02 2.298549449216379104e-02
-3.811053922465181643e+01 1.002125407121657652e+00 2.255482402893291272e-06 4.118555115743182782e+00 3.122774116893981509e-03 6.526312291357688755e-02 2.770756655198925930e-02
-3.784770791963792647e+01 9.745948497025129775e-01 3.282828136143278730e-04 5.167692174042993081e+00 9.445717656190811065e-04 6.277246004420787562e-02 2.952594428728781695e-02
-3.758487661462403651e+01 9.633861506277020537e-01 6.871110332379304353e-04 6.365845730570267591e+00 2.515310264609957845e-03 5.797054263678219632e-02 3.004970798042524635e-02
-3.732204530961014655e+01 9.650675759441380563e-01 6.247291539398860949e-04 7.735425081523572111e+00 1.856924506736252816e-03 5.906701494050631274e-02 3.207976915270035340e-02
-3.705921400459626369e+01 9.747440378997249688e-01 3.244055808468496171e-04 9.267022713539516232e+00 2.302145407546508492e-03 6.078168847766354799e-02 3.445217851170820356e-02
-3.679638269958236663e+01 9.909598672172219569e-01 4.110994750806777620e-05 1.096221073272331914e+01 2.393508544167167844e-03 5.983374995717683636e-02 3.730351780559822833e-02
-3.653355139456848377e+01 1.012000710056177200e+00 7.143755461080925073e-05 1.280506167811754636e+01 3.230911164835090828e-03 5.816592135213537185e-02 3.985150575724315941e-02
-3.627072008955458671e+01 1.036929911431649254e+00 6.655722874645830789e-04 1.479813429397737323e+01 4.094141619890166901e-03 5.840691628025840992e-02 4.314623165944230648e-02
-3.600788878454071096e+01 1.064261718959879754e+00 1.980381821625666616e-03 1.692417305004494565e+01 5.737277770049918624e-03 5.564290212699669197e-02 4.666189224775305067e-02
-3.574505747952680679e+01 1.093939046243233459e+00 4.154060209524426672e-03 1.917571667903906629e+01 6.551934642810671588e-03 5.540071265800593225e-02 5.113280411947538490e-02
-3.548222617451293104e+01 1.125880594678727808e+00 7.315114386466245455e-03 2.154277908500986527e+01 7.949506413134103597e-03 5.476571242977833903e-02 5.390272574337465206e-02
-3.521939486949903397e+01 1.157171856091997686e+00 1.119288296269010941e-02 2.394571014888729721e+01 9.933648662758977690e-03 5.377166458889701822e-02 5.966786720099617747e-02
-3.495656356448515112e+01 1.190001489007743940e+00 1.604693061807704879e-02 2.640545516222334399e+01 1.383809263286274807e-02 5.298813050997482760e-02 6.519071352701166777e-02
-3.469373225947125405e+01 1.223907128108408626e+00 2.185882262540730925e-02 2.889284854241862988e+01 1.749461336888599033e-02 5.339780801865331994e-02 6.882263800436576318e-02
-3.443090095445736409e+01 1.257097832888300459e+00 2.829207584875920167e-02 3.134106876457482826e+01 2.227797053796969420e-02 5.253314508355844820e-02 7.361981985878449097e-02
-3.416806964944348124e+01 1.290141462817128826e+00 3.538958935733732547e-02 3.381532755302573889e+01 2.539239565965084947e-02 5.179342057715446979e-02 7.606465610410753642e-02
-3.390523834442959838e+01 1.322860976373344544e+00 4.306417886835278708e-02 3.628508805889364197e+01 3.042181472022527020e-02 5.033533218479251808e-02 8.135624817731278158e-02
-3.364240703941569421e+01 1.356521538860149922e+00 5.159780760901971908e-02 3.871898918235866915e+01 3.517783686269668891e-02 5.330723429132960822e-02 8.401042640538132489e-02
-3.337957573440180425e+01 1.389878200788863261e+00 6.066208281733959096e-02 4.105879241121126455e+01 4.167767554831468962e-02 5.312669872989271569e-02 9.015637932065599658e-02
-3.311674442938792851e+01 1.422676755281067740e+00 7.013661919385721921e-02 4.330456072925384348e+01 4.869601438725199710e-02 5.438034740925396654e-02 9.501637708269226879e-02
-3.285391312437403855e+01 1.453394213899761089e+00 7.949255578630110008e-02 4.538667406102308632e+01 5.495883484333823066e-02 5.431360268027582427e-02 9.864926964910487872e-02
-3.259108181936013438e+01 1.483945393324247908e+00 8.924104620739903293e-02 4.740729734700592246e+01 6.198190463371675701e-02 5.430110750953087012e-02 1.029921125434865442e-01
-3.232825051434623731e+01 1.512709198944942601e+00 9.880698423446471201e-02 4.920575840891353181e+01 6.885157324318280647e-02 5.396145752788015365e-02 1.072381668145079014e-01
-3.206541920933237577e+01 1.540834972472093556e+00 1.085105130614573143e-01 5.094284186231828926e+01 7.734670658171045876e-02 5.169363003855610705e-02 1.106349526169240760e-01
-3.180258790431847871e+01 1.569141353772661951e+00 1.186127924464647765e-01 5.257220405950796760e+01 8.426215954193884417e-02 5.298838768226666468e-02 1.116034860237174048e-01
-3.153975659930457454e+01 1.596265601442536486e+00 1.285986993167378412e-01 5.411534583661610753e+01 9.078927752757451342e-02 5.312796226840375141e-02 1.100863872719701347e-01
-3.127692529429067747e+01 1.622701217860673673e+00 1.386090387826117709e-01 5.547758809395626400e+01 9.725754763366742384e-02 5.244369500467074841e-02 1.141855706464513370e-01
-3.101409398927680883e+01 1.648439183211226400e+00 1.486102925603364211e-01 5.676271183569842549e+01 1.026403831042502490e-01 5.389083651983096052e-02 1.155386299199822470e-01
-3.075126268426290821e+01 1.673238948587348673e+00 1.584777103693392197e-01 5.788300670437995876e+01 1.084951811458894910e-01 5.325464225887815983e-02 1.187780990621118138e-01
-3.048843137924902891e+01 1.696200570856766010e+00 1.678097793609732991e-01 5.888908922668444745e+01 1.156790484774658928e-01 5.178939766414698831e-02 1.254367476633698741e-01
-3.022560007423512829e+01 1.717679260899435123e+00 1.767051480732348967e-01 5.977694806785592618e+01 1.183792565505589200e-01 5.301471384603820280e-02 1.253926229854681329e-01
-2.996276876922125965e+01 1.738249262988088351e+00 1.853708269876854775e-01 6.049163948505892563e+01 1.248261564801420725e-01 5.333494359082813913e-02 1.266062844381593278e-01
-2.969993746420735903e+01 1.758719244288846850e+00 1.941334022510974311e-01 6.120738170854437499e+01 1.287852496465207719e-01 5.522297031756997349e-02 1.268071809188529853e-01
-2.943710615919345486e+01 1.776656426931996879e+00 2.019232408918719690e-01 6.183069343443660415e+01 1.299877310457477897e-01 5.375868049531252330e-02 1.248254264452776513e-01
-2.917427485417955424e+01 1.794068933090886775e+00 2.095827459500628764e-01 6.231309722614727775e+01 1.368579065249721782e-01 5.342425451153378496e-02 1.274283474201585165e-01
-2.891144354916568204e+01 1.810604860774830405e+00 2.169438940982046926e-01 6.277959332547901994e+01 1.382992713631716608e-01 5.505690398198347796e-02 1.263367140891344387e-01
-2.864861224415178143e+01 1.827906700724863276e+00 2.247352679862136826e-01 6.320765238127105334e+01 1.406966303680040609e-01 5.451437046886977583e-02 1.260967880172733369e-01
-2.838578093913792344e+01 1.842578959127487925e+00 2.314127606210774069e-01 6.353883768686051781e+01 1.427261808089979322e-01 5.561537117048221540e-02 1.250430832577729690e-01
-2.812294963412402282e+01 1.857085791175236311e+00 2.380773110698412021e-01 6.381684055737312633e+01 1.430845478729811660e-01 5.501745129339576795e-02 1.275751123950807087e-01
-2.786011832911014352e+01 1.873455977288610352e+00 2.456711358905475651e-01 6.408753901814442600e+01 1.467472293634336789e-01 5.732148809675794571e-02 1.271793125582686701e-01
-2.759728702409624290e+01 1.886259541513889193e+00 2.516637519700939407e-01 6.422266175801664190e+01 1.487202434014352481e-01 5.796041304313627462e-02 1.278144789974512696e-01
-2.733445571908234228e+01 1.901000670874550158e+00 2.586202544621918342e-01 6.440229000877256738e+01 1.517928998614176683e-01 5.895556772415838642e-02 1.306754183517988555e-01
-2.707162441406843456e+01 1.912188639198369788e+00 2.639401687672005004e-01 6.443948244115171065e+01 1.533260000341124807e-01 5.906124996992919568e-02 1.310723276711528995e-01
-2.680879310905455171e+01 1.921519413043244473e+00 2.684031790045164900e-01 6.441608916547650665e+01 1.517178974876809416e-01 5.948832180351146942e-02 1.337939507125707472e-01
-2.654596180404065109e+01 1.932015765492720138e+00 2.734518695427687884e-01 6.433937828610733334e+01 1.552543454679264356e-01 5.968076133916453557e-02 1.350694650428956867e-01
-2.628313049902681442e+01 1.940715051447746253e+00 2.776585630621304368e-01 6.425694231658196998e+01 1.567216950026375233e-01 6.069367622065933304e-02 1.345769730945410581e-01
-2.602029919401291380e+01 1.949249901667693630e+00 2.818052689063488270e-01 6.426882828909843681e+01 1.543752247182922921e-01 6.103172240311088848e-02 1.333909632161861814e-01
-2.575746788899903095e+01 1.956948311247584504e+00 2.855620354218084689e-01 6.421671459139911065e+01 1.534187385033486395e-01 6.160441599424622272e-02 1.315747443578046960e-01
-2.549463658398512322e+01 1.963353742336164887e+00 2.886996383169647684e-01 6.418662814144153117e+01 1.514627993801471728e-01 6.175681344224679542e-02 1.316638746390953463e-01
-2.523180527897122261e+01 1.969990615686402657e+00 2.919618365588146913e-01 6.406679261137220749e+01 1.519845586948753158e-01 6.275868796417538586e-02 1.329113869458638797e-01
-2.496897397395731133e+01 1.974613402463734735e+00 2.942407688593000614e-01 6.394628583130945287e+01 1.543886445757859383e-01 6.452138782423386121e-02 1.360102091406015790e-01
-2.470614266894343203e+01 1.979250835118529173e+00 2.965324281123525862e-01 6.378470693714854889e+01 1.540897910999875775e-01 6.340387971642486020e-02 1.378074083108230541e-01
-2.444331136392952430e+01 1.984359594099469160e+00 2.990633546341038285e-01 6.371712361524596702e+01 1.545402893145311207e-01 6.203764638091848610e-02 1.371845729513456180e-01
-2.418048005891570540e+01 1.988433470544465731e+00 3.010863425446862474e-01 6.360132530524972339e+01 1.552606228361824436e-01 6.153190683969561592e-02 1.351459314581118787e-01
-2.391764875390179412e+01 1.992257547219903113e+00 3.029891056417844952e-01 6.343770849634979925e+01 1.583780427880661090e-01 6.204195586295093573e-02 1.362603601967368738e-01
-2.365481744888791127e+01 1.995348593575315688e+00 3.045298248759179538e-01 6.333971546987798007e+01 1.575336759540967857e-01 6.145155356885025760e-02 1.364826920519317255e-01
-2.339198614387400710e+01 1.998674140864368676e+00 3.061901097072070588e-01 6.322471517583469591e+01 1.576545022984917610e-01 6.106264091596189103e-02 1.367106817919855888e-01
-2.312915483886010293e+01 1.998808247836881602e+00 3.062571209632048985e-01 6.301956617533670624e+01 1.554313928558882785e-01 6.113365169549033612e-02 1.358679410097807516e-01
-2.286632353384619876e+01 2.001652193632157406e+00 3.076792572863050745e-01 6.282069670368981207e+01 1.562309033256357726e-01 6.214560403374754655e-02 1.366898571788640604e-01
-2.260349222883230880e+01 2.004742475415535630e+00 3.092268640955381231e-01 6.277657451168724378e+01 1.565221275942965673e-01 6.153649197613601796e-02 1.368138742430388133e-01
-2.234066092381840463e+01 2.005546240003807767e+00 3.096297774453723450e-01 6.265008058853111095e+01 1.545258936746740364e-01 6.222093501490490869e-02 1.338354694719377236e-01
-2.207782961880456796e+01 2.007618131929183480e+00 3.106691215269837825e-01 6.256430973299702458e+01 1.535164908550323282e-01 6.361656910576189705e-02 1.343865609433674002e-01
-2.181499831379066023e+01 2.007494167667077445e+00 3.106069061042104895e-01 6.234922357266821535e+01 1.527584203520905848e-01 6.582593633823298485e-02 1.331139781306910075e-01
-2.155216700877677027e+01 2.009238513136373694e+00 3.114827120327560150e-01 6.233099095997364003e+01 1.541417421257064158e-01 6.594525998256950405e-02 1.349369754422044543e-01
-2.128933570376286255e+01 2.009851717120513026e+00 3.117907703477181824e-01 6.219635677183331524e+01 1.544208866775903521e-01 6.647960490492807462e-02 1.339605875965507731e-01
-2.102650439874901167e+01 2.011080958012942066e+00 3.124085904430146110e-01 6.214678431273022596e+01 1.525135940590314765e-01 6.547460339241160943e-02 1.332506932628900465e-01
-2.076367309373510750e+01 2.012085832263533991e+00 3.129139207652178456e-01 6.199090677145020578e+01 1.502861825357313108e-01 6.632112630974681955e-02 1.347653591398272899e-01
-2.050084178872121754e+01 2.012985041257474794e+00 3.133663256967429422e-01 6.187228882591472257e+01 1.508538097504853737e-01 6.588041305600304820e-02 1.353549030934891872e-01
-2.023801048370731692e+01 2.013008220911902235e+00 3.133779903520542698e-01 6.179242313897182726e+01 1.504881336313895202e-01 6.625515143390475759e-02 1.352961284133463726e-01
-1.997517917869347315e+01 2.012657813155225295e+00 3.132016694444088589e-01 6.162073563373642315e+01 1.496868135187268134e-01 6.778884297150543359e-02 1.361822738723309223e-01
-1.971234787367956898e+01 2.009654666628829744e+00 3.116917669658182399e-01 6.147732595584179194e+01 1.495323980489376980e-01 6.759565209488617443e-02 1.347050854663166264e-01
-1.944951656866567546e+01 2.009000605139180440e+00 3.113632180923018300e-01 6.140783548690377813e+01 1.471795358481388094e-01 6.861032281523145315e-02 1.372775422952751123e-01
-1.918668526365177129e+01 2.009674079665509261e+00 3.117015201623080101e-01 6.142493335136926191e+01 1.486326676324246088e-01 6.981072321267571545e-02 1.345168796048136217e-01
-1.892385395863786712e+01 2.008957275206083359e+00 3.113414562962479870e-01 6.134344886076795689e+01 1.485811886487674593e-01 7.110262410863814331e-02 1.336402432087782366e-01
-1.866102265362395940e+01 2.008007277569178850e+00 3.108644514588241314e-01 6.126989925852100782e+01 1.483436964408939573e-01 7.352670397653290890e-02 1.369345339069593659e-01
-1.839819134861006589e+01 2.007814550648506557e+00 3.107677083387607730e-01 6.124395215691446737e+01 1.476210546315216143e-01 7.389249750544060746e-02 1.369233522977781337e-01
-1.813536004359616172e+01 2.006974898097126037e+00 3.103463355374601607e-01 6.117428352537062608e+01 1.452730491527949586e-01 7.347693541188547728e-02 1.393244933090484194e-01
-1.787252873858231084e+01 2.006101612492968922e+00 3.099082699524764450e-01 6.112790493304123629e+01 1.462069162788256493e-01 7.279053948213710934e-02 1.384280829393613466e-01
-1.760969743356840311e+01 2.005444559622425515e+00 3.095787979438890947e-01 6.110702494694497489e+01 1.464369318728276914e-01 7.290344491728655008e-02 1.382887971858813847e-01
-1.734686612855450605e+01 2.004888237115625138e+00 3.092999199977104485e-01 6.103085333881436014e+01 1.482564819471705597e-01 7.171781245676839278e-02 1.377919408439277626e-01
-1.708403482354059832e+01 2.006768775694560247e+00 3.102429214389114120e-01 6.103803596119070818e+01 1.480914563100274306e-01 7.118452470132406729e-02 1.361168737765204861e-01
-1.682120351852680429e+01 2.007837328808211641e+00 3.107791418100370739e-01 6.106890897805485707e+01 1.477789816640143472e-01 6.880560854540643256e-02 1.374552628667020659e-01
-1.655837221351289301e+01 2.009469450907564347e+00 3.115987184511282981e-01 6.109572735887685013e+01 1.468190244540025224e-01 7.024164211197911345e-02 1.378028166112133523e-01
-1.629554090849899950e+01 2.008770060674776925e+00 3.112474360092448711e-01 6.101722799545450471e+01 1.463355807403957376e-01 6.796924410521462678e-02 1.361285403656432857e-01
-1.603270960348509533e+01 2.008946281245229670e+00 3.113359348215798406e-01 6.098871572806538666e+01 1.475243432764603291e-01 6.791837532208613859e-02 1.350321438268063667e-01
-1.576987829847124445e+01 2.007209949767557067e+00 3.104642766713274771e-01 6.087140727691731001e+01 1.478469307135482913e-01 6.965397571995306236e-02 1.370806021134682307e-01
-1.550704699349272175e+01 2.005902595734706750e+00 3.098084638371230159e-01 6.080901815398553367e+01 1.462931311859085592e-01 6.869784963229799701e-02 1.347467703046271448e-01
-1.524421568851826336e+01 2.004849916830602652e+00 3.092807133223813842e-01 6.078564513829591931e+01 1.470019497631945282e-01 6.909354079917295888e-02 1.340219550368283719e-01
-1.498138438354387958e+01 2.003519710293570455e+00 3.086142213174933868e-01 6.074977206687297127e+01 1.447365717555136877e-01 6.979473905308286596e-02 1.355489641724669514e-01
-1.471855307856941586e+01 2.003373884843616004e+00 3.085411831510324054e-01 6.081423963549423206e+01 1.448852841308765071e-01 6.976211982825686331e-02 1.340054725347286368e-01
-1.445572177359491128e+01 2.003452857608653659e+00 3.085807368095681014e-01 6.084297639330492302e+01 1.443583967149168201e-01 6.937333496118519571e-02 1.376542777374258897e-01
-1.419289046862044756e+01 2.005137200099166073e+00 3.094247127046489965e-01 6.089469347562993562e+01 1.478187737247510514e-01 6.970491842151689543e-02 1.381250031010144985e-01
-1.393005916364606911e+01 2.005353129522952305e+00 3.095329598221596701e-01 6.091855369408284560e+01 1.464202259840222398e-01 7.055998505159161160e-02 1.383520916658603495e-01
-1.366722785867160539e+01 2.004704250204574212e+00 3.092077064585231350e-01 6.082389665474543960e+01 1.467487980717092633e-01 6.870217559784597139e-02 1.381099857945867482e-01
-1.340439655369709548e+01 2.003980224743420635e+00 3.088449094619949431e-01 6.082154727783640880e+01 1.492204409044103341e-01 6.819117806981847552e-02 1.383633170631161369e-01
-1.314156524872263176e+01 2.003555390609761400e+00 3.086320929751025233e-01 6.083486522334148816e+01 1.495491440437216879e-01 6.944491885174641777e-02 1.357953264248127068e-01
-1.287873394374826397e+01 2.004433996798521189e+00 3.090722717540523856e-01 6.086716901746123654e+01 1.483472946157189942e-01 6.872863296162717850e-02 1.340109152213515287e-01
-1.261590263877379492e+01 2.003765709006872786e+00 3.087374442921739792e-01 6.077092732430994459e+01 1.476615083706591391e-01 6.825834086128755585e-02 1.345893738175987786e-01
-1.235307133379928501e+01 2.003643947231308342e+00 3.086764508363206705e-01 6.073730569627160492e+01 1.486707480431192496e-01 6.873846664512636706e-02 1.365337318306384384e-01
-1.209024002882481774e+01 2.001179204048174842e+00 3.074425952111244920e-01 6.061386562762376684e+01 1.489478080883755162e-01 6.860242793529533478e-02 1.344248388110572401e-01
-1.182740872385045883e+01 1.999457397222030641e+00 3.065815548599495344e-01 6.053069133432070004e+01 1.505589117738087845e-01 6.901676359909010572e-02 1.348918413530225957e-01
-1.156457741887598623e+01 1.999480618799433618e+00 3.065931625652144055e-01 6.055671627489524411e+01 1.500030746308424479e-01 6.998116299532682050e-02 1.353095724618745277e-01
-1.130174611390147454e+01 2.000473808249605412e+00 3.070897516222084178e-01 6.059704655040682297e+01 1.474033904499723879e-01 7.048417135207067641e-02 1.330583305648153081e-01
-1.103891480892700727e+01 2.000154864613488570e+00 3.069302547445252882e-01 6.062047269419057471e+01 1.455372410750386813e-01 7.191197853187163147e-02 1.337842125797215620e-01
-1.077608350395264836e+01 1.999476178586666819e+00 3.065909430379871736e-01 6.064170203171472906e+01 1.450481542574422189e-01 7.155771038535130302e-02 1.347360411124960689e-01
-1.051325219897817576e+01 1.998616313521874188e+00 3.061612156349656777e-01 6.058470394486475641e+01 1.454897541742155298e-01 7.130702536699691507e-02 1.384683409544258115e-01
-1.025042089400366585e+01 1.999080945639593265e+00 3.063933978748225595e-01 6.066516019555722750e+01 1.453180083084188723e-01 7.321156075470987290e-02 1.374144580285318606e-01
-9.987589589029191472e+00 1.999019477858656302e+00 3.063626785866350177e-01 6.064889476339030949e+01 1.461362259494372873e-01 7.221412164849182191e-02 1.394129120814644185e-01
-9.724758284054839663e+00 1.997423064738849785e+00 3.055651825976029023e-01 6.064511814784688681e+01 1.456681784892910614e-01 7.232212810386223767e-02 1.366073652457034937e-01
-9.461926979080365285e+00 1.997493508733364731e+00 3.056003597757892543e-01 6.060940101770187738e+01 1.462361343173056716e-01 7.090868588208987244e-02 1.359670166759044396e-01
-9.199095674105855380e+00 1.997464533560909583e+00 3.055858904740585968e-01 6.066095914341629225e+01 1.440513950524754949e-01 7.053288884796345137e-02 1.349748901341690510e-01
-8.936264369131375673e+00 1.998397889624406565e+00 3.060520852684107673e-01 6.071111167718124335e+01 1.457160227662084584e-01 7.112688293191346545e-02 1.343656934997391472e-01
-8.673433064157029193e+00 1.998674698196960975e+00 3.061903881886833823e-01 6.076674007563809710e+01 1.450816036670717346e-01 7.197287433718735361e-02 1.338983409052082463e-01
-8.410601759182544157e+00 1.998356175540929369e+00 3.060312451655682331e-01 6.075767106036612120e+01 1.464993585833199718e-01 7.093830853386352830e-02 1.338781449098280785e-01
-8.147770454208055568e+00 1.999665207038688219e+00 3.066854369717534334e-01 6.083568919386490848e+01 1.443680526619162408e-01 7.092357438177269990e-02 1.317058925661990232e-01
-7.884939149233581190e+00 1.999631252860334163e+00 3.066684628691178638e-01 6.082605220560505899e+01 1.425481245278808484e-01 7.146048985706761336e-02 1.322281058381200025e-01
-7.622107844259224052e+00 1.999833700640536227e+00 3.067696732174490792e-01 6.079370167364953659e+01 1.440031215137232146e-01 7.104199427209320628e-02 1.346413193981515488e-01
-7.359276539284745233e+00 2.000059028767918079e+00 3.068823342595545789e-01 6.081790920318111660e+01 1.450730365792562426e-01 7.217966082571383724e-02 1.375012161564309610e-01
-7.096445234310234440e+00 1.999644397611786362e+00 3.066750340544540654e-01 6.080142317028531806e+01 1.467156457525414237e-01 7.240087511048022562e-02 1.354061681261233552e-01
-6.833613929335755621e+00 2.000204786718961625e+00 3.069552180413777087e-01 6.084468862076741402e+01 1.442746461486297260e-01 7.171401511710800980e-02 1.363454427574168071e-01
-6.570782624361386937e+00 2.000754584334981878e+00 3.072301827643381111e-01 6.083859423668828015e+01 1.443888687725111974e-01 7.070495424010098118e-02 1.336304259173342057e-01
-6.307951319386908118e+00 2.000844699044886710e+00 3.072752581269527772e-01 6.077087016478546388e+01 1.458588487332789230e-01 7.080077497155978783e-02 1.331584193440047692e-01
-6.045120014412455944e+00 2.001651076624023418e+00 3.076786983213962712e-01 6.081085881355964062e+01 1.453006448299527797e-01 7.045993263351682523e-02 1.356158073545291887e-01
-5.782288709437971796e+00 2.000624299510147530e+00 3.071650179037272999e-01 6.079252107898798130e+01 1.444681807766791115e-01 6.935308939548717744e-02 1.339444772355943281e-01
-5.519457404463603112e+00 2.000918053892652093e+00 3.073119517070206363e-01 6.080027265055534258e+01 1.425928835966662755e-01 7.019541887883228026e-02 1.328115374315508856e-01
-5.256626099489124293e+00 2.000009838259328987e+00 3.068577385818180847e-01 6.076907241580254038e+01 1.423252915307314792e-01 6.932782309761309492e-02 1.307866635126582744e-01
-4.993794794514614388e+00 2.000255832623961894e+00 3.069807439326294185e-01 6.076006357427432647e+01 1.430536964893050766e-01 6.846335572147789483e-02 1.323793340133437857e-01
-4.730963489540130240e+00 1.998925466452514899e+00 3.063156970458210671e-01 6.072586974344270772e+01 1.417424905116545508e-01 6.747997154894208593e-02 1.315902449263139096e-01
-4.468132184565756226e+00 1.997786698978722075e+00 3.057467817192298654e-01 6.061276427294984614e+01 1.421776527906949417e-01 6.733116072512296268e-02 1.358685608373841891e-01
-4.205300879591272079e+00 1.997623165494163411e+00 3.056651089149003964e-01 6.063206377537630942e+01 1.414894250299460199e-01 6.781858148691799482e-02 1.352097597762207670e-01
-3.942469574616851435e+00 1.997432520056843908e+00 3.055699041685098205e-01 6.064238986628600259e+01 1.428833814441101413e-01 6.640711513011911260e-02 1.357543401224737545e-01
-3.679638269642367288e+00 1.996747892699637816e+00 3.052280892499829035e-01 6.068427603822945571e+01 1.414162321882077300e-01 6.681723323668763148e-02 1.302864648104255230e-01
-3.416806964667993718e+00 1.997077755440403779e+00 3.053927656403283564e-01 6.071467135115709368e+01 1.408329915286544998e-01 6.714035961729285240e-02 1.316625531777050606e-01
-3.153975659693504241e+00 1.995522822698052590e+00 3.046167401743421488e-01 6.058499800603740226e+01 1.448517010926732296e-01 6.749071219070038041e-02 1.355383931874490355e-01
-2.891144354718993892e+00 1.996630619297151688e+00 3.051695497752562325e-01 6.061745541305841556e+01 1.478054924399734293e-01 6.776464219503289255e-02 1.362261802855173343e-01
-2.628313049744504415e+00 1.996292624729939957e+00 3.050008520100927489e-01 6.062687071282510942e+01 1.465577159135154350e-01 6.910358690288680161e-02 1.334935018178055599e-01
-2.365481744770120187e+00 1.995202901242317139e+00 3.044571511887144144e-01 6.055237706458170521e+01 1.454008380551994606e-01 6.854686170918108945e-02 1.359408169830571556e-01
-2.102650439795630710e+00 1.996800564336622674e+00 3.052543825231870400e-01 6.058784127765153471e+01 1.454983483467126304e-01 6.851058995823519626e-02 1.376440792755146691e-01
-1.839819134821241375e+00 1.997822707303967160e+00 3.057647660978952686e-01 6.068005687876301835e+01 1.434294158948618836e-01 6.904734048401758861e-02 1.346882016593008713e-01
-1.576987829846762557e+00 1.998205243716777213e+00 3.059558441832525011e-01 6.068030442245471079e+01 1.421404050884724213e-01 6.977939573807717677e-02 1.369634258264390281e-01
-1.314156524872373222e+00 1.998841127834164677e+00 3.062735512951001438e-01 6.075996243973590083e+01 1.433516647489933571e-01 6.923859841877204324e-02 1.357204949568210361e-01
-1.051325219897883745e+00 1.998060933708558640e+00 3.058837565956006310e-01 6.077042151306361717e+01 1.448751069665076274e-01 6.993825324512389918e-02 1.346143173415358940e-01
-7.884939149233733957e-01 1.998687611799091712e+00 3.061968407291792982e-01 6.080419318824004193e+01 1.466151690876952851e-01 6.945904938356038671e-02 1.345457927910246321e-01
-5.256626099488840298e-01 1.998321863470452930e+00 3.060141033900929397e-01 6.079800486427877360e+01 1.454097921195535714e-01 6.961999372950376797e-02 1.341265132866752141e-01
-2.628313049744893659e-01 1.999896958454416396e+00 3.068012999945034514e-01 6.085286838739096993e+01 1.454036006939927184e-01 6.893662626910448954e-02 1.368309914437655372e-01
0.000000000000000000e+00 1.997283174359825164e+00 3.054953300990674858e-01 6.075231517356748867e+01 1.450204776624139102e-01 6.862268013008621104e-02 1.390317422599091635e-01
