0.000000000000000000e+00 1.206495497849367826e+00 1.877562335285215545e-02 4.260479478189328262e+00 2.580474878919585685e-02 2.466704860452694215e-01 -1.654753458658137291e-02
2.656548176751761803e-01 1.173367159859095343e+00 1.348962990739385748e-02 3.899836227388555621e+00 2.324333227880425942e-02 2.669552543899094688e-01 -1.504201808514232970e-02
5.313096353502256841e-01 1.144925957468659883e+00 9.585988519626553739e-03 3.632752254076081488e+00 1.992474649389265953e-02 2.783037569495754315e-01 -1.312101624967069828e-02
7.969644530250818981e-01 1.120324284477012045e+00 6.706101366924011042e-03 3.434212179630902639e+00 1.557608567165297449e-02 2.848815967963265749e-01 -8.582480268790137687e-03
1.062619270701124830e+00 1.100194629635748322e+00 4.707529450258624015e-03 3.291906797105090376e+00 1.055206274362146396e-02 2.820472526237598476e-01 -6.117235092148974596e-03
1.328274088377172868e+00 1.082522427868747306e+00 3.228528603418517884e-03 3.178706316183356861e+00 7.721232528459727115e-03 2.785719109850269271e-01 -3.219309604756027867e-03
1.593928906053211580e+00 1.067074159303036618e+00 2.153686771590099247e-03 3.094384554677712451e+00 4.793870699545368236e-03 2.736507311899893380e-01 -1.425460445361161933e-03
1.859583723729257398e+00 1.054055672264273325e+00 1.410403554949979377e-03 3.033429877186266665e+00 2.417874638888591748e-03 2.645890141808477924e-01 -1.451560002019527300e-03
2.125238541405303216e+00 1.044542384500315224e+00 9.635045630136604422e-04 2.999222988266776468e+00 -2.194907645261412346e-04 2.593591875080695774e-01 2.247465711166497359e-03
2.390893359081346148e+00 1.035956362864604463e+00 6.313407014797364769e-04 2.971933967907051333e+00 -1.570918759245195718e-03 2.494912459585991449e-01 2.708876928890403650e-03
2.656548176757391300e+00 1.027246780161621409e+00 3.645858104411002498e-04 2.943986749736071662e+00 -8.830230198189981464e-04 2.360767527318513581e-01 5.038385670921632746e-03
2.922202994433432899e+00 1.021875897914391151e+00 2.358441183138750008e-04 2.934692413633997798e+00 -5.526627614404233972e-04 2.332918878559548104e-01 3.642947096180914040e-03
3.187857812107810052e+00 1.015626992906716097e+00 1.208441260632745623e-04 2.922809947574171119e+00 -3.060330926004723850e-03 2.291772377128741267e-01 2.795717239321387874e-03
3.453512629778690446e+00 1.012137997641998632e+00 7.307476675990319526e-05 2.920875674945853984e+00 -3.930563702973563674e-03 2.271489583926920297e-01 9.974027785769822799e-04
3.719167447449565067e+00 1.008718116536080123e+00 3.778333708145086012e-05 2.920293588225739700e+00 -5.485407291950101551e-03 2.252318218875206390e-01 1.219560512744283188e-03
3.984822265120438800e+00 1.006256693785769540e+00 1.949184779890048014e-05 2.920700429781924345e+00 -6.645162602318466401e-03 2.211338280498264808e-01 7.806230519808477234e-04
4.250477082791316086e+00 1.004335968486100406e+00 9.373226447463231525e-06 2.924411935688819852e+00 -6.223286771062735111e-03 2.196434898909975786e-01 -1.885496279081721939e-04
4.516131900462191595e+00 1.003268089332163271e+00 5.328597542566398948e-06 2.931367415768840079e+00 -5.300252982938298552e-03 2.173611553173462330e-01 -9.655901308154191554e-04
4.781786718133071545e+00 1.002756548251828139e+00 3.792311604257879443e-06 2.942810181129924096e+00 -6.278811286623573427e-03 2.155519468168095309e-01 8.612053841341627165e-04
5.047441535803954160e+00 1.002270576429103333e+00 2.573863294289858994e-06 2.949118143750209864e+00 -7.207184436396630797e-03 2.164764943127607255e-01 -2.264261292845415449e-04
5.313096353474838551e+00 1.001713411066510462e+00 1.466214161959097581e-06 2.954667638657306306e+00 -6.345810056367996548e-03 2.140164712969548078e-01 3.272806080869066284e-03
5.578751171145703402e+00 1.000621029001958373e+00 1.927587089330150619e-07 2.958454467610484251e+00 -5.689189246576000815e-03 2.147154818761836670e-01 4.148395204379429213e-04
5.844405988816589570e+00 9.992532110592849959e-01 2.789857652905078714e-07 2.957238666561146978e+00 -4.810312572030056751e-03 2.160257369490748980e-01 1.363933069725930007e-03
6.110060806487478402e+00 9.988677976653251855e-01 6.414252578116133585e-07 2.960970529962904330e+00 -5.832883634923783332e-03 2.107201481699631229e-01 6.968481270555648742e-04
6.375715624165033901e+00 9.976396324117010606e-01 2.790058816877060560e-06 2.959930892200532071e+00 -5.108061242045306219e-03 2.148991445101861575e-01 1.470389591251464081e-04
6.641370441846242478e+00 9.980564559496427623e-01 1.891132467949979343e-06 2.969704073450853965e+00 -5.269885528977748951e-03 2.158872294194316144e-01 -1.387438683051522902e-04
6.907025259527434180e+00 9.983129028296456875e-01 1.424751118991743684e-06 2.974067549132470401e+00 -7.127660539986712535e-03 2.139337977448051153e-01 -1.469181504968599663e-03
7.172680077208643645e+00 9.979122533118113259e-01 2.182381152087634751e-06 2.973609397522517739e+00 -5.770099037998534762e-03 2.111002635693045582e-01 6.977953228819655995e-04
7.438334894889872650e+00 9.984159255884744733e-01 1.255972415038168061e-06 2.976820616086052862e+00 -5.816988778037763055e-03 2.144632196377992683e-01 -7.354621108827009025e-04
7.703989712571085668e+00 9.987528055311801767e-01 7.783942948776708531e-07 2.982012990949566067e+00 -6.650714125689745349e-03 2.157758099456094647e-01 -2.263231006503418831e-04
7.969644530252270265e+00 9.990794599556965805e-01 4.239571862630232141e-07 2.981934287321776456e+00 -6.181426250774482191e-03 2.185444239557216284e-01 1.683091128246732085e-03
8.235299347933482395e+00 9.991125037422547983e-01 3.940579709904449071e-07 2.985371755984236763e+00 -6.763803332713278459e-03 2.182799742382634245e-01 9.644459148910422379e-04
8.500954165614706071e+00 9.994460918181580222e-01 1.534638094788029483e-07 2.983166080665426545e+00 -7.354911276894436634e-03 2.081190904793563667e-01 2.934051612569964392e-03
8.766608983295926194e+00 9.995452107009247245e-01 1.034480191671165866e-07 2.984640915475475609e+00 -6.616196771604476896e-03 2.102306896370991496e-01 5.556812386446530107e-04
9.032263800977105461e+00 9.996445717398733111e-01 6.317959503417298894e-08 2.987095391566699565e+00 -6.836002833739385567e-03 2.130461481731989459e-01 -1.729806508480609146e-03
9.297918618658334466e+00 1.000207837474905936e+00 2.159521584271057934e-08 2.991467253544966898e+00 -5.873576784948840446e-03 2.144308872581467962e-01 3.180304763716557343e-04
9.563573436339551037e+00 1.001031626179433864e+00 5.317605996991211365e-07 2.993897027195829619e+00 -4.061076124498211488e-03 2.126410795854731250e-01 -4.522221723493613532e-04
9.829228254020749844e+00 9.998898069279015255e-01 6.071702613057758206e-09 2.989653397370820365e+00 -3.194683147259906771e-03 2.148196607728471430e-01 -1.977849199600079143e-04
1.009488307170196286e+01 9.985259470483619504e-01 1.087484857002080085e-06 2.980389421476390410e+00 -3.669002313089274759e-03 2.194474208525676595e-01 -1.785095343329146144e-03
1.036053788938315989e+01 9.990424013639180867e-01 4.587904887284584635e-07 2.985929006489320248e+00 -3.602351774848933010e-03 2.191489448174288313e-01 -1.453210622146975349e-03
1.062619270706436581e+01 9.993972661770038624e-01 1.817170523695519138e-07 2.991382391871304058e+00 -3.413140383484475349e-03 2.160213953300656187e-01 -2.561986758111076557e-03
1.089184752474560547e+01 9.985380312813720849e-01 1.069718991378179954e-06 2.980857340145821599e+00 -3.959158126667588692e-03 2.171412480576526693e-01 -5.679157686649927671e-04
1.115750234242678296e+01 9.990393635896861468e-01 4.617068683790371761e-07 2.986263267823253464e+00 -3.874535510360683967e-03 2.178941694562062936e-01 -4.763807730540869879e-04
1.142315716010802440e+01 9.978541423198161731e-01 2.305651582406708505e-06 2.982512455293187870e+00 -3.603248732450034086e-03 2.152504492576151063e-01 -4.984053490695783059e-04
1.168881197778922676e+01 9.981636683360499696e-01 1.688123943542185063e-06 2.981241542569567748e+00 -5.544941186463728418e-03 2.175449432777944447e-01 -6.932126708980746333e-04
1.195446679547041668e+01 9.978210966059669618e-01 2.377263846856277063e-06 2.981906051567560390e+00 -5.930760119543262640e-03 2.110852193238531571e-01 3.416350874069951256e-04
1.222012161315164747e+01 9.986501049975825550e-01 9.119290234483722751e-07 2.987082214478593123e+00 -5.742779810849252264e-03 2.157915717069232575e-01 7.335252643544542964e-04
1.248577643083283917e+01 9.980209948118970997e-01 1.960818173916707013e-06 2.983525394895402805e+00 -5.687938931156699511e-03 2.203713451819987179e-01 -2.332153034591199971e-04
1.275143124851403442e+01 9.987127100694662696e-01 8.292694324834194025e-07 2.987992629652114651e+00 -6.311689816808895362e-03 2.170806485362634375e-01 1.133654460298304462e-03
1.301708606619528830e+01 9.982340229160137079e-01 1.561175801786289855e-06 2.988865815916617485e+00 -6.207929789502373251e-03 2.218006936298503318e-01 -1.038100973564701863e-03
1.328274088387645335e+01 9.997466835878933145e-01 3.209002172180949047e-08 2.998505973870364993e+00 -6.280848977322527060e-03 2.245502409479762651e-01 -1.322625385773227398e-03
1.354839570155771078e+01 9.986435232134925899e-01 9.208474691781241145e-07 2.990503124602044593e+00 -5.808364495030644836e-03 2.191126509870233996e-01 2.528220026419130198e-03
1.381405051923890426e+01 9.981691017737105431e-01 1.678142809474498370e-06 2.983833001373519256e+00 -6.785638850882298734e-03 2.150057608551956545e-01 2.608341282117495729e-03
1.407970533692008885e+01 9.985037565838368323e-01 1.120490003538249582e-06 2.984514452103714355e+00 -6.247144056038686326e-03 2.177213849427797887e-01 2.127009041716628867e-03
1.434536015460133385e+01 9.983094171116383420e-01 1.430647897813271813e-06 2.981757506968355287e+00 -6.093911651753792895e-03 2.141272688145049174e-01 5.353875133616162532e-03
1.461101497228251667e+01 9.989040205070073286e-01 6.010247051622084891e-07 2.982080002306920719e+00 -4.798720389898096690e-03 2.154055528293596922e-01 2.872928246249200138e-03
1.487666978996370304e+01 9.999388330581634454e-01 1.870773673546730596e-09 2.987416464523186210e+00 -4.134760518056200713e-03 2.193333970656638487e-01 1.020170970157561205e-03
1.514232460764496579e+01 9.996740114660301879e-01 5.314581240400181178e-08 2.985342773244836323e+00 -3.901263661140841159e-03 2.234792568897553677e-01 -1.480733935180411544e-04
1.540797942532613085e+01 9.998347335473712905e-01 1.365800500965235788e-08 2.987353603165532334e+00 -5.165629321747831210e-03 2.203772012904266497e-01 -9.055472399232101057e-05
1.567363424300739538e+01 9.991341668183778557e-01 3.750500520128229043e-07 2.986666837145862896e+00 -6.061698170175997338e-03 2.250441480040651365e-01 -2.243533179184004252e-03
1.593928906068858176e+01 9.980089257913248302e-01 1.984823310168751936e-06 2.980678068925271429e+00 -6.544582972172799037e-03 2.209085289678875963e-01 -7.194519264513021426e-04
1.620494387836976458e+01 9.973589179942639049e-01 3.493810062258836946e-06 2.977945432093123568e+00 -6.394620429551724217e-03 2.175311288554342692e-01 1.089401855155726004e-03
1.647059869605101312e+01 9.972536466601564786e-01 3.778147337469769940e-06 2.975675641654770054e+00 -5.232247983587547981e-03 2.188850335958145987e-01 1.875885147101713502e-03
1.673625351373219416e+01 9.971444790587609130e-01 4.084777888689345576e-06 2.981517433840632059e+00 -5.301649191979201058e-03 2.177699055281753782e-01 5.562964273500215417e-04
1.700190833141337521e+01 9.986322237398087553e-01 9.362597756146402717e-07 2.992346933054682356e+00 -5.213325399840279366e-03 2.167533450563390862e-01 1.506620158899101307e-03
1.726756314909463086e+01 9.997191699684169208e-01 3.944013747569138223e-08 2.994342643433286710e+00 -5.199770162097193567e-03 2.175211590646523585e-01 1.539816290864832711e-03
1.753321796677582256e+01 9.990947166441540572e-01 4.100164499080093117e-07 2.993414517083702542e+00 -4.803984342240670558e-03 2.153821690484661877e-01 1.618999150915884045e-03
1.779887278445707821e+01 9.992655897120337194e-01 2.698113451084010669e-07 2.989986422739126404e+00 -6.141142645569736165e-03 2.198238191087338311e-01 -3.866920451395083999e-04
1.806452760213825925e+01 9.993459889214707514e-01 2.139585380082908994e-07 2.989251050854106140e+00 -6.271946643102576865e-03 2.173090040555894220e-01 1.262129404945872045e-03
1.833018241981943675e+01 1.000483934601087421e+00 1.170585847877362098e-07 2.990219798662298700e+00 -6.126471407568894086e-03 2.195191544443487464e-01 -7.206026378609009086e-04
1.859583723750067108e+01 1.001017042282371428e+00 5.168371016261823214e-07 2.991978672582564336e+00 -6.241635848507129727e-03 2.199890576924681818e-01 -5.071426044922167304e-04
1.886149205518189476e+01 1.000400466479844708e+00 8.016529911029565691e-08 2.987956246293192564e+00 -5.937402985549194816e-03 2.153877405426834479e-01 1.728035391672651071e-03
1.912714687286307580e+01 1.000678565778288842e+00 2.301216618272490522e-07 2.989197660096102549e+00 -6.033822869953356198e-03 2.242017880054162082e-01 -8.857769691757366379e-04
1.939280169054432079e+01 1.000477248941819663e+00 1.138470554164130316e-07 2.990207116358310380e+00 -6.203342770063602005e-03 2.237602851589983177e-01 -1.056833447789384833e-04
1.965845650822548762e+01 9.999484936149590775e-01 1.326499398977907650e-09 2.985417531591257223e+00 -5.041923255270942643e-03 2.222387523981776969e-01 -2.047376074385754991e-03
1.992411132590672196e+01 9.994949063450245808e-01 1.276027695234702164e-07 2.984535466417450600e+00 -5.447859349781677789e-03 2.237582108153007843e-01 3.669772449130404165e-04
2.018976614358789945e+01 9.997718501425396642e-01 2.603013798637473369e-08 2.987810163375722805e+00 -5.458791668215944547e-03 2.208038983550584533e-01 8.981926553187724680e-04
2.045542096126914799e+01 9.995963836197218066e-01 8.147501505238611066e-08 2.985353051207029207e+00 -5.002333186374161196e-03 2.168396057681605260e-01 2.776285842114064543e-03
2.072107577895037522e+01 9.988997188059571819e-01 6.057537267028893779e-07 2.981633131859950492e+00 -3.182993342759587920e-03 2.106974757330576098e-01 2.537254273906820474e-03
2.098673059663154916e+01 9.990658026789337454e-01 4.366342735701153263e-07 2.982443271393453887e+00 -4.078597000409610492e-03 2.158189741489358326e-01 3.045602877409958500e-04
2.125238541431272310e+01 9.974270612280008441e-01 3.315695571140010733e-06 2.977075259177244249e+00 -4.113759693018494840e-03 2.139775126461190835e-01 -1.647172833632295488e-03
2.151804023199395388e+01 9.969829366407739757e-01 4.560510866936234864e-06 2.976669891907227417e+00 -4.508699044288018258e-03 2.191642437863504378e-01 -1.971425636824813976e-03
2.178369504967520598e+01 9.973424775669534892e-01 3.537481421822183392e-06 2.979078740704506512e+00 -4.963585416287199549e-03 2.166166239712032371e-01 -1.738132020080955867e-03
2.204934986735644031e+01 9.981092195720879801e-01 1.789781725293091916e-06 2.984451910224619642e+00 -5.558256131487910971e-03 2.134957411419352302e-01 -2.359420266804598473e-03
2.231500468503761425e+01 9.980150435493972960e-01 1.972636886521210442e-06 2.983029613618588982e+00 -6.173738994805805236e-03 2.162284159984058651e-01 -2.469819464586748680e-03
2.258065950271878464e+01 9.988600978959094601e-01 6.501825467206210490e-07 2.986219522070444388e+00 -4.594848843956334840e-03 2.221416332980125641e-01 -2.534454743843151791e-03
2.284631432040000121e+01 9.991477922578321236e-01 3.633354574317671642e-07 2.985736815643495579e+00 -4.487438205805945046e-03 2.181193469425021236e-01 -2.543672942572509053e-03
2.311196913808127817e+01 9.996049197042865542e-01 7.806478194568537005e-08 2.988105306227214264e+00 -5.021811031363419831e-03 2.179140450689551756e-01 9.792129251754955969e-04
2.337762395576245211e+01 9.995597419734522093e-01 9.694201901535833346e-08 2.989627445259896543e+00 -5.369043395794061146e-03 2.122070569645327920e-01 -1.666949446257370881e-04
2.364327877344367934e+01 9.987589337843814086e-01 7.707604516098663650e-07 2.988236269001662393e+00 -5.535984743161226004e-03 2.141819926182689238e-01 -1.943646052946193048e-03
2.390893359112483907e+01 9.979087533948044486e-01 2.189709529561070095e-06 2.984995378364837748e+00 -6.545201709846184927e-03 2.125071473586402915e-01 -7.351592081148549795e-04
2.417458840880606274e+01 9.977065578103273547e-01 2.633966542643813302e-06 2.987729423017270403e+00 -5.802440459960565150e-03 2.144713713586669790e-01 1.821180497916624532e-03
2.444024322648722958e+01 9.988597946782566961e-01 6.505286256801648404e-07 2.992625052596370239e+00 -5.835756665331585935e-03 2.147949491532051280e-01 1.382920306266608368e-03
2.470589804416852076e+01 9.983615922256875441e-01 1.343657857675022854e-06 2.986277575036765608e+00 -4.956376156771938497e-03 2.108929292129036182e-01 2.084635568211729018e-03
2.497155286182542966e+01 9.977269050041798204e-01 2.587402114167559886e-06 2.981249601767339108e+00 -5.511858240113038515e-03 2.140477851300834899e-01 -2.144676177136195451e-04
2.523720767946531396e+01 9.985212749205124583e-01 1.094392934256191094e-06 2.982431053186719971e+00 -3.115765382731181324e-03 2.140831106849814258e-01 -4.721514420278227916e-04
2.550286249710519471e+01 9.976458445600975278e-01 2.775380558027798483e-06 2.974580231449971635e+00 -4.677968969481507457e-03 2.151679444060953239e-01 -1.259679288686952258e-03
2.576851731474507901e+01 9.980244336837102992e-01 1.954005070220476981e-06 2.978226456561939184e+00 -5.211258072507711503e-03 2.165811168308852119e-01 -2.462555767161030834e-03
2.603417213238496331e+01 9.991810847296577203e-01 3.354942834326137338e-07 2.986838122452677879e+00 -4.184980838259307057e-03 2.193248377646632996e-01 1.742207343089197092e-04
2.629982695002484405e+01 9.987465048517577548e-01 7.862821792797413528e-07 2.985649169178005824e+00 -5.733361977592815913e-03 2.288239332452129682e-01 2.073993273226577751e-03
2.656548176766472835e+01 9.983889904081669764e-01 1.299071350896073215e-06 2.982297091699312563e+00 -4.079556558351651180e-03 2.254243490999697508e-01 6.099312139849255620e-04
2.683113658530461265e+01 9.979394425488956610e-01 2.125869323909689718e-06 2.979262214015333754e+00 -4.235524089832146989e-03 2.247713759496377528e-01 -2.181096169871743398e-03
2.709679140294449340e+01 9.986701840462771651e-01 8.849899048584287248e-07 2.987122479512095641e+00 -5.214211557043149300e-03 2.199129064984206849e-01 2.789158876251318381e-04
2.736244622058437770e+01 9.989786066380547114e-01 5.219776598600414652e-07 2.984132340552008600e+00 -4.522480930944408964e-03 2.264842576097319815e-01 8.848588922333211655e-04
2.762810103822426200e+01 1.000121780860875331e+00 7.414687065897197955e-09 2.990334478077179448e+00 -4.610662533625015450e-03 2.262959485935383264e-01 8.969416591523593800e-04
2.789375585586414275e+01 9.999768570743836626e-01 2.678016348581875247e-10 2.992110547787526720e+00 -5.025704099988623046e-03 2.222708825958131795e-01 8.089608717411900371e-04
2.815941067350402705e+01 9.993694648212636533e-01 1.988709069412637059e-07 2.987529186044146634e+00 -5.448168750399618072e-03 2.277950579191271585e-01 4.852280119082508442e-04
2.842506549114391134e+01 9.986620800868986070e-01 8.958139543040199992e-07 2.984294372912785764e+00 -5.187536193447854493e-03 2.235915503503703716e-01 3.798375022037814384e-04
2.869072030878379209e+01 9.985595488517292617e-01 1.038447096615236279e-06 2.980972763203009634e+00 -4.708377992216420706e-03 2.207291629669976551e-01 1.866707014881482333e-03
2.895637512642367639e+01 9.989551043861744084e-01 5.462839948833057846e-07 2.984785894518803495e+00 -4.796251677135206920e-03 2.182948219330709261e-01 2.867599779920479083e-03
2.922202994406356069e+01 1.000033785726759605e+00 5.707248114725357521e-10 2.991360434758943310e+00 -4.526378832707871579e-03 2.217451237345859083e-01 -2.157846590710510502e-04
2.948768476170344144e+01 9.996651156802432991e-01 5.608627576849907828e-08 2.987852524268675314e+00 -4.539692556442751804e-03 2.251583054809646045e-01 -1.998202244109336181e-03
2.975333957934332574e+01 9.992133012368902278e-01 3.096098623861639684e-07 2.986322604441395079e+00 -5.628763152744257516e-03 2.216996205630497596e-01 8.286910218786691217e-04
3.001899439698321004e+01 1.000088043422183715e+00 3.875594616173545781e-09 2.990958108994802078e+00 -5.392480680813887747e-03 2.233223498789618233e-01 2.877202369255439304e-03
3.028464921462309078e+01 1.000071858867598529e+00 2.581724747139778516e-09 2.990730360782387187e+00 -4.831102880928944687e-03 2.203043706805885293e-01 1.691319401185603557e-03
3.055030403226297508e+01 9.989277516689408776e-01 5.752694996687297835e-07 2.983414040469548834e+00 -5.528590983258302796e-03 2.186540454604605499e-01 -2.958346065641006672e-03
3.081595884990285938e+01 9.988322344091221661e-01 6.823695211121728887e-07 2.986002316825732361e+00 -6.084628486731488359e-03 2.193479870793050013e-01 -2.718926581685716503e-03
3.108161366754274013e+01 9.987292192957319958e-01 8.081265061010960843e-07 2.985950268460185963e+00 -4.057757920272391655e-03 2.185173573835276495e-01 -2.124344755906352068e-03
3.134726848518262443e+01 9.992988698018780980e-01 2.459067258317416613e-07 2.988820046931377927e+00 -4.141907404359775058e-03 2.167807285958895935e-01 -1.985019216221736021e-03
3.161292330282250873e+01 9.993193513851706955e-01 2.317464329938158374e-07 2.987210302215731250e+00 -6.901895491147438597e-03 2.176711018259155361e-01 1.483691859756360813e-03
3.187857812046238948e+01 9.995058008079338308e-01 1.221566688620976532e-07 2.986128682528137901e+00 -5.902027826328861901e-03 2.163507842643639656e-01 4.416959337705927816e-04
3.214423293810228444e+01 9.997983058049254579e-01 2.034300958733020227e-08 2.986978971481702771e+00 -5.969812562994381705e-03 2.134226743659383696e-01 1.166986622103958256e-03
3.240988775574216874e+01 9.995203334051052657e-01 1.150768216050344211e-07 2.983982152608195548e+00 -5.223111026188402908e-03 2.127684098172873683e-01 1.861638170843228331e-03
3.267554257338205304e+01 9.991390948196693378e-01 3.707916910264006868e-07 2.984417452200230692e+00 -4.704443384413832356e-03 2.156518715006120468e-01 8.657687574670447578e-04
3.294119739102193734e+01 9.992405643023504203e-01 2.885173722751025252e-07 2.990581271314175282e+00 -5.301488050963991741e-03 2.096793081354808574e-01 2.090829275717698450e-03
3.320685220866182163e+01 1.000201360790603733e+00 2.027036293772931617e-08 2.993596129592396959e+00 -5.545286317498426820e-03 2.165652014123507496e-01 2.381563076851532686e-03
3.347250702630171304e+01 1.000664068767327164e+00 2.203960971576719718e-07 2.998399408238889396e+00 -5.200053649935554648e-03 2.178811592166679800e-01 2.941830522695820967e-03
3.373816184394159734e+01 1.000716681748414327e+00 2.566937264379676176e-07 2.993936959869504477e+00 -5.658286025031754665e-03 2.192618022171562986e-01 2.508166386087842294e-03
3.400381666158147453e+01 1.000679356185303348e+00 2.306579532288357062e-07 2.990328717486930188e+00 -5.421218318941656289e-03 2.197772215385126737e-01 2.979327724264792168e-03
3.426947147922136594e+01 9.995506988299881490e-01 1.009660145852753384e-07 2.982415823375130337e+00 -4.777102989974341303e-03 2.213405001928036298e-01 8.232531773352591347e-04
3.453512629686125024e+01 9.999454131674011537e-01 1.489915366672785527e-09 2.984432330103655495e+00 -4.710089631326982648e-03 2.198703681796320697e-01 -3.783003117659111626e-05
3.480078111450113454e+01 1.000345982518495047e+00 5.983814998074222721e-08 2.985460171511456817e+00 -3.623972876618402044e-03 2.196697778626492681e-01 -2.077429898802432215e-03
3.506643593214102594e+01 9.997518415959137927e-01 3.079639178697399227e-08 2.983406369022969962e+00 -3.832843718046917772e-03 2.160699149918920703e-01 -8.558919647765061978e-04
3.533209074978091024e+01 9.998473392804894111e-01 1.165383371092487338e-08 2.982981671158984938e+00 -2.795513226511097109e-03 2.191227279818029061e-01 -7.095326210851849325e-05
3.559774556742079454e+01 9.999277137824774675e-01 2.612774534338610684e-09 2.980907012915634091e+00 -3.548660583405134454e-03 2.212495618939612774e-01 -1.727756965741459238e-03
3.586340038506067884e+01 1.000056197188722074e+00 1.579002853395830054e-09 2.979616348191899355e+00 -5.466319766790446108e-03 2.239824428411701929e-01 -2.790083162835157310e-03
3.612905520270056314e+01 9.991407929600196747e-01 3.693299378519513190e-07 2.979342832799413809e+00 -5.912922553818145133e-03 2.181265875150119604e-01 -1.791647396148133772e-03
3.639471002034044744e+01 9.994115564880710068e-01 1.732008326360166481e-07 2.979748709701083076e+00 -5.835485189053312566e-03 2.193294238293467535e-01 -3.065430722441181595e-03
3.666036483798033885e+01 1.000240053181814526e+00 2.880815481569884776e-08 2.984108780853485410e+00 -5.269625565133562346e-03 2.259667573780065886e-01 3.760098731608807411e-04
3.692601965562022315e+01 1.000041256631034603e+00 8.510313951148157884e-10 2.988320018595387761e+00 -5.454451727069850424e-03 2.196570170038460723e-01 9.414988783205658317e-04
3.719167447326010034e+01 1.000261431110279320e+00 3.416715793527324435e-08 2.992638326096538126e+00 -5.976216500639089553e-03 2.173406050834640335e-01 -9.778397218169099410e-04
3.745732929089999885e+01 9.995081796780150851e-01 1.209832842100685285e-07 2.984755355743371918e+00 -7.268981610768943981e-03 2.207074835705471749e-01 -1.736792386793247845e-03
3.772298410853988315e+01 9.991276442016630011e-01 3.807237532656724058e-07 2.988872408911702028e+00 -7.966452188313776633e-03 2.205435926274571246e-01 7.811695706263610105e-04
3.798863892617976035e+01 9.999415907768083311e-01 1.705885103531548652e-09 2.990249239103378809e+00 -6.434057766424091697e-03 2.143327270768132231e-01 -1.039329469126312093e-03
3.825429374381964465e+01 1.000268327513944344e+00 3.599338883604301376e-08 2.994502807694500390e+00 -5.885319633060600436e-03 2.115942180163231934e-01 2.051661491081655572e-03
3.851994856145953605e+01 9.997006131333352474e-01 4.482519490534237275e-08 2.988697547887873007e+00 -5.022673257943770578e-03 2.176624082029457452e-01 1.552529904395447613e-03
3.878560337909942035e+01 1.000212062333012186e+00 2.248203820180184886e-08 2.998818215580710600e+00 -5.893068106989533990e-03 2.136899613157527966e-01 1.399966433128793132e-03
3.905125819673930465e+01 1.001208866488494387e+00 7.300907645651361078e-07 3.003040048192021860e+00 -5.797978796245773815e-03 2.180234533133517949e-01 3.869997505705991209e-04
3.931691301437918895e+01 1.000718720043989762e+00 2.581555638364943506e-07 2.998220091587647129e+00 -4.497764850240332582e-03 2.191177505216572730e-01 -2.131164020696962869e-03
3.958256783201907325e+01 1.001085394392954742e+00 5.886146132968225059e-07 2.998271798192897464e+00 -4.475386680034977582e-03 2.179156313395869682e-01 -1.327814631968067365e-03
3.984822264965895755e+01 1.000242758071446580e+00 2.946097279671387563e-08 2.993453190387958873e+00 -4.242378801085563110e-03 2.193188491786270400e-01 -3.598021813894836151e-04
