0.000000000000000000e+00 1.975400028600944990e+00 2.838206893798333041e+01 3.286451222637257197e-02 8.670311759744546432e-02 5.423307216246941315e-02
4.324012026227150307e-01 1.967820728237255068e+00 1.468064137593765750e+01 6.251969935326564913e-03 9.846195313294492379e-02 3.201734012148328007e-02
8.648024052451566135e-01 1.931929563136794092e+00 9.585927546230317731e+00 4.669424020203627218e-04 1.124644514849217070e-01 2.122793752535494238e-02
1.297203607867219111e+00 1.877583151570392905e+00 6.906383686520250365e+00 -6.015152084649671126e-03 1.273594767152234353e-01 1.515084652377713011e-02
1.729604810489277167e+00 1.813720968732839500e+00 5.267608094170642907e+00 -8.331190050798228941e-03 1.459037142933915510e-01 9.743097867638904341e-03
2.162006013111339442e+00 1.744854430358891761e+00 4.163367747892968040e+00 -1.145517160796931909e-02 1.659884321110285943e-01 4.219995710817290267e-03
2.594407215733393723e+00 1.675221071069101786e+00 3.374435761645845133e+00 -1.346167455335251645e-02 1.840939903151369295e-01 4.756920842125213732e-03
3.026808418355450669e+00 1.606885522537009114e+00 2.780959832803254539e+00 -1.672063986956494677e-02 2.023711026337423335e-01 2.520154491893331766e-03
3.459209620977517385e+00 1.542261981072305499e+00 2.320252650623187307e+00 -1.914356610593238514e-02 2.202508169987525966e-01 1.520232204303949460e-03
3.891610823599577440e+00 1.482276562977105971e+00 1.958964765005068553e+00 -1.827057552133167992e-02 2.375629221029172955e-01 -5.125467019873908596e-04
4.324012026221640603e+00 1.425333767412300778e+00 1.672683012078395093e+00 -1.879060561106720220e-02 2.554014413584623222e-01 -1.525649197236859022e-03
4.756413228843685559e+00 1.374923554090490718e+00 1.438755279202706516e+00 -2.059678256945456087e-02 2.695565768646518423e-01 -1.305478377016158200e-03
5.188814431465761601e+00 1.330128670362501264e+00 1.246298654734671274e+00 -2.068811792830477919e-02 2.831505242788537879e-01 -8.566320223186274898e-04
5.621215634087801227e+00 1.289957803916974122e+00 1.087006166780144945e+00 -2.117883936255020999e-02 2.925545127934300882e-01 -3.231652572262689715e-03
6.053616836709869276e+00 1.253933384996925193e+00 9.541827595233925985e-01 -2.125099810201628095e-02 2.980496338450325799e-01 -1.862534086932166001e-03
6.486018039331939100e+00 1.220762145149841160e+00 8.433977685986684403e-01 -2.209585214772023798e-02 3.016767734362983955e-01 -3.598258040004021043e-06
6.918419241953988497e+00 1.192894714930817113e+00 7.495099287910081953e-01 -2.189191095911603366e-02 3.026481715294357944e-01 1.000741048358497849e-03
7.350820444576041446e+00 1.167657510273503174e+00 6.714683247123712784e-01 -2.230811576612950001e-02 2.974444707471218252e-01 -3.963861708741134521e-04
7.783221647198111270e+00 1.146463585903898075e+00 6.054862270924286083e-01 -2.198294478247324324e-02 2.900663529553406672e-01 -1.686928316015226005e-03
8.215622849820158891e+00 1.126832228311322126e+00 5.494272337918133520e-01 -2.344539012679671200e-02 2.810759768161100181e-01 -4.771052325364783311e-03
8.648024052442236709e+00 1.109738297799139906e+00 5.019114371293703636e-01 -2.285486381491897909e-02 2.697272615329658896e-01 -4.864472818598543878e-03
9.080425255064289658e+00 1.095599840501952915e+00 4.613121641005962226e-01 -2.302438850178134197e-02 2.564887018095252658e-01 -1.057367444666055308e-03
9.512826457686367476e+00 1.083056224188523542e+00 4.267867048007341624e-01 -2.219366251836807358e-02 2.457761367298282318e-01 1.015215100023927376e-03
9.945227660322093044e+00 1.071836227630148075e+00 3.975368974791071430e-01 -2.177545368442970058e-02 2.300522705196829665e-01 9.288298559094887311e-04
1.037762886296009590e+01 1.062052065648667165e+00 3.727071448987677171e-01 -2.235423358024091547e-02 2.138503140690079796e-01 2.133646044562226198e-03
1.081003006559810053e+01 1.053359660401085307e+00 3.515268192801378477e-01 -2.316794634182723148e-02 1.943549899301847961e-01 -6.287333304519482748e-04
1.124243126823610517e+01 1.046693702053317132e+00 3.334257674183516151e-01 -2.317393432394634217e-02 1.788324632285654969e-01 3.354803051259230753e-03
1.167483247087410803e+01 1.040044851058267605e+00 3.177720603799164545e-01 -2.271639504263592985e-02 1.597454710642587095e-01 4.681005618633685313e-03
1.210723367351211266e+01 1.034307087344948917e+00 3.047100190808970099e-01 -2.146774400025403678e-02 1.462020808158523699e-01 6.320593128998996599e-03
1.253963487615011729e+01 1.029162197402619494e+00 2.934491765849908673e-01 -2.238648987979864960e-02 1.345200443306217020e-01 6.735638523361470870e-03
1.297203607878811127e+01 1.025666255964347240e+00 2.838979315377791468e-01 -2.350676298039326706e-02 1.213957143279845441e-01 6.877059687464762670e-03
1.340443728142612478e+01 1.022295201868414827e+00 2.757593059943923008e-01 -2.254477631202633434e-02 1.131250413306519459e-01 7.525786888512448099e-03
1.383683848406411521e+01 1.019422365220508997e+00 2.689576537485993124e-01 -2.447718577086510638e-02 1.026729294439805290e-01 8.399468803483203794e-03
1.426923968670213227e+01 1.016858074738802298e+00 2.631328763766823675e-01 -2.361553559426448831e-02 9.880375354408219013e-02 8.163121601239524058e-03
1.470164088934011559e+01 1.014672606408222988e+00 2.580386955782482672e-01 -2.355918117289952304e-02 9.351307153064863931e-02 9.605257085212525262e-03
1.513404209197813977e+01 1.012470916896674789e+00 2.533316456432753161e-01 -2.313296939801293139e-02 8.946278458437545433e-02 6.996776147533391443e-03
1.556644329461611598e+01 1.010014352229270607e+00 2.494766762924032488e-01 -2.336377082369003183e-02 8.446716416138343175e-02 1.055788481921456426e-02
1.599884449725414903e+01 1.008764448482918796e+00 2.460964717451910866e-01 -2.207827454644455817e-02 7.882796553981026577e-02 6.691507899211734771e-03
1.643124569989211992e+01 1.007974833584923902e+00 2.432481868453738594e-01 -2.273258022861630867e-02 7.301580178322862602e-02 5.331637928113107383e-03
1.686364690253015652e+01 1.006462236047403369e+00 2.409151484452258518e-01 -2.271421661147781518e-02 7.083335068374553567e-02 6.508099302830330952e-03
1.729604810516812208e+01 1.006544029490011871e+00 2.391572616526276562e-01 -2.354963214463426380e-02 6.686501379470280448e-02 7.542460145504087041e-03
1.772844930780616579e+01 1.005972058493977750e+00 2.372620099694456586e-01 -2.295175285171446519e-02 6.345488433837159770e-02 6.816284270002201731e-03
1.816085051044412779e+01 1.004964263176172157e+00 2.360368980769811664e-01 -2.286543836002690941e-02 5.981012851832409605e-02 7.431895666479481841e-03
1.859325171308217506e+01 1.004075256879571443e+00 2.349712941824898538e-01 -2.248892890812749165e-02 5.953170515856163331e-02 9.366148500055892015e-03
1.902565291572012995e+01 1.003807012340131033e+00 2.336139704675173068e-01 -2.264345989547950425e-02 6.065411242386137963e-02 7.300177140847403760e-03
1.945805411835818433e+01 1.003855574823210306e+00 2.326309855510265423e-01 -2.313407380765229726e-02 5.855862840192458535e-02 8.373809460751483261e-03
1.989045532099613567e+01 1.003005692977430252e+00 2.319282096774764323e-01 -2.323890382772375238e-02 5.766623940408310139e-02 7.807387690925059187e-03
2.032285652363419359e+01 1.002711077289464292e+00 2.312817139184319692e-01 -2.352447779632630201e-02 5.786050131104913258e-02 1.001161721964485656e-02
2.075525772627214138e+01 1.002759788554092202e+00 2.310157379672036493e-01 -2.297341734160652724e-02 5.548470326054398549e-02 1.039039834355058936e-02
2.118765892891019931e+01 1.002852325377720621e+00 2.306152205118893461e-01 -2.190969822321470542e-02 5.343072371374184976e-02 1.126689252715246288e-02
2.162006013154814354e+01 1.002394947970169037e+00 2.298638501408569457e-01 -2.230048931449010383e-02 5.437888771072398042e-02 9.376999567957998785e-03
2.205246133418620857e+01 1.001150250390038021e+00 2.294696282439804558e-01 -2.263128723163343459e-02 5.418366499074220299e-02 7.590516034435996866e-03
2.248486253682415281e+01 1.000931135801625960e+00 2.289742207469425972e-01 -2.312822332243102616e-02 5.309695291227344016e-02 7.958388521416965428e-03
2.291726373946221784e+01 1.001929289538880496e+00 2.287572630776226745e-01 -2.369023201254149072e-02 5.612098042121146241e-02 8.170495595306583383e-03
2.334966494210015497e+01 1.001995317996642321e+00 2.283853652190636629e-01 -2.266497510158001216e-02 5.489719321106959621e-02 5.108383698397099028e-03
2.378206614473822356e+01 1.002289575973530633e+00 2.283256895140100828e-01 -2.176126258391807358e-02 5.465126276953848755e-02 6.585117338963906129e-03
2.421446734737616069e+01 1.002034288761999736e+00 2.283230353388654987e-01 -2.255739618792226148e-02 5.395155739337633566e-02 9.230994818722535258e-03
2.464686855001423282e+01 1.001660621945086538e+00 2.282214855557963828e-01 -2.349998046907886620e-02 5.354482007618356632e-02 7.459236250802977509e-03
2.507926975265217706e+01 1.001038844936797956e+00 2.285115100819502809e-01 -2.315517531879597926e-02 5.730738719092680344e-02 1.100840599894487883e-02
2.551167095529022788e+01 1.001190988627457923e+00 2.284960929235473615e-01 -2.279293482770898896e-02 5.335849108938834490e-02 9.154017949664677162e-03
2.594407215792817212e+01 1.000391399493412159e+00 2.285421313431098278e-01 -2.256248463889233905e-02 5.368472852169291210e-02 1.064891641978816562e-02
2.637647336056624781e+01 1.000351901320031711e+00 2.286609681107570624e-01 -2.343980429708749508e-02 5.373741959526632389e-02 1.190776092707596621e-02
2.680887456320420270e+01 1.000796190775449679e+00 2.285354445203250096e-01 -2.261377733978153434e-02 5.389852722719577771e-02 1.202540404395602801e-02
2.724127576584222510e+01 1.000670270212167035e+00 2.283468033837509070e-01 -2.169053036229985978e-02 5.508815494203864876e-02 9.062346477111984239e-03
2.767367696848018710e+01 1.000907526092791766e+00 2.283532913636011630e-01 -2.453793540290193087e-02 5.605513316803085316e-02 9.455478993168451793e-03
2.810607817111826279e+01 1.000407622909901262e+00 2.280802999351769222e-01 -2.367534917818519061e-02 5.384950860586154575e-02 6.220954157010465287e-03
2.853847937375622834e+01 1.000844700098782125e+00 2.278153200421134672e-01 -2.278908732985438987e-02 5.421657314130062799e-02 6.701204213962618991e-03
2.897088057639422587e+01 1.001088802965793167e+00 2.279049261401204785e-01 -2.350965406209166303e-02 5.416297314384641709e-02 7.197294329840770062e-03
2.940328177903219853e+01 1.001048324085433316e+00 2.277315409937743507e-01 -2.373937711630805247e-02 5.364836457757195948e-02 9.116784077095379732e-03
2.983568298167028132e+01 1.000738991518367316e+00 2.277733515398766562e-01 -2.204961470760529244e-02 5.376159421856901988e-02 1.014801081252846536e-02
3.026808418430825398e+01 1.001109661183142263e+00 2.273980701123059500e-01 -2.324184157355897729e-02 5.627463754040404331e-02 7.936802837989160447e-03
3.070048538694623375e+01 1.001203895537002841e+00 2.273843440994798848e-01 -2.198255771965709066e-02 5.390486681429769444e-02 9.361480861704967946e-03
3.113288658958421351e+01 1.001767612689225651e+00 2.275498475099882734e-01 -2.092417008326935904e-02 5.415761261966148266e-02 1.054188208479414114e-02
3.156528779222229630e+01 1.001880460224064295e+00 2.276057263492980154e-01 -2.221174188079404199e-02 5.527333751281103547e-02 9.657495763279809464e-03
3.199768899486028317e+01 1.001957522682883406e+00 2.278951907520202491e-01 -2.301286318049443336e-02 5.607323400500563437e-02 1.064099247672958305e-02
3.243009019749823807e+01 1.001780086055321428e+00 2.277631013599001886e-01 -2.251244209781629035e-02 5.752313647148166176e-02 8.753133253496310495e-03
3.286249140013622849e+01 1.001387067599987413e+00 2.283559426067783005e-01 -2.252589539634863511e-02 5.612815023300019024e-02 9.572694937047205102e-03
3.329489260277431129e+01 1.001328485020543724e+00 2.279061583074874497e-01 -2.273288888780840983e-02 5.901923875685284593e-02 1.105593037349142209e-02
3.372729380541230171e+01 1.001561743577425556e+00 2.279356480966837628e-01 -2.285943950239363240e-02 5.915972718127079921e-02 1.052266340293380072e-02
3.415969500805024239e+01 1.001297855701998918e+00 2.280263800610252967e-01 -2.213063713912588951e-02 5.690788011038512562e-02 8.814085001804545377e-03
3.459209621068823992e+01 1.000854825834766260e+00 2.280562401342114132e-01 -2.255653405105872977e-02 5.433009963807403087e-02 9.675245747144029657e-03
3.502449741332632982e+01 1.001234813179816108e+00 2.277544577165387385e-01 -2.213300919875747438e-02 5.350196025574874281e-02 8.475527829258880375e-03
3.545689861596432024e+01 1.001919430068536565e+00 2.276955938340799457e-01 -2.209351315631414084e-02 5.200675684123549219e-02 8.345271025579725430e-03
3.588929981860225382e+01 1.001763651891147688e+00 2.277640331377487892e-01 -2.435519247164904394e-02 5.199946440211764692e-02 8.639569537531067989e-03
3.632170102124025135e+01 1.001140882998732939e+00 2.274417709901855045e-01 -2.378012643488153569e-02 5.383330168581738906e-02 9.913968266746014599e-03
3.675410222387834125e+01 1.000861817432689760e+00 2.276848352852867963e-01 -2.251232757422922878e-02 5.443413869544466016e-02 8.758124441767475843e-03
3.718650342651635299e+01 1.001458894026628688e+00 2.275381413660337027e-01 -2.238447941624893342e-02 5.217526087923914785e-02 8.932033952673111218e-03
3.761890462915425815e+01 1.002543149875842587e+00 2.272761923536031903e-01 -2.374998292767263597e-02 5.306561895276156599e-02 9.659563700788192583e-03
3.805130583179226278e+01 1.002196123939932182e+00 2.274691292186139802e-01 -2.382183228340752079e-02 5.022293129712118720e-02 8.865246257531720145e-03
3.848370703443035268e+01 1.002117460012494909e+00 2.274633512860471940e-01 -2.330793129102981878e-02 5.168903315158170780e-02 1.003355004290990699e-02
3.891610823706837863e+01 1.002601068737306145e+00 2.273979968972341947e-01 -2.362016045851628859e-02 5.168517532180841312e-02 9.539244782676557788e-03
3.934850943970626957e+01 1.002577032241574795e+00 2.274568356481216358e-01 -2.111757822627874023e-02 5.384614309763760542e-02 9.093789068130748998e-03
3.978091064234427421e+01 1.001771839866369085e+00 2.276067215358329732e-01 -2.180898200337941240e-02 5.169012789739855368e-02 7.899948782066339159e-03
4.021331184498237121e+01 1.001550647746379807e+00 2.273570459282640566e-01 -2.224838892481774758e-02 5.071708930852161790e-02 8.119852275126385535e-03
4.064571304762039006e+01 1.001808966313105564e+00 2.272942865306907256e-01 -2.363354059075399929e-02 5.190862332482414770e-02 7.987387262875898439e-03
4.107811425025827390e+01 1.001335928007010656e+00 2.274354492040986664e-01 -2.451970315174596682e-02 5.229344522319632343e-02 1.005156371920441077e-02
4.151051545289629274e+01 1.001873422862183061e+00 2.273917347958653301e-01 -2.363749373254311892e-02 5.275878228380048718e-02 8.343115269248664936e-03
4.194291665553438975e+01 1.000778260155693378e+00 2.274632411777344487e-01 -2.303247704664035736e-02 5.625662735622075084e-02 1.000594982191906936e-02
4.237531785817241570e+01 1.000971601228601848e+00 2.276445935368471285e-01 -2.348186884911976705e-02 5.484422552773202814e-02 1.039459529142313168e-02
4.280771906081028533e+01 1.000343977002168039e+00 2.278099706845217731e-01 -2.243517935170301694e-02 5.526860410145118668e-02 9.312715851695319361e-03
4.324012026344830417e+01 1.000448884146610373e+00 2.277059507362417801e-01 -2.221891029127777764e-02 5.512368631761058180e-02 8.031185331492548402e-03
4.367252146608640118e+01 1.000563658098079678e+00 2.276827750764626179e-01 -2.363997794722167561e-02 5.403340457256784746e-02 1.043849046172159664e-02
4.410492266872444134e+01 1.000213650978311497e+00 2.276710879671498822e-01 -2.354679078320540825e-02 5.343199581775111978e-02 1.230655631006112756e-02
4.453732387136228965e+01 9.995097922120976808e-01 2.277194218294718575e-01 -2.346402018097609038e-02 5.388687018757255115e-02 8.730538637056450488e-03
4.496972507400032271e+01 9.997074891132522456e-01 2.275787914881277907e-01 -2.295686706674772773e-02 5.020558424075519804e-02 8.403919085711326203e-03
4.540212627663841971e+01 1.000325141650938887e+00 2.273383746598608146e-01 -2.438071807768843122e-02 5.151921545650375855e-02 8.257713088584662034e-03
4.583452747927645987e+01 9.997908808932767233e-01 2.272658926279174929e-01 -2.249492209631682657e-02 5.087878631149381214e-02 5.540068153294873746e-03
4.626692868191430819e+01 1.000195081580944834e+00 2.275297996486201069e-01 -2.417356010164804087e-02 5.107749415794981401e-02 7.960107684875171452e-03
4.669932988455233414e+01 9.996934746104235714e-01 2.277335283399984922e-01 -2.458838449545489371e-02 5.453109090336958481e-02 7.246495747823708707e-03
4.713173108719043114e+01 9.998262240637391107e-01 2.275289034863562376e-01 -2.304856321475477407e-02 5.384755548053829499e-02 7.305979063597633875e-03
4.756413228982847130e+01 1.000310952514975593e+00 2.276626602006627809e-01 -2.193377991230177279e-02 5.340477096056620021e-02 1.015169908040346701e-02
4.799653349246631251e+01 1.001003092514021642e+00 2.275443925761544139e-01 -2.474874693291217662e-02 5.574972118885535011e-02 9.787765570755195196e-03
4.842893469510435267e+01 1.000886498661661239e+00 2.275828175324872416e-01 -2.366778563798120280e-02 5.621790674554834333e-02 9.454038683316606101e-03
4.886133589774244967e+01 1.000561513554351301e+00 2.279713849272852200e-01 -2.314073543128446556e-02 5.397364861541637665e-02 9.344167896874222903e-03
4.929373710038048984e+01 1.001143030714184201e+00 2.274470653432802691e-01 -2.397407771047914415e-02 5.371657645357656025e-02 9.257807451250260958e-03
4.972613830301832394e+01 1.000807748399727082e+00 2.273667087394186936e-01 -2.350952683197515478e-02 5.288351980156776044e-02 1.029966920472451773e-02
5.015853950565637120e+01 1.000977080302479116e+00 2.275536826193153561e-01 -2.344383662974462712e-02 5.321309780384979315e-02 1.044152191791061259e-02
5.059094070829446821e+01 1.000441504048016128e+00 2.279959695272621156e-01 -2.410718745677951219e-02 5.345295297267264878e-02 1.219479991385699104e-02
5.102334191093250126e+01 1.000745185025245343e+00 2.284011491310258546e-01 -2.244410538857905327e-02 5.337419531670709733e-02 1.231140729544833758e-02
5.145574311357036379e+01 1.001015991329053723e+00 2.281168154997918474e-01 -2.347686032890431221e-02 5.516318163181836709e-02 9.627476040762326936e-03
5.188814431620841816e+01 1.001506180303548543e+00 2.282056314809719211e-01 -2.348447752233209784e-02 5.541396926475665452e-02 1.274094453739607440e-02
5.232054551884645122e+01 1.000516140941300591e+00 2.283903708102067165e-01 -2.329827263641479074e-02 5.683071561918830866e-02 8.667985801076959554e-03
5.275294672148448427e+01 9.996749450818005478e-01 2.284512990579180836e-01 -2.374575387016530578e-02 5.784212751380190393e-02 1.107977239461540968e-02
5.318534792412235390e+01 9.997307211162245189e-01 2.280477094980394859e-01 -2.338463443928568905e-02 5.741829892491313869e-02 1.015621891689189212e-02
5.361774912676040117e+01 9.999739444137890620e-01 2.279166059989431725e-01 -2.209083603222257441e-02 5.669993710838865109e-02 1.059974508681100699e-02
5.405015032939849817e+01 9.999029191827144558e-01 2.280910646987521773e-01 -2.179693572552414763e-02 5.460316454785008738e-02 1.092113429446389672e-02
5.448255153203654544e+01 1.000024041087339999e+00 2.279285044721889031e-01 -2.450168370784935878e-02 5.246234530013683950e-02 8.442779651319634593e-03
5.491495273467441507e+01 1.000065496602790205e+00 2.278334030119722464e-01 -2.512819444395761326e-02 5.222378346768550422e-02 1.031107199613627567e-02
5.534735393731248365e+01 1.000138054214104510e+00 2.280547632197721941e-01 -2.264990490550329236e-02 5.479638059193821936e-02 8.129666401990354868e-03
5.577975513995044565e+01 1.000522869831772521e+00 2.279345567700764852e-01 -2.359262406168570470e-02 5.616907671165875110e-02 7.418112581190121346e-03
5.621215634258850002e+01 1.000854238687289621e+00 2.280531459281965878e-01 -2.245181009011906412e-02 5.538952970693095806e-02 9.207229912769239466e-03
5.664455754522637676e+01 1.000469945012681938e+00 2.281327528168928254e-01 -2.144086762389980222e-02 5.525759239646173965e-02 8.996480536064608777e-03
5.707695874786443113e+01 1.000298427756203923e+00 2.279950971461638110e-01 -2.170495568239003831e-02 5.477410589450124045e-02 8.199346922949371161e-03
5.750935995050252814e+01 1.000083204726092800e+00 2.282833720698227709e-01 -2.258005826286386616e-02 5.690465785581202279e-02 8.953038988385604233e-03
5.794176115314059672e+01 9.999779591049200445e-01 2.283876154631807875e-01 -2.215501973497795152e-02 5.646060526459761170e-02 5.777010891563742929e-03
5.837416235577846635e+01 1.000250057064582698e+00 2.283151569857001517e-01 -2.284932615496389208e-02 5.747992734550717159e-02 6.263477119468584264e-03
5.880656355841653493e+01 9.997397060378224731e-01 2.280778175097359639e-01 -2.319872785076997415e-02 5.532352444656089829e-02 5.545652106717278117e-03
5.923896476105445430e+01 9.999403421068120412e-01 2.276880871561668684e-01 -2.324757055275774448e-02 5.525050415044071433e-02 6.669492949760498501e-03
5.967136596369250867e+01 9.984234675781464841e-01 2.277922658534338451e-01 -2.242918828371195245e-02 5.369438887488674900e-02 7.357047343539020387e-03
6.010376716633039962e+01 9.986508650089950256e-01 2.277698906379916621e-01 -2.327517845019353576e-02 5.328857550710856816e-02 7.515638802152850052e-03
6.053616836896846110e+01 9.985750118472845882e-01 2.279119812523466571e-01 -2.229129424673772369e-02 5.459530754818359838e-02 8.595322751216294757e-03
6.096856957160656521e+01 9.990467871999560989e-01 2.277507607080535013e-01 -2.043046581252117022e-02 5.385051571285864869e-02 7.959032611986729955e-03
6.140097077424462668e+01 9.990901438797560319e-01 2.277023282780701041e-01 -2.270938425748025846e-02 5.344929278657290644e-02 8.643244290189203843e-03
6.183337197688252473e+01 9.995806268712869036e-01 2.276767536657461899e-01 -2.288236157263229612e-02 5.280658715870281683e-02 1.067950995140551709e-02
6.226577317952059332e+01 1.000303535258124654e+00 2.275176558542214844e-01 -2.245712584702758488e-02 5.328020522769531808e-02 1.156447370573558675e-02
6.269817438215847005e+01 1.000186518773328981e+00 2.274745376533543195e-01 -2.284926943300081073e-02 5.540202575078051472e-02 9.543676794240073952e-03
6.313057558479652442e+01 1.000265416659712692e+00 2.281093399537105215e-01 -2.316542633606941126e-02 5.471853014680640170e-02 1.019410160089669753e-02
6.356297678743442958e+01 1.000315778961252233e+00 2.278473938158292467e-01 -2.257350388924118587e-02 5.586607232699353914e-02 9.034529955298105722e-03
6.399537799007249816e+01 1.001245793229631253e+00 2.275682306726017068e-01 -2.339226604142970178e-02 5.298733043340861371e-02 6.671921487267278537e-03
6.442777919271058806e+01 1.000060576226299291e+00 2.277660290028377110e-01 -2.383053423903498322e-02 5.239261907605523294e-02 7.445355577183693056e-03
6.486018039534866375e+01 1.000586285234437378e+00 2.276736366741705930e-01 -2.409113823465759349e-02 5.420425518502468981e-02 7.574406156040353923e-03
