0.000000000000000000e+00 4.004798579036184414e+00 5.423399037843353032e-02 -2.445862035849120236e-02 2.608383762850904897e-02 6.860360980918456253e-02
4.324111533439913280e-01 3.273488904554036960e+00 7.165113093768664398e-02 -3.046143834220822397e-02 2.000131388484959263e-02 6.158231317159747892e-02
8.648223066882889665e-01 2.751784678109051363e+00 8.723207636177032764e-02 -3.112159963431676210e-02 2.086097860508503293e-02 4.884233237601667832e-02
1.297233460031968821e+00 2.369169719360966209e+00 1.017007007143349573e-01 -3.033554868762530776e-02 2.257404497290711395e-02 4.215653016282682602e-02
1.729644613374335949e+00 2.084993913765907703e+00 1.148467083038080400e-01 -3.082725063433928991e-02 2.475452174541248676e-02 3.515592819844133576e-02
2.162055766716694638e+00 1.867497720853928067e+00 1.270619371029971523e-01 -2.987194501068460295e-02 2.665421656422315919e-02 3.261411410207862988e-02
2.594466920059070425e+00 1.697516467915022087e+00 1.381150229720592426e-01 -2.954988960875670756e-02 3.061072569233076746e-02 2.698611512920533195e-02
3.026878073401433333e+00 1.564729226102623549e+00 1.482597377269148642e-01 -3.048918130697884574e-02 3.348797421051208367e-02 2.510524091954696377e-02
3.459289226743790913e+00 1.458359555082824999e+00 1.577425613114049607e-01 -2.872307810542992085e-02 3.587209189855784797e-02 1.893170603874254690e-02
3.891700380086148492e+00 1.373732140418032710e+00 1.662836204217680303e-01 -2.841062856970595629e-02 3.958081154409083535e-02 1.721767478692301859e-02
4.324111533428507848e+00 1.306605700272266635e+00 1.741612879266672964e-01 -2.826654013279759903e-02 4.254581361722237220e-02 1.790807403311019466e-02
4.756522686770876973e+00 1.251482907641892739e+00 1.812625028180381292e-01 -2.819969049227264574e-02 4.590763550224415124e-02 1.664647203789545310e-02
5.188933840113259421e+00 1.206903014931626217e+00 1.874095079008579745e-01 -2.750143486766266562e-02 4.736806209204739299e-02 1.273542989298915608e-02
5.621344993455618777e+00 1.170092785150208980e+00 1.927375956016592062e-01 -2.687706052303896753e-02 4.598746890067054172e-02 1.139456116023294246e-02
6.053756146797985238e+00 1.140948488784396586e+00 1.977646686751993732e-01 -2.570934774779929863e-02 4.354012563702257949e-02 1.304209410715957349e-02
6.486167300140344594e+00 1.117230168677276314e+00 2.016047767423360393e-01 -2.676937656811600313e-02 4.546677841368251122e-02 1.261119006726685310e-02
6.918578453482700397e+00 1.096878914571107977e+00 2.054772160389433111e-01 -2.650248498491100321e-02 4.519655985142920912e-02 9.961999113403740419e-03
7.350989606825057088e+00 1.080282053816354448e+00 2.085618558680212009e-01 -2.480666568808298500e-02 4.651484381062357537e-02 1.010723444108575265e-02
7.783400760167415555e+00 1.066202834094825080e+00 2.114144005921176628e-01 -2.485771602056254664e-02 4.694210261576290538e-02 9.224872952618730707e-03
8.215811913509780240e+00 1.053663078078644677e+00 2.138718314319359715e-01 -2.414106628568031543e-02 4.958166740550631196e-02 1.076421993712333575e-02
8.648223066852134266e+00 1.044742660109337695e+00 2.160310257227763819e-01 -2.549413886032469642e-02 4.867529319587981379e-02 1.010027418152084459e-02
9.080634220194511386e+00 1.037327400248737153e+00 2.177557458369356047e-01 -2.541817131655564610e-02 4.681094311323891893e-02 1.144370150086024100e-02
9.513045373545105932e+00 1.030700177528200090e+00 2.186012877066971782e-01 -2.371517605190318068e-02 4.920229743745019313e-02 1.166269676747850280e-02
9.945456526902926697e+00 1.025353380216596166e+00 2.198507455065352445e-01 -2.403094435314157354e-02 4.871328937070822096e-02 8.423526113129208015e-03
1.037786768026072792e+01 1.021127762738373912e+00 2.212477935464468304e-01 -2.392054639491444576e-02 4.933740744911888076e-02 9.700866451894839954e-03
1.081027883361854691e+01 1.016583969117750730e+00 2.223777727308530738e-01 -2.529714096663132974e-02 4.965893856266413720e-02 1.080120755102513368e-02
1.124268998697640676e+01 1.013713015810128404e+00 2.231254530412527248e-01 -2.296729016907101892e-02 5.210217542116435396e-02 1.215697188776272870e-02
1.167510114033422397e+01 1.011172981888647682e+00 2.240917753659446565e-01 -2.278956091368443057e-02 5.117572522426318271e-02 1.102392181685197398e-02
1.210751229369202342e+01 1.009141306892949563e+00 2.246050021832487753e-01 -2.267104104039821891e-02 5.422896340247656405e-02 1.031096026129441762e-02
1.253992344704984419e+01 1.007148109406871050e+00 2.249063531288074402e-01 -2.331675060746597403e-02 5.096375675716157544e-02 9.353226576246794280e-03
1.297233460040769515e+01 1.005856731940203641e+00 2.252862138755807320e-01 -2.193864638069906170e-02 5.050551231184677997e-02 9.948396386662587340e-03
1.340474575376551769e+01 1.004794092991816434e+00 2.256844943205231491e-01 -2.369655492439691480e-02 5.149229513324018320e-02 1.194102606534590619e-02
1.383715690712333668e+01 1.004349464119306923e+00 2.259721053928913648e-01 -2.361530522144281163e-02 5.086349402897041849e-02 1.074836843964353805e-02
1.426956806048113258e+01 1.003548507789875144e+00 2.262167654184298604e-01 -2.298642824288088179e-02 5.320667662914981694e-02 1.135878476234561570e-02
1.470197921383900308e+01 1.003852075848188363e+00 2.264735918249000390e-01 -2.218279533911723597e-02 5.447518021169269614e-02 1.177876452353110448e-02
1.513439036719678654e+01 1.003021174526455672e+00 2.267790451658065753e-01 -2.129991680330729081e-02 4.997217667788710765e-02 1.059350921573777582e-02
1.556680152055461441e+01 1.002282536218643161e+00 2.267364253966390464e-01 -2.302278845034651245e-02 5.219527098420773809e-02 7.948677901571643209e-03
1.599921267391245649e+01 1.001872423851630778e+00 2.268551833398199935e-01 -2.161267528960714515e-02 5.011835120378437675e-02 8.781583232210168552e-03
1.643162382727026838e+01 1.002060692763473426e+00 2.268531075286387699e-01 -2.201612022949907960e-02 5.206773094642054567e-02 1.174443894749545650e-02
1.686403498062810868e+01 1.001127717108967197e+00 2.273639162456156659e-01 -2.316374234211519834e-02 5.340265593676526285e-02 9.462300336324822037e-03
1.729644613398594899e+01 1.000591736219210715e+00 2.272314369038350435e-01 -2.370165013532184867e-02 5.559206750676848330e-02 9.041245535425240440e-03
1.772885728734371469e+01 1.000819659456233301e+00 2.270734761218478059e-01 -2.470797292473883577e-02 5.732691599509905783e-02 1.066800403437407653e-02
1.816126844070160118e+01 1.001066145581647637e+00 2.271212588830457957e-01 -2.497714682087297244e-02 5.717812849087770821e-02 1.142220411202679413e-02
1.859367959405935622e+01 1.000992958722464632e+00 2.271863246076499254e-01 -2.308260617878162002e-02 5.641134565620434943e-02 1.138677606386680370e-02
1.902609074741720718e+01 1.001327616733874049e+00 2.267635653638283566e-01 -2.285442836076045578e-02 5.511537733256025029e-02 9.994554928799937246e-03
1.945850190077505815e+01 1.001208562218584008e+00 2.269897863901050306e-01 -2.482965840311207942e-02 5.283976370125253313e-02 8.668321867305282813e-03
1.989091305413284516e+01 1.001356750578992649e+00 2.269442273158056855e-01 -2.466304766581469549e-02 5.389046350133537555e-02 5.846830190344443241e-03
2.032332420749070323e+01 1.001226266145901489e+00 2.272752311613827070e-01 -2.364650395911709058e-02 5.296541651223127256e-02 1.008134558387582987e-02
2.075573536084855419e+01 1.000765878866234582e+00 2.278116171028859716e-01 -2.402965274743668750e-02 5.388760949543774936e-02 1.098298667615794574e-02
2.118814651420630568e+01 1.000448883736647643e+00 2.275730645869243340e-01 -2.397349098687746177e-02 5.563559312391426481e-02 1.058377890280694407e-02
2.162055766756419573e+01 1.000547936147971884e+00 2.277325233701747720e-01 -2.436505580796950385e-02 5.452766176692803307e-02 1.219967818779240515e-02
2.205296882092193655e+01 1.000066526866921768e+00 2.278977883261402992e-01 -2.352799170697882428e-02 5.451998023812139327e-02 1.049847569637159597e-02
2.248537997427979818e+01 1.000388889403436510e+00 2.280819867446974014e-01 -2.308231814179607932e-02 5.468478693067362062e-02 7.000939928473813752e-03
2.291779112763765980e+01 1.000663670046106679e+00 2.279738185009678453e-01 -2.278841240538190260e-02 5.356790698971567594e-02 7.375782298264698528e-03
2.335020228099542194e+01 1.001051340765805264e+00 2.278574262676936746e-01 -2.230268982918548124e-02 5.244621907467364452e-02 9.107462837419800367e-03
2.378261343435329422e+01 9.999452850613417265e-01 2.279673252143893103e-01 -2.301861866022813022e-02 5.130696055190602650e-02 1.048399948885668335e-02
2.421502458771115940e+01 9.996322973619505836e-01 2.277496879712783695e-01 -2.293171466229490182e-02 5.387896635416782043e-02 8.758856661074353872e-03
2.464743574106890023e+01 9.997087825894721558e-01 2.281576163126126655e-01 -2.307202207975471431e-02 5.419781916127623667e-02 8.111660997711364618e-03
2.507984689442676896e+01 1.000156378851656758e+00 2.280893933823816555e-01 -2.334095377760201859e-02 5.726625606903175403e-02 8.326109154809999829e-03
2.551225804778451689e+01 1.000770713803368350e+00 2.282510827207275272e-01 -2.484858431660200151e-02 5.696815893709866740e-02 8.005374789671754199e-03
2.594466920114238562e+01 1.001561709396772359e+00 2.279188172751361319e-01 -2.350835041023538463e-02 5.560158114770892557e-02 6.886100122553730218e-03
2.637708035450025434e+01 1.001436546575970921e+00 2.277254962431917440e-01 -2.363000124663965779e-02 5.279544826190864931e-02 8.540671860482065489e-03
2.680949150785803781e+01 1.001471492301523325e+00 2.277310860684163274e-01 -2.287297027163277124e-02 5.160530776574553946e-02 9.180183523920635788e-03
2.724190266121584969e+01 1.001532560662085958e+00 2.275876041279341344e-01 -2.312620801683660729e-02 5.066742350860533456e-02 1.137735731343115370e-02
2.767431381457371486e+01 1.001849015216257355e+00 2.275277332590628365e-01 -2.286753620459262837e-02 5.095664959247309111e-02 9.182861937485841189e-03
2.810672496793148412e+01 1.001482039409314684e+00 2.278829705029235264e-01 -2.177141732256576354e-02 5.291227872193696169e-02 1.053739240365391371e-02
2.853913612128937416e+01 1.001829727941559112e+00 2.278872018139304623e-01 -2.223393729613873035e-02 5.393676434182191615e-02 1.243144318288717451e-02
2.897154727464715052e+01 1.001820919001553456e+00 2.278022835518780653e-01 -2.281648604361050797e-02 5.375817055446897169e-02 1.107019163250480380e-02
2.940395842800502635e+01 1.001216594315146757e+00 2.276893763347874744e-01 -2.394939616719133496e-02 5.847247134313377642e-02 1.153764153061059665e-02
2.983636958136279915e+01 1.000607679367081504e+00 2.276069830277841488e-01 -2.241314262503443094e-02 5.624830335489119926e-02 9.750049044700887305e-03
3.026878073472059683e+01 1.000412327741922347e+00 2.277232638332826187e-01 -2.255276828185536972e-02 5.735584165679433188e-02 7.938757924369132732e-03
3.070119188807847266e+01 1.000444194137632081e+00 2.277135556048195675e-01 -2.112990139333073905e-02 5.497357210746011552e-02 9.678205315682980245e-03
3.113360304143634494e+01 1.000190334782796731e+00 2.281139454194893446e-01 -2.319772028667535513e-02 5.688418197350551125e-02 9.242311708059228886e-03
3.156601419479413195e+01 1.000170856391776164e+00 2.282081286251728125e-01 -2.280298588021243550e-02 5.534163228464105549e-02 8.233887600714764887e-03
3.199842534815190476e+01 1.000655083036461335e+00 2.280886314504764201e-01 -2.374130505361157426e-02 5.652023492631614437e-02 8.882348425240471287e-03
3.243083650150968822e+01 1.000880281543929273e+00 2.278345740329399405e-01 -2.272273716729910145e-02 5.798576585189815780e-02 9.686873631223712547e-03
3.286324765486756405e+01 1.000606177843669009e+00 2.280606540378624647e-01 -2.452125662677540410e-02 5.712966436420707089e-02 9.431722300391891939e-03
3.329565880822544699e+01 9.996279417099896980e-01 2.281206715275506947e-01 -2.346166439664564007e-02 5.505505177326333599e-02 6.973223249904080684e-03
3.372806996158325887e+01 9.995446228624383922e-01 2.283123779845329104e-01 -2.191887250542666823e-02 5.487593095304891394e-02 8.628172298353555328e-03
3.416048111494098549e+01 9.998081143733469345e-01 2.281711120766696521e-01 -2.237621336865726340e-02 5.454064617774879997e-02 1.081198614039182923e-02
3.459289226829886132e+01 9.996362833362422151e-01 2.278656379329890291e-01 -2.302483746327339473e-02 5.484169604642888385e-02 1.066426155081947984e-02
3.502530342165665900e+01 9.998608199519715134e-01 2.279710222562819355e-01 -2.192817601143424652e-02 5.411967810799166168e-02 9.101081160786280572e-03
3.545771457501455615e+01 9.993431757809575489e-01 2.279872400953072975e-01 -2.291408280427452773e-02 5.583448655216392137e-02 7.935576859941862252e-03
3.589012572837236092e+01 9.988316613506955655e-01 2.284116633860984180e-01 -2.398898423761046395e-02 5.351733378044878225e-02 8.062683981388098567e-03
3.632253688173025097e+01 9.989532003984628039e-01 2.282211784088993001e-01 -2.368802963660171165e-02 5.470603464426000706e-02 7.322709179785873851e-03
3.675494803508794917e+01 9.980749276176299478e-01 2.284580863510521087e-01 -2.208471216272329951e-02 5.548592490718389642e-02 8.524498565801733735e-03
3.718735918843820798e+01 9.985193441336079889e-01 2.285923022689264061e-01 -2.250157382594573929e-02 5.720658718302633339e-02 1.025139307548833534e-02
3.761977034173412449e+01 9.992530622488147163e-01 2.283572344764797091e-01 -2.374065859827069816e-02 5.926405892557053134e-02 8.052801010779563062e-03
3.805218149503017599e+01 9.995303208945283124e-01 2.280204884066012461e-01 -2.432469250755025028e-02 5.755284946881396302e-02 8.478002811259321980e-03
3.848459264832620619e+01 1.001348444673810123e+00 2.276794329495394897e-01 -2.388563367738218493e-02 5.828620170387747296e-02 8.341446372388656993e-03
3.891700380162205164e+01 1.001929450360831364e+00 2.275754575132680479e-01 -2.481956950998656999e-02 5.654800605870669017e-02 8.683132523026423910e-03
3.934941495491815999e+01 1.001441045650945938e+00 2.276954549676081241e-01 -2.390110465667291337e-02 5.478911428648577248e-02 7.857418845750162306e-03
3.978182610821399834e+01 1.001950202329734196e+00 2.275941085919539475e-01 -2.346231126126686536e-02 5.247879412969441021e-02 7.295443110812874048e-03
4.021423726151004274e+01 1.002221748761369380e+00 2.274675540534550344e-01 -2.143882633296284937e-02 5.560740742230110140e-02 8.639710045102146074e-03
4.064664841480609425e+01 1.002984150125766361e+00 2.272885041548914908e-01 -2.212751814462228170e-02 5.663002470101927144e-02 9.600823482052368157e-03
4.107905956810198234e+01 1.003757950349649208e+00 2.270770378220923202e-01 -2.288140383813721396e-02 5.662067307547683642e-02 1.161934045785887812e-02
4.151147072139804095e+01 1.002984719138457326e+00 2.273423060108636928e-01 -2.435992121278537925e-02 5.685567699434065925e-02 1.079085469612274702e-02
4.194388187469408535e+01 1.002810704741468495e+00 2.275214291100758901e-01 -2.358856566640183186e-02 5.669476275943614169e-02 8.150984138500027426e-03
4.237629302798991660e+01 1.002754182578370123e+00 2.275551836298023711e-01 -2.164720824363600832e-02 5.769065748696595997e-02 8.514275156905408773e-03
4.280870418128603205e+01 1.002522699930276984e+00 2.276656567415210886e-01 -2.319497335303910904e-02 5.609671004916826770e-02 9.033721329870722516e-03
4.324111533458186329e+01 1.001836019120807997e+00 2.275857792982815542e-01 -2.421032767811078998e-02 5.627351538455361429e-02 1.063183956719623499e-02
4.367352648787790770e+01 1.001431146037437880e+00 2.272301094069190397e-01 -2.394987559089736817e-02 5.569203942343776276e-02 8.944292882899530783e-03
4.410593764117396631e+01 1.001406013265758288e+00 2.272665003665664818e-01 -2.398050381632851891e-02 5.475845222496321385e-02 8.439698783942423815e-03
4.453834879446984729e+01 1.001684097643296578e+00 2.271447998145831038e-01 -2.350130782994457393e-02 5.576871560672886502e-02 1.025460758415626394e-02
4.497075994776591301e+01 1.001935719152353466e+00 2.270672513841220930e-01 -2.321977516630724728e-02 5.594979047810547113e-02 9.330855475102839761e-03
4.540317110106195742e+01 1.001161887155854080e+00 2.272191572286404448e-01 -2.280122526777886988e-02 5.411094805658734491e-02 6.619520204206658792e-03
4.583558225435778155e+01 1.001378186653162139e+00 2.272249157845991352e-01 -2.245047553452518205e-02 5.519095826014620149e-02 8.872689553450777838e-03
4.626799340765390411e+01 1.000822652662196610e+00 2.273018772407356947e-01 -2.394511880429697759e-02 5.371250756931560122e-02 6.934957366887514567e-03
4.670040456094971404e+01 1.000213162282600265e+00 2.273570215192742272e-01 -2.299702186158969139e-02 5.210104241989194085e-02 7.494018163444173854e-03
4.713281571424577976e+01 1.000108818583200332e+00 2.271286530263610381e-01 -2.238792123409911322e-02 5.010860879688636138e-02 7.874744093072209156e-03
4.756522686754184548e+01 9.999165080582849141e-01 2.271561537039300527e-01 -2.252292436116222485e-02 5.183470959302425435e-02 8.256120755719360826e-03
4.799763802083771225e+01 9.997777671007600508e-01 2.272092664923319461e-01 -2.220004515599300482e-02 5.335055761194982399e-02 1.032431437578741097e-02
4.843004917413377797e+01 9.996786357819464897e-01 2.274941757343772186e-01 -2.288924220580114063e-02 5.473768301267099845e-02 1.361807806575332513e-02
4.886246032742984369e+01 9.993642163674804069e-01 2.275995688943197592e-01 -2.325257252880926634e-02 5.546690887866360942e-02 1.319824175309481512e-02
4.929487148072566072e+01 9.998730195175566937e-01 2.276437072509477078e-01 -2.455762278344021665e-02 5.816244456634225152e-02 1.015802922610563319e-02
4.972728263402175486e+01 1.000127309110611762e+00 2.274105693130163974e-01 -2.304883374009217625e-02 5.938075990636714624e-02 9.943948210775334015e-03
5.015969378731757189e+01 9.998517616488964421e-01 2.273613544952863275e-01 -2.471109191427669355e-02 5.952089696118733481e-02 1.104407286938822313e-02
5.059210494061364471e+01 1.000193308654320878e+00 2.271478113168839130e-01 -2.484591832935979794e-02 5.803570111001630366e-02 1.107417226500098315e-02
5.102451609390971043e+01 9.997407994499349915e-01 2.274276814431984428e-01 -2.356073046230448137e-02 5.430476191095879451e-02 8.907344802732811845e-03
5.145692724720561273e+01 9.998442225358583624e-01 2.275869281400776933e-01 -2.211294172094816282e-02 5.365028670137980682e-02 8.497899804961983952e-03
5.188933840050160740e+01 9.995191076064035007e-01 2.275405280390219720e-01 -2.389895966914359210e-02 5.555621575173322335e-02 8.545496855775706890e-03
5.232174955379767312e+01 9.993888020662383687e-01 2.273639262675132833e-01 -2.456679732577668474e-02 5.673065331387932425e-02 9.328395310431690512e-03
5.275416070709352567e+01 1.000053133021299168e+00 2.274114022864925644e-01 -2.384643955897834330e-02 5.593596903609086846e-02 1.077224477923452960e-02
5.318657186038964113e+01 9.996049785046128289e-01 2.275151786408046162e-01 -2.304451990895881042e-02 5.704994855395621733e-02 1.131575298606870596e-02
5.361898301368548658e+01 9.989717435766988229e-01 2.276267847507797981e-01 -2.243096661087456631e-02 5.700405806947166087e-02 9.310623620074632775e-03
5.405139416698158072e+01 9.984849888874124391e-01 2.274397580035554534e-01 -2.247183795826307798e-02 5.462428002452044545e-02 8.702487758639501983e-03
5.448380532027753276e+01 9.995161193292400048e-01 2.274836185915311282e-01 -2.388658351993171863e-02 5.412094679739057335e-02 9.014518745261646676e-03
5.491621647357344216e+01 9.991255576590344356e-01 2.275243609128087818e-01 -2.247688025396602299e-02 5.587598727667777293e-02 9.821800146376289883e-03
5.534862762686951498e+01 9.989234560169941712e-01 2.276313398640984198e-01 -2.295404539388661708e-02 5.628333019793982372e-02 9.282272852869040414e-03
5.578103878016558781e+01 9.994442022278987592e-01 2.277415268942427906e-01 -2.141642946091902588e-02 5.424659258610321777e-02 7.438225587341976835e-03
5.621344993346146168e+01 1.000383369066098149e+00 2.278354364977505098e-01 -2.361442318978910354e-02 5.594415777231159098e-02 9.978465188038146416e-03
5.664586108675742082e+01 1.000303842409521859e+00 2.279449769364154665e-01 -2.291355102797774240e-02 5.253625000099057529e-02 8.889783642821750750e-03
5.707827224005330180e+01 1.000049547181230736e+00 2.276423450125184544e-01 -2.310376021912731795e-02 5.113506281502573636e-02 8.295510808047879339e-03
5.751068339334938173e+01 1.000194597625350124e+00 2.281098104179403174e-01 -2.417632095256792152e-02 5.247730912992853297e-02 7.852026210576021695e-03
5.794309454664545456e+01 1.000220649272049123e+00 2.281272123294109389e-01 -2.299348974327259168e-02 5.310116463777467266e-02 9.104962757498651776e-03
5.837550569994139238e+01 9.997971304784326607e-01 2.280820252149096117e-01 -2.354203978267804115e-02 5.367900724720699873e-02 8.114679967657243906e-03
5.880791685323727336e+01 1.000543887470968896e+00 2.281724274626333870e-01 -2.516460317453479700e-02 5.537716063291318186e-02 9.935204821266347894e-03
5.924032800653336039e+01 1.000832311740824876e+00 2.281566016535288843e-01 -2.419292164216509805e-02 5.146452519854980562e-02 1.165507481478635261e-02
5.967273915982924848e+01 1.000951273585949375e+00 2.281192629592656562e-01 -2.404264097380505102e-02 5.025382782194345865e-02 1.069498384525015278e-02
6.010515031312537104e+01 1.001050569094817932e+00 2.278779257387781587e-01 -2.266105373156986763e-02 5.111594994069754844e-02 1.111953781008963651e-02
6.053756146642127334e+01 1.001132425227361233e+00 2.278453291487418653e-01 -2.290667990419309810e-02 5.241969039286937387e-02 8.742338878417448694e-03
6.096997261971736748e+01 1.001500685072632679e+00 2.277785141405081759e-01 -2.374130141266085278e-02 5.258390781655579438e-02 8.136014567082391902e-03
6.140238377301322714e+01 1.001061026751970173e+00 2.279632558190641534e-01 -2.316671056662730072e-02 5.342518238353879956e-02 6.990977243249502787e-03
6.183479492630915786e+01 1.000746974248963639e+00 2.281440493679588455e-01 -2.148622938283495029e-02 5.152991782703390117e-02 6.792801914825292997e-03
6.226720607960525200e+01 1.000694483664018364e+00 2.279357987301920963e-01 -2.223548495088549862e-02 5.339275749773388091e-02 7.627383544572268956e-03
6.269961723290133904e+01 9.997807746312326049e-01 2.279576969896890681e-01 -2.177329496093821301e-02 5.485627296286239851e-02 1.061162298763171190e-02
6.313202838619724133e+01 9.995480894245328818e-01 2.279537566705846230e-01 -2.262226544420707641e-02 5.263621376905838062e-02 9.275349023197527673e-03
6.356443953949312231e+01 9.996435381950521393e-01 2.279624513783465589e-01 -2.356067409836542711e-02 5.457243579844748421e-02 7.831210345443010909e-03
6.399685069278902461e+01 9.997357432083162632e-01 2.279973231317746207e-01 -2.303880860042071752e-02 5.462756029051701878e-02 1.004216104846616248e-02
6.442926184608512585e+01 9.991050956732968613e-01 2.281734776823127475e-01 -2.411380340632858499e-02 5.489520666812669480e-02 9.530853460278617892e-03
6.486167299938121289e+01 9.996918970815429351e-01 2.281705598236996868e-01 -2.388053250287373863e-02 5.288295573708436809e-02 7.875031927147517832e-03
