0.000000000000000000e+00 1.945902661401685885e+00 2.834016114080217363e+01 2.713506454269436208e-02 8.350889063509175925e-02 4.683685413709912093e-02
7.324427458105471633e-02 1.947329515771884845e+00 2.460740830683755931e+01 2.268952379659037316e-02 8.542379701728085306e-02 3.996217553475310547e-02
1.461967393032194140e-01 1.947470325511604372e+00 2.171749599714144452e+01 1.787469826995885872e-02 8.719127001534436594e-02 3.706876275435436185e-02
2.191492040253840978e-01 1.946468178864754872e+00 1.940724503534844914e+01 1.444900234416335132e-02 8.960350182313452094e-02 3.264386260456912658e-02
2.921016687475496143e-01 1.943911373162208411e+00 1.750996358488550442e+01 1.128419473054016221e-02 9.072093524351548810e-02 3.057119942619311581e-02
3.650541334697134932e-01 1.940487560902249831e+00 1.592688427113227512e+01 7.173497290677142112e-03 9.143896600393010277e-02 3.029644572650331061e-02
4.380065981918792595e-01 1.936551211403207962e+00 1.460523518432662193e+01 7.342494901118392335e-03 9.376085171857057032e-02 2.934985806806296449e-02
5.109590629140522422e-01 1.932319514788277237e+00 1.345006211335625501e+01 5.432576745219181227e-03 9.627048192271255023e-02 2.586715596319322588e-02
5.836197177773388978e-01 1.926773228338372945e+00 1.246051638258247785e+01 3.094912590603958544e-03 9.866322488088269393e-02 2.394635141320684835e-02
6.565721824995177647e-01 1.921004857618694439e+00 1.158639367972829071e+01 7.946665426496290867e-04 1.012271685731218757e-01 2.394006710333404508e-02
7.295246472216950773e-01 1.914730298685676901e+00 1.082227587434779359e+01 -1.477866893204882225e-03 1.040840718818644428e-01 2.168352314002981382e-02
8.024771119438731670e-01 1.907437425510061901e+00 1.012869913895983487e+01 -2.539732260714755614e-03 1.074196168346436275e-01 1.959551971588029476e-02
8.754295766660499245e-01 1.899582955471580847e+00 9.514746588697127194e+00 -4.794937864389183478e-03 1.099832759334761767e-01 1.771796399105962302e-02
9.483820413882246836e-01 1.891159099994261128e+00 8.959625922903411421e+00 -5.539987179402679901e-03 1.120431711575674283e-01 1.536608030291578691e-02
1.021334506110377793e+00 1.882818844736111608e+00 8.466675251786757173e+00 -5.542950690924305229e-03 1.141056787785921650e-01 1.308949928812112515e-02
1.094286970832524908e+00 1.873355784098571952e+00 8.001747834674073800e+00 -5.712481001916605051e-03 1.159649656240390320e-01 1.164058617021190151e-02
1.167239435554677351e+00 1.865069646703107153e+00 7.587566679205790976e+00 -5.284174448777918462e-03 1.188238471365777177e-01 1.175933326973496382e-02
1.240191900276828463e+00 1.855058388541235059e+00 7.204351095178903819e+00 -7.011613011162434565e-03 1.223424448923137037e-01 1.258414025275977031e-02
1.313436174857872230e+00 1.845116636012221090e+00 6.849638291120036193e+00 -7.720971637033538851e-03 1.248905341704159982e-01 1.086849929605581203e-02
1.386388639580025783e+00 1.834705235214676877e+00 6.528144229450089320e+00 -8.318736633645637882e-03 1.292583299287821397e-01 8.956814470343821624e-03
1.459341104302171344e+00 1.824339025754686983e+00 6.229233747739687743e+00 -9.395622024123735302e-03 1.333349131387661091e-01 1.029810643777353055e-02
1.532293569024327118e+00 1.813865152534293035e+00 5.948206454141450550e+00 -9.699649262142144221e-03 1.360935253113297050e-01 1.000695636645169799e-02
1.605246033746476453e+00 1.802544381120821271e+00 5.690522151638056414e+00 -1.021973104947157020e-02 1.395459902032801514e-01 9.154807534086697660e-03
1.678198498468631783e+00 1.791750963019737020e+00 5.450819873440670982e+00 -1.041254188743469429e-02 1.433597940528893999e-01 9.217364642480033177e-03
1.751150963190780896e+00 1.780354842631928225e+00 5.222357633341680128e+00 -1.069730325382677559e-02 1.463914279461611678e-01 8.565631523652089338e-03
1.824103427912938669e+00 1.768911919233877583e+00 5.006693499211888998e+00 -1.328200778784613227e-02 1.491661370558916289e-01 8.149738038285928368e-03
1.897055892635111318e+00 1.757550076783379600e+00 4.809868099372995864e+00 -1.163988531552363759e-02 1.521812082732911520e-01 7.732202352432438787e-03
1.970008357357307949e+00 1.746594826678055323e+00 4.626168885470435477e+00 -1.338028184924903823e-02 1.560201123178547866e-01 7.910981749670286875e-03
2.042960822079517680e+00 1.735013657935776887e+00 4.452481438515259349e+00 -1.368828631283666893e-02 1.588273474437528476e-01 7.988848019426458488e-03
2.115621476942825208e+00 1.723607395451230762e+00 4.286710269680607865e+00 -1.414745404090547547e-02 1.619192544201952799e-01 9.343289780716272294e-03
2.188573941665036049e+00 1.710628758311120379e+00 4.128175867844894320e+00 -1.335009864522288328e-02 1.648214479209818284e-01 7.684307046752727154e-03
2.261526406387236232e+00 1.699223018856341971e+00 3.980121366350393597e+00 -1.416595578647526603e-02 1.686070279052789833e-01 7.104818105402885796e-03
2.334478871109435083e+00 1.687021770474981919e+00 3.841053802333271872e+00 -1.454006527500356465e-02 1.710217927528815129e-01 5.818348822631353758e-03
2.407431335831646368e+00 1.675191279763397656e+00 3.708894491611346655e+00 -1.477683071314418728e-02 1.733419145720012378e-01 8.387207514352883891e-03
2.480383800553843443e+00 1.664290464054149377e+00 3.580858200636716671e+00 -1.439471347886476030e-02 1.756701875056936313e-01 9.052779167049473594e-03
2.553336265276053396e+00 1.652579980152128813e+00 3.460441824915597486e+00 -1.524355655562301647e-02 1.802788520802421635e-01 7.442233653738777877e-03
2.626288729998253579e+00 1.642176333281477829e+00 3.342527681735498746e+00 -1.483742083923179043e-02 1.844394246975970542e-01 4.613472000587330937e-03
2.699241194720455095e+00 1.630397873227745764e+00 3.233112961871423607e+00 -1.468364777758068319e-02 1.875457347935245156e-01 2.446943857174949111e-03
2.772193659442660607e+00 1.618796559550549796e+00 3.128754799690746768e+00 -1.530062115513921954e-02 1.913791799157565088e-01 2.470691887343425854e-03
2.845146124164862567e+00 1.607074576250348219e+00 3.027541237749860947e+00 -1.400751929263809384e-02 1.931127917594705201e-01 -3.883700687351010223e-04
2.918098588887073852e+00 1.596317688755559683e+00 2.934195282794112902e+00 -1.329063206411708678e-02 1.958845244339445790e-01 -2.948866642243286513e-04
2.991051053609276700e+00 1.585045694007595207e+00 2.844619133383766929e+00 -1.532179763039845204e-02 2.003492249529198743e-01 -6.355818790517109513e-04
3.064003518331468889e+00 1.573888025776047694e+00 2.758284739465822533e+00 -1.641490804334379619e-02 2.034615960017823189e-01 -1.437098617999513694e-03
3.136955983053682395e+00 1.562685164777647406e+00 2.674049949701170714e+00 -1.660957917322824703e-02 2.059547244324367588e-01 -1.804463225683431435e-03
3.209908447775886575e+00 1.551841381496653849e+00 2.593027088974373395e+00 -1.597632811648526385e-02 2.091354398179358642e-01 -3.209025291741884889e-04
3.282860912498084094e+00 1.541172071801462984e+00 2.515811246648230970e+00 -1.592167114708330222e-02 2.130504964255670319e-01 -1.170837857921261903e-03
3.355813377220288718e+00 1.530888661550945162e+00 2.440049444201565887e+00 -1.697940487118495059e-02 2.146425550622766687e-01 -1.963636107015484088e-03
3.428765841942502668e+00 1.520237747495007063e+00 2.369633617119210278e+00 -1.724974970823557954e-02 2.168308653157823562e-01 -1.428832197115982279e-03
3.501718306664692193e+00 1.510006967384815102e+00 2.302005405130671090e+00 -1.851559381744440763e-02 2.198101063109979825e-01 -3.012509604548125990e-03
3.574670771386896817e+00 1.500254739735034315e+00 2.234579912732257423e+00 -1.864055164697805272e-02 2.219699825361132750e-01 -1.696618357039496490e-03
3.647623236109109435e+00 1.490723370413917559e+00 2.170381026228324295e+00 -1.901953516033634550e-02 2.252084899050028066e-01 -2.161272422416110443e-03
3.720575700831315391e+00 1.480538675101632062e+00 2.107827907928832456e+00 -1.863269211503953623e-02 2.281445300050389535e-01 -2.670571386975484265e-03
3.793528165553432974e+00 1.471177394847557052e+00 2.049010594333224411e+00 -1.938482519772920243e-02 2.315847326406115514e-01 -2.075189907715102589e-04
3.866480630275521246e+00 1.461674581836666764e+00 1.990858458700293321e+00 -1.945964612721684181e-02 2.354625248923080116e-01 -6.066944215642111268e-04
3.939433094997621954e+00 1.452317167928773634e+00 1.938130050864692810e+00 -2.010513157349240465e-02 2.381705531168366308e-01 -1.104148271027167831e-03
4.012385559719731098e+00 1.442868222336614936e+00 1.886635142796660558e+00 -2.106840766728788200e-02 2.383088498844974645e-01 -1.352183856889914784e-03
4.085338024441833582e+00 1.433899677171242004e+00 1.835340574769128041e+00 -2.036984613994559032e-02 2.417856259294102750e-01 -2.627433520330223551e-03
4.158290489163920078e+00 1.424088228371551024e+00 1.786791136866403784e+00 -2.112045565673852446e-02 2.461333713825976655e-01 -3.530543095683428331e-03
4.231242953886021674e+00 1.414920547460813749e+00 1.740932222519519179e+00 -2.166743396082542600e-02 2.501494422704945153e-01 -3.636614072358791520e-03
4.304195418608131263e+00 1.405321705555196088e+00 1.696334836714203931e+00 -2.233279350052417428e-02 2.531545203898101226e-01 -4.113449557277271997e-03
4.377147883330234635e+00 1.396899312285258432e+00 1.651651979311499208e+00 -2.158218808388392279e-02 2.558842530593761766e-01 -5.211884892323069562e-03
4.450100348052319355e+00 1.387829448767397666e+00 1.609027982786622735e+00 -2.106060321573424016e-02 2.582364873215873269e-01 -4.440092591595081600e-03
4.523052812774421838e+00 1.378786484424292302e+00 1.568896305762102150e+00 -2.024532476547377668e-02 2.618209533369599828e-01 -6.152379009847759248e-03
4.596005277496531427e+00 1.371548332898242073e+00 1.530499652512372188e+00 -2.109005602463510931e-02 2.676450159493427017e-01 -5.915116067209750562e-03
4.669249552077527454e+00 1.363857803819473968e+00 1.492415741287743014e+00 -2.096084648258251734e-02 2.702043728923196331e-01 -5.921305062618075626e-03
4.742202016799611286e+00 1.355273508328661558e+00 1.455190840377711403e+00 -2.125064486187755106e-02 2.724900766858666668e-01 -5.387527258610928273e-03
4.815154481521714658e+00 1.347185166525877609e+00 1.418598238199431760e+00 -2.096476231947267191e-02 2.739215124611666385e-01 -5.098513301214412617e-03
4.888106946243822470e+00 1.339498879343213655e+00 1.383334813928077001e+00 -2.247733624462910917e-02 2.753534790480604011e-01 -3.299629873148952550e-03
4.961059410965927619e+00 1.331551415325520571e+00 1.350235888840145559e+00 -2.235364267735471741e-02 2.780919941821129449e-01 -5.285351673948042971e-03
5.034011875688011450e+00 1.324492353876901563e+00 1.318441954050789677e+00 -2.169114217926891922e-02 2.811835745397177067e-01 -4.949827251330282500e-03
5.106964340410117487e+00 1.316963498891894568e+00 1.286556187922186512e+00 -2.153189762608275284e-02 2.836948138860452828e-01 -5.232197937235143724e-03
5.179916805132223523e+00 1.309925323658508667e+00 1.256687926232824104e+00 -2.124366472496899000e-02 2.863457199734348313e-01 -5.254553437727186443e-03
5.252869269854324230e+00 1.302553918441198277e+00 1.227742724937144647e+00 -2.225834077674701192e-02 2.878286997002220682e-01 -3.308698860760893659e-03
5.325821734576415167e+00 1.295486537898351553e+00 1.198718920265825494e+00 -2.109865549089784409e-02 2.899329785155970174e-01 -2.537738719060668099e-03
5.398774199298514098e+00 1.288682213764808404e+00 1.172143535707105055e+00 -2.189096848292350003e-02 2.922429883378692139e-01 -3.117628698234748991e-03
5.471726664020616582e+00 1.282138035769433415e+00 1.144871894965683534e+00 -2.187452090825595802e-02 2.930521743729925799e-01 -1.987084673305980920e-03
5.544679128742727947e+00 1.275493726424715035e+00 1.119852808264805599e+00 -2.104999091388643981e-02 2.924725981740545766e-01 -2.373483398135825106e-03
5.617631593464810003e+00 1.269363175356174933e+00 1.094994094923353645e+00 -2.098494605031754265e-02 2.946480967208817137e-01 -1.474384382792005583e-03
5.690584058186921368e+00 1.263369400274182430e+00 1.071133223693591541e+00 -2.244569160299659041e-02 2.957594045435629204e-01 -4.416402522321518330e-03
5.763536522909023851e+00 1.257157502759434609e+00 1.047392995568107166e+00 -2.162044939662309193e-02 2.972412289066531099e-01 -2.849580415438244130e-03
5.836488987631120118e+00 1.251576010529361405e+00 1.024753801803241160e+00 -2.044612723364409856e-02 2.993772947149187513e-01 -1.059519310243848276e-03
5.909441452353219049e+00 1.245236777540002393e+00 1.002802158654051645e+00 -2.121319022473386329e-02 3.004079108345254490e-01 -8.869851134160056105e-04
5.982393917075314427e+00 1.238946139584895079e+00 9.807869458066048596e-01 -2.178595061326778909e-02 3.003669739534270411e-01 -1.574959435564532483e-03
6.055346381797412469e+00 1.233346373820780384e+00 9.599166046068324798e-01 -2.219030950258444462e-02 3.027618834518523983e-01 -3.142857873811581021e-03
6.128298846519529164e+00 1.227539527003708386e+00 9.396336532457673085e-01 -2.469585017533373894e-02 3.024754207636737302e-01 -3.651834173437995372e-03
6.201251311241608555e+00 1.221935363851563761e+00 9.207361840025996003e-01 -2.372449146058441816e-02 3.053269379963671759e-01 -4.156195759016307820e-03
6.274203775963725249e+00 1.216621839087657309e+00 9.007123215916890135e-01 -2.268505428965799514e-02 3.037904271814130808e-01 -3.289802833100338372e-03
6.347156240685824180e+00 1.211370289591827687e+00 8.827507377041728942e-01 -2.230450196889808764e-02 3.055266594955061699e-01 -2.312381012863409194e-03
6.420108705407916894e+00 1.206546242023403437e+00 8.642692000938262398e-01 -2.276003434308764353e-02 3.071308644472660054e-01 -1.151869053358538534e-03
6.493061170130022042e+00 1.201372198523263490e+00 8.474051245184981429e-01 -2.369060692800777426e-02 3.109752239471550994e-01 -2.455492943502028767e-03
6.566013634852113867e+00 1.196127820216180471e+00 8.301523875086779247e-01 -2.480725982747860811e-02 3.100131777035458058e-01 -3.426911108160153509e-03
6.638966099574210133e+00 1.190792594283009542e+00 8.142099152512669580e-01 -2.546803586423002433e-02 3.094262256295683966e-01 -2.712910694321979486e-04
6.711918564296329492e+00 1.186041074300800524e+00 7.983703452975702275e-01 -2.487109200226502240e-02 3.084266113493854822e-01 -1.568963964771739102e-03
6.784871029018407107e+00 1.181578668522385023e+00 7.827298535842566185e-01 -2.610701105279671433e-02 3.086299604919590100e-01 -3.377968174756160787e-03
6.857823493740530019e+00 1.177020563595200242e+00 7.674266991666879312e-01 -2.602675300486195081e-02 3.069506816498896451e-01 -2.258527700973325149e-03
6.930775958462623620e+00 1.173001125047070881e+00 7.523798793196958545e-01 -2.642917627315091722e-02 3.065801819698169561e-01 -3.647646140368693279e-03
7.003728423184713670e+00 1.168210090319665273e+00 7.388660769504772352e-01 -2.660731799812925472e-02 3.019490143598129173e-01 -3.821248037087263561e-03
7.076680887906824147e+00 1.164049900692792239e+00 7.245084363195246624e-01 -2.522228390821225352e-02 3.014809790817584711e-01 -3.473913037387948988e-03
7.149633352628914196e+00 1.161028238903573984e+00 7.107309155740700879e-01 -2.412828855978818229e-02 3.012130612140280217e-01 -4.827643899486733421e-04
7.222585817351006021e+00 1.157116583092275608e+00 6.977265764221046718e-01 -2.377393787229087688e-02 3.033114917570282065e-01 -1.638365374660585242e-03
7.295538282073130709e+00 1.153299340186970889e+00 6.845828139101848286e-01 -2.462125606504845035e-02 3.028137905565578825e-01 -1.501120408407107280e-03
7.368490746795207436e+00 1.149639396540436564e+00 6.718576961117120883e-01 -2.354146628125525567e-02 3.009222525435858997e-01 -1.566084372363392213e-03
7.441443211517332124e+00 1.145497863758923485e+00 6.603023644818138971e-01 -2.358873394062169920e-02 2.991448694560930321e-01 -2.263547727024716339e-03
7.514395676239424837e+00 1.141369713137688535e+00 6.487508703292005352e-01 -2.342797148351787040e-02 2.966506866916664986e-01 -5.001557222105623614e-04
7.587348140961511334e+00 1.137933243689954299e+00 6.374984291312605356e-01 -2.456881796783436794e-02 2.953405406971877922e-01 -1.253074085233161312e-03
7.660300605683626252e+00 1.134522346576265939e+00 6.271084746632911155e-01 -2.466226056306170325e-02 2.952993344445707935e-01 -2.949366296161970522e-03
7.733253070405714524e+00 1.130998212780791379e+00 6.165125627381887741e-01 -2.493357450200778605e-02 2.933685893501982722e-01 -2.369661353219450119e-03
7.806205535127804573e+00 1.127886388165071807e+00 6.059740937260439386e-01 -2.321958754917392495e-02 2.929362044371360274e-01 -2.808782242683111139e-03
7.879157999849932814e+00 1.124408311382834258e+00 5.960330462824052766e-01 -2.263531474000982438e-02 2.933981931597823833e-01 -4.012497543760164785e-03
7.952110464572005988e+00 1.120315470358572929e+00 5.864034189738305258e-01 -2.207408777155729640e-02 2.935775381429555075e-01 -2.955698803691015741e-03
8.025062929294135117e+00 1.117117910600857744e+00 5.776990556767099827e-01 -2.293425491047738213e-02 2.936547774224226304e-01 -2.846935266934522753e-03
8.098015394016224278e+00 1.113797949781328622e+00 5.685323207724982675e-01 -2.428006617149992830e-02 2.920875974859741819e-01 -5.136643380130635067e-03
8.170967858738309886e+00 1.109745779067946136e+00 5.595316625955577550e-01 -2.365299090073104057e-02 2.932681166541070694e-01 -5.461029163207830120e-03
8.243920323460427468e+00 1.107053262288317796e+00 5.511987746787052611e-01 -2.305867135773650989e-02 2.928084250776828434e-01 -7.538586836265184603e-03
8.316872788182514853e+00 1.103774185321251045e+00 5.431481589277342703e-01 -2.343369622146406275e-02 2.911944499677743270e-01 -8.348430454526328467e-03
8.389825252904600461e+00 1.101336871343609580e+00 5.345137135954721730e-01 -2.326564016588072645e-02 2.866030643759291952e-01 -7.826305316523396449e-03
8.462777717626732255e+00 1.098532044866729507e+00 5.268269968219377875e-01 -2.256706850220355914e-02 2.844440326330992530e-01 -6.386961037387181052e-03
8.535730182348805428e+00 1.095806336668374570e+00 5.186281740530701567e-01 -2.230172371514288834e-02 2.831677910085019234e-01 -4.280999367789991780e-03
8.608682647070937222e+00 1.093387632606698912e+00 5.114163094782047114e-01 -2.253048047743020504e-02 2.824248052038636492e-01 -6.717181830461283962e-03
8.681635111793024606e+00 1.090651439461924443e+00 5.043209565966567665e-01 -2.366505628843953296e-02 2.837934452590428758e-01 -6.805645012514836313e-03
8.754587576515106662e+00 1.087792900524520379e+00 4.971333443359476911e-01 -2.310574853888576474e-02 2.834885021329598964e-01 -4.582524283601936352e-03
8.827540041237229573e+00 1.085606673088215013e+00 4.901316877047663945e-01 -2.358050995796754853e-02 2.827860266291349345e-01 -4.783190454899884786e-03
8.900492505959313405e+00 1.083209008582066701e+00 4.829551250932977435e-01 -2.234891235754928734e-02 2.818176332507238424e-01 -5.080691436912575590e-03
8.973444970681399013e+00 1.080935230955235360e+00 4.764228656148147834e-01 -2.297846075067752625e-02 2.794933635246357184e-01 -7.350988699454861358e-03
9.046397435403532583e+00 1.078520707244206678e+00 4.700007654106544419e-01 -2.340506734969909422e-02 2.767895774510762408e-01 -7.673997114088443663e-03
9.119349900125605757e+00 1.076354267673822029e+00 4.635187179690500314e-01 -2.369143629197136350e-02 2.751647228982998516e-01 -8.410366937192537834e-03
9.192302364847737550e+00 1.074101911700432233e+00 4.569827125335567675e-01 -2.261171565993172483e-02 2.730956054874313921e-01 -5.681626307376160499e-03
9.265254829569823158e+00 1.072214423765870839e+00 4.511167690411639342e-01 -2.141493551292713432e-02 2.744110503860091588e-01 -5.061488202235485574e-03
9.338207294291906990e+00 1.070476377038650506e+00 4.449365766144690593e-01 -2.300023190882252017e-02 2.721103124154450881e-01 -7.453450027965052502e-03
9.411159759014029902e+00 1.068798051577316333e+00 4.389025933181308625e-01 -2.357077116701281755e-02 2.695737091875018421e-01 -5.644569629653161530e-03
9.484112223736113734e+00 1.066255100994157212e+00 4.335801914766004295e-01 -2.463225948510479324e-02 2.675179286132706724e-01 -4.979938060629402266e-03
9.557064688458197566e+00 1.064104004318758623e+00 4.279831972995687406e-01 -2.409105590001305031e-02 2.630031287529072115e-01 -2.605593924893062543e-03
9.630017153180332912e+00 1.061871199986853975e+00 4.223095015888205794e-01 -2.424880905734056596e-02 2.566037531752646816e-01 2.918479711941246598e-04
9.702969617902406085e+00 1.060846701116811674e+00 4.166421712267731614e-01 -2.409559448114421965e-02 2.536531210557707028e-01 6.581799178311830735e-04
9.775922082624539655e+00 1.059310790390523227e+00 4.115856830879757178e-01 -2.501636897656565189e-02 2.476930451402126199e-01 -1.418898078259243087e-03
9.848874547346619934e+00 1.057641719841051486e+00 4.066955959931135012e-01 -2.573646802998192859e-02 2.456266867291076461e-01 -1.774599791500470819e-03
9.921827012068707319e+00 1.055914080390782717e+00 4.019876273870813255e-01 -2.623864518064228032e-02 2.447930935728065971e-01 -1.976990007025873890e-03
9.994779476790830230e+00 1.053991612816393975e+00 3.972125097256083981e-01 -2.671012708057773563e-02 2.403731550969923636e-01 -2.396936543555405665e-03
1.006773194151291939e+01 1.052640745257559685e+00 3.927422088893929852e-01 -2.670141755804632255e-02 2.373390264648534698e-01 -1.112769187004487631e-03
1.014068440623499612e+01 1.050828717524392442e+00 3.885639462660954169e-01 -2.745481485012218545e-02 2.357100942078680927e-01 -1.895050995897773439e-03
1.021363687095713146e+01 1.048991029595873981e+00 3.840279818461686534e-01 -2.684663301100043489e-02 2.341694918686139937e-01 -1.262983872627079177e-03
1.028658933567921174e+01 1.047461134110733827e+00 3.803003727905956977e-01 -2.580687997228348421e-02 2.289689802821805731e-01 1.329429140515847683e-03
1.035954180040133288e+01 1.045659702403584523e+00 3.763482394064325276e-01 -2.564729437307178284e-02 2.249500587252113992e-01 3.794071428286087573e-03
1.043249426512342382e+01 1.044318410404121655e+00 3.722824795892433758e-01 -2.687031909275903671e-02 2.224686630487385242e-01 3.089662272500628363e-03
1.050544672984551298e+01 1.042415770982991097e+00 3.684383437205844825e-01 -2.745103331864216095e-02 2.137330952528573302e-01 2.605551748174817026e-03
1.057839919456762168e+01 1.040302872861710748e+00 3.650503332719647331e-01 -2.798866681507010748e-02 2.106591696040555628e-01 4.149891452756083662e-03
1.065135165928971439e+01 1.039082007447412526e+00 3.615246552981943862e-01 -2.650316157451468313e-02 2.081227191179716718e-01 3.875582793880650700e-03
1.072430412401180533e+01 1.037896527245971923e+00 3.579040579498285468e-01 -2.555693701856363853e-02 2.066521050507034440e-01 5.531980860631207503e-03
1.079725658873391936e+01 1.036234492136720586e+00 3.543348607423206231e-01 -2.622260146840108344e-02 2.018493777726796390e-01 4.388134307909305823e-03
1.087020905345600497e+01 1.035200483594054699e+00 3.508564908823637030e-01 -2.495840911171944357e-02 1.993486201718252526e-01 2.164752707458457090e-03
1.094316151817814209e+01 1.033821642152250808e+00 3.478941821793182787e-01 -2.470532174646545773e-02 1.961524744608938997e-01 1.585666765471227535e-03
1.101611398290020993e+01 1.032242062602619859e+00 3.449719353234741437e-01 -2.430222484917012732e-02 1.962068930942148515e-01 1.405205763518023628e-03
1.108906644762230442e+01 1.030771788423276991e+00 3.418970945247232218e-01 -2.490303873270149557e-02 1.938574710527333211e-01 2.875746503754609412e-03
1.116201891234443089e+01 1.029850298959575916e+00 3.387499140830061428e-01 -2.509661383474090512e-02 1.924108481846515395e-01 3.189431740959558417e-03
1.123497137706652893e+01 1.028706345979763848e+00 3.356951444290695585e-01 -2.420366211302747358e-02 1.910215165353671141e-01 4.566877194206720586e-03
1.130792384178859322e+01 1.027703012221146794e+00 3.326951949519031393e-01 -2.379193602097125909e-02 1.890304751535324679e-01 3.025848904407600713e-03
1.138087630651073212e+01 1.026568989593045655e+00 3.301541514624588003e-01 -2.434539628892066349e-02 1.874535759911708233e-01 1.621516556915800732e-03
1.145382877123281951e+01 1.025880233520830132e+00 3.273755227983430882e-01 -2.431270141388983813e-02 1.854359493634348821e-01 1.085763203973252357e-03
1.152678123595492465e+01 1.024007671979436429e+00 3.246601859780897659e-01 -2.463095279631320397e-02 1.824916029594713107e-01 1.646443899800231758e-03
1.159973370067702270e+01 1.022493734413341349e+00 3.221767386386450993e-01 -2.429396289568407086e-02 1.827025363920685430e-01 2.772187817962645817e-04
1.167268616539912252e+01 1.021696855055656217e+00 3.196420924264630203e-01 -2.471714436260703113e-02 1.793053187202341414e-01 1.255617307512671898e-03
1.174563863012121523e+01 1.020443953364038814e+00 3.172479221496416479e-01 -2.394229072055503033e-02 1.785689123323473404e-01 -1.376858156643663220e-03
1.181859109484331327e+01 1.019193517686268313e+00 3.150023874114266098e-01 -2.282715352432531167e-02 1.756622955394613605e-01 1.069352563227746753e-03
1.189154355956541131e+01 1.018391958948720033e+00 3.127016783793549748e-01 -2.226716789755019826e-02 1.704658180324040151e-01 3.604345062327935032e-03
1.196449602428750936e+01 1.017914848131907579e+00 3.105320612721138573e-01 -2.243134266526597767e-02 1.652152431140652411e-01 3.387160734660947699e-03
1.203744848900960385e+01 1.017556828968197991e+00 3.085051233290535544e-01 -2.208449559878110369e-02 1.626780586083447222e-01 3.695194148756067963e-03
1.211040095373174275e+01 1.016382200141119574e+00 3.064986631610425172e-01 -2.219950766144273072e-02 1.587101312033391554e-01 1.318396560329830819e-03
1.218335341845380171e+01 1.015321915118423624e+00 3.041471117021133375e-01 -2.225542135345713601e-02 1.547713470840666461e-01 2.405046432321172878e-03
1.225630588317590153e+01 1.014398700741327319e+00 3.023199939671163405e-01 -2.129339238654108860e-02 1.521469561130986969e-01 1.733521234512117645e-03
1.232925834789803510e+01 1.013408162240030830e+00 3.003797026238040346e-01 -2.257769861661634153e-02 1.491286193173593511e-01 2.976736687851398895e-03
1.240221081262013669e+01 1.012521011966031281e+00 2.987131099989033811e-01 -2.208469771107788443e-02 1.492360365340376915e-01 3.632272361395545626e-03
1.247516327734219210e+01 1.011367290713417466e+00 2.970444131670473276e-01 -2.176961156621713689e-02 1.464313847399285884e-01 5.235322675846737668e-03
1.254811574206433100e+01 1.010281885486294495e+00 2.954642639404527760e-01 -2.116967375444248414e-02 1.428220012665982475e-01 6.408294313790652459e-03
1.262106820678642727e+01 1.009343592152809777e+00 2.940556312202090572e-01 -2.129796096843094080e-02 1.373180872211982317e-01 2.187121164738669958e-03
1.269402067150851998e+01 1.009203731835613072e+00 2.923136833354288977e-01 -2.078847823398479247e-02 1.346114715853872212e-01 4.148720735529060240e-03
1.276697313623062335e+01 1.008206911213275214e+00 2.910034048228931636e-01 -2.052590759981596721e-02 1.315381049540964020e-01 4.630866997209868476e-03
1.283992560095272850e+01 1.007041997238690145e+00 2.893864200968535028e-01 -2.153942487013284918e-02 1.281535275540230945e-01 4.076375057882298918e-03
1.291287806567480878e+01 1.005966454952323286e+00 2.877382200149705693e-01 -2.145255228201941450e-02 1.257141105246492863e-01 4.212332257513475876e-03
1.298583053039691215e+01 1.005257780416452862e+00 2.865885535397310613e-01 -2.212636287636059532e-02 1.237312016377583868e-01 7.866382681744827146e-03
1.305878299511901730e+01 1.004335881615749493e+00 2.849937379846474994e-01 -2.291059895834336377e-02 1.230466679359928095e-01 5.880043251520544571e-03
1.313173545984110469e+01 1.003569283077163421e+00 2.834900956347808920e-01 -2.286766953033550834e-02 1.221482742304758895e-01 5.415437272587314207e-03
1.320468792456320273e+01 1.003128123340493172e+00 2.820074992245839018e-01 -2.234544239985837913e-02 1.213376686476860949e-01 7.022290505738364857e-03
1.327764038928534518e+01 1.002443271485409682e+00 2.803769385522359436e-01 -2.042099182610249489e-02 1.180755839998757772e-01 7.152739651814628286e-03
1.335059285400739348e+01 1.002196753944015528e+00 2.790798150208947392e-01 -1.949006738643423164e-02 1.146721830557654448e-01 8.967311592345737076e-03
1.342354531872950041e+01 1.001541953935122242e+00 2.780143640403857641e-01 -1.993905558731004501e-02 1.140475432755322927e-01 9.722673705153776769e-03
1.349649778345163575e+01 1.001308093862691484e+00 2.769729402451733269e-01 -2.073021476489804796e-02 1.118553541502580045e-01 8.097281500640209420e-03
1.356945024817374268e+01 1.000883567195822055e+00 2.755084769310216508e-01 -2.247519498150670966e-02 1.120067858838884045e-01 5.994696405502268795e-03
1.364240271289579098e+01 1.000879343677514743e+00 2.741740536813461748e-01 -2.299360168595051407e-02 1.100803383006400821e-01 5.004897673767887308e-03
1.371535517761793344e+01 1.001034370394672912e+00 2.728645002958097199e-01 -2.340306321395217715e-02 1.099151206679421650e-01 5.962259139538007152e-03
1.378830764234003503e+01 1.000863877259287715e+00 2.717035546157119397e-01 -2.427443243128078049e-02 1.085506672513222720e-01 8.095281863321462240e-03
1.386126010706211353e+01 1.000242332098882914e+00 2.707108465651621443e-01 -2.355689460027819357e-02 1.084774454697534779e-01 7.386929363065176425e-03
1.393421257178422223e+01 9.996417444450097500e-01 2.694940240271670451e-01 -2.370574197755844978e-02 1.063430347744023091e-01 7.203406004144354002e-03
1.400716503650633094e+01 9.995356922686556844e-01 2.683761003069284334e-01 -2.318731702064322914e-02 1.028743514084381749e-01 5.463738677445345582e-03
1.408011750122840233e+01 9.986436448358546603e-01 2.675488514059736200e-01 -2.236452585217182237e-02 1.005997870508535258e-01 7.761872166731556034e-03
1.415306996595051281e+01 9.980523417244215878e-01 2.663711100853252134e-01 -2.276155189922201769e-02 9.819647908499858080e-02 1.043984396934352805e-02
1.422602243067262329e+01 9.981071045522718066e-01 2.652681909134907978e-01 -2.260615457684510277e-02 9.719817988630920225e-02 1.088265938096756244e-02
1.429897489539469824e+01 9.971906999506413571e-01 2.644088734589248868e-01 -2.319336645472273861e-02 9.686209954597414795e-02 1.015427043851367325e-02
1.437192736011680338e+01 9.971906537604120491e-01 2.633892635422988016e-01 -2.311424242536078838e-02 9.597814919914225695e-02 1.018175248130476912e-02
1.444487982483894761e+01 9.969934683166765677e-01 2.624094262399412347e-01 -2.447829308606101761e-02 9.466507968791638972e-02 8.470897893364222678e-03
1.451783228956098526e+01 9.965536798749791148e-01 2.618426159975646983e-01 -2.530359766204246658e-02 9.419439188528799800e-02 7.215879862968497573e-03
