0.000000000000000000e+00 3.008044631458614671e+00 2.416621632030755140e-01 -1.063380155212235133e-02 3.000966033823815327e-02 1.110172310606940271e-01
5.367286070915376628e-02 2.903394545318445985e+00 2.633398475212948009e-01 -1.181174310739436205e-02 2.638059894439585829e-02 1.083478303842981272e-01
1.071318853198640758e-01 2.806335687004892776e+00 2.843310630402265948e-01 -1.304978729150590121e-02 2.677801317842637766e-02 1.082862045793082650e-01
1.605909099305738441e-01 2.713232721627132804e+00 3.040302592392392644e-01 -1.439272674004941042e-02 2.425501765958410286e-02 1.047811234145012982e-01
2.140499345412835430e-01 2.627075171207811533e+00 3.234824748984129195e-01 -1.481039933388323716e-02 2.398905167917687528e-02 1.025192104195846027e-01
2.675089591519934640e-01 2.546929726639391767e+00 3.415724778055375666e-01 -1.507533916500967096e-02 2.491434743751884395e-02 9.960568323338141183e-02
3.209679837627042454e-01 2.469627323594832724e+00 3.596223679310679988e-01 -1.603198235880970088e-02 2.636112649850252260e-02 9.971930810959891978e-02
3.744270083734191346e-01 2.398628576038285942e+00 3.773289308019326938e-01 -1.609865203157388389e-02 2.903181882306825681e-02 9.785872907455003822e-02
4.276721968856961875e-01 2.331523233260214045e+00 3.952224783845956213e-01 -1.670798459403842820e-02 3.264672194390599164e-02 9.599377412029605483e-02
4.811312214964167944e-01 2.268051177261862339e+00 4.113657815287220521e-01 -1.715690866919011501e-02 3.536969578568858324e-02 9.125296087217266150e-02
5.345902461071332379e-01 2.206703442739631260e+00 4.280611994796060249e-01 -1.797558508021288720e-02 3.463206281331718955e-02 9.005002972545904372e-02
5.880492707178536227e-01 2.148420613756760300e+00 4.434508758368762016e-01 -1.817950435962697314e-02 3.543426205159543041e-02 8.776484723145734634e-02
6.415082953285728973e-01 2.093278655711268144e+00 4.580038801790826120e-01 -1.931088079744008867e-02 3.817108145531754315e-02 8.434831786070882964e-02
6.949673199392896183e-01 2.042612726616063856e+00 4.724702886024651494e-01 -1.979581262223446478e-02 4.153981640824041394e-02 8.071474206271724017e-02
7.484263445499926837e-01 1.994000013225794898e+00 4.871874309752586285e-01 -2.064212414494641726e-02 4.514793051758975162e-02 7.978398039565885724e-02
8.018853691606880885e-01 1.948105309835304944e+00 5.017619099265193672e-01 -2.077212605905943629e-02 4.798118013845644597e-02 7.967559356004887128e-02
8.553443937713921530e-01 1.905087027515899756e+00 5.155138512125528871e-01 -2.091802913748861195e-02 5.024327667441652601e-02 8.104621377462230269e-02
9.088034183820895562e-01 1.863272018002722685e+00 5.288660811383593119e-01 -2.136544365900664225e-02 5.428444713014407563e-02 7.908677842013200898e-02
9.624762790912330113e-01 1.823540054770281138e+00 5.415134204301725873e-01 -2.186560652131403285e-02 5.770127138700263669e-02 7.712318003886249607e-02
1.015935303701938075e+00 1.786631130346082452e+00 5.551597998666787381e-01 -2.135454419844596760e-02 5.878541999354035957e-02 7.651672034694781410e-02
1.069394328312632370e+00 1.751154866199536642e+00 5.676552220009719596e-01 -2.206806132653246419e-02 6.389722469464596821e-02 7.368630070076724603e-02
1.122853352923338432e+00 1.717158406729391906e+00 5.809747383531315146e-01 -2.240213114688542270e-02 6.377284238791901261e-02 7.253813873318737393e-02
1.176312377534035170e+00 1.685628501153385361e+00 5.937101764443426521e-01 -2.266655717997666242e-02 6.601869891584030703e-02 6.907238472627173775e-02
1.229771402144739456e+00 1.655428652609805429e+00 6.063984576601065823e-01 -2.235621942151658909e-02 6.702232920525018345e-02 6.759154603258026028e-02
1.283230426755437081e+00 1.626520944743116148e+00 6.188812501634416430e-01 -2.147850368343475272e-02 6.962814326092493789e-02 6.615254226810859950e-02
1.336689451366143588e+00 1.598502520019032591e+00 6.299901500004513322e-01 -2.129900872732190878e-02 7.106029163482870115e-02 6.389072318500403636e-02
1.390148475976858089e+00 1.572587899372728470e+00 6.423777586984654731e-01 -2.094774291247825104e-02 7.277971626449143694e-02 6.213515731529219155e-02
1.443607500587594128e+00 1.547647303123674822e+00 6.541381558007494101e-01 -2.099816949655684481e-02 7.605648182601715268e-02 6.141107834399927440e-02
1.497066525198331277e+00 1.524180698661635747e+00 6.669043192296941758e-01 -2.012845723033600265e-02 7.744260738691162438e-02 6.008564884861891664e-02
1.550311713710623485e+00 1.501718417209650713e+00 6.791913365701259808e-01 -2.020504372083162595e-02 8.068017916697496628e-02 6.043630390544448699e-02
1.603770738321369294e+00 1.480273613387670162e+00 6.908994279477491673e-01 -2.019592714839073960e-02 8.383797341889798194e-02 5.983760771049000116e-02
1.657229762932109329e+00 1.459808008033585125e+00 7.027462717090701139e-01 -1.989300656238784590e-02 8.561911303751718050e-02 5.919765242774759767e-02
1.710688787542836709e+00 1.440119484270242056e+00 7.141151485268159016e-01 -2.120233754802242424e-02 8.547531377879080683e-02 5.653685392901303119e-02
1.764147812153582739e+00 1.421906236055896500e+00 7.262537582921564372e-01 -2.131126317306567333e-02 8.732000907411208157e-02 5.656095555737907649e-02
1.817606836764322331e+00 1.403284335521768122e+00 7.368104006788729343e-01 -2.148423326541758563e-02 9.149118713921344792e-02 5.497656674304746832e-02
1.871065861375054373e+00 1.385965885446080570e+00 7.476199735673876301e-01 -2.126305991865609993e-02 9.493982468706503586e-02 5.427602644516466013e-02
1.924524885985795297e+00 1.369672895622307207e+00 7.583448889533309645e-01 -2.239375987983333385e-02 9.958366500437676461e-02 5.417035242972762649e-02
1.977983910596536443e+00 1.354440466634234674e+00 7.701199333410395642e-01 -2.192650589018598634e-02 1.020490902950399181e-01 5.219113561335112644e-02
2.031442935207266487e+00 1.338931568801201788e+00 7.804042642699526855e-01 -2.162408825366568532e-02 1.031249433013295275e-01 5.143987143482809526e-02
2.084901959818008077e+00 1.324099472775198683e+00 7.912429507900178294e-01 -2.156624611303049541e-02 1.060687697649195932e-01 5.098732022793239782e-02
2.138360984428754108e+00 1.310281242754341768e+00 8.024462774383136487e-01 -2.107106650089113006e-02 1.063697478372001015e-01 5.118046634415578805e-02
2.191820009039496142e+00 1.296918860098673409e+00 8.122071385174566283e-01 -2.158697663927040822e-02 1.075027217919868328e-01 4.879005295994393726e-02
2.245279033650219525e+00 1.284263913670389501e+00 8.231684150051382654e-01 -2.220764263879412143e-02 1.076966118666177891e-01 4.770128490298343460e-02
2.298738058260966888e+00 1.272565548501953137e+00 8.329677841240131775e-01 -2.207070685645188754e-02 1.074107883041825334e-01 4.576018969666482972e-02
2.352197082871708478e+00 1.261571223928832586e+00 8.428401621945992295e-01 -2.231320168767428336e-02 1.083924338254378256e-01 4.476978918304420213e-02
2.405656107482437633e+00 1.250611826754582712e+00 8.529782251850365205e-01 -2.284971151050730828e-02 1.119477092118696809e-01 4.473597738202870350e-02
2.459115132093179223e+00 1.239920943405119269e+00 8.636893565183930699e-01 -2.229330368589222885e-02 1.136154366555995748e-01 4.232199319420177491e-02
2.512574156703922590e+00 1.230012384412201287e+00 8.733048460790897582e-01 -2.145246686269991834e-02 1.148066939471092535e-01 4.053416263809381248e-02
2.566033181314652190e+00 1.220193702300776950e+00 8.817487102076678740e-01 -2.098427945569081993e-02 1.152150664678354142e-01 4.027290647398793638e-02
2.619492205925391559e+00 1.211273380533333555e+00 8.914238055301554331e-01 -2.135965807997445773e-02 1.181267590753438124e-01 4.084802750167050578e-02
2.672951230536132705e+00 1.202536431952649698e+00 9.005865236178183242e-01 -2.103426535201729022e-02 1.202173787309756825e-01 4.193159426850955052e-02
2.726410255146881401e+00 1.194446419151053540e+00 9.099275297160904774e-01 -2.070118944640049474e-02 1.219775480893635633e-01 4.283371055619646789e-02
2.779869279757549272e+00 1.186082957587539122e+00 9.187801825325696559e-01 -2.104472719428055957e-02 1.252702003359873195e-01 4.266545430203477068e-02
2.833328304368209594e+00 1.178310271513058893e+00 9.267837583160480897e-01 -2.107102968466322349e-02 1.250587427029523635e-01 4.247139695514014213e-02
2.886787328978869027e+00 1.171272254176290106e+00 9.362894800162501197e-01 -2.075786262219445413e-02 1.268591585325791748e-01 4.174729977157252969e-02
2.940246353589531125e+00 1.164036824025693306e+00 9.454252489061778508e-01 -2.156439693687841122e-02 1.254320746140608622e-01 4.056230652056092012e-02
2.993705378200206546e+00 1.157313682187085968e+00 9.547206372540252284e-01 -2.130617159122674339e-02 1.259668128402091636e-01 3.970939407978477109e-02
3.047164402810852657e+00 1.150510199643514753e+00 9.635709812999783130e-01 -2.146949040206115947e-02 1.237765667927581553e-01 3.891001977462200251e-02
3.100623427421528966e+00 1.144233996671782716e+00 9.706653871101240671e-01 -2.072182849150332185e-02 1.244843484845160331e-01 4.154791104030094301e-02
3.154082452032188844e+00 1.138650817446493102e+00 9.795528107280301322e-01 -2.046719651931752301e-02 1.241125746515929912e-01 4.110720681278133559e-02
3.207541476642845613e+00 1.133246283958525336e+00 9.895315323299611610e-01 -2.064132525548101338e-02 1.253616568818302912e-01 4.086940834654186755e-02
3.261000501253513040e+00 1.127827009206082254e+00 9.972109286369864600e-01 -2.173960368971443458e-02 1.276645550768315818e-01 4.022601471890228236e-02
3.314459525864169365e+00 1.122778754156589009e+00 1.006334046165159313e+00 -2.123380302707026518e-02 1.311571096613611820e-01 3.928623382815084331e-02
3.367918550474827466e+00 1.118180370597441353e+00 1.013624023430613752e+00 -2.193877452548918458e-02 1.298269232798803519e-01 3.838041641890431455e-02
3.421591411183940501e+00 1.113641209066406734e+00 1.020759627610290377e+00 -2.302271370269733802e-02 1.287981824600697989e-01 3.794600573991918635e-02
3.475050435794611037e+00 1.109631900321578657e+00 1.029094689691989251e+00 -2.248664857399269856e-02 1.292786359991949241e-01 3.677488336762833182e-02
3.528509460405265585e+00 1.104755528896473216e+00 1.036528599952681429e+00 -2.262559834189556418e-02 1.298852900977775227e-01 3.666403760656273408e-02
3.581968485015921910e+00 1.100786705603188809e+00 1.044966520177481373e+00 -2.221619394437658254e-02 1.310353978733460878e-01 3.388061472331263535e-02
3.635427509626603104e+00 1.096974761539767140e+00 1.052282140477325267e+00 -2.248465928590426960e-02 1.317611716299368629e-01 3.370140975672644007e-02
3.688886534237247439e+00 1.092381476808496066e+00 1.058797201339064742e+00 -2.228674670073803668e-02 1.343111669823140453e-01 3.287771499583035800e-02
3.742345558847929965e+00 1.088826239099046411e+00 1.066343816387345322e+00 -2.201173426610973302e-02 1.389376080472073394e-01 3.438145575307638424e-02
3.795804583458585402e+00 1.084916907621065629e+00 1.072276850762274192e+00 -2.179806144363043499e-02 1.365208183022633415e-01 3.354922207243393739e-02
3.849263608069238174e+00 1.082214018221968610e+00 1.079313163091463190e+00 -2.309201881722972374e-02 1.374108275313543348e-01 3.378199069572938168e-02
3.902722632679913595e+00 1.078618264300108542e+00 1.086277820221449142e+00 -2.291524276921081196e-02 1.407057724744244509e-01 3.228776695299245825e-02
3.956181657290565479e+00 1.074975754044104947e+00 1.091099160345151420e+00 -2.365984886749843835e-02 1.418377046688436005e-01 3.012112824029191185e-02
4.009640681901219139e+00 1.071580276845976343e+00 1.097594375350304130e+00 -2.347906986918131197e-02 1.403803411126115230e-01 3.077215026344136753e-02
4.063099706511904330e+00 1.068543226435717086e+00 1.104557485202916300e+00 -2.313007248536256069e-02 1.381580185869815958e-01 3.086653109144696719e-02
4.116558731122547776e+00 1.065950516180696139e+00 1.111658454679534502e+00 -2.418953584852792660e-02 1.383272661456231289e-01 3.135025288745424410e-02
4.170017755733232967e+00 1.063343948848459286e+00 1.117598675882243153e+00 -2.414658450337832732e-02 1.385069367357658066e-01 3.238422803476896650e-02
4.223476780343886183e+00 1.061041720869587257e+00 1.122985070985238476e+00 -2.433160871343488518e-02 1.373442626855644610e-01 3.224151954617638510e-02
4.276935804954536735e+00 1.058497240206393908e+00 1.127895144005462758e+00 -2.431094622101939023e-02 1.393348217856117399e-01 3.163714186541467105e-02
4.330394829565214820e+00 1.056077162449623241e+00 1.134116857605968143e+00 -2.420328539671513096e-02 1.394610536952012037e-01 3.226696218223384927e-02
4.383853854175865372e+00 1.053891651949941055e+00 1.139166525404876840e+00 -2.368863673128496911e-02 1.431505358773788594e-01 3.232529708729294654e-02
4.437312878786516812e+00 1.051249749634784125e+00 1.141978178417938805e+00 -2.335163593416226743e-02 1.459463153426115989e-01 3.264340068213401197e-02
4.490771903397204667e+00 1.049028013046656493e+00 1.147723947677801837e+00 -2.278357248960799844e-02 1.496867256162918991e-01 3.119160360884865035e-02
4.544230928007847226e+00 1.046637797077451637e+00 1.152329388513355202e+00 -2.282109627393334381e-02 1.493656745802383057e-01 3.065036689549021851e-02
4.597689952618534193e+00 1.045176424695548167e+00 1.156568406407553429e+00 -2.317620036507569287e-02 1.492424643634635839e-01 2.874378244734029919e-02
4.651148977229185633e+00 1.044046616188039511e+00 1.162132388750978906e+00 -2.366710329960119291e-02 1.477456911487914359e-01 2.987213817562752935e-02
4.704608001839835296e+00 1.042383501652564659e+00 1.166676127881164149e+00 -2.421549353919315653e-02 1.487712568341785779e-01 2.994280660766959409e-02
4.758067026450516046e+00 1.040266465104169313e+00 1.170220859745267905e+00 -2.341910263123876332e-02 1.477490736760989631e-01 2.791312761937042239e-02
4.811526051061169262e+00 1.038389294555316145e+00 1.173647139578739340e+00 -2.335880344613981349e-02 1.491694845972032224e-01 2.597871114787806204e-02
4.864985075671816261e+00 1.036854830278399309e+00 1.178394251213438659e+00 -2.217203056072024683e-02 1.472268078346252729e-01 2.575004746706280323e-02
4.918444100282505005e+00 1.035071953219121044e+00 1.181510231834032254e+00 -2.133642474877186709e-02 1.475635550104520965e-01 2.474744095927295870e-02
4.971903124893152004e+00 1.033764480633953431e+00 1.186692266060940026e+00 -2.164328931911090395e-02 1.469049510318462537e-01 2.416921934521211110e-02
5.025362149503830089e+00 1.031774885328046620e+00 1.190764802313417858e+00 -2.171048466755991571e-02 1.514424682838108049e-01 2.354044704493443024e-02
5.078821174114485970e+00 1.029932325174203633e+00 1.194508469535268125e+00 -2.147306313251269583e-02 1.526506622861266427e-01 2.418005965770426979e-02
5.132280198725141851e+00 1.028383530907088561e+00 1.198067709517546042e+00 -2.139508310465424584e-02 1.518170870002555073e-01 2.535123605611307521e-02
5.185739223335809278e+00 1.027451400362295431e+00 1.202539387599243836e+00 -2.067375381747804317e-02 1.510815013821436015e-01 2.502919935543514163e-02
5.239198247946466047e+00 1.026726465739202787e+00 1.207189035068674476e+00 -2.100302048773623406e-02 1.532957650402796967e-01 2.563401578776645234e-02
5.292657272557123704e+00 1.025560980041405168e+00 1.210296378724363242e+00 -2.018740911756691445e-02 1.528167291845385634e-01 2.671167295033125000e-02
5.346116297167794684e+00 1.024996668751034568e+00 1.214857640780408810e+00 -2.103792702387828964e-02 1.495583193748226125e-01 2.610611496624273484e-02
5.399575321778447012e+00 1.024348541520297085e+00 1.217493547506917073e+00 -2.007060147407966136e-02 1.469811978797750940e-01 2.662817785879260934e-02
5.453034346389137532e+00 1.023019773760556861e+00 1.221090696395043418e+00 -2.097056686325198677e-02 1.478987486498992143e-01 2.809146259285351041e-02
5.506493370999773873e+00 1.021753843456630229e+00 1.224639137849075299e+00 -2.005923460307612941e-02 1.497655722329876427e-01 2.931901749488918796e-02
5.559952395610432418e+00 1.020664115711930275e+00 1.228393716808438674e+00 -1.990125220351891822e-02 1.484688462901748718e-01 2.874094272091987090e-02
5.613411420221118497e+00 1.019779269036445113e+00 1.230774918497487214e+00 -1.969204878213900306e-02 1.481566350383310138e-01 2.797752348659289165e-02
5.666870444831780596e+00 1.018719916105298440e+00 1.232179230820284133e+00 -1.976402040457223702e-02 1.477189679600127981e-01 2.655800167694313471e-02
5.720329469442414272e+00 1.018135269083448202e+00 1.236281851456610514e+00 -2.030428436168036158e-02 1.490227530489041663e-01 2.661428074747887451e-02
5.773788494053105680e+00 1.017446083010712821e+00 1.238607587045547076e+00 -1.949084327851512491e-02 1.511247273348292619e-01 2.697897424106938946e-02
5.827247518663762449e+00 1.017152082567357008e+00 1.241721041748018228e+00 -1.934690154475898413e-02 1.499817085947497131e-01 2.717467901192082216e-02
5.880706543274422771e+00 1.016905086943051373e+00 1.245260972643932762e+00 -1.968072610306926748e-02 1.507310478687906019e-01 2.764047181969789962e-02
5.934165567885085757e+00 1.015774605895744864e+00 1.246219950286714395e+00 -1.909507862911336354e-02 1.507257153647875436e-01 2.815523858081337566e-02
5.987624592495749631e+00 1.014796130261214291e+00 1.248986295742174901e+00 -1.991053495751514760e-02 1.504006213701246097e-01 2.612257104423522033e-02
6.041083617106401071e+00 1.014128549185846051e+00 1.251555891246671326e+00 -2.024402320848290096e-02 1.514208422383196417e-01 2.745446243972683373e-02
6.094542641717066722e+00 1.013868181132316248e+00 1.253297495512935233e+00 -1.944333692609141739e-02 1.517626790953386373e-01 2.659035324721593235e-02
6.148001666327732373e+00 1.012971885261072735e+00 1.255686746028448431e+00 -1.967652295266561491e-02 1.531924680824417184e-01 2.437377399690416474e-02
6.201460690938386477e+00 1.012158352126645511e+00 1.256437535738902600e+00 -1.943383454459084170e-02 1.538626704448081972e-01 2.392258324557250404e-02
6.254919715549046799e+00 1.012479313004482906e+00 1.260401129038088541e+00 -1.870729084332677788e-02 1.551234443407445429e-01 2.424429668164744880e-02
6.308378740159739095e+00 1.012160902440414789e+00 1.263015644774729385e+00 -1.817153273315099543e-02 1.523405148914163953e-01 2.533871305787477324e-02
6.361837764770363890e+00 1.011369266217125862e+00 1.263420792293683759e+00 -1.769812670010821251e-02 1.539152202980696438e-01 2.339359389031703956e-02
6.415296789381031317e+00 1.010877529162957700e+00 1.264535218244856818e+00 -1.686243558788010771e-02 1.513167786782584623e-01 2.356413856915449620e-02
6.468755813991720949e+00 1.009951320017726362e+00 1.264625660348156710e+00 -1.691560338387897156e-02 1.524113262665240665e-01 2.242946491436186365e-02
6.522214838602388376e+00 1.009768435335519188e+00 1.267212352489853755e+00 -1.740941579785205973e-02 1.530088041769797347e-01 2.256314314714219157e-02
6.575673863213011394e+00 1.008975310792365576e+00 1.267561661611174006e+00 -1.703672052429158063e-02 1.536502471555578064e-01 2.276953766671308693e-02
6.629132887823705467e+00 1.009012733706326381e+00 1.268861875659840877e+00 -1.636415103313335062e-02 1.566752313275036335e-01 2.220643958416148797e-02
6.682591912434371118e+00 1.008427454836932524e+00 1.269632881045020589e+00 -1.590054897164899783e-02 1.567557459097934924e-01 2.223645623597765575e-02
6.736050937045016340e+00 1.007594566863881491e+00 1.269924455190063473e+00 -1.660721193134889750e-02 1.555621550225579353e-01 2.409361953059513742e-02
6.789509961655686432e+00 1.007470053992060910e+00 1.272477103101570473e+00 -1.725744207746510508e-02 1.571770669219048899e-01 2.532087607634574480e-02
6.842968986266355635e+00 1.007137492254367217e+00 1.273697116188622802e+00 -1.741583363287532715e-02 1.590163803290612909e-01 2.498820435002751389e-02
6.896428010876996417e+00 1.006891441243643825e+00 1.274366200616505740e+00 -1.684679665012416006e-02 1.602647749260285304e-01 2.447803658382458405e-02
6.949887035487666509e+00 1.006340396254168601e+00 1.275518556526591185e+00 -1.756219026181314938e-02 1.596454803715900983e-01 2.476739318553693170e-02
7.003346060098337489e+00 1.006102853367530914e+00 1.276937993126515014e+00 -1.834945019506721564e-02 1.601283548642632171e-01 2.491705785424496236e-02
7.056805084708980047e+00 1.006327384598659336e+00 1.279752084840522164e+00 -1.772097218347041744e-02 1.599464008397283310e-01 2.631898237249258657e-02
7.110264109319646586e+00 1.006305539257225101e+00 1.281429900838984226e+00 -1.805468766681098472e-02 1.634651748713735753e-01 2.458887409251410069e-02
7.163723133930341547e+00 1.005918872247693274e+00 1.281705241048206156e+00 -1.787467419420300102e-02 1.609194658135367773e-01 2.293969969196405986e-02
7.217182158540958348e+00 1.005034728202071070e+00 1.281014343114503795e+00 -1.785606646236137518e-02 1.602829074109993479e-01 2.270857331770360227e-02
7.270641183151630216e+00 1.004736641744877312e+00 1.282870870102099214e+00 -1.878121096962190664e-02 1.627386576851776179e-01 2.138474841796616371e-02
7.324100207762322512e+00 1.004388258523684074e+00 1.283451272571693558e+00 -1.855105055138471862e-02 1.616892350364028952e-01 2.209377135276504797e-02
7.377559232372994380e+00 1.003881986717508390e+00 1.285137522623871931e+00 -1.755145637503548184e-02 1.651382276936113058e-01 2.244751580643212716e-02
7.431018256983609405e+00 1.003437653886832148e+00 1.286001632545877182e+00 -1.797094696896817459e-02 1.670683535494083827e-01 2.103195130770011204e-02
7.484477281594306142e+00 1.003193627936442844e+00 1.286993570858823599e+00 -1.783401596803136854e-02 1.673501101385637402e-01 2.295925111024322771e-02
7.537936306204975345e+00 1.002793686925373517e+00 1.287882149451297753e+00 -1.760362281188030190e-02 1.648792510390481025e-01 2.709907148028959517e-02
7.591395330815611686e+00 1.002748709895139978e+00 1.289462618785448544e+00 -1.760452994105814531e-02 1.606129426054324350e-01 2.798138412627432584e-02
7.644854355426286219e+00 1.002591410702300179e+00 1.290009623415433682e+00 -1.770500964128880403e-02 1.606398837426264714e-01 2.670200250755952465e-02
7.698313380036960751e+00 1.002781087666848370e+00 1.292931697426909610e+00 -1.804756606854530585e-02 1.625225149365280564e-01 2.673591418491565175e-02
7.751772404647590875e+00 1.002786287421200573e+00 1.294460181370832963e+00 -1.781617458448976274e-02 1.625075293753915351e-01 2.771868179613005273e-02
7.805231429258266296e+00 1.002764790972519471e+00 1.295621908791254606e+00 -1.682916822337611820e-02 1.637629507557019914e-01 2.915645519995557072e-02
7.858690453868940828e+00 1.002993670770950585e+00 1.296392139367736673e+00 -1.676337171099745796e-02 1.643353885670488512e-01 2.877094532606967736e-02
7.912149478479574505e+00 1.002509563825601413e+00 1.297154077949626894e+00 -1.645924516871051513e-02 1.665512866238249567e-01 2.816204773830802144e-02
7.965608503090246373e+00 1.002865318311598974e+00 1.297811417030721115e+00 -1.559651122991721935e-02 1.660504129613806779e-01 2.776654627978959039e-02
8.019067527700942222e+00 1.002395659973942754e+00 1.299293701076016161e+00 -1.602907591520428762e-02 1.661342572054969602e-01 2.655214099943973421e-02
8.072526552311552805e+00 1.001454323394003643e+00 1.298438321501160564e+00 -1.630832006402160167e-02 1.662559289985743316e-01 2.758657195073742699e-02
8.125985576922230891e+00 1.001406733735862309e+00 1.299722588664564915e+00 -1.675384055865546465e-02 1.620936122788355638e-01 2.795644377981817974e-02
8.179444601532921411e+00 1.000886708746454135e+00 1.298966760997388725e+00 -1.711132004806952336e-02 1.614546868946968305e-01 2.837387111552631611e-02
8.232903626143601272e+00 1.000399151172647549e+00 1.299252386096952039e+00 -1.719681243804256979e-02 1.596212953300598925e-01 2.641001802299213636e-02
8.286362650754208303e+00 1.000433480975023270e+00 1.302111912787796255e+00 -1.839586973260996794e-02 1.630279247001469034e-01 2.615955974649905938e-02
8.339821675364905929e+00 1.000357832197260155e+00 1.303342340179054926e+00 -1.887180892902130466e-02 1.657087199733543736e-01 2.426537407722173870e-02
8.393280699975578685e+00 1.000710807888406384e+00 1.304212126170958941e+00 -1.859191493355993874e-02 1.638351333285962552e-01 2.625565418849333879e-02
8.446739724586207032e+00 1.000424894586912750e+00 1.304554444652493483e+00 -1.840925692689110438e-02 1.623391677817590251e-01 2.584409552127537799e-02
8.500198749196886894e+00 1.000269569343203768e+00 1.305171919600200292e+00 -1.854303926643772332e-02 1.625777076676144239e-01 2.643135512900407491e-02
8.553657773807564979e+00 1.000616875555277341e+00 1.307018999641309520e+00 -1.797832021088800747e-02 1.642009520307844417e-01 2.680823720523405757e-02
8.607116798418187997e+00 1.001440234519637373e+00 1.308968379648853819e+00 -1.804354314697373743e-02 1.643854552465317531e-01 2.754282322898779500e-02
8.660575823028866083e+00 1.001205324076669179e+00 1.309077586681862471e+00 -1.777221752457324930e-02 1.625091048417621753e-01 2.827411188758620006e-02
8.714034847639544168e+00 1.001230864629582662e+00 1.311145738281437989e+00 -1.821964509555206238e-02 1.631155758663581090e-01 2.822267919966066005e-02
8.767493872250168963e+00 1.001614302830293513e+00 1.311985308973461217e+00 -1.829766633394013312e-02 1.648415077061105849e-01 2.904490333888290129e-02
8.820952896860845271e+00 1.001300328099743009e+00 1.312204897057330788e+00 -1.875595755779171578e-02 1.647848483246948659e-01 2.788195325959200860e-02
8.874411921471544673e+00 1.000873644765293058e+00 1.312518503992102570e+00 -1.939386920799509445e-02 1.614102820847631570e-01 2.631460604602255463e-02
8.927870946082149928e+00 1.000533804560692186e+00 1.312014945854268699e+00 -1.831484312673866896e-02 1.621969096232297736e-01 2.592822049371716966e-02
8.981329970692829789e+00 1.000088149574494656e+00 1.310407334386042510e+00 -1.896612909982328676e-02 1.609144437054029764e-01 2.738420532510153424e-02
9.034788995303523862e+00 9.999877665638418067e-01 1.311625084617158654e+00 -1.970920077771985690e-02 1.586905032576414187e-01 2.729065427320312084e-02
9.088248019914203724e+00 9.998291426981196217e-01 1.310732785950693868e+00 -1.839165303433570875e-02 1.594159546292406582e-01 2.541853241978165798e-02
9.141707044524808978e+00 9.998141475133510703e-01 1.311345107272249955e+00 -1.775925877520362003e-02 1.623536587344283633e-01 2.471172333245451672e-02
9.195166069135506604e+00 1.000371708159442763e+00 1.311883561181712565e+00 -1.814721800794892939e-02 1.641127982096466653e-01 2.239933931716923954e-02
9.248625093746184689e+00 1.000258340477514052e+00 1.312430588359388306e+00 -1.829573387874969606e-02 1.659321986660661219e-01 2.154024076192588913e-02
9.302084118356805931e+00 1.000665011794248382e+00 1.313274518512235423e+00 -1.762190723338634760e-02 1.656715129565131395e-01 1.997834516069363353e-02
9.355543142967485792e+00 1.000451011033089310e+00 1.313433550019019957e+00 -1.826011730777203981e-02 1.640900466070668584e-01 2.037206981795064431e-02
9.409002167578167430e+00 1.000475237696581532e+00 1.314332696158457603e+00 -1.794295023069725215e-02 1.677752756087414754e-01 2.163390300236571820e-02
9.462461192188788672e+00 1.000345660761483124e+00 1.314518618051173648e+00 -1.833873321579433668e-02 1.669845260152319211e-01 2.132631433642883170e-02
9.515920216799472087e+00 1.000753409185389353e+00 1.314655473779203776e+00 -1.771709347191259554e-02 1.694850867368695446e-01 2.149645311691908769e-02
9.569379241410141290e+00 1.000674823897161891e+00 1.315746572969995531e+00 -1.790147158830609347e-02 1.697421850042244995e-01 2.308340500779446081e-02
9.622838266020767861e+00 1.000749342476527914e+00 1.314686038074388108e+00 -1.849978026970283337e-02 1.686674625271219197e-01 2.281826554755192471e-02
9.676297290631445946e+00 1.000663442787316004e+00 1.314120347291848567e+00 -1.793509935569087901e-02 1.678754417314677339e-01 2.286139674129685287e-02
9.729756315242143572e+00 1.000837662135079187e+00 1.315447326870675226e+00 -1.799208162944867032e-02 1.679958544326255465e-01 2.204115120015829807e-02
9.783215339852754155e+00 1.000394373307271323e+00 1.314421449034645528e+00 -1.822269957513948310e-02 1.696380172516646634e-01 2.170228172013416099e-02
9.836674364463435793e+00 1.000436095207326126e+00 1.313281121004735930e+00 -1.775512807097153617e-02 1.688745876641530308e-01 2.270682551957822759e-02
9.890133389074113879e+00 9.999660395257485845e-01 1.312671628199492124e+00 -1.877041507405011189e-02 1.663742344246966764e-01 2.204391637406719756e-02
9.943592413684795517e+00 9.994393169878400540e-01 1.312614643061221331e+00 -2.008041195619753722e-02 1.636046624336606192e-01 2.183186624157050851e-02
9.997051438295407877e+00 9.996660928873308816e-01 1.312364156231906609e+00 -1.973010437945893827e-02 1.621281812457728011e-01 2.143832630130148090e-02
1.005051046290610728e+01 9.996803697197470528e-01 1.312166511514522460e+00 -1.974249825190393243e-02 1.612986849403184597e-01 2.342875028257053113e-02
1.010396948751678536e+01 9.997163129190956843e-01 1.313095245340928141e+00 -1.985584113872305989e-02 1.646191677785082408e-01 2.258275756349456889e-02
1.015742851212741726e+01 9.995745940879889879e-01 1.312727620773964210e+00 -1.926589589908919015e-02 1.657794140737273159e-01 2.302825876348006326e-02
1.021088753673807226e+01 9.995094996877409432e-01 1.312482255090927419e+00 -1.897320986300890869e-02 1.650799860585872580e-01 2.365311561618527528e-02
1.026434656134875389e+01 9.997934268060962859e-01 1.313046118439089582e+00 -1.794797171037137984e-02 1.623038707442958084e-01 2.382775525421180346e-02
1.031780558595938402e+01 9.996960669066020655e-01 1.311495420953561419e+00 -1.843685436833146854e-02 1.589273813828762927e-01 2.331688154962342080e-02
1.037126461057006743e+01 9.998979737672737400e-01 1.311900725481826457e+00 -1.808232175746282699e-02 1.578522220643555352e-01 2.533280254081455088e-02
1.042472363518074907e+01 1.000170509968537180e+00 1.312711405222847016e+00 -1.832433696023209185e-02 1.601322297226303037e-01 2.632632080732786109e-02
1.047818265979138275e+01 9.997064606411066867e-01 1.312753750874420700e+00 -1.871847047797093461e-02 1.593247566446693020e-01 2.680580998380796900e-02
1.053164168440206439e+01 9.991302015403297210e-01 1.312485745334972753e+00 -1.919443286773043697e-02 1.589817840483231104e-01 2.455443986317900479e-02
1.058510070901272471e+01 9.986288536508798330e-01 1.311465257553187769e+00 -1.863875109839369104e-02 1.586998169124237135e-01 2.403937337762851456e-02
1.063855973362334240e+01 9.987048717737754266e-01 1.310738867858297407e+00 -1.839741066870744304e-02 1.602103739405451310e-01 2.515653500673366641e-02
