-1.128110730211020396e+01 4.010293871056355819e+00 1.000000000000000222e+00 -4.662964288667724617e-03 -8.506978874770195626e-03 1.900255340466136837e-03
-1.122419270877878539e+01 4.104191701071417953e+00 9.229416391986460244e-01 -3.451842650041043233e-03 -1.896456378418747432e-03 5.210483427592893513e-03
-1.116750486681522325e+01 4.161719330537591688e+00 8.595088396616968884e-01 1.216679135409079156e-03 4.805172265917486731e-03 6.136234812156304841e-03
-1.111081702485165934e+01 4.212696882616151051e+00 8.024962523739377351e-01 -2.267112562243973222e-04 1.055132294139025408e-02 1.145938823984209674e-02
-1.105412918288809543e+01 4.259836655501185732e+00 7.514628154623511636e-01 1.616974190079092629e-03 1.357423863466196597e-02 1.256218401099931659e-02
-1.099744134092453329e+01 4.290212799539019350e+00 7.066521626442324733e-01 6.153989701802642376e-03 2.244515172670014796e-02 1.536082475952803110e-02
-1.094075349896096938e+01 4.328967139667941666e+00 6.642096705818664182e-01 5.955804384916829619e-03 2.825109260188132451e-02 1.956422077338591456e-02
-1.088406565699740014e+01 4.357582013295978385e+00 6.273962878035254098e-01 4.212586415995732587e-03 3.173080642227669307e-02 2.299976890480271569e-02
-1.082760456640168023e+01 4.379226441783349522e+00 5.939479815495032344e-01 4.995545728181156539e-03 3.729032887998782325e-02 1.979596232588007321e-02
-1.077091672443810744e+01 4.402639952927955846e+00 5.617944262505515374e-01 4.265410008416621428e-03 4.217926570805811959e-02 2.109178482803722443e-02
-1.071422888247453464e+01 4.413363503610971073e+00 5.338786522345811969e-01 4.782587406807049454e-03 4.702860834238670878e-02 2.671234968995600187e-02
-1.065754104051096185e+01 4.429267243853979963e+00 5.064546728443972690e-01 8.369918951032003646e-03 5.060256854974330698e-02 2.417765246132584991e-02
-1.060085319854738906e+01 4.436535628567400913e+00 4.828361791400059833e-01 8.414522202377075835e-03 5.495927794943491346e-02 2.701031750772553419e-02
-1.054416535658381981e+01 4.437184618135493253e+00 4.606553881451949661e-01 9.817289504309672891e-04 6.105408545154751565e-02 2.277784708410355088e-02
-1.048747751462026656e+01 4.444307669152780527e+00 4.387806854240592913e-01 1.033349567416146650e-03 6.414065538988363013e-02 2.648671208901432622e-02
-1.043078967265671153e+01 4.448617774783819812e+00 4.192142136013943809e-01 5.309483326029270679e-03 7.167907250540450637e-02 3.208225518192211329e-02
-1.037410183069316005e+01 4.442084567053489863e+00 4.010846625591297787e-01 6.575201744503259525e-03 7.516034452828725121e-02 3.483437244561106427e-02
-1.031741398872960680e+01 4.430361424060961006e+00 3.845397295174512453e-01 2.839666846414036754e-03 7.949774717164441451e-02 3.535769120094940654e-02
-1.026049939539819889e+01 4.426637501616209391e+00 3.680442962262613915e-01 2.401674206634662415e-03 7.857650451855069385e-02 3.159738982228486870e-02
-1.020381155343464741e+01 4.416876403014232011e+00 3.528261210128371128e-01 5.768302901226175609e-03 8.243913004146945223e-02 3.253424363516631279e-02
-1.014712371147109238e+01 4.414016928375717796e+00 3.386559059520718451e-01 9.585608805429144189e-03 8.631424053958682008e-02 3.028227238549672726e-02
-1.009043586950753912e+01 4.413046633674303720e+00 3.247377408046759339e-01 9.720534567595992201e-03 8.852379078973633686e-02 3.125218053083057140e-02
-1.003374802754398587e+01 4.400690339805957585e+00 3.125833320296900197e-01 8.193940382660160754e-03 9.487935285975417077e-02 3.102710970348783806e-02
-9.977060185580434393e+00 4.392850984892451294e+00 3.005107154681965764e-01 3.166504896160330946e-03 9.742931720274650154e-02 3.243428203621878669e-02
-9.920372343616881139e+00 4.392233864424950340e+00 2.885654398912934071e-01 2.500566792819906587e-03 1.029121915217324351e-01 2.631769252275656737e-02
-9.863684501653327885e+00 4.385979701485922533e+00 2.779920515232659484e-01 1.075585645771636465e-03 1.049294349719135516e-01 2.672584913040554344e-02
-9.806996659689756868e+00 4.375147719198788643e+00 2.673013643822654273e-01 2.320711127680361550e-03 1.068984473611634817e-01 2.327507522997454906e-02
-9.750308817726164534e+00 4.360996908744224854e+00 2.579721530679183195e-01 2.417999694592994336e-03 1.093715168094145790e-01 3.057528610112952155e-02
-9.693620975762572201e+00 4.355030692078047494e+00 2.485997302640824969e-01 2.174648682768771154e-03 1.119742584529612034e-01 2.539264814840075726e-02
-9.637159885166830975e+00 4.341620641470728792e+00 2.401688263754189201e-01 2.870076948082734333e-03 1.142327333047832988e-01 2.969071464130714280e-02
-9.580472043203238641e+00 4.330750040394253375e+00 2.316962565930357210e-01 -6.521395434175411478e-04 1.169693628786232925e-01 2.824616974383544615e-02
-9.523784201239644531e+00 4.321282323778428136e+00 2.236811901726060980e-01 -3.332485584969909691e-04 1.183748559101402004e-01 2.899898264514159246e-02
-9.467096359276050421e+00 4.308986570419640394e+00 2.164284651007956639e-01 -1.937929008908267914e-03 1.206503852843503061e-01 2.462249410103803035e-02
-9.410408517312458088e+00 4.303735368104154801e+00 2.092691794843251074e-01 -8.612058715233612697e-04 1.252324708147063148e-01 2.358569301370999627e-02
-9.353720675348863978e+00 4.290488009869064534e+00 2.026414987814437185e-01 1.944829583052135350e-03 1.272842420304508282e-01 2.806409091394416674e-02
-9.297032833385271644e+00 4.283102744940985751e+00 1.958628165089506823e-01 -1.986528729594868019e-03 1.282291197210652656e-01 3.078801266334485476e-02
-9.240344991421679310e+00 4.270902561762392580e+00 1.893318894951243891e-01 8.167483638234654484e-04 1.295863205808353291e-01 3.108004127795193847e-02
-9.183657149458083424e+00 4.267606309276548160e+00 1.831533056921552383e-01 1.759678000637274501e-03 1.304584320596468561e-01 2.679103748393617604e-02
-9.126969307494491090e+00 4.253274889153503047e+00 1.777757499454858114e-01 -2.460379788148237597e-03 1.284336671085498094e-01 3.224750454072716072e-02
-9.070281465530896980e+00 4.250650638093037337e+00 1.720768137007716581e-01 1.050101715728957988e-03 1.268647267169331350e-01 2.930753413233948626e-02
-9.013593623567304647e+00 4.229402835271051764e+00 1.670723488002945067e-01 4.309881926774593482e-03 1.287009701375592119e-01 3.043413927372822653e-02
-8.956905781603712313e+00 4.218689435552156475e+00 1.620098299875547265e-01 5.610164613230978967e-03 1.289810351780622810e-01 2.917244038964490402e-02
-8.900217939640116427e+00 4.201818210165101597e+00 1.577336033833569573e-01 5.407917816175353797e-03 1.301661606209595923e-01 2.456690683063898414e-02
-8.843530097676522317e+00 4.187791207716760056e+00 1.533479454948479259e-01 1.811140537693505534e-03 1.305766601385293657e-01 3.121526945472056017e-02
-8.786842255712928207e+00 4.185140583426060878e+00 1.488936925471110728e-01 2.261890563623941697e-03 1.304984055215782646e-01 3.315050504043502017e-02
-8.730154413749339426e+00 4.184977309740176565e+00 1.445356664438423588e-01 1.673507344750465014e-03 1.339296226072424212e-01 3.171218553088453462e-02
-8.673466571785745316e+00 4.179130800261736667e+00 1.405365722761009739e-01 1.509516689533054162e-03 1.340007864693128770e-01 3.750973046923911092e-02
-8.616778729822151206e+00 4.163233391594356902e+00 1.369647643523956848e-01 4.837439281369866444e-03 1.349022011241580998e-01 4.272325508840633251e-02
-8.560090887858555320e+00 4.162581328779918266e+00 1.330018811969182757e-01 3.338884125937580105e-03 1.372456013999181768e-01 4.390440219169716718e-02
-8.503403045894962986e+00 4.156793235133283027e+00 1.295585133975189207e-01 1.409926718263351450e-04 1.334990185093462844e-01 5.008955914710196133e-02
-8.446715203931372429e+00 4.141316723804098210e+00 1.265506142208087381e-01 5.196470170102186802e-04 1.304234101139634949e-01 4.328919862627377685e-02
-8.390027361967776542e+00 4.131169053382517831e+00 1.233004479898685418e-01 3.440770699504967518e-03 1.256163186189651060e-01 4.351126614162532935e-02
-8.333339520004246381e+00 4.124461919122809128e+00 1.203374544448185396e-01 2.516248749750458775e-03 1.221393460397574432e-01 4.161425573733212174e-02
-8.276651678040733984e+00 4.129022679680609542e+00 1.173970925063367032e-01 2.595867412186663673e-03 1.202584932727321226e-01 4.383225024403856335e-02
-8.219963836077219810e+00 4.117537387791629477e+00 1.150227919379146896e-01 2.069240856838302535e-03 1.178003860121490387e-01 4.346537837124135606e-02
-8.163275994113707412e+00 4.118732546877682310e+00 1.121570614922711290e-01 6.076271458320320340e-03 1.167238694585893549e-01 4.304732237146187412e-02
-8.106588152150195015e+00 4.115435732822438020e+00 1.096096572802276320e-01 3.951649521535772688e-03 1.135916292341296874e-01 4.139788742805066563e-02
-8.049900310186682617e+00 4.115231086126616589e+00 1.070007982646296318e-01 3.956982201760847993e-03 1.113914374679922242e-01 3.982476702850501482e-02
-7.993212468223169331e+00 4.123518745303863753e+00 1.045057640108194019e-01 6.921312149256049137e-03 1.111065452910737772e-01 4.486478134267196660e-02
-7.936524626259656046e+00 4.107846212050293211e+00 1.025347881770607428e-01 2.836366466556613543e-03 1.039838991878479640e-01 4.191592485620030534e-02
-7.879836784296143648e+00 4.102283030050581480e+00 1.004070553409262129e-01 1.728833372568536501e-03 1.009733775713856085e-01 4.380861176440908888e-02
-7.823148942332630362e+00 4.092596744276630005e+00 9.868508516689374066e-02 -1.815258962631536048e-03 9.769222676898306479e-02 4.783685637106619565e-02
-7.766461100369118853e+00 4.088268296990580808e+00 9.674607954382014041e-02 2.677823781824954026e-04 9.650515223092068218e-02 4.776579361305526711e-02
-7.709773258405604679e+00 4.083050010372481609e+00 9.495583762925485782e-02 2.435013845868694293e-04 9.477890550619336163e-02 4.647566816777073256e-02
-7.652858665074240285e+00 4.076911258473800537e+00 9.329964506170758398e-02 1.534221778564044941e-03 8.728069392329008969e-02 4.544957596479252265e-02
-7.596170823110727888e+00 4.071182581649808618e+00 9.170124922553998803e-02 1.699171205726022777e-03 8.702387705953321118e-02 4.534112672327644117e-02
-7.539482981147214602e+00 4.076204938387038013e+00 8.988985682645703190e-02 4.177464564210927635e-03 8.147946471045611205e-02 4.833351605818347191e-02
-7.482795139183702204e+00 4.076890715372258001e+00 8.835040691596077189e-02 7.215231677807318854e-03 7.765955500504938269e-02 5.395162839260022464e-02
-7.426107297220188919e+00 4.081007231371541089e+00 8.671435951383987817e-02 6.870251494443345604e-03 7.402898679475332366e-02 5.226345785761186274e-02
-7.369419455256674745e+00 4.077559442711857329e+00 8.520227222546197798e-02 5.160736742582133774e-03 7.109863921609257953e-02 4.863202754071328099e-02
-7.312731613293163235e+00 4.076782901589180774e+00 8.377751711747065400e-02 5.148370335581893206e-03 7.079797379043620276e-02 4.820046761065911040e-02
-7.256043771329649061e+00 4.073265802474285380e+00 8.246053580691620200e-02 8.596079158405683929e-03 6.822865827503911407e-02 4.711344889156671156e-02
-7.199355929366137552e+00 4.073387504039870599e+00 8.132244803422895851e-02 8.720913781859438579e-03 6.659838126676458081e-02 5.156493366094837966e-02
-7.142668087402623378e+00 4.071489225591538919e+00 8.007176395577267347e-02 9.550105974519048496e-03 6.192627400820045758e-02 4.677226486734908928e-02
-7.085980245439111869e+00 4.071079842600991761e+00 7.883643425989385334e-02 9.114273581994399714e-03 5.454310558880005183e-02 5.107144412205149447e-02
-7.029292403475597695e+00 4.066230259633280220e+00 7.777450226740355299e-02 1.100230811092472658e-02 5.332591977355535112e-02 5.446667190536029490e-02
-6.972604561512087074e+00 4.063950889938356070e+00 7.693497189138463754e-02 1.203716984924938817e-02 5.325110392230303358e-02 5.261649570914252866e-02
-6.915916719548572011e+00 4.064465514515215538e+00 7.589780356368093506e-02 6.535627024356322964e-03 5.048799215416516217e-02 5.002179360218794030e-02
-6.859228877585061390e+00 4.059159584661080622e+00 7.520239663703237598e-02 3.021456265821846360e-03 5.156272969947586077e-02 4.975046912090236306e-02
-6.802541035621545440e+00 4.056203565004316225e+00 7.436793299110829036e-02 3.076727388161575819e-03 5.184281438675698156e-02 5.377098861266561836e-02
-6.745853193658035707e+00 4.061241579921017752e+00 7.326059932748349435e-02 3.789433573414998681e-03 5.352014787850552929e-02 5.963211121321077002e-02
-6.689165351694519757e+00 4.062063301745562072e+00 7.237890550015452229e-02 6.541962220056358676e-03 4.960497891172332280e-02 6.134774956657302464e-02
-6.632477509731010024e+00 4.052943289731715026e+00 7.169822779737754226e-02 4.745150669440574218e-03 4.655636722520689608e-02 5.479530644834903347e-02
-6.575789667767494073e+00 4.056201342870534354e+00 7.102640919359071159e-02 4.477408999080382222e-03 4.681037937464139348e-02 6.133664880584761142e-02
-6.519101825803984340e+00 4.052848471903047312e+00 7.019426591031879825e-02 7.288237799799745023e-03 4.657454076147288929e-02 6.029443685280244658e-02
-6.462413983840468390e+00 4.041189688245764522e+00 6.987552336631400185e-02 4.926983711277381842e-03 4.382035560967149912e-02 5.552554263105528159e-02
-6.405726141876958657e+00 4.051327607489544569e+00 6.898189136867156901e-02 3.563655339104077058e-03 4.349620832944928184e-02 5.860174888863101117e-02
-6.349038299913441818e+00 4.046914483539097773e+00 6.847025493296764187e-02 3.119965461163173338e-03 4.169916839774103628e-02 5.609320818458023855e-02
-6.292350457949932974e+00 4.044106182710300423e+00 6.799968012825860497e-02 1.416182206862947332e-03 3.957972625559047497e-02 5.444514586329300687e-02
-6.235662615986416135e+00 4.040888373258038513e+00 6.741748558208011943e-02 -1.337984923349982156e-03 3.827517829087109108e-02 5.206313521060575156e-02
-6.178974774022907290e+00 4.043998637191258183e+00 6.672171877123649064e-02 1.795807095796734002e-03 3.671076466889282297e-02 5.784160977448699753e-02
-6.122286932059390452e+00 4.042389080260499590e+00 6.606596785708225561e-02 2.240997924720925481e-03 3.674024163430027190e-02 6.153532595774664077e-02
-6.065599090095881607e+00 4.045767224983912058e+00 6.554195531351095227e-02 4.374979504689771072e-03 3.726480141290865883e-02 6.359306391068129949e-02
-6.008911248132364769e+00 4.048129349409458122e+00 6.491719097728688992e-02 4.960017447825141278e-03 3.562662002320104299e-02 6.669670101566348153e-02
-5.952223406168855924e+00 4.045983835602102729e+00 6.458178486171123334e-02 3.454526357566929922e-03 3.561111126150601908e-02 6.942851801203503426e-02
-5.895535564205339085e+00 4.036172519264994207e+00 6.422448086691701086e-02 2.937082120136487711e-03 3.579759896230066962e-02 6.427065260898918997e-02
-5.838847722241830240e+00 4.029375239706335599e+00 6.384498648554425004e-02 1.569550517860079106e-03 3.312035400117603612e-02 6.168469026865679161e-02
-5.782159880278313402e+00 4.025911673539349422e+00 6.358618909513016892e-02 -7.066244661726173160e-04 3.346704677456617538e-02 5.959697943763131445e-02
-5.725472038314804557e+00 4.016768375261657198e+00 6.315350362731181333e-02 -1.153469555283000419e-03 3.414025586298991000e-02 6.027284142419993274e-02
-5.668784196351287719e+00 4.003443220992272344e+00 6.296975735721209444e-02 -2.107073235443675512e-03 3.469393085016368034e-02 5.950985514870965609e-02
-5.612096354387778874e+00 4.009338929253143391e+00 6.235983475530063047e-02 -2.823286844662923310e-03 3.200376341816305731e-02 6.880092921052032018e-02
-5.555408512424262035e+00 4.005443374370299736e+00 6.204815463700148054e-02 -4.075664818223622213e-03 3.271631262522003980e-02 6.861323532332409825e-02
-5.498720670460753190e+00 4.013705823926589922e+00 6.178807223716096392e-02 -6.083764763095717010e-03 3.595725501527637091e-02 6.665489712719978310e-02
-5.442032828497235464e+00 4.012794117558216023e+00 6.159087016010146576e-02 -6.191365865605012904e-03 3.540359583193958964e-02 6.850817695388206063e-02
-5.385344986533727507e+00 4.011068879349051208e+00 6.119954647759068278e-02 -7.250167020197424532e-03 3.168376109987995626e-02 6.486437911543814494e-02
-5.328657144570209780e+00 4.006138694994362481e+00 6.096583060410209337e-02 -7.294978640668747794e-03 3.293142533877324585e-02 6.304058044489244117e-02
-5.271969302606701824e+00 4.001568389150895300e+00 6.073493651318893904e-02 -1.367870053163209058e-03 3.556985460219812961e-02 6.975688129511542490e-02
-5.215281460643184097e+00 4.005616116928689685e+00 6.047479520896259508e-02 -2.413485005991279945e-04 3.582641560628063715e-02 6.621135521774224042e-02
-5.158593618679676140e+00 4.008391724561066738e+00 6.013045602308462328e-02 -1.609411714867709669e-04 3.741153925199499491e-02 6.679065728724706275e-02
-5.101905776716158414e+00 4.000946711862681582e+00 6.006857034234359266e-02 4.342642100276956733e-03 3.982439028339324061e-02 6.960632235470795570e-02
-5.045217934752650457e+00 4.009838670725465626e+00 5.966287673423435745e-02 6.309218737669292087e-03 3.649569041596910368e-02 6.948643261389753079e-02
-4.988530092789132731e+00 3.996037631528794876e+00 5.959650496877658826e-02 5.179360587183494576e-03 4.021093645116571164e-02 6.915407193408844300e-02
-4.931842250825624774e+00 3.994946931006353008e+00 5.930716212752334959e-02 7.753345605478119060e-03 3.838091725488969319e-02 6.838443344718364569e-02
-4.875154408862107047e+00 3.999326108477926134e+00 5.903004755449053897e-02 5.827051567755754495e-03 3.627627914555558303e-02 6.621797103550822183e-02
-4.818466566898599091e+00 4.010331992950154856e+00 5.858481136237909254e-02 4.348396413742370258e-03 3.104026225448044962e-02 6.467347848476009964e-02
-4.761778724935081364e+00 4.007672129445193576e+00 5.844103383517551542e-02 5.302498423575131674e-03 2.749430838817426212e-02 6.306475784880409552e-02
-4.705090882971573407e+00 4.004940954281057230e+00 5.822145566933079747e-02 3.458840576522836333e-03 2.640439397802218924e-02 7.165541646712039747e-02
-4.648403041008055681e+00 4.000891162600888507e+00 5.795552898611518872e-02 2.702576839281787234e-03 2.452064885852553097e-02 7.719396200719283452e-02
-4.591715199044547724e+00 4.004339512378708221e+00 5.784917607943375339e-02 5.050606141874394196e-03 2.412786229260299037e-02 7.060344610143962085e-02
-4.535027357081029997e+00 4.004611991072772881e+00 5.786926608386427223e-02 2.809666057767901733e-03 2.240414058170691475e-02 6.701403722517415562e-02
-4.478339515117522041e+00 4.002388492899862094e+00 5.794494671930769392e-02 4.512665295906766010e-03 2.255841008744518400e-02 6.897338146397875847e-02
-4.421651673154004314e+00 4.001024528448651196e+00 5.780597572791288524e-02 3.514918960434178490e-03 2.440588461143152962e-02 6.642817480236029581e-02
-4.364963831190496357e+00 3.994670238891059100e+00 5.777692914980604028e-02 2.223042261295013998e-03 2.821454600373865529e-02 6.886508676130406736e-02
-4.308275989226978631e+00 3.999238408859374871e+00 5.754732731718065902e-02 2.524640262327698063e-03 2.588330605421110611e-02 7.120663775945262897e-02
-4.251588147263468898e+00 4.006025936375112728e+00 5.729268773621484789e-02 4.883111803077044843e-04 2.765820251030942645e-02 7.205698706504493067e-02
-4.194900305299952059e+00 4.013108878295141402e+00 5.711647538761953358e-02 2.904891893890898524e-03 3.053828880189576878e-02 6.621209431848187887e-02
-4.138212463336444991e+00 4.013765909337176474e+00 5.694825248690238428e-02 1.232769518341479426e-03 3.050513671813780830e-02 6.087505813233923257e-02
-4.081524621372926376e+00 4.010463070473037739e+00 5.694727012949971079e-02 3.211612088212983333e-03 3.022681262541234218e-02 6.197086854982333110e-02
-4.024836779409417531e+00 4.008318947943458888e+00 5.690071013432668190e-02 1.418330280889834594e-03 3.067946742750457881e-02 6.733604388400733776e-02
-3.968148937445903801e+00 4.011270989075505611e+00 5.680878606341767389e-02 4.163378459347634496e-04 3.151544254037768472e-02 6.891501831585236659e-02
-3.911461095482393180e+00 4.017873635787305275e+00 5.668064294800295028e-02 -9.759496716042481701e-04 3.251678465290144121e-02 7.366590057856250984e-02
-3.854773253518875453e+00 4.013151794622257462e+00 5.683240250029970159e-02 -1.341651118019490359e-03 3.488018703802205078e-02 8.498858245002531564e-02
-3.798085411555365276e+00 4.020491644453400681e+00 5.658236216901768589e-02 -1.263130397729469697e-03 3.255595146885827823e-02 8.052888343166852980e-02
-3.741397569591852434e+00 4.020468381409925129e+00 5.640382196202693710e-02 2.195820256488813498e-03 3.466128397984619830e-02 8.154356675054399983e-02
-3.684709727628341813e+00 4.025804416494557891e+00 5.630147806093612622e-02 4.699669549371268164e-03 3.483959436201229665e-02 7.842710077414571934e-02
-3.628021885664824087e+00 4.032571338340562583e+00 5.601223387524458669e-02 4.149084123867921060e-03 3.443534674732903061e-02 7.884771796200698568e-02
-3.571334043701313465e+00 4.030953249644923631e+00 5.586248167400205411e-02 3.259515876059989031e-03 3.457717109259398486e-02 7.435853635641433146e-02
-3.514646201737801956e+00 4.021627063579017225e+00 5.598859122530271820e-02 1.398387231539772449e-03 3.444590476233527765e-02 7.443210108101237787e-02
-3.457958359774290447e+00 4.015665123316932927e+00 5.607059879120889628e-02 -1.507107599484588641e-03 3.890818634085053268e-02 7.377119632664470850e-02
-3.401270517810772720e+00 4.011098497490381831e+00 5.600873163824054285e-02 -3.284282243165050942e-03 3.771817026159602487e-02 7.626753824766506484e-02
-3.344582675847262099e+00 4.016906387703835790e+00 5.580560017777198845e-02 -8.458177218766167607e-04 3.828593173901393559e-02 7.749719723409476124e-02
-3.287894833883750589e+00 4.016953672030290079e+00 5.583293933343033005e-02 1.682090531221520349e-03 3.338281703335047729e-02 7.699672654424080664e-02
-3.231206991920239080e+00 4.023524037788973828e+00 5.571342521030580447e-02 2.571130403534186998e-03 2.950700581581822482e-02 6.692815906301814721e-02
-3.174519149956720909e+00 4.012684014346930894e+00 5.580896027320041836e-02 6.604247717859454327e-04 3.030175900452611662e-02 6.098272390310043034e-02
-3.117831307993210732e+00 4.012791706032998285e+00 5.585810351622744890e-02 2.262867683161850444e-03 2.888840319535953063e-02 6.643372921844427348e-02
-3.061143466029699223e+00 4.018429048120491842e+00 5.574810244588637026e-02 2.530773124130382672e-03 2.847517387051042362e-02 6.665496703596007766e-02
-3.004455624066187713e+00 4.016694810516027836e+00 5.565120541965561801e-02 1.666993163035106760e-03 2.873516205189591971e-02 6.956697555502387720e-02
-2.947767782102669543e+00 4.018136588651599617e+00 5.554351804829510408e-02 1.785154911329546717e-03 2.658550510642803538e-02 7.357121768586864785e-02
-2.891079940139159365e+00 4.025886605564101828e+00 5.543929880967879420e-02 -1.281826154158608204e-03 2.596769468387457105e-02 7.758959647060044429e-02
-2.834392098175647856e+00 4.020347736545403450e+00 5.546172054582010347e-02 2.734519407044361250e-03 2.488723375212567243e-02 7.095827661541188880e-02
-2.777704256212136347e+00 4.031646869504372788e+00 5.530999131855966755e-02 1.169412148299785745e-03 2.553118159990265881e-02 7.275687107038278367e-02
-2.721016414248616844e+00 4.030853544740118366e+00 5.529540880321321544e-02 3.277817647739481553e-03 2.093237362499463655e-02 6.755592760436195110e-02
-2.664328572285105334e+00 4.028371413447442428e+00 5.527497530763932770e-02 2.677746395471259418e-03 2.331298775129173745e-02 6.205351634722882509e-02
-2.607640730321596489e+00 4.029517790891024909e+00 5.521542286588421167e-02 7.994253709992873297e-03 2.377935725043914261e-02 6.077730153394824558e-02
-2.550952888358084980e+00 4.030928670138417935e+00 5.524066643823888345e-02 9.552319456492442892e-03 2.634577955614554254e-02 6.672608615653538577e-02
-2.494265046394565477e+00 4.030720955013804563e+00 5.511308652118999257e-02 7.514917404351054674e-03 2.570132248076438183e-02 7.071638307027315606e-02
-2.437577204431053968e+00 4.029115255506824589e+00 5.508740704996765297e-02 1.048189867896551219e-02 2.536082208920758738e-02 6.286621561421232296e-02
-2.380889362467546455e+00 4.029017237499650683e+00 5.511239656139604870e-02 4.970793806831535003e-03 2.781250956296462545e-02 6.878542434837932318e-02
-2.324201520504033613e+00 4.022949806674004591e+00 5.516131816701536766e-02 7.790169724112434510e-03 2.233631411107050296e-02 6.672899435929145751e-02
-2.267513678540514110e+00 4.010454851771947382e+00 5.519284386822634336e-02 7.713386353939338802e-03 2.123295686297202445e-02 7.101632955017325721e-02
-2.210825836577002601e+00 4.006507587755986144e+00 5.537806190886436497e-02 2.487563405688492709e-03 1.756964969482206415e-02 7.384946449033562288e-02
-2.154137994613495088e+00 4.003163821974474956e+00 5.534233803083730280e-02 1.671207399344680228e-03 1.695537445196090148e-02 7.388235061491507660e-02
-2.097450152649982247e+00 4.015814157681123930e+00 5.510113717409636375e-02 -9.585578961194512039e-05 1.620150451016717438e-02 7.079735893608647690e-02
-2.040762310686462744e+00 4.018228620370220661e+00 5.510013022186995013e-02 1.594210223701577863e-03 1.583309836645438104e-02 7.949509457652545463e-02
-1.984074468722949902e+00 4.017424227576658957e+00 5.508181517608513877e-02 1.138177466506740121e-03 1.574243704668054633e-02 7.687267817097051537e-02
-1.927386626759443500e+00 4.007654915861591505e+00 5.535973986481315667e-02 2.546203328639782843e-03 1.713733006870226533e-02 7.427257729510849948e-02
-1.870698784795930658e+00 4.005673965294247907e+00 5.527920338939679851e-02 4.260947856576756745e-03 1.905666680855596165e-02 7.191101825787156454e-02
-1.814010942832411377e+00 4.008346213638949607e+00 5.513647116964687928e-02 5.607906727094690187e-03 1.664107831984597968e-02 7.833661167769048750e-02
-1.757323100868898536e+00 4.013086664038688411e+00 5.506601907438755938e-02 2.138228598339818060e-03 2.036851823039709589e-02 7.626925270412444890e-02
-1.700635258905392133e+00 4.005649545054766669e+00 5.522045531413186797e-02 7.547889623150417886e-03 1.993859589167643748e-02 7.262521685499753743e-02
-1.643947416941879291e+00 4.004324596716688056e+00 5.534072014514635623e-02 2.196055832696608423e-03 1.873444956084035357e-02 6.895510696867324096e-02
-1.587259574978360011e+00 3.994295938734389928e+00 5.535116040805496129e-02 1.247911473223240744e-03 1.864016789861893883e-02 6.924202775122893783e-02
-1.530571733014847169e+00 4.004844835779253209e+00 5.524054177395815168e-02 3.329400413523911882e-03 2.045267472004350801e-02 6.885050717365602535e-02
-1.473883891051341877e+00 3.994312526675760200e+00 5.524420240123222720e-02 1.890988519154590541e-03 2.453794512279763515e-02 6.405670059805999850e-02
-1.417196049087827703e+00 3.992871299091091508e+00 5.523804323226754603e-02 1.929204794959913120e-03 2.264810411381547664e-02 6.367425627219928941e-02
-1.360508207124308422e+00 3.995638516410603636e+00 5.527370302466874663e-02 -3.860562161752678634e-04 2.443658686599218047e-02 6.125113169162053894e-02
-1.303820365160795580e+00 4.001876871944614500e+00 5.512111049255624673e-02 1.670646961349458179e-03 2.499418925864663188e-02 6.551197682628005781e-02
-1.247132523197290510e+00 4.000012437975981605e+00 5.526590764948623863e-02 -1.201791569209338098e-03 2.650085277172935933e-02 7.445591361778884643e-02
-1.190444681233776336e+00 3.996604659798207226e+00 5.536045438469232305e-02 -5.156901785186177121e-04 2.275421234226055606e-02 7.085640627487728438e-02
-1.133756839270257055e+00 4.002727096652245464e+00 5.510020009977920075e-02 -9.705988361332391770e-04 2.367328732097081362e-02 6.910033806911804188e-02
-1.077068997306744214e+00 4.008809968036228355e+00 5.502199864281438063e-02 -1.786898411722803726e-03 2.296400381168655844e-02 6.504991273307655919e-02
-1.020381155343239143e+00 4.012455640171260107e+00 5.492278373075987208e-02 3.902582689677830396e-03 2.608858197927201722e-02 7.144836801460503761e-02
-9.636933133797249695e-01 4.008432489450632907e+00 5.493648479347336411e-02 5.832087126890872497e-03 2.618493507107142251e-02 7.412602210200940067e-02
-9.070054714162056886e-01 4.009815064942170437e+00 5.507477134429016735e-02 6.119865596840796777e-03 2.750223146425839413e-02 7.681569073649120727e-02
-8.503176294526915147e-01 4.006213022789128608e+00 5.507255541709048241e-02 6.809866736022273000e-03 2.954482352206653020e-02 7.655018227703901113e-02
-7.936297874891876658e-01 4.004758165997090558e+00 5.513317939224113284e-02 7.253749372314123416e-03 2.814931079017560581e-02 7.047091402456599762e-02
-7.369419455256736029e-01 3.999409561287206483e+00 5.520987126569432135e-02 6.693626985158720490e-03 2.756813659267306690e-02 7.334283404842557863e-02
-6.802541035621542109e-01 4.001521348582125270e+00 5.511343837139588003e-02 7.777024651526858075e-03 3.093246062246541792e-02 7.148467390656253195e-02
-6.235662615986401480e-01 4.008840618526443578e+00 5.506857968840304235e-02 5.929922808288713536e-03 3.020928567564396330e-02 6.602262203597659973e-02
-5.668784196351362992e-01 4.020040605856115334e+00 5.487018740534414102e-02 6.229484784288982259e-03 2.632142919716034049e-02 6.767037805103855164e-02
-5.101905776716221252e-01 4.022132999075557436e+00 5.466583576463056315e-02 3.670421517993139367e-03 3.076761626745797701e-02 6.727870345463543567e-02
-4.535027357081028443e-01 4.012680816751873714e+00 5.483322430221861110e-02 -4.434774492578151496e-04 3.183596780046785146e-02 6.116066533189636750e-02
-3.968148937445886704e-01 4.010311538442832280e+00 5.495265534187864648e-02 2.006547486684297481e-03 2.994254346510740600e-02 6.202540350461906854e-02
-3.401270517810848770e-01 4.017094938401386983e+00 5.492582835870890579e-02 1.720558965325818266e-03 2.981236828431778688e-02 6.319585899012285235e-02
-2.834392098175707031e-01 4.009791634633447011e+00 5.499692203140973262e-02 5.706888312502338481e-03 3.160070704256885687e-02 6.407600428181541019e-02
-2.267513678540514221e-01 4.012762251165062466e+00 5.495045801530574342e-02 6.641087608143823005e-03 2.840457402778386736e-02 6.166583343152105129e-02
-1.700635258905372760e-01 4.015582975946832889e+00 5.487887161710786749e-02 5.069732789116931926e-03 3.125598932406000591e-02 6.319099031126197696e-02
-1.133756839270334410e-01 4.016344714248409886e+00 5.480665793679253411e-02 3.078493026964065384e-03 2.741543349576414795e-02 6.405090065655685838e-02
-5.668784196351930177e-02 4.019459163609254482e+00 5.462609211731380560e-02 3.984551015933701645e-03 2.848241363583898372e-02 7.003037926957460246e-02
0.000000000000000000e+00 4.018407904063799663e+00 5.482467302170000722e-02 1.924921999493270060e-03 3.068868634729700687e-02 7.095528862907803103e-02
