0.000000000000000000e+00 3.004290314628840886e+00 2.421752292225516079e-01 -1.025711907449872173e-02 2.997869352673211696e-02 1.099522640221978487e-01
3.172366368533057757e-01 2.476275808059374306e+00 3.595433871417091365e-01 -1.429835157514228010e-02 2.388894605578854163e-02 9.911724354650958135e-02
6.344732737063287775e-01 2.102569826376659012e+00 4.550056642167141785e-01 -1.684419431703396142e-02 3.593802787451282066e-02 8.690509659546127863e-02
9.517099105593574970e-01 1.833844421672171432e+00 5.371017223936289664e-01 -1.618997620098440796e-02 5.261505098281921144e-02 7.659041345417164082e-02
1.268946547413965176e+00 1.636296560651287590e+00 6.138912940525252937e-01 -1.774415596736507450e-02 6.759962689253047607e-02 6.658253426788132701e-02
1.586183184268575408e+00 1.489188209507710914e+00 6.864900136491782767e-01 -1.815769143836548638e-02 8.555716849399067070e-02 5.743045663123871880e-02
1.903419821123178535e+00 1.378305099902897402e+00 7.549642152982208865e-01 -1.940027394824973828e-02 9.707794112536836939e-02 5.374438541934890151e-02
2.220656457974610198e+00 1.293931108708886502e+00 8.219387268521076706e-01 -1.925912476648497518e-02 1.076239663118347123e-01 4.562594920309062663e-02
2.537893094826057627e+00 1.227105738934058277e+00 8.804801001342719147e-01 -1.954639185410984858e-02 1.170543176873915792e-01 4.297967028254302130e-02
2.855129731677494398e+00 1.176838533250886387e+00 9.369747712917150251e-01 -1.994729970515563000e-02 1.235879423084697559e-01 4.007548204263754188e-02
3.172366368528935165e+00 1.138897089420911835e+00 9.869512569026235305e-01 -1.985743390528679417e-02 1.308180710164622840e-01 3.349500940635254109e-02
3.489603005380370604e+00 1.108379947244867436e+00 1.034067910777009880e+00 -2.071633915496571762e-02 1.358078653313582185e-01 3.279355575037594395e-02
3.806839642231826470e+00 1.084795019569244623e+00 1.073766895933222054e+00 -1.962901116137799259e-02 1.365290089593334533e-01 3.120093936817330132e-02
4.124076279089606167e+00 1.065982503902781930e+00 1.110255989855494452e+00 -1.839326218481386263e-02 1.352240042093262318e-01 3.119538978215272845e-02
4.441312915947380979e+00 1.051980856085481753e+00 1.143276402465644992e+00 -1.931850336625490563e-02 1.445519723015067370e-01 2.825001838510812768e-02
4.758549552805162897e+00 1.040593733016433431e+00 1.170149227832631089e+00 -1.781808671967292576e-02 1.405614166966632217e-01 2.816916816694802275e-02
5.075786189662943038e+00 1.030703078819491525e+00 1.194832463061394012e+00 -1.763865755964959259e-02 1.457785831348626659e-01 2.763796998990720663e-02
5.393022826520723179e+00 1.023746562183813325e+00 1.217527523954784918e+00 -1.904373450652781241e-02 1.552998382481811934e-01 2.581303556857792933e-02
5.710259463378498879e+00 1.018729175730755943e+00 1.235235613764219309e+00 -1.841170979097718485e-02 1.584623945668343359e-01 2.630133860838228255e-02
6.027496100236278131e+00 1.014705030004560804e+00 1.249934288435323948e+00 -1.852305150419156221e-02 1.577761294131093395e-01 2.617580465204619178e-02
6.344732737094039621e+00 1.011056906682094247e+00 1.257646978954604755e+00 -1.865217849668650285e-02 1.587187726529095677e-01 2.572413847870518716e-02
6.661969373951821538e+00 1.008837205246818192e+00 1.268688766682725122e+00 -1.937644346903810710e-02 1.578549749415883718e-01 2.683129430118370504e-02
6.979206010809599903e+00 1.006459472470221606e+00 1.276079792283859815e+00 -1.726218436161254186e-02 1.561688669712116839e-01 2.890330489400433703e-02
7.296442647667381820e+00 1.005060038408169376e+00 1.282962546056395814e+00 -1.761314910281347804e-02 1.568164559443010753e-01 2.672861904598198765e-02
7.613679284525064261e+00 1.004491315601966139e+00 1.289172622600000206e+00 -1.795651403422983752e-02 1.582392692277481416e-01 2.441521537862238744e-02
7.930915921370184307e+00 1.003971456813421259e+00 1.296457622343439864e+00 -1.772788916922050928e-02 1.604996129990195197e-01 2.718731459714453930e-02
8.248152558215290142e+00 1.003011780003682185e+00 1.299231855474849873e+00 -1.710995544450295835e-02 1.584490318142993959e-01 2.556223868118617099e-02
8.565389195060364003e+00 1.002386058548442094e+00 1.300553405590278322e+00 -1.668164528531014892e-02 1.642291573502092650e-01 2.582994169977506985e-02
8.882625831905471614e+00 1.002027144150407167e+00 1.303695943075358965e+00 -1.601224873295266013e-02 1.643195564741093406e-01 2.426878382626683484e-02
9.199862468750591660e+00 1.002390184344500890e+00 1.307690301549252698e+00 -1.661669611347965300e-02 1.670643732228941636e-01 2.537196129661818678e-02
9.517099105595699271e+00 1.002197876387325159e+00 1.308254108044082820e+00 -1.683562127945548159e-02 1.678729271613749741e-01 2.483552657225586435e-02
9.834335742440767802e+00 1.001398627130959174e+00 1.310545120244396067e+00 -1.648957288958559364e-02 1.680760279811313040e-01 2.261294101454379771e-02
1.015157237928588074e+01 1.000679730633861508e+00 1.310248621574906958e+00 -1.765677307156668374e-02 1.729977317732186992e-01 2.416785090408566511e-02
1.046880901613099901e+01 1.000809373097186095e+00 1.313341468168492066e+00 -1.588268735666496789e-02 1.750158836303046528e-01 2.321571819953591881e-02
1.078604565297609774e+01 1.000753133784169302e+00 1.313041115393775105e+00 -1.709525668356296976e-02 1.742806490947438058e-01 2.429675409527017049e-02
1.110328228982118759e+01 1.000006726592525430e+00 1.311204025962959152e+00 -1.819449241455158711e-02 1.682887594055302583e-01 2.697769044425979076e-02
1.142051892666628454e+01 9.999301932697036710e-01 1.309469927164286895e+00 -1.795097126249432101e-02 1.669242949721076452e-01 2.677043147357230368e-02
1.173775556351138682e+01 9.999998708722505070e-01 1.311508304377565715e+00 -1.879826519806321664e-02 1.622639523196467704e-01 2.490457587093376779e-02
1.205499220035651931e+01 9.996707610485716655e-01 1.311932626969271709e+00 -1.930083267997582605e-02 1.641810698037350080e-01 2.471558045956566765e-02
1.237222883720157895e+01 9.996664909414754163e-01 1.313740677325787587e+00 -1.915940517662247794e-02 1.638271303550159486e-01 2.709280585697699736e-02
1.268946547404671499e+01 9.994644795151027550e-01 1.314238520657432296e+00 -1.905726320953999436e-02 1.655043275967548744e-01 2.422653280675856821e-02
1.300670211089181194e+01 9.989158778393281146e-01 1.315597303073776647e+00 -1.905213539071805989e-02 1.681295524355582993e-01 2.120804042503451892e-02
1.332393874773689824e+01 9.990567451982363956e-01 1.316848827978063019e+00 -1.724069820804600972e-02 1.665892607598816744e-01 2.431002933551018944e-02
1.364117538458201295e+01 9.986465890212398167e-01 1.316101722579363642e+00 -1.652731401836352032e-02 1.668491736006550985e-01 2.371189580347499160e-02
1.395841202142709747e+01 9.991541535232437710e-01 1.315420584656594283e+00 -1.529600648609895017e-02 1.630889060978797656e-01 2.199856781233487310e-02
1.427564865827218732e+01 9.988225170405873321e-01 1.316878066063475572e+00 -1.607030108071427071e-02 1.662636681476992728e-01 2.147173369053280781e-02
1.459288529511733401e+01 9.990629670622268588e-01 1.315334676252233992e+00 -1.679013033266130162e-02 1.670418649848622872e-01 2.441492469843129995e-02
1.491012193196238833e+01 9.999791387867117409e-01 1.313254018924139732e+00 -1.715488866002292528e-02 1.634054902003762300e-01 2.432514307788808533e-02
1.522735856880754390e+01 9.998936119736204775e-01 1.312452858043741566e+00 -1.810803293076829884e-02 1.584856988890505636e-01 2.513956820057125507e-02
1.554459520565262487e+01 9.996162524003673333e-01 1.315956572284260107e+00 -1.750666517120881907e-02 1.624562031847563981e-01 2.416027897462682053e-02
1.586183184249770228e+01 9.990441421316763604e-01 1.314727777615445348e+00 -1.878821878877058593e-02 1.647011877461326823e-01 2.516352048814177872e-02
1.617906847934283476e+01 9.992360682897420965e-01 1.316120274498058462e+00 -1.772648867452586430e-02 1.644229118209732943e-01 2.469267815860767129e-02
1.649630511618790862e+01 9.987849293960295860e-01 1.313482876874402683e+00 -1.623166001647077805e-02 1.605672983347083693e-01 2.419968991892637242e-02
1.681354175303298959e+01 9.994815922162605393e-01 1.316882334323968617e+00 -1.594316951175028460e-02 1.657211738607195228e-01 2.695399998386572085e-02
1.713077838987815227e+01 9.988054785646679479e-01 1.314843866936938444e+00 -1.733571893883134596e-02 1.666996736875948348e-01 2.515026973375917435e-02
1.744801502672319771e+01 9.988714407590165711e-01 1.316752673274746765e+00 -1.742756257545631862e-02 1.714888266211838652e-01 2.676067171274747192e-02
1.776525166356836394e+01 9.985195185859494504e-01 1.314511601152575038e+00 -1.866729013482723923e-02 1.722717240071313105e-01 2.577035183874591684e-02
1.808248830041343780e+01 9.991523993523323544e-01 1.315206025623252284e+00 -1.777138845161228831e-02 1.669377230762158493e-01 2.636322305517936615e-02
1.839972493725850811e+01 9.991377050450302999e-01 1.314138231460864947e+00 -1.709496062881133219e-02 1.639238641331839941e-01 2.510489875853666106e-02
1.871696157410365657e+01 9.986478328694324835e-01 1.311421583416390924e+00 -1.807175050438049324e-02 1.640289734871460681e-01 2.411986256396329853e-02
1.903419821094872333e+01 9.985144932101930326e-01 1.312339678194418768e+00 -1.831102594498526526e-02 1.654516039421011775e-01 2.290817481627493990e-02
1.935143484779379364e+01 9.989001299470497974e-01 1.311884170570231545e+00 -1.744041855605823685e-02 1.655161453372916425e-01 2.363598906848778103e-02
1.966867148463896342e+01 9.987923207897518862e-01 1.311685266627302449e+00 -1.750523693330582192e-02 1.670135482742067246e-01 2.021806838993290764e-02
1.998590812148401241e+01 9.996481308502120910e-01 1.315659233306249787e+00 -1.634515148262622938e-02 1.701459763926984337e-01 2.264605859079807382e-02
2.030314475832918930e+01 9.993740690211743161e-01 1.315794822541075382e+00 -1.688197656224099327e-02 1.700998800758230511e-01 2.330724203328844377e-02
2.062038139517424185e+01 9.996181981326950350e-01 1.319242209092399420e+00 -1.764731490733893737e-02 1.697790642276104933e-01 2.361694630962338920e-02
2.093761803201931926e+01 9.983945246513685756e-01 1.314763776006138363e+00 -1.693218107653133436e-02 1.643909415060697543e-01 2.314424981920955998e-02
2.125485466886447483e+01 9.983466230841978595e-01 1.312160048119126898e+00 -1.699615196528064462e-02 1.631833262306236765e-01 2.339700379279788592e-02
2.157209130570956290e+01 9.995785888203512215e-01 1.314327109945979899e+00 -1.647239088690419934e-02 1.648440472376421495e-01 2.678045026269967530e-02
2.188932794255460124e+01 9.991882165991063935e-01 1.314811158254753476e+00 -1.742533613537319143e-02 1.609578685394504327e-01 2.695209998934614340e-02
2.220656457939978168e+01 9.983927258645630687e-01 1.312172682123166290e+00 -1.817052059288398053e-02 1.643112469534807607e-01 2.506584653544665503e-02
2.252380121624485199e+01 9.985504403071904234e-01 1.314280714784371806e+00 -1.757540652580998758e-02 1.613537982404004700e-01 2.715517900197237863e-02
2.284103785308997558e+01 9.990434768082250283e-01 1.314181582330066655e+00 -1.754946187021763637e-02 1.651669816762589282e-01 2.394845823135300505e-02
2.315827448993506721e+01 9.997040851210371448e-01 1.314455718711024845e+00 -1.668247689749886853e-02 1.621952225477877041e-01 2.746651862988723838e-02
2.347551112678016594e+01 1.000676216151948017e+00 1.316357888995160597e+00 -1.536352742362162398e-02 1.689651820254590708e-01 2.866787406990581322e-02
2.379274776362525401e+01 9.999428629526979639e-01 1.314826394918579222e+00 -1.598882932735857729e-02 1.711784619576506850e-01 2.922483316364919703e-02
2.410998440047035274e+01 1.000612798157585193e+00 1.317824996291771189e+00 -1.832617250920608523e-02 1.688914950949257365e-01 2.671477659455353398e-02
2.442722103731545857e+01 1.000365213707427481e+00 1.316551455750819777e+00 -1.727929471993062960e-02 1.698979540926446319e-01 2.624541212510692403e-02
2.474445767416055020e+01 9.994608022748977527e-01 1.314693267693722856e+00 -1.820607697562090857e-02 1.649618926457415147e-01 2.394405940368734761e-02
2.506169431100564182e+01 1.000007389401780911e+00 1.312185333630038198e+00 -1.747487451663797334e-02 1.622870187566567424e-01 2.268463634843800175e-02
2.537893094785082226e+01 1.000735382726367195e+00 1.314961490325844418e+00 -1.768499013884550566e-02 1.606550222467695854e-01 2.223560760229266464e-02
2.569616758469582862e+01 1.001179613218140751e+00 1.315416372293140679e+00 -1.821618827355173803e-02 1.640568531377545602e-01 2.176486386511665080e-02
2.601340422154093801e+01 1.000851014462462496e+00 1.313655992760537794e+00 -1.841931720945134965e-02 1.676064846478018122e-01 2.123326021251127627e-02
2.633064085838611135e+01 1.000271168792199017e+00 1.313773138957041287e+00 -1.900497403193060486e-02 1.697029780719708225e-01 2.429454695244035595e-02
2.664787749523122429e+01 9.995225755513338362e-01 1.313894324774751876e+00 -1.841276632040120959e-02 1.644132520317209967e-01 2.461181373694702051e-02
2.696511413207622354e+01 9.988321830414316205e-01 1.314754187260342100e+00 -1.764027117054355401e-02 1.650057493058522951e-01 2.277780181072468907e-02
2.728235076892141109e+01 9.988804265166515428e-01 1.315063751119560420e+00 -1.843448645712153500e-02 1.607381890259077240e-01 2.254626121261973926e-02
2.759958740576651692e+01 9.986030688948160927e-01 1.313894115349540703e+00 -1.758286498243598339e-02 1.653761795313933303e-01 2.258996522735642540e-02
2.791682404261158013e+01 9.991147500286403638e-01 1.316968476656041664e+00 -1.638093365969573237e-02 1.664563772797359453e-01 2.730432801277139429e-02
2.823406067945669662e+01 9.992074718234080777e-01 1.316370931593490834e+00 -1.761863638342034410e-02 1.664775386466234575e-01 2.580674013493173061e-02
2.855129731630181666e+01 9.993787778146068224e-01 1.318655641613388774e+00 -1.693511269578764494e-02 1.601880729335191933e-01 2.654562533505586824e-02
2.886853395314685855e+01 9.987297379337427561e-01 1.315724445084416105e+00 -1.867498265053377585e-02 1.625390870528086729e-01 2.466435433878666483e-02
2.918577058999197860e+01 9.981838013111553609e-01 1.313709772927590613e+00 -1.830698916079110880e-02 1.602486224178129581e-01 2.523720431526811636e-02
2.950300722683710575e+01 9.988797947953056422e-01 1.314574697163457762e+00 -1.795136747025231211e-02 1.615188490875971161e-01 2.280567642961704722e-02
2.982024386368215474e+01 9.990901549385857727e-01 1.314730421022302753e+00 -1.887066605928517174e-02 1.622576327219120429e-01 2.025843415288710106e-02
3.013748050052726413e+01 9.989388004470067806e-01 1.315270150714570097e+00 -1.944777633982335691e-02 1.649818984121521892e-01 2.327673033141001990e-02
3.045471713737379815e+01 9.992410115154625183e-01 1.315739427134650974e+00 -1.876569825018485974e-02 1.628016869750796847e-01 2.674364919431856599e-02
3.077195377426964029e+01 9.994263766558546536e-01 1.314498170725951987e+00 -1.840282203820307189e-02 1.650925881755784530e-01 2.582025996270719340e-02
3.108919041116547177e+01 9.994848441917986159e-01 1.313273480287852291e+00 -1.879308931141293604e-02 1.644864577510462555e-01 2.544805578707479490e-02
3.140642704806126417e+01 9.993793491119825623e-01 1.310921482360861035e+00 -1.815642819066512481e-02 1.629726194727666444e-01 2.438360420943741155e-02
3.172366368495709565e+01 1.000035589465505081e+00 1.311762269729684682e+00 -1.766251912707635791e-02 1.654034972561678751e-01 2.118272377984578916e-02
3.204090032185277437e+01 9.995115884799973260e-01 1.309976452015650272e+00 -1.667139498456752383e-02 1.647070261038277306e-01 2.130899558919731318e-02
3.235813695874860940e+01 9.998789198528628130e-01 1.310181727663674023e+00 -1.644416782476688932e-02 1.640512669088572961e-01 2.178591110379253515e-02
3.267537359564439470e+01 1.000323773902687341e+00 1.311164859468729071e+00 -1.680751154630619540e-02 1.629467341847180284e-01 2.344693774434793154e-02
3.299261023254022973e+01 1.000640085004152358e+00 1.311205774278227043e+00 -1.760509619001627071e-02 1.638708776596247696e-01 2.203029649799006368e-02
3.330984686943607898e+01 1.000481080129504319e+00 1.310081668138359356e+00 -1.594973964673997505e-02 1.704277423499912791e-01 2.074614225153571453e-02
3.362708350633191401e+01 1.000497962632384663e+00 1.309198242311378602e+00 -1.636464344974214100e-02 1.689169185501238346e-01 2.096679826508299899e-02
3.394432014322770641e+01 1.000787864737913813e+00 1.311352985388357428e+00 -1.843522766025798218e-02 1.709212729729868152e-01 2.027670430627531370e-02
3.426155678012353434e+01 1.000674346991376140e+00 1.312541497672644386e+00 -1.920928770237841088e-02 1.682896836913201355e-01 2.246226581494173771e-02
3.457879341701920595e+01 1.000211173687240107e+00 1.310302860891035870e+00 -1.820209405194079741e-02 1.684524302140159302e-01 2.347346145442243820e-02
3.489603005391502677e+01 9.996171666512212450e-01 1.313630330705503502e+00 -1.837322316054193494e-02 1.723964634271827612e-01 2.282232661157779577e-02
3.521326669081082628e+01 9.998956239984552186e-01 1.316759366019921274e+00 -1.887119450866282799e-02 1.676017799253627372e-01 2.437673717662736453e-02
3.553050332770666841e+01 9.987531136656263575e-01 1.315861765173364173e+00 -1.689696324140261413e-02 1.678600880899007441e-01 2.445112764467095856e-02
3.584773996460251055e+01 9.983457352682382213e-01 1.315610157532369984e+00 -1.659241198317578866e-02 1.683771482211943726e-01 2.526254185327080418e-02
3.616497660149834559e+01 9.989118958687344119e-01 1.316344184900178460e+00 -1.704264474998625628e-02 1.695605147207188412e-01 2.415167802440738171e-02
3.648221323839414509e+01 9.990365425277883960e-01 1.316098960095442916e+00 -1.670580769367568594e-02 1.592751491320326118e-01 2.394198717533795040e-02
3.679944987528998013e+01 9.985028564541624796e-01 1.315253880913793694e+00 -1.682761727836386279e-02 1.612334198717178813e-01 2.123387846876186036e-02
3.711668651218563042e+01 9.993999404274558351e-01 1.316807101669167146e+00 -1.800792846565869507e-02 1.592449141140961644e-01 2.245084655385719274e-02
3.743392314908146545e+01 1.000556142672258231e+00 1.316425046635469664e+00 -1.858725125394689384e-02 1.594037475929741265e-01 2.418182169816346719e-02
3.775115978597726496e+01 1.000621297338470939e+00 1.315720654694494840e+00 -1.929094151782083030e-02 1.641297571752356466e-01 2.617467943744580805e-02
3.806839642287309999e+01 1.001234628988683317e+00 1.316763851598784951e+00 -2.005151594216160113e-02 1.634443426412940659e-01 2.347524120624507049e-02
3.838563305976894213e+01 1.000935780672260300e+00 1.317495486985438280e+00 -1.891299105905714165e-02 1.674351434151423179e-01 2.386302168318428160e-02
3.870286969666478427e+01 1.001395522084611356e+00 1.316499293116052849e+00 -1.964917489617230839e-02 1.666244228591765297e-01 2.335727257127435605e-02
3.902010633356058378e+01 1.001125945987289434e+00 1.312128799186074835e+00 -1.837966811073660570e-02 1.650206867730201754e-01 2.447122333033452737e-02
3.933734297045642592e+01 1.001584118437034654e+00 1.313396818440388136e+00 -1.822263580162965246e-02 1.665392674300168463e-01 2.528560776864897594e-02
3.965457960735206910e+01 1.000885460143073891e+00 1.316247907894849245e+00 -1.877733836315136073e-02 1.686514255678779883e-01 2.639276459013727150e-02
3.997181624424789703e+01 1.001427699854430253e+00 1.316803881906468021e+00 -1.830090974619496755e-02 1.730158534809164428e-01 2.366217455338586947e-02
4.028905288114371075e+01 1.000638852206070961e+00 1.313777974136759230e+00 -1.858164973381394580e-02 1.687296983553725482e-01 2.613505053064082984e-02
4.060628951803953157e+01 1.000054444215545457e+00 1.311684633806681877e+00 -1.828576623877434595e-02 1.705054346414280053e-01 2.363638500894434114e-02
4.092352615493535950e+01 9.992920287859268225e-01 1.311868159228839481e+00 -1.685805352732733589e-02 1.716376583687112545e-01 2.437886404521381542e-02
4.124076279183121585e+01 9.994062673478925074e-01 1.315049635625201274e+00 -1.646398961847134884e-02 1.700667433237805781e-01 2.100217397676457792e-02
4.155799942872700115e+01 9.995285118579640971e-01 1.315082514520150347e+00 -1.777891619499049128e-02 1.687727410385694848e-01 2.326577324359870719e-02
4.187523606562285750e+01 9.994012441465127683e-01 1.314424214307975181e+00 -1.971441923215987505e-02 1.657534036424377077e-01 2.408646891052003067e-02
4.219247270251848647e+01 9.989863070357751784e-01 1.313903183343368530e+00 -1.781893263275066350e-02 1.647540767223137081e-01 2.256153850027159055e-02
4.250970933941436414e+01 9.993327478070644920e-01 1.315924679577243461e+00 -1.857647010472709276e-02 1.659828972042196593e-01 2.011239824311158650e-02
4.282694597631012812e+01 9.992036505789440026e-01 1.312411590275424089e+00 -1.708535983930497409e-02 1.676464276414151022e-01 2.466484339724704655e-02
4.314418261320600578e+01 9.996113907710038049e-01 1.313552929327641339e+00 -1.645641671570640882e-02 1.672403915756310866e-01 2.751702342768493417e-02
4.346141925010181239e+01 9.991395637761608661e-01 1.312541204051865584e+00 -1.745352219342915720e-02 1.665475541301963958e-01 2.665124473697394816e-02
4.377865588699761190e+01 9.983163152284719732e-01 1.311386897080203839e+00 -1.763664861188786112e-02 1.621186933089736049e-01 2.702329874996419953e-02
4.409589252389345404e+01 9.988750449391771147e-01 1.313173502426700834e+00 -1.804155575008275364e-02 1.654914191646904287e-01 2.543276779448194400e-02
4.441312916078924644e+01 9.996511132571488378e-01 1.315956439496930752e+00 -1.765792030026506684e-02 1.668609926804444643e-01 2.386153905254165958e-02
4.473036579768496779e+01 9.996902132583345146e-01 1.312786394659023692e+00 -1.700262714603046135e-02 1.635090982927773218e-01 2.548122793451933210e-02
4.504760243458076019e+01 9.998386326210026986e-01 1.312539302508631600e+00 -1.813846156877574681e-02 1.635514305556751979e-01 2.620202764270384774e-02
4.536483907147662364e+01 9.995904814283301798e-01 1.313603414876161057e+00 -1.768285020531588231e-02 1.681934938496417453e-01 2.392527039720418469e-02
4.568207570837240183e+01 9.995920940341680438e-01 1.314467163227407420e+00 -1.699003201764007556e-02 1.676929001144344122e-01 2.457249992618898080e-02
4.599931234526818713e+01 1.000763332756307467e+00 1.317269314508058065e+00 -1.736067909605018555e-02 1.655051972619522027e-01 2.210666700931272766e-02
4.631654898216408611e+01 1.000548977406776174e+00 1.318033965001028429e+00 -1.791312677798605549e-02 1.670240124832231277e-01 2.179322186458304209e-02
4.663378561905983588e+01 1.000937529886723798e+00 1.317288821626058759e+00 -1.829479881469067010e-02 1.664700505507621109e-01 2.258668445008612385e-02
4.695102225595574197e+01 1.001609848505404798e+00 1.318999840725643580e+00 -1.871430432960395976e-02 1.660863486526006072e-01 2.211409617869659894e-02
4.726825889285134252e+01 1.000638005101017969e+00 1.316736635402534050e+00 -1.880770573463358755e-02 1.676942368699771979e-01 2.270513901318647887e-02
4.758549552974726282e+01 1.000081547124861858e+00 1.315131185789071511e+00 -1.752260484313254013e-02 1.719358992315101753e-01 2.304420150457976366e-02
