-4.995355331739051508e+01 2.902594759984588269e+00 1.000000000000000000e+00 1.813884243467911504e-04 3.332638323063286047e-04 -1.724862160130090577e-03
-4.962052962861210403e+01 2.818383531891216709e+00 1.478051612031012985e+00 -1.258156878435866266e-02 8.205912816539104315e-02 1.484948797703942829e-02
-4.928750593983352246e+01 2.772707051541300149e+00 1.926370757918152599e+00 -1.883245996492762669e-02 1.221511040318957325e-01 1.285857698756631695e-02
-4.895448225105567985e+01 2.748990433432888292e+00 2.331809904702331071e+00 -2.037455998194588613e-02 1.453011092096966606e-01 9.055097176501372344e-03
-4.862145856227690643e+01 2.742632193199608714e+00 2.698028339008891496e+00 -1.832486415835852395e-02 1.613393597972152538e-01 3.738562379409700234e-03
-4.828843487349710273e+01 2.755518715394178919e+00 3.029979522003423131e+00 -1.444956932881837422e-02 1.766875668650194631e-01 1.450763346272230169e-03
-4.795541118471731323e+01 2.773043233379947736e+00 3.310138424592039552e+00 -8.696317641699263454e-03 1.938062175196525183e-01 -1.747281878839941410e-03
-4.762238749593752374e+01 2.786377587804675926e+00 3.530248986945602407e+00 -3.640115531177324972e-03 1.973395290555759463e-01 -6.477600098650456752e-03
-4.728936380715772714e+01 2.806204430080130319e+00 3.718851682218912824e+00 2.050655932057257949e-03 1.994505300972354844e-01 -9.006125557213053717e-03
-4.695634011837792343e+01 2.825870433726644038e+00 3.874246546719612105e+00 5.634263193538985651e-03 2.106546726034130290e-01 -1.308677947616082061e-02
-4.662331642959813394e+01 2.844499968969295800e+00 3.992272459933271733e+00 9.689472749730830559e-03 2.148800979401256639e-01 -1.442300671306095093e-02
-4.629029274081834444e+01 2.858228588917458346e+00 4.075433380532736294e+00 1.337227919557247222e-02 2.244327587647703959e-01 -1.701462791732219135e-02
-4.595726905203854784e+01 2.867952169090854042e+00 4.129269892304775702e+00 1.786508622789946196e-02 2.252429083398563014e-01 -1.617769076648153254e-02
-4.562424536325875124e+01 2.873688184397833911e+00 4.164569720104716488e+00 1.954180251174419611e-02 2.255391669316236802e-01 -1.625781955980519500e-02
-4.529122167447895464e+01 2.883798832732783257e+00 4.199402550702296288e+00 2.179193773529322989e-02 2.306284838192436126e-01 -1.657354237415853762e-02
-4.495819798569915804e+01 2.894086387996382737e+00 4.233602815466319669e+00 2.108104379869779957e-02 2.369640823669325880e-01 -1.693697358308974416e-02
-4.462517429691935433e+01 2.900796638015552542e+00 4.250610189148669171e+00 2.375920107745832510e-02 2.372936829629989641e-01 -1.686580507038843574e-02
-4.429215060813958615e+01 2.906791080795428694e+00 4.261220285317053325e+00 2.339683705744714098e-02 2.408954527243994947e-01 -1.754087952884021348e-02
-4.395912691935978245e+01 2.910678374809198221e+00 4.269214730583158257e+00 2.460451563473174674e-02 2.391799282096798984e-01 -1.764031719124554282e-02
-4.362610323057999295e+01 2.915477230707992806e+00 4.273572908358628020e+00 2.594112918019152170e-02 2.435477999624028334e-01 -1.639402893204201794e-02
-4.329307954180019635e+01 2.918165114054537934e+00 4.279272636673386643e+00 2.668144106463049212e-02 2.397548735227659766e-01 -1.762318163319535197e-02
-4.296005585302039975e+01 2.920888166639630690e+00 4.274470603917847278e+00 2.813554962155690939e-02 2.342680455656449001e-01 -1.683281949898643437e-02
-4.262703216424058894e+01 2.921786031242750603e+00 4.272854637755835405e+00 2.643950559948231652e-02 2.366917500383993178e-01 -2.030661530106489532e-02
-4.229400847546081366e+01 2.922714484224413045e+00 4.269373942777553665e+00 2.695304911869577172e-02 2.361530257670496347e-01 -2.102780016719748429e-02
-4.196098478668100284e+01 2.921709127927429872e+00 4.270855483641319950e+00 2.662380035034089473e-02 2.414631915963640907e-01 -2.200117402892644985e-02
-4.162796109790122756e+01 2.917237364960371337e+00 4.260660886077624276e+00 2.440148175348102327e-02 2.442259623157943260e-01 -2.109652663707329776e-02
-4.129493740912140964e+01 2.918926976491924119e+00 4.266376169332884771e+00 2.483151268999407579e-02 2.429013727418607160e-01 -1.805600645690112402e-02
-4.096191372034164146e+01 2.918726723786976507e+00 4.269846885762558664e+00 2.538920394679538770e-02 2.347908024735768373e-01 -1.684596272038601031e-02
-4.062889003156181644e+01 2.918431365931778210e+00 4.270019667080515724e+00 2.637090133737940434e-02 2.350122549042738818e-01 -1.769772562798963694e-02
-4.029586634279487356e+01 2.917627723873766676e+00 4.267894979311361858e+00 2.428035976810516416e-02 2.412874749419641474e-01 -2.118678097533861771e-02
-3.996284265403070179e+01 2.918791840238777358e+00 4.266742611501303628e+00 2.490777072951577686e-02 2.470427393702233354e-01 -1.863260896880964204e-02
-3.962981896526656556e+01 2.916026139549814378e+00 4.262528153968460742e+00 2.535934202809765614e-02 2.412822172929782460e-01 -1.536003452119280230e-02
-3.929679527650240090e+01 2.918655847244006729e+00 4.269558587425189344e+00 2.472490706855913142e-02 2.405857068065397897e-01 -1.978824250549702721e-02
-3.896377158773820071e+01 2.921586292468443702e+00 4.274583070188227474e+00 2.556851794630096708e-02 2.411407053364995889e-01 -1.948588742683668440e-02
-3.863074789897403605e+01 2.925945283245263706e+00 4.281138060160881054e+00 2.626545919997286607e-02 2.462352129315563964e-01 -2.143707496806758137e-02
-3.829772421020989270e+01 2.926866615014911854e+00 4.277026433892419988e+00 2.550302975494654970e-02 2.451551205489769791e-01 -1.785999871505548203e-02
-3.796470052144573515e+01 2.925493806532951435e+00 4.264259364160440491e+00 2.634708200687256585e-02 2.400550924520296059e-01 -1.642981627572762809e-02
-3.763167683268153496e+01 2.929059366459927816e+00 4.272217089411344482e+00 2.508136945054671718e-02 2.481683564556841637e-01 -1.859466268219247403e-02
-3.729865314391737030e+01 2.929199346448195129e+00 4.267938197741651507e+00 2.674105718706102502e-02 2.414354696475517759e-01 -1.766997655647579296e-02
-3.696562945515321985e+01 2.923085683167580218e+00 4.253790365492921666e+00 2.650802844648539325e-02 2.366940107767360746e-01 -1.936773899817234926e-02
-3.663260576638906940e+01 2.917050059028518660e+00 4.241020621591686357e+00 2.618784920505522196e-02 2.400754676554487099e-01 -1.952952335228722719e-02
-3.629958207762486211e+01 2.919200488782021985e+00 4.245351867255580558e+00 2.504383822546877442e-02 2.400654123084726144e-01 -2.070763822351975175e-02
-3.596655838886071876e+01 2.920862949891433136e+00 4.252275031056864663e+00 2.406597485753879384e-02 2.388913007805062994e-01 -1.773616330964126325e-02
-3.563353470009656121e+01 2.920427885250505007e+00 4.249608328893049958e+00 2.618131328120221202e-02 2.390753762588213038e-01 -1.816253853717582009e-02
-3.530051101133238234e+01 2.919878704383110701e+00 4.251213000272174192e+00 2.512742323641100825e-02 2.418684977249389023e-01 -1.920964169802649030e-02
-3.496748732256821768e+01 2.914505829229117051e+00 4.238115841685314855e+00 2.618176342139208468e-02 2.378536210381824445e-01 -1.796362252482192404e-02
-3.463446363380403170e+01 2.913902432364845474e+00 4.243432632530670823e+00 2.579095808106906390e-02 2.415315516241907934e-01 -1.890761449774534114e-02
-3.430143994503985994e+01 2.915075745384073436e+00 4.253172515146115273e+00 2.544167046478403027e-02 2.416292272852741951e-01 -1.639607060842771663e-02
-3.396841625627573791e+01 2.911626197196950816e+00 4.247260884293575955e+00 2.606011715856120306e-02 2.421691731331760411e-01 -1.832114904808155795e-02
-3.363539256751152351e+01 2.916452247816756049e+00 4.256530979230273459e+00 2.428835149369101484e-02 2.348800473495928909e-01 -1.518669360733150911e-02
-3.330236887874740148e+01 2.918241975678191658e+00 4.258955173090907209e+00 2.328756384462114803e-02 2.372480767188100137e-01 -1.924517870832999356e-02
-3.296934518998322261e+01 2.917982045630317156e+00 4.257442538316768221e+00 2.588705434637768310e-02 2.368451673844625960e-01 -1.821377172546850484e-02
-3.263632150121904374e+01 2.920781515663370520e+00 4.262759511869524509e+00 2.454327704941326738e-02 2.316188976179526515e-01 -1.944448255741491535e-02
-3.230329781245489329e+01 2.921814896920797544e+00 4.257555474734043166e+00 2.461894062649762002e-02 2.288788532837240097e-01 -1.863859016054597931e-02
-3.197027412369069665e+01 2.920652060014417906e+00 4.258349908330564482e+00 2.419691427372585441e-02 2.350428904719536749e-01 -1.757211547373864827e-02
-3.163725043492651423e+01 2.920200720294122476e+00 4.258484734916528680e+00 2.593105434265917039e-02 2.330493231685620004e-01 -1.941868482049523281e-02
-3.130422674616240997e+01 2.917004559429221544e+00 4.247435822293060603e+00 2.531718111016134642e-02 2.316620179703603732e-01 -1.624440768333670210e-02
-3.097120305739818136e+01 2.917688779919741293e+00 4.256719095732329095e+00 2.592472495260598683e-02 2.350048566961929486e-01 -1.753413478915992474e-02
-3.063817936863408065e+01 2.919518147569883926e+00 4.261248806949071266e+00 2.546176259314118784e-02 2.367977167650826276e-01 -1.766742351368222677e-02
-3.030515567986989112e+01 2.921583614591369393e+00 4.260244338100002359e+00 2.671155625288158461e-02 2.402132149770060954e-01 -1.717724685859554901e-02
-2.997213199110569093e+01 2.918852538128957175e+00 4.249664492850947717e+00 2.711450673773507444e-02 2.411899605268502944e-01 -1.677063872094868360e-02
-2.963910830234156890e+01 2.914912077835407178e+00 4.243272987103868132e+00 2.550207189097148872e-02 2.387309171665526752e-01 -1.747478711055808209e-02
-2.930608461357736871e+01 2.916651751038507268e+00 4.254745986542125991e+00 2.738482145726683914e-02 2.419336376966483571e-01 -1.849310688011395268e-02
-2.897306092481316497e+01 2.912430391384204231e+00 4.244275447705229354e+00 2.555684045393444986e-02 2.329592549882021357e-01 -1.932059152152828738e-02
-2.864003723604907847e+01 2.914705011042780569e+00 4.252978398003993910e+00 2.563039925810372752e-02 2.386204855892724852e-01 -1.950891793273458463e-02
-2.830701354728484631e+01 2.915806679838684357e+00 4.258004456811871563e+00 2.374801902706676071e-02 2.330208995052626963e-01 -1.649622239556811087e-02
-2.797398985852075626e+01 2.918575764006458684e+00 4.260062706245160591e+00 2.368420999139830493e-02 2.375188247106596040e-01 -1.480176543468477920e-02
-2.764096616975655607e+01 2.920463245960369658e+00 4.264972125862269259e+00 2.606388690608228004e-02 2.441603277305787745e-01 -1.593965106933662237e-02
-2.730794248099234878e+01 2.919387745892110697e+00 4.262981795975244736e+00 2.638058914911893885e-02 2.402695785633463532e-01 -1.747598420630109076e-02
-2.697491879222824096e+01 2.919868037247071779e+00 4.261335056309189184e+00 2.718655604155529801e-02 2.448256707047356540e-01 -1.916955011064912229e-02
-2.664189510346403011e+01 2.920841877725411262e+00 4.265940220568857910e+00 2.593039921403414091e-02 2.394994081456730817e-01 -1.642820387306932750e-02
-2.630887141469982282e+01 2.923640003171593449e+00 4.272704410785308937e+00 2.752019962456442315e-02 2.321259015487401323e-01 -1.931962192012301460e-02
-2.597584772593574343e+01 2.917739640070403873e+00 4.253794532836850273e+00 2.683881485020527327e-02 2.269819160561857285e-01 -1.995287749683739495e-02
-2.564282403717151126e+01 2.916349030015914945e+00 4.243735222004208829e+00 2.654753867551575344e-02 2.291528623919047158e-01 -2.130047504356925511e-02
-2.530980034840743187e+01 2.914416108059742161e+00 4.245736856148324634e+00 2.569324782986123767e-02 2.357301123761143813e-01 -1.911031534197625906e-02
-2.497677665964321037e+01 2.918676909682843768e+00 4.252984800175003244e+00 2.640766396472234850e-02 2.342919794780845555e-01 -1.770132845637799324e-02
-2.464375297087901018e+01 2.920046675159406746e+00 4.256002739476232755e+00 2.439710322021023531e-02 2.402229683771422708e-01 -1.839597622142715577e-02
-2.431072928211490591e+01 2.919022761609842309e+00 4.253698960257642270e+00 2.484121644228058992e-02 2.373420621346623016e-01 -1.762538562390075433e-02
-2.397770559335071283e+01 2.918344816167393940e+00 4.258348362964221145e+00 2.602279881627086316e-02 2.405106017735668678e-01 -1.830756307284215831e-02
-2.364468190458648422e+01 2.916523671504929194e+00 4.256740950417269076e+00 2.410787777299906384e-02 2.398781496207141872e-01 -1.900658785752245075e-02
-2.331165821582240838e+01 2.918647157171795570e+00 4.258095316230098071e+00 2.527788145389331387e-02 2.380781607393982202e-01 -1.759334521639799309e-02
-2.297863452705820109e+01 2.920187796234625655e+00 4.261230246463490801e+00 2.390982565052116732e-02 2.368047457814206336e-01 -1.810227090111531448e-02
-2.264561083829406485e+01 2.922957373444420082e+00 4.267563402954118956e+00 2.596069220859071464e-02 2.342811134167827325e-01 -1.470700161524197969e-02
-2.231258714952988598e+01 2.923564370943069868e+00 4.273851706366261993e+00 2.272158838972394845e-02 2.377740042133630050e-01 -1.846738136068080960e-02
-2.197956346076570355e+01 2.917761428578952376e+00 4.254485510058806597e+00 2.682653893906628007e-02 2.379289495916498687e-01 -1.669431022601499531e-02
-2.164653977200153889e+01 2.912591106436469346e+00 4.243498292840127029e+00 2.573185117962480117e-02 2.359880455391642207e-01 -1.854692697501095222e-02
-2.131351608323736002e+01 2.915175196076483122e+00 4.253967581082378047e+00 2.448387653123330898e-02 2.370316723260224023e-01 -1.885520803681375868e-02
-2.098049239447318470e+01 2.914414307298729412e+00 4.253291762742984261e+00 2.547713018065491525e-02 2.395784870547641443e-01 -1.888864928976539959e-02
-2.064746870570902715e+01 2.918747997860964727e+00 4.267614123352205802e+00 2.551568901750432897e-02 2.413413019491230660e-01 -1.435941730177388298e-02
-2.031444501694483407e+01 2.914600516810859521e+00 4.260229764589184676e+00 2.570933552211402545e-02 2.439757245686424159e-01 -1.772070766507998288e-02
-1.998142132818076888e+01 2.917412451624345593e+00 4.270850471270229320e+00 2.622312758442208597e-02 2.420878859897422353e-01 -1.612195746569920415e-02
-1.964839763941649764e+01 2.921623500325799316e+00 4.283585360813820131e+00 2.646144415409517128e-02 2.418423193268687821e-01 -1.686776858525869741e-02
-1.931537395065232943e+01 2.919394988644706146e+00 4.271133118618263502e+00 2.671339059313592237e-02 2.372893265294225840e-01 -1.725564662500901278e-02
-1.898235026188824648e+01 2.916681117304986248e+00 4.262698416538004409e+00 2.554084294032047189e-02 2.383662077418975123e-01 -1.751360911850140256e-02
-1.864932657312408537e+01 2.919749627884638432e+00 4.265968070595112849e+00 2.701813550233622685e-02 2.369209235309849559e-01 -1.586917530728459633e-02
-1.831630288435980347e+01 2.920428557369421974e+00 4.270595742537197204e+00 2.604948884745336354e-02 2.401898020592344862e-01 -1.996663665345092820e-02
-1.798327919559573829e+01 2.926100637078752786e+00 4.283520934351030540e+00 2.676226380940159230e-02 2.430995303934727070e-01 -1.936994888745913537e-02
-1.765025550683156652e+01 2.927788727396619439e+00 4.281392652208243277e+00 2.668223827647073915e-02 2.487128472504455678e-01 -1.831167279226120562e-02
-1.731723181806736989e+01 2.922995114198944755e+00 4.266310219712117657e+00 2.752231333739791827e-02 2.399684352794942965e-01 -1.741992526775329453e-02
-1.698420812930321588e+01 2.921251013343383551e+00 4.260676863952006066e+00 2.608556745926641357e-02 2.410240443953702294e-01 -1.800445861861889318e-02
-1.665118444053906543e+01 2.920899545071694359e+00 4.260258857167323221e+00 2.609176536763933157e-02 2.368126546322777415e-01 -1.932410063426326027e-02
-1.631816075177484038e+01 2.916142949642309912e+00 4.243887430953079409e+00 2.529223843087631540e-02 2.356194853935740241e-01 -2.219591864531587216e-02
-1.598513706301068993e+01 2.916935976072128067e+00 4.251090213162906473e+00 2.611750158529574720e-02 2.351284119922689708e-01 -2.000888419946933797e-02
-1.565211337424653948e+01 2.913740491274409372e+00 4.247333282044315261e+00 2.527575253897231672e-02 2.306225347344560694e-01 -2.044180635173962340e-02
-1.531908968548232686e+01 2.913655764268981763e+00 4.248887048137487632e+00 2.554690480250814549e-02 2.288743060751619318e-01 -2.259275571278602721e-02
-1.498606599671816397e+01 2.916286412357010693e+00 4.254261119240555722e+00 2.529952991941968390e-02 2.316370802963078901e-01 -1.946502874107998438e-02
-1.465304230795410234e+01 2.918363121084555534e+00 4.263043041442018399e+00 2.401619329692996491e-02 2.409880719919074710e-01 -1.908036667070734521e-02
-1.432001861918979380e+01 2.917584674615732787e+00 4.256698099642206579e+00 2.498489843313205991e-02 2.408505152323256182e-01 -1.757938420852775407e-02
-1.398699493042565578e+01 2.915414193411133947e+00 4.252211884430940003e+00 2.579367591686315339e-02 2.370417101460205456e-01 -1.905546775112055766e-02
-1.365397124166157994e+01 2.917604661795529353e+00 4.256562227256052822e+00 2.585309752304068565e-02 2.363614625737640584e-01 -1.794099913542850783e-02
-1.332094755289744725e+01 2.913844279803785575e+00 4.254345349887143080e+00 2.553741483723853331e-02 2.355047642121710916e-01 -1.800622304938736748e-02
-1.298792386413312627e+01 2.918033679329807839e+00 4.266438277093300258e+00 2.537898155127827141e-02 2.395349924624569082e-01 -1.740321745230355086e-02
-1.265490017536907175e+01 2.919968870128068605e+00 4.273255802078955057e+00 2.422218187319000182e-02 2.395720445870129500e-01 -1.811884089077599527e-02
-1.232187648658695522e+01 2.922118002944442683e+00 4.268291537010981074e+00 2.381820913490127062e-02 2.416732261325515441e-01 -1.866568495167919561e-02
-1.198885279776036938e+01 2.924780840515803781e+00 4.281851862716503199e+00 2.548525780314915209e-02 2.468149404147472192e-01 -1.901550845652895394e-02
-1.165582910893360058e+01 2.920983652843042844e+00 4.266342388465531599e+00 2.729730269568248630e-02 2.452009250636417170e-01 -1.998045168426998072e-02
-1.132280542010701474e+01 2.918052852764265737e+00 4.254562895253445554e+00 2.661806183144798180e-02 2.377899303351835858e-01 -1.822526110403475952e-02
-1.098978173128024594e+01 2.920131383241659773e+00 4.256960625468601656e+00 2.691931903641879911e-02 2.411664304486595967e-01 -1.558332314944649473e-02
-1.065675804245366898e+01 2.921829585568563203e+00 4.258778762016456554e+00 2.604324601306816714e-02 2.401931589373031417e-01 -1.473468791979299503e-02
-1.032373435362689129e+01 2.919186704775843744e+00 4.252393994797484034e+00 2.726081934305550972e-02 2.360674036624527961e-01 -1.853900851061593413e-02
-9.990710664800314333e+00 2.917108250513382739e+00 4.254014732914698449e+00 2.571045001177228728e-02 2.360217707724628911e-01 -1.668005443716893618e-02
-9.657686975973536647e+00 2.915493170605638618e+00 4.247907109568850537e+00 2.591569687753604925e-02 2.412764547047874797e-01 -1.989426083263841349e-02
-9.324663287146957913e+00 2.917197095981616251e+00 4.257058339525760182e+00 2.639415288692505482e-02 2.402438532319538245e-01 -1.721833828975201028e-02
-8.991639598320182003e+00 2.915626961849552057e+00 4.255409238367620084e+00 2.682450251733693725e-02 2.374504421301280865e-01 -1.790240323619353077e-02
-8.658615909493603269e+00 2.914952673039918452e+00 4.248339086055059610e+00 2.582766459065108031e-02 2.400646705727471075e-01 -1.708617627032019137e-02
-8.325592220666827359e+00 2.913350290075699345e+00 4.247401384394519752e+00 2.531694798079476075e-02 2.394783129618014150e-01 -1.663658859404707618e-02
-7.992568531840257506e+00 2.913004357724390925e+00 4.253931286807143941e+00 2.430509653429810402e-02 2.306176683861266563e-01 -1.864066876710425424e-02
-7.659544843013471827e+00 2.913604429115200123e+00 4.260366424361114568e+00 2.608735641107075287e-02 2.378631984308721414e-01 -1.885306938679683769e-02
-7.326521154186902862e+00 2.914656617804599836e+00 4.263146872185894054e+00 2.474440139546925030e-02 2.374777390902870766e-01 -1.833993852759573107e-02
-6.993497465360117182e+00 2.911175191457994416e+00 4.258042143806628488e+00 2.399937113139753025e-02 2.328770497933177197e-01 -1.530618224851976704e-02
-6.660473776533556212e+00 2.912947371923679363e+00 4.260089010653340225e+00 2.613214010603799597e-02 2.367103941562896385e-01 -1.826144875268326251e-02
-6.327450087706762538e+00 2.916428343489238628e+00 4.273165403936288520e+00 2.720095207298481310e-02 2.397113002914587621e-01 -1.979690723026149290e-02
-5.994426398880201567e+00 2.916340877267128207e+00 4.275910291845098854e+00 2.673292299088698629e-02 2.391078200842143564e-01 -2.036467932164933228e-02
-5.661402710053407006e+00 2.917203858062263677e+00 4.269801838464587718e+00 2.667078211515629821e-02 2.368260052567194296e-01 -1.972483656997668644e-02
-5.328379021226846923e+00 2.917354661654216308e+00 4.269081893492774782e+00 2.684835622038650102e-02 2.382785476201759456e-01 -2.023354271491747611e-02
-4.995355332400052362e+00 2.919483858357066808e+00 4.269872172547515277e+00 2.817182727233817977e-02 2.389285328901766814e-01 -2.038313004183915991e-02
-4.662331643573492279e+00 2.915806400330600567e+00 4.266322069724809651e+00 2.784194429101461213e-02 2.340466157187947593e-01 -1.803454675813204525e-02
-4.329307954746697717e+00 2.914838926353814141e+00 4.258210889584010062e+00 2.653763905510858959e-02 2.372944291945371098e-01 -1.876103507104462387e-02
-3.996284265920137191e+00 2.919426715257616323e+00 4.269387955115889532e+00 2.728078738618633023e-02 2.413205261807703228e-01 -1.824375284343820666e-02
-3.663260577093343073e+00 2.920539977535276055e+00 4.271338501670884469e+00 2.680351613560238641e-02 2.382134279821701006e-01 -1.706804088051648918e-02
-3.330236888266790540e+00 2.921251333500245906e+00 4.276619310045794542e+00 2.821543869695553042e-02 2.426063388284991629e-01 -1.914149272980835217e-02
-2.997213199439987985e+00 2.923370665985929762e+00 4.279377295166514550e+00 2.756077316157801507e-02 2.401394907338874896e-01 -1.916567032815478036e-02
-2.664189510613435896e+00 2.923541631792800910e+00 4.270286431478093725e+00 2.714423865601945859e-02 2.338581121144300556e-01 -1.661652821873150013e-02
-2.331165821786633341e+00 2.921203565685173142e+00 4.270432118855289616e+00 2.650785309656262037e-02 2.380188784211201003e-01 -1.826903478570286385e-02
-1.998142132960081030e+00 2.921094183058736249e+00 4.275559966925128741e+00 2.727875410711542298e-02 2.429038106127872909e-01 -1.987721167717569279e-02
-1.665118444133278697e+00 2.923552827958952438e+00 4.276298570449112546e+00 2.893508813757868919e-02 2.416502669702582373e-01 -1.852322537995891930e-02
-1.332094755306717948e+00 2.921650277743904400e+00 4.272458746837163091e+00 2.913970715643426218e-02 2.425766098031238438e-01 -1.952901313434513356e-02
-9.990710664799238305e-01 2.923511877632469336e+00 4.275641654923155066e+00 2.674550238828260137e-02 2.393740667866292027e-01 -1.904546754088817101e-02
-6.660473776533798462e-01 2.922009277072314504e+00 4.270996186984795884e+00 2.858369949795270745e-02 2.405583871009744079e-01 -1.676269370679377493e-02
-3.330236888265857287e-01 2.926110918318943988e+00 4.275669293705228746e+00 2.559674912838116531e-02 2.420459453003585837e-01 -1.672133966832697188e-02
0.000000000000000000e+00 2.924226607306754211e+00 4.265322260670171950e+00 2.706512080287600680e-02 2.456741139622668491e-01 -1.840434279564394024e-02
