-1.459385561622899985e+01 3.958836232336140348e+00 1.000000000000000000e+00 -1.687719835736122302e-03 1.189982138150136288e-04 7.406193599370291614e-04
-1.452022779448319234e+01 3.985778846269881104e+00 9.343679385792945657e-01 -6.466060497560737440e-03 6.732382898919154687e-03 1.299508319509978855e-06
-1.444689331067262650e+01 3.999326455441419625e+00 8.727289102970139378e-01 -1.028180334624286332e-02 1.395555233205432628e-02 -2.349522404937909409e-05
-1.437355882686206066e+01 4.008745843160426148e+00 8.166828347619597972e-01 -1.236630792402661563e-02 2.135286058356379232e-02 -1.762091406935528595e-03
-1.430022434305149481e+01 4.021438271305439294e+00 7.649620018496541274e-01 -1.458867387918338053e-02 2.942501062607024570e-02 -4.843116515472268777e-03
-1.422688985924093075e+01 4.032359275379739927e+00 7.172783087472475172e-01 -1.586288577195748770e-02 3.533323962545305286e-02 -1.570412512023114859e-03
-1.415355537543036313e+01 4.044215096802580511e+00 6.735332023543521007e-01 -1.725560829469602667e-02 4.358970410006739876e-02 -2.360308522236009843e-03
-1.408022089161979018e+01 4.051278713746121696e+00 6.334494333999063365e-01 -1.741089385528733768e-02 5.035390558681413636e-02 -3.002069198185254237e-03
-1.400717974574445712e+01 4.060852342011284755e+00 5.963184569767914223e-01 -1.854490131427634358e-02 5.803238125852155926e-02 -3.757916119589337165e-03
-1.393384526193387707e+01 4.065954413754194086e+00 5.619036918708185668e-01 -1.998556071729135769e-02 6.525057740249519400e-02 -2.735412936270456997e-03
-1.386051077812330057e+01 4.071090279926740330e+00 5.302613510971093680e-01 -2.136421759331964820e-02 7.288743978865101780e-02 -3.888596975520548695e-03
-1.378717629431272229e+01 4.073251998212673364e+00 5.007853524715472071e-01 -2.205736936625228573e-02 8.000634617671888160e-02 -3.199411856530304243e-03
-1.371384181050214224e+01 4.076359454534434157e+00 4.732042145745058992e-01 -2.202671040771770131e-02 8.655152563198992288e-02 -2.599819127283609175e-03
-1.364050732669156751e+01 4.075663583358435815e+00 4.480961991380174592e-01 -2.212911957164411664e-02 9.322156301437800607e-02 -1.614731403719652436e-03
-1.356717284288101411e+01 4.075602412093074278e+00 4.241929002947378291e-01 -2.258996968070559400e-02 9.956824162258776090e-02 -1.689861901989107070e-03
-1.349383835907046780e+01 4.074597368275873599e+00 4.021407949087059674e-01 -2.177694440578489127e-02 1.043485644364448434e-01 -6.296401549105390362e-04
-1.342050387525991439e+01 4.076845488290437025e+00 3.811092323706102292e-01 -2.164690703574927849e-02 1.122687976949828942e-01 -5.719666007586543359e-04
-1.334716939144936276e+01 4.076422543360222583e+00 3.616750028113403514e-01 -2.209902778454159861e-02 1.173227168409055610e-01 -6.245032075968115883e-04
-1.327354156970356414e+01 4.072901390243686137e+00 3.433996078834787302e-01 -2.237745333964623329e-02 1.220113555702741631e-01 1.580872209359588353e-03
-1.320020708589301073e+01 4.071687508518355259e+00 3.264404821495046072e-01 -2.060472113850297937e-02 1.275731452792168430e-01 7.058011724555002524e-05
-1.312687260208246443e+01 4.069809456953961124e+00 3.106906449720183150e-01 -2.195392967984806029e-02 1.318511959878880813e-01 -2.497448435712550444e-03
-1.305353811827190924e+01 4.066940379558369401e+00 2.960588191974883876e-01 -2.097066856733682816e-02 1.367800010425421486e-01 -9.592921749070526440e-04
-1.298020363446135939e+01 4.064847452106442383e+00 2.820063732853981819e-01 -2.262876210720505057e-02 1.414584724754226475e-01 -1.002338609940404144e-03
-1.290686915065080242e+01 4.065203042326448468e+00 2.689517941183329763e-01 -2.283710099968704402e-02 1.469243202933702974e-01 8.390371986749523003e-05
-1.283353466684025435e+01 4.061820709991480705e+00 2.566566971494361749e-01 -2.195272811268726004e-02 1.489679434315182849e-01 2.313363705075872825e-03
-1.276020018302969561e+01 4.062895093141582592e+00 2.449742255973887395e-01 -2.281493919132487544e-02 1.518871249371589460e-01 1.811903645766468418e-03
-1.268686569921912088e+01 4.064560774764102824e+00 2.341356232132052184e-01 -2.153283937039031717e-02 1.534280360553173794e-01 3.416872564272342011e-03
-1.261353121540852484e+01 4.060766071407911681e+00 2.241678859472103214e-01 -2.287129359087615790e-02 1.547815063300153338e-01 5.163868169593221688e-03
-1.254019673159791459e+01 4.059697619951252001e+00 2.145130527112837360e-01 -2.091759670836099844e-02 1.557941612931028619e-01 8.762530790271992956e-03
-1.246715558572256022e+01 4.058094781859541200e+00 2.054053152324439857e-01 -2.078811216053257777e-02 1.557036594036713684e-01 1.065412983202806106e-02
-1.239382110191194819e+01 4.060422828010466390e+00 1.966493527932123564e-01 -2.254749901334995518e-02 1.568244595809118458e-01 9.861654070871764266e-03
-1.232048661810134682e+01 4.056075804014708019e+00 1.886275042461386942e-01 -2.359695811163992421e-02 1.575618524674648191e-01 9.585153258871709561e-03
-1.224715213429074723e+01 4.051660406392514346e+00 1.811844277456578500e-01 -2.329412149742023097e-02 1.569298390539921317e-01 1.011685837340555068e-02
-1.217381765048013520e+01 4.047356944642950261e+00 1.743207582122975607e-01 -2.227513198795826044e-02 1.557861845841362336e-01 9.506040189096627568e-03
-1.210048316666953916e+01 4.043125871427480256e+00 1.677931154165990535e-01 -2.231714356510634475e-02 1.552829342559208237e-01 1.180715948943865390e-02
-1.202714868285892713e+01 4.041786807612488985e+00 1.614580476501544237e-01 -2.208816550427254027e-02 1.557034265205887724e-01 1.351286971541512498e-02
-1.195381419904832576e+01 4.041152940039700603e+00 1.555345558881246204e-01 -2.321233316856315121e-02 1.533792085059114407e-01 1.178612491904344403e-02
-1.188047971523772439e+01 4.035923445804838749e+00 1.501583270464741104e-01 -2.358454714728220117e-02 1.502397589818196821e-01 1.457560064356338593e-02
-1.180714523142711769e+01 4.033116925952730192e+00 1.448767479784187351e-01 -2.448721224243082320e-02 1.466295186569214481e-01 1.607724839777209536e-02
-1.173381074761651455e+01 4.031114124178561298e+00 1.398682065424875498e-01 -2.445329793877924415e-02 1.456344068756277865e-01 1.621022025878572290e-02
-1.166047626380590430e+01 4.030146047399874476e+00 1.351635207230944824e-01 -2.347514128206172612e-02 1.419215546951812790e-01 1.797828273419956047e-02
-1.158714177999529937e+01 4.027763717170368629e+00 1.307060768847201071e-01 -2.626413251376501223e-02 1.402619732309865475e-01 1.857338735827125317e-02
-1.151380729618470689e+01 4.025351151196340460e+00 1.263760049325643731e-01 -2.565578462054872444e-02 1.377679260356476365e-01 1.943706929203544570e-02
-1.144047281237409130e+01 4.023857790302306725e+00 1.224565016604593354e-01 -2.651779669603382406e-02 1.363902764410735158e-01 2.116710416469079134e-02
-1.136713832856348638e+01 4.018227080931301209e+00 1.188519963853460482e-01 -2.684333818047116016e-02 1.339184749271432606e-01 2.134595892129694666e-02
-1.129380384475288857e+01 4.018743326593241960e+00 1.154268191242563274e-01 -2.452486458112407980e-02 1.294601159799729784e-01 2.576801941856791262e-02
-1.122046936094228364e+01 4.017240299114864577e+00 1.122316614836910975e-01 -2.396756857162383667e-02 1.271460606538446503e-01 2.920134362612496551e-02
-1.114713487713166806e+01 4.017118611159030017e+00 1.089840538164216083e-01 -2.448959913785329554e-02 1.246886035537573822e-01 3.184461893572183844e-02
-1.107380039332107913e+01 4.012259859339472712e+00 1.060745364786498113e-01 -2.623110830635243251e-02 1.214472653526165458e-01 3.115336249199589583e-02
-1.100046590951047421e+01 4.008148656993112624e+00 1.032788258472129850e-01 -2.591149426155005264e-02 1.190502602077537359e-01 3.138681904755977192e-02
-1.092713142569986040e+01 4.006049809192392175e+00 1.005017239533313733e-01 -2.543826911383306744e-02 1.167365518837516075e-01 3.117982572012063802e-02
-1.085379694188925370e+01 4.002224821714867709e+00 9.789860015376385116e-02 -2.511839005196057906e-02 1.134366052543658854e-01 3.081704264304620938e-02
-1.078046245807873404e+01 4.002176978178224154e+00 9.548770587014576705e-02 -2.378124982484759384e-02 1.111428985404963599e-01 3.416803464874321877e-02
-1.070712797426824814e+01 4.001081764144922559e+00 9.335828651451613669e-02 -2.368412704307699609e-02 1.055681166865990589e-01 3.912468361069115774e-02
-1.063379349045774624e+01 3.999113976366538648e+00 9.121810125959266269e-02 -2.472353600766875534e-02 1.018830364960616602e-01 4.177484441825075889e-02
-1.056045900664723725e+01 3.999360942218445736e+00 8.913166648406881110e-02 -2.373174487280591688e-02 9.956423201041571247e-02 4.238080914485750639e-02
-1.048712452283673358e+01 3.997295114408951466e+00 8.720263466910108119e-02 -2.432405938522658531e-02 9.373913729511182402e-02 4.255959816137332846e-02
-1.041379003902624767e+01 4.000141225187023863e+00 8.524793243350348160e-02 -2.327448612354380067e-02 8.947878736611392103e-02 4.103705613706137151e-02
-1.034045555521574578e+01 3.993918228809074655e+00 8.359972647031309323e-02 -2.310673291115788661e-02 8.510442601311156430e-02 3.980110882615858769e-02
-1.026712107140523678e+01 3.993166240885342777e+00 8.206008728134685237e-02 -2.503973250484845675e-02 8.139109878091281558e-02 4.323317225354725291e-02
-1.019378658759473311e+01 3.990487846053409005e+00 8.063065496798556275e-02 -2.458332899542935504e-02 7.967818799894442472e-02 4.477309853659692390e-02
-1.012045210378424542e+01 3.993598040146814743e+00 7.913076229956422791e-02 -2.419604267412970092e-02 7.558304969319193378e-02 4.528353896482949920e-02
-1.004711761997374353e+01 3.993721766070280843e+00 7.773276723474409344e-02 -2.372498098293068097e-02 7.499638975705071042e-02 4.524752706188328588e-02
-9.973783136163236307e+00 3.989486967536529871e+00 7.649671120582683670e-02 -2.193282005354242267e-02 7.417449057956670977e-02 4.576089176156568350e-02
-9.900155314417483865e+00 3.986527240003134409e+00 7.532586595126040951e-02 -2.341524585284171858e-02 6.965357367324484517e-02 4.702322355988791669e-02
-9.826820830606999735e+00 3.983679652658716375e+00 7.420636466965928324e-02 -2.333186769265058885e-02 6.617302607500544220e-02 4.728418133971343945e-02
-9.753486346796496065e+00 3.981562349305902249e+00 7.312270120182558231e-02 -2.324002442736879809e-02 6.318049906155652484e-02 5.122045832395740600e-02
-9.680151862985990618e+00 3.981012728953762014e+00 7.205201841976369148e-02 -2.362776726823493517e-02 6.120170165642492555e-02 5.148068250745984481e-02
-9.606817379175483396e+00 3.979971658516834765e+00 7.112420908973333955e-02 -2.521611121530591137e-02 6.034257587308625853e-02 5.358959832545487356e-02
-9.533482895364999266e+00 3.983277297867430899e+00 7.015661653327569247e-02 -2.330456959749657372e-02 5.879092717304344046e-02 5.377412547514076602e-02
-9.460148411554492043e+00 3.981698096306690804e+00 6.932182572527297026e-02 -2.337872831371921867e-02 5.840328566398464427e-02 5.698317657628110267e-02
-9.386813927743986596e+00 3.981055563246641782e+00 6.853487549397967171e-02 -2.297697526294705320e-02 5.589673229589391112e-02 5.676399887388164367e-02
-9.313479443933486479e+00 3.981201498472422440e+00 6.773251571735547372e-02 -2.513673666464418671e-02 5.257778160132001166e-02 5.392849012541742204e-02
-9.240144960122995244e+00 3.982641338831057531e+00 6.691557655314686603e-02 -2.455626368760404840e-02 5.157163968818876537e-02 5.220586864360467899e-02
-9.166810476312495126e+00 3.979431291272118809e+00 6.627832046075647632e-02 -2.435428592261514036e-02 4.856148465719373197e-02 5.344750293201679103e-02
-9.093475992501993233e+00 3.978255621950939958e+00 6.564153013472019682e-02 -2.321760345899381503e-02 4.568114993977716309e-02 5.698498728929595608e-02
-9.020141508691482457e+00 3.976827365104989465e+00 6.506969571860544976e-02 -2.438785052908682208e-02 4.615960125917118601e-02 5.932432670321710622e-02
-8.946807024881000103e+00 3.976281760808153098e+00 6.448700902156935533e-02 -2.547832827408165121e-02 4.435920166930976127e-02 6.051628691983241409e-02
-8.873472541070487551e+00 3.975187496464446024e+00 6.400298826476744085e-02 -2.555237730941811031e-02 4.213195205323485432e-02 5.877347433712246799e-02
-8.800138057259983881e+00 3.976838811431119058e+00 6.346088868835886299e-02 -2.468808027785929574e-02 3.943745736565115734e-02 5.795976815037631735e-02
-8.726803573449489093e+00 3.976635274865849112e+00 6.296603919259240179e-02 -2.408935403814583057e-02 3.662162032224443309e-02 5.914076246115204660e-02
-8.653469089638990752e+00 3.978323543178298838e+00 6.239367629556816230e-02 -2.311160065905984787e-02 3.351936708749889832e-02 6.020016206447217910e-02
-8.580134605828494188e+00 3.981471504995170108e+00 6.196176729051755538e-02 -2.366577366132562726e-02 3.243459361134432006e-02 6.255436104308093048e-02
-8.506800122017997623e+00 3.977702959429067597e+00 6.162137536117538034e-02 -2.409085651297601660e-02 3.033220852271388546e-02 6.094720899781755352e-02
-8.433465638207479742e+00 3.978014749425268004e+00 6.118623331279887667e-02 -2.481772132100007813e-02 2.983357767297910301e-02 5.907525618509121973e-02
-8.360131154396999165e+00 3.976991769838420954e+00 6.083055606662600423e-02 -2.522164663830115533e-02 2.875208292499206730e-02 6.256421829727298878e-02
-8.286796670586483060e+00 3.975967127765965170e+00 6.046151322576791970e-02 -2.603790610742178629e-02 2.940404888940089528e-02 6.295981321528575092e-02
-8.213462186775982943e+00 3.974482315855750958e+00 6.020304628042523476e-02 -2.695452421511398619e-02 3.133169632545057537e-02 6.140747649605558106e-02
-8.140127702965491707e+00 3.976141499865137874e+00 5.992350006225460879e-02 -2.675544440005617197e-02 3.114882746841148714e-02 6.118546303042962653e-02
-8.066793219154986261e+00 3.976300705821459225e+00 5.959987013656696531e-02 -2.577094058303290580e-02 2.883282087348840519e-02 6.197699061142256105e-02
-7.993458735344492361e+00 3.977781216978865775e+00 5.932185524790768716e-02 -2.543078764189943275e-02 2.934118706297974416e-02 6.151556910564704578e-02
-7.920124251533997572e+00 3.977406781411085834e+00 5.903414535135196456e-02 -2.561981685099680439e-02 2.803136009702303366e-02 6.300793104441611281e-02
-7.846789767723477027e+00 3.980721475935246279e+00 5.880943910591597545e-02 -2.346303876069945338e-02 2.707542738460043397e-02 6.380619387168343093e-02
-7.773455283912998226e+00 3.984283621406639497e+00 5.849821963723931401e-02 -2.309401749147204155e-02 2.547993395162751265e-02 6.622870329292900038e-02
-7.700120800102476792e+00 3.985298177974512246e+00 5.830430232542813118e-02 -2.274361944852559131e-02 2.673669607681510019e-02 6.774754386274689510e-02
-7.626786316291982004e+00 3.979830192624122631e+00 5.809909470911570062e-02 -2.333569679803728508e-02 2.556625756283474951e-02 7.013791438970855274e-02
-7.553451832481491657e+00 3.984072444432577242e+00 5.780739458154744714e-02 -2.247128469507054735e-02 2.404801991408122078e-02 7.076879194935430106e-02
-7.480117348670981769e+00 3.986684624450287373e+00 5.759706429161730312e-02 -2.286202113131634642e-02 2.539011705066426816e-02 6.965603569220271685e-02
-7.406782864860492310e+00 3.982862066456959838e+00 5.747009450380489298e-02 -2.462979743563182763e-02 2.618627785907905181e-02 6.777474117543551280e-02
-7.333448381049999298e+00 3.980758812397768409e+00 5.731097471018795075e-02 -2.471968749505707233e-02 2.487182037768309942e-02 6.879300296796163339e-02
-7.260113897239474312e+00 3.977833928263475816e+00 5.715118399049207154e-02 -2.405239107871797941e-02 2.413597982080049192e-02 6.640026594874059995e-02
-7.186779413428998176e+00 3.979658238214903943e+00 5.696477791445134914e-02 -2.311285707587379737e-02 2.371751342834476847e-02 6.616021301413300970e-02
-7.113444929618473189e+00 3.979145069000597168e+00 5.689612835209689051e-02 -2.296747659029482747e-02 2.487154312343829374e-02 6.768170610730647740e-02
-7.040110445807980177e+00 3.977605225245753662e+00 5.681647116582073248e-02 -2.276008678051117187e-02 2.416088892688172604e-02 6.593012577430784615e-02
-6.966775961997493383e+00 3.978352158593764010e+00 5.673981011020616527e-02 -2.288706944940659474e-02 2.493483011224119708e-02 6.625266134986999844e-02
-6.893441478186978166e+00 3.980327081632988317e+00 5.670300043158311293e-02 -2.181073517112621513e-02 2.494455801095508615e-02 6.799426570992911367e-02
-6.820106994376489595e+00 3.983588642036377969e+00 5.645288666725339910e-02 -2.253331893456642088e-02 2.568701840152804936e-02 6.553536060239689709e-02
-6.746772510565999248e+00 3.979695448558510762e+00 5.642922506860830606e-02 -2.406462441933665888e-02 2.592468536166465248e-02 6.791053972478536260e-02
-6.673438026755470709e+00 3.982490293184887342e+00 5.629044638077295576e-02 -2.385263198370376689e-02 2.280019109938082739e-02 7.022747668734596882e-02
-6.600103542944997237e+00 3.981662514377813267e+00 5.618105610290941021e-02 -2.304454467406431145e-02 2.156961535223370779e-02 7.029414218418708615e-02
-6.526769059134468698e+00 3.981340511030620366e+00 5.605263535034806649e-02 -2.215651099089524859e-02 2.092247003578514425e-02 6.701276131901950928e-02
-6.453434575323978351e+00 3.979671008491481032e+00 5.600368937933020846e-02 -2.220965981553919832e-02 2.035675285492343986e-02 6.342691303841078987e-02
-6.380100091513493332e+00 3.982268016115934728e+00 5.585847086072436019e-02 -2.309399550943185345e-02 2.057330336969982049e-02 6.496450126685822390e-02
-6.306765607702975451e+00 3.982481165365276965e+00 5.576238223156267104e-02 -2.401436010218684081e-02 2.189461240632158828e-02 6.479326864643145112e-02
-6.233431123892488657e+00 3.980440295078899293e+00 5.573655331509440314e-02 -2.390572368117514085e-02 2.366623576374052643e-02 7.044175067896617237e-02
-6.160096640082000974e+00 3.981509061585847942e+00 5.560622850140974766e-02 -2.257022983943566749e-02 2.259338927476069875e-02 6.973618580373426579e-02
-6.086762156271469770e+00 3.980488429015176965e+00 5.557406983818528878e-02 -2.325377923634978222e-02 2.130713721400949445e-02 7.035544538226118361e-02
-6.013427672460996298e+00 3.979435278906545470e+00 5.557399207562227494e-02 -2.671112012397940452e-02 2.074863343793037149e-02 6.971274615583164525e-02
-5.940093188650464207e+00 3.977385654366078160e+00 5.552852516191527504e-02 -2.685677229853061093e-02 2.107253516999211401e-02 6.746512413195648872e-02
-5.866758704839977412e+00 3.973639964808218128e+00 5.551346273778026003e-02 -2.578456469325909883e-02 2.075894350158111190e-02 6.823597702272700405e-02
-5.793424221029494170e+00 3.975105306821809847e+00 5.542773162715897151e-02 -2.407902588509226380e-02 2.110358968086069667e-02 6.807924576313470477e-02
-5.720089737218971848e+00 3.973631211100352889e+00 5.532628600945807551e-02 -2.348913997716372062e-02 2.190327095321926987e-02 6.616031791680244967e-02
-5.646755253408486830e+00 3.976450539310329546e+00 5.524943878574559153e-02 -2.296899232433743943e-02 2.265044690279634926e-02 6.758788218056810404e-02
-5.573420769598001812e+00 3.978526748770248478e+00 5.506967838704353996e-02 -2.310708008622535184e-02 2.163875720569272826e-02 6.777027771351706864e-02
-5.500086285787467943e+00 3.974486721090214836e+00 5.508093482877941816e-02 -2.378650329541841246e-02 2.369694310308012933e-02 6.909513540951431332e-02
-5.426751801976994471e+00 3.974066668514394163e+00 5.499706067202445731e-02 -2.470175744364648887e-02 2.313743780140418635e-02 6.986019219761610555e-02
-5.353417318166462380e+00 3.973055793468719177e+00 5.510301733489930687e-02 -2.314964111678100012e-02 2.601189523456446870e-02 7.168971291984252425e-02
-5.280082834355975585e+00 3.973888599217696438e+00 5.507323143110484653e-02 -2.429902864083698100e-02 2.637989157045185495e-02 7.076452916132454363e-02
-5.206748350545492343e+00 3.975252709447432142e+00 5.506305518101622248e-02 -2.335010323965767964e-02 2.645971935235306299e-02 7.151777419248345202e-02
-5.133413866734969133e+00 3.975188869275156911e+00 5.505585634344320467e-02 -2.361526834987261875e-02 2.766845937199012562e-02 7.282098750814527954e-02
-5.060079382924485003e+00 3.972387386648298602e+00 5.506236449603556932e-02 -2.228565006828275852e-02 2.732851678764252473e-02 7.211525663544629539e-02
-4.986744899114001761e+00 3.970932850049015972e+00 5.498351306454615783e-02 -2.382028521735526233e-02 2.775220757966773838e-02 7.040834603843837414e-02
-4.913410415303467005e+00 3.971260866724311889e+00 5.499792782896901350e-02 -2.593666212854245021e-02 2.613419550255357063e-02 7.298824785395306713e-02
-4.840075931492993533e+00 3.974071918375085222e+00 5.494922246296234797e-02 -2.529742353525517989e-02 2.389704457568219906e-02 7.424210944273744450e-02
-4.766741447682457888e+00 3.975979033951821506e+00 5.483738722778873365e-02 -2.403936904605940769e-02 2.378862327132842333e-02 7.602710375434679202e-02
-4.693406963871978199e+00 3.974506853330874723e+00 5.484134003318914125e-02 -2.344782422692006166e-02 2.214503511997123475e-02 7.462843694573509379e-02
-4.620072480061491405e+00 3.973665062508255463e+00 5.482766965646069385e-02 -2.432391094182959068e-02 2.200234483182864423e-02 7.092654550461446883e-02
-4.546737996250967306e+00 3.976157153352703588e+00 5.470963849446534161e-02 -2.512684650451705096e-02 2.157300784754466114e-02 6.905331853786109142e-02
-4.473403512440478735e+00 3.980323030384549376e+00 5.462789576347902576e-02 -2.466911222386218919e-02 2.165060691215546507e-02 6.859672575712892628e-02
-4.400069028630002599e+00 3.979461508331285202e+00 5.459815453264739438e-02 -2.412816054530593154e-02 2.303217892088844226e-02 6.881480539067814928e-02
-4.326734544819465178e+00 3.977344593730912425e+00 5.455568622668369172e-02 -2.479316788740064392e-02 2.310856575647091127e-02 6.525765576563617720e-02
-4.253400061008985489e+00 3.975732521558535737e+00 5.455834886479389578e-02 -2.387549731897975480e-02 2.398841694610986605e-02 6.830858131866944516e-02
-4.180065577198463167e+00 3.975341829333422172e+00 5.458967717687782106e-02 -2.496144489379954756e-02 2.284893551599844266e-02 6.830801968378948097e-02
-4.106731093387972820e+00 3.975148556746738393e+00 5.468100244383178321e-02 -2.604831898791419922e-02 2.288787072560219404e-02 7.345566250560402188e-02
-4.033396609577483360e+00 3.976120743037228067e+00 5.465187902172893852e-02 -2.542150929050522243e-02 2.122734561310206727e-02 7.527179813839116052e-02
-3.960062125766974361e+00 3.975791252347014471e+00 5.463875108493560645e-02 -2.559180800971001465e-02 2.309696457174399351e-02 7.331101576307798295e-02
-3.886727641956482682e+00 3.975963472363472473e+00 5.465363250999566436e-02 -2.699617200970883327e-02 2.246594962244894550e-02 7.216758729157603247e-02
-3.813393158145991002e+00 3.976756069820038153e+00 5.457692903856785349e-02 -2.634823826778523448e-02 2.266758517954573296e-02 7.048116814766000604e-02
-3.740058674335477118e+00 3.973584499791327662e+00 5.461578301885293418e-02 -2.630022040410468984e-02 2.306674065101305474e-02 7.205665426065270551e-02
-3.666724190524990323e+00 3.972369176056604445e+00 5.456381416247907401e-02 -2.668369219903967207e-02 2.438957041492475011e-02 7.085142583957551587e-02
-3.593389706714453791e+00 3.973639527272762262e+00 5.454980322972124984e-02 -2.619401834733166290e-02 2.294141168511855053e-02 7.157928166152024985e-02
-3.520055222903985204e+00 3.971142076560753242e+00 5.455149907527806485e-02 -2.574501660504677214e-02 2.284331547283096481e-02 7.191159594028979918e-02
-3.446720739093489971e+00 3.969619523660889548e+00 5.456183961008554545e-02 -2.544472630467007473e-02 2.174691221264730620e-02 6.727053028265898849e-02
-3.373386255282963209e+00 3.969036395703156916e+00 5.466002929628904078e-02 -2.472156764296654791e-02 2.382431792165464607e-02 6.328746984327318637e-02
-3.300051771472466200e+00 3.965813732752118792e+00 5.476978341855865545e-02 -2.312121488739600147e-02 2.417781336727190325e-02 6.936182262980594704e-02
-3.226717287662001166e+00 3.967032878233640592e+00 5.470711404111533449e-02 -2.425266297593423048e-02 2.509246071812653786e-02 6.682457923519219412e-02
-3.153382803851462413e+00 3.966485596496428734e+00 5.471996859448020889e-02 -2.481946540805856846e-02 2.479311006954568533e-02 6.585827299554108949e-02
-3.080048320040973842e+00 3.964649229932536212e+00 5.476122093182950179e-02 -2.423102480598723213e-02 2.453581124968210597e-02 6.568700442070968260e-02
-3.006713836230468839e+00 3.962914131446061194e+00 5.468162538287751201e-02 -2.389352952170070363e-02 2.288667362587472678e-02 6.381302180608119934e-02
-2.933379352419970498e+00 3.966283903621786511e+00 5.464576277816225736e-02 -2.397234344454346119e-02 2.361332946331121119e-02 6.622380752233170131e-02
-2.860044868609471713e+00 3.967798451944025029e+00 5.461772709841002105e-02 -2.289695486139992422e-02 2.523290030377979207e-02 6.618567393914945307e-02
-2.786710384798978257e+00 3.964619753448215711e+00 5.466319934205399189e-02 -2.277147789280857884e-02 2.981588707903529145e-02 6.970341489844815441e-02
-2.713375900988479916e+00 3.963738773354985589e+00 5.470893869947459492e-02 -2.371350087092635381e-02 2.988968163612862675e-02 6.949230512265472393e-02
-2.640041417177981131e+00 3.960343255277098518e+00 5.476146033824629000e-02 -2.483432817343857180e-02 2.926731000335588972e-02 6.760328410511452779e-02
-2.566706933367482790e+00 3.965306476277475234e+00 5.467854233274407200e-02 -2.218516717564735646e-02 2.791711364784770985e-02 7.078508596129617914e-02
-2.493372449556989334e+00 3.965694821372759638e+00 5.469757500091509267e-02 -2.249190071208631569e-02 2.814651719109035125e-02 7.155381493749890520e-02
-2.420037965746449249e+00 3.967692579598397717e+00 5.463642120184355327e-02 -2.441368136618745494e-02 2.875913871965703889e-02 7.306145501223783312e-02
-2.346703481935990432e+00 3.967050415596603763e+00 5.462863157042118639e-02 -2.546816065385505354e-02 2.973316437458662850e-02 7.196496786377272470e-02
-2.273368998125490315e+00 3.971132754776275142e+00 5.454085973686889632e-02 -2.579795487845853649e-02 2.785584214041965379e-02 7.361205212048588242e-02
-2.200034514314956891e+00 3.970442823297021917e+00 5.456159147884405425e-02 -2.577326989985899430e-02 2.851373038033594778e-02 7.106485341465294814e-02
-2.126700030504454997e+00 3.972178342479216973e+00 5.452060397727977875e-02 -2.373850854873007024e-02 2.817209922016778584e-02 7.100962770808569302e-02
-2.053365546693999732e+00 3.972943209645379170e+00 5.448425521626553553e-02 -2.414478966091292492e-02 2.734739086848130690e-02 6.976160689202685894e-02
-1.980031062883459647e+00 3.971478219630461659e+00 5.444259999190136784e-02 -2.581527704842155602e-02 2.743175446216576663e-02 7.169688501564061567e-02
-1.906696579072962860e+00 3.970701155782776492e+00 5.448296768496622283e-02 -2.864892668355836780e-02 2.585451323336610679e-02 7.016994010714207308e-02
-1.833362095262470959e+00 3.970839339124363931e+00 5.443366971068871324e-02 -2.603736267421836309e-02 2.641617476694657976e-02 6.910012877365039052e-02
-1.760027611451967511e+00 3.969014268724364136e+00 5.451055862667373436e-02 -2.505235296623103611e-02 2.513078285446412527e-02 6.924682266165396727e-02
-1.686693127641462286e+00 3.966116635060385143e+00 5.452981564658682112e-02 -2.366180529286635026e-02 2.587331515882275446e-02 6.804397661228782368e-02
-1.613358643830982153e+00 3.965427788899247741e+00 5.455318631830201326e-02 -2.467133389390240017e-02 2.303125635338597321e-02 6.431862867488265245e-02
-1.540024160020476929e+00 3.963908161329958268e+00 5.462737004849923389e-02 -2.603854561306085183e-02 2.263734253728000648e-02 6.707926423153827422e-02
-1.466689676209971926e+00 3.964987294474722201e+00 5.458527363491563061e-02 -2.423984467197729323e-02 2.389300127133397664e-02 6.677141989003461398e-02
-1.393355192399484910e+00 3.966291919471413241e+00 5.455576378731310377e-02 -2.429943480024825825e-02 2.220740965724254598e-02 7.030590318059087851e-02
-1.320020708588986569e+00 3.971552682878023877e+00 5.442309978065094228e-02 -2.331599461528052752e-02 2.523744106516841168e-02 7.336806008556168157e-02
-1.246686224778444707e+00 3.972020777117709400e+00 5.439238524105818179e-02 -2.272849855247319889e-02 2.643466676106891525e-02 7.610055017002509414e-02
-1.173351740967996104e+00 3.971909686612791202e+00 5.444012849427253692e-02 -2.251248872789742006e-02 2.536824532882846206e-02 7.109976826359784563e-02
-1.100017257157489325e+00 3.969793912689608018e+00 5.443602040797749370e-02 -2.327601987861933897e-02 2.435366474002054540e-02 7.087372256334019405e-02
-1.026682773346952349e+00 3.968520560641096040e+00 5.437248600966622381e-02 -2.451161539441303397e-02 2.584162758533080709e-02 7.157886825484868765e-02
-9.533482895364455700e-01 3.970040600428113020e+00 5.436387034101090171e-02 -2.447918116671298980e-02 2.605741704876764903e-02 7.002495102878478206e-02
-8.800138057259970781e-01 3.970180308451499940e+00 5.432668189023767691e-02 -2.575825091296469679e-02 2.464771345335674615e-02 7.027114734599297641e-02
-8.066793219154552164e-01 3.972193571854373939e+00 5.430679794954856171e-02 -2.539958623001799254e-02 2.285152557853680627e-02 6.978249329730899786e-02
-7.333448381049534337e-01 3.974182891882598323e+00 5.421768000324891923e-02 -2.621140460518722737e-02 2.288375007176297882e-02 7.120834663625111305e-02
-6.600103542944748547e-01 3.968628576835590227e+00 5.429939499200064218e-02 -2.725603271474245914e-02 2.308671175893884861e-02 7.021696157671136751e-02
-5.866758704839647454e-01 3.969244609156121317e+00 5.428361012752746378e-02 -2.749638839201068788e-02 2.621524301278071664e-02 7.182449193631218476e-02
-5.133413866734561903e-01 3.968334926719554900e+00 5.425078333115238710e-02 -2.558961509928551342e-02 2.778180397458995463e-02 7.242678045992406721e-02
-4.400069028629843837e-01 3.968711624690670181e+00 5.426870614553100380e-02 -2.456823249439484685e-02 2.620559329802037152e-02 7.246729516339335542e-02
-3.666724190524742188e-01 3.971642216224025024e+00 5.416415240582941187e-02 -2.253003746699769674e-02 2.437470613673152486e-02 7.180048137521223561e-02
-2.933379352419639985e-01 3.967232542400518369e+00 5.420521228377144646e-02 -2.412061149065468021e-02 2.268149895444653008e-02 6.974322383342071441e-02
-2.200034514314888612e-01 3.967054749176297523e+00 5.418781833655538643e-02 -2.519154802827893239e-02 2.252881277873850646e-02 6.947145555622742663e-02
-1.466689676209836646e-01 3.965653100342452220e+00 5.413565996113062911e-02 -2.438936225491574600e-02 2.313801480854598552e-02 6.941507689067523412e-02
-7.333448381043848607e-02 3.968594347529724953e+00 5.404183755905506148e-02 -2.409848714877966744e-02 2.283828618766791177e-02 7.022492960113915772e-02
0.000000000000000000e+00 3.969702832664625092e+00 5.407878820704856843e-02 -2.412956160160052710e-02 2.451992635697447173e-02 7.315742174052780600e-02
