0.000000000000000000e+00 2.024297109344353363e+00 7.309594410275979115e+00 1.195231874287765589e-01 2.421495608201602312e-01 8.161789257614938085e-04
3.142198510211323126e-01 1.909083262941502213e+00 4.343999172742758041e+00 5.302266531487687118e-02 3.278171909541754414e-01 1.654114414749959655e-02
6.284397020419857371e-01 1.775168853574689676e+00 2.937281881786048654e+00 2.728210615998655567e-02 4.179931921919957660e-01 4.632703442038015040e-02
9.426595530623773644e-01 1.641291025807450454e+00 2.135137355276607973e+00 1.767886207477059254e-02 4.982164044840257100e-01 7.021159604841467616e-02
1.256879404084198182e+00 1.519331005046527627e+00 1.626695536712667645e+00 1.363699381759106606e-02 5.486510030181518394e-01 8.915082744991029151e-02
1.571099255106227943e+00 1.414756550848394356e+00 1.291142304943408536e+00 1.392825052922681134e-02 5.792076668792257577e-01 1.045008786204931067e-01
1.885319106128253042e+00 1.328849853305660078e+00 1.057560186690056581e+00 1.449146898786463945e-02 5.800085349831080039e-01 1.090867141919950045e-01
2.199538957147835649e+00 1.258323666539844288e+00 8.926377327224273017e-01 1.706756949858866113e-02 5.388128771478291057e-01 1.160419056788773717e-01
2.513758808166588032e+00 1.202040182012201308e+00 7.727517004781319088e-01 1.510378619792555020e-02 4.788252213953381187e-01 1.126071924835923416e-01
2.827978659185354182e+00 1.158473721691043234e+00 6.844049446517503910e-01 1.729114386522884184e-02 4.084047693022745396e-01 1.102579019474761585e-01
3.142198510204103457e+00 1.123372325498172897e+00 6.200262007677672660e-01 1.754191981551634846e-02 3.459071866806979756e-01 1.106324688226809211e-01
3.456418361222863833e+00 1.096472850726930126e+00 5.716121770511111144e-01 1.745327537379523161e-02 2.862773589625717818e-01 1.042581343841723351e-01
3.770638212241613552e+00 1.073921689031952731e+00 5.369305362574512408e-01 1.639645182201036194e-02 2.292001740577638003e-01 1.006439848268352866e-01
4.084858063263632211e+00 1.057077072227880166e+00 5.090278276061508400e-01 1.686324309231134952e-02 1.785040412053974512e-01 1.008957891486149117e-01
4.399077914288917590e+00 1.043032080957050356e+00 4.893113029017494009e-01 1.828189879188087466e-02 1.455415576896018082e-01 9.787506462222522741e-02
4.713297765314234944e+00 1.033115888476028088e+00 4.738030757686487182e-01 1.788984903425862305e-02 1.146345355639029895e-01 9.604894708495777256e-02
5.027517616339527429e+00 1.025933079095348255e+00 4.628813293152167496e-01 1.735243992491115883e-02 9.972882855151471437e-02 9.718984916821798992e-02
5.341737467364819913e+00 1.020867913996834186e+00 4.540059701207893039e-01 1.814584790005501977e-02 8.791851545461985828e-02 9.442553066768369363e-02
5.655957318390131050e+00 1.015500842970623818e+00 4.486469755075456201e-01 1.669741772818444242e-02 7.588820277937166625e-02 9.362718851999468628e-02
5.970177169415420870e+00 1.012255840649411542e+00 4.429642374685026640e-01 1.715916186287152687e-02 7.168348345675339128e-02 9.402182861838510874e-02
6.284397020440709802e+00 1.009096452097167473e+00 4.392966891217978675e-01 1.639500851028381431e-02 6.641548528521275252e-02 9.146152585672968904e-02
6.598616871466017386e+00 1.007796434234355720e+00 4.353242478620212852e-01 1.708355362247915288e-02 6.367719179341449487e-02 9.335098911094724672e-02
6.912836722491329411e+00 1.005409513079066786e+00 4.340049104294155802e-01 1.767903649134729832e-02 6.023361768952271988e-02 9.444207088174298714e-02
7.227056573516637883e+00 1.004436506888705560e+00 4.318135881517398134e-01 2.121024432932976100e-02 5.702147555273263946e-02 9.389242173351899923e-02
7.541276424541925039e+00 1.003313793620782324e+00 4.311404557735653009e-01 1.873504484654624214e-02 5.728382457584776238e-02 9.466844150884078102e-02
7.855496275567212194e+00 1.001797915520210580e+00 4.297178084392768715e-01 1.767151254916252134e-02 5.518275544035389918e-02 9.437589323679232423e-02
8.169716126579528392e+00 1.000449810081152524e+00 4.284745687340098530e-01 1.651624616738116280e-02 5.263505667887993789e-02 9.173662529694449896e-02
8.483935977591743338e+00 1.000167774532618292e+00 4.279533140629146470e-01 1.750214331601338338e-02 5.119219329037918986e-02 9.460926971710714728e-02
8.798155828603956508e+00 1.000966177541652735e+00 4.280138443922284486e-01 1.865388067336899713e-02 5.088558097638046229e-02 9.249120109915304200e-02
9.112375679616171453e+00 1.001486175411488544e+00 4.277235404307709321e-01 1.948576447459755487e-02 5.325758145480667671e-02 9.272639957129427679e-02
9.426595530628384623e+00 1.001363110778550336e+00 4.273793801044409868e-01 1.907844778417522660e-02 5.459561768708970364e-02 9.515401592504851846e-02
9.740815381640599568e+00 1.000934254396444123e+00 4.267677623893054162e-01 1.860533089571686158e-02 5.338772546980364436e-02 9.276428824394172823e-02
1.005503523265281274e+01 1.001233235066863125e+00 4.263487594414758775e-01 1.875973124519123014e-02 5.088051215514717562e-02 9.165307295919963848e-02
1.036925508366502413e+01 1.001959706173796150e+00 4.255345908489803763e-01 1.913842577917706025e-02 5.163019942228785214e-02 9.430091436765807023e-02
1.068347493467724085e+01 1.000123538671175538e+00 4.265180754885109504e-01 1.626383099010709696e-02 5.010657593354710115e-02 9.469450383193539489e-02
1.099769478568944692e+01 1.000670246009826903e+00 4.260412828588496792e-01 1.602254670349828949e-02 5.224169933139774513e-02 9.368785657260973732e-02
1.131191463670166897e+01 1.002280090960017134e+00 4.260505876994479246e-01 1.796602362084099083e-02 5.269759078222866627e-02 9.032403843125350051e-02
1.162613448771386970e+01 1.001301311643458369e+00 4.263449467002360382e-01 1.767838227983449528e-02 5.108068430826234740e-02 8.997266415344139234e-02
1.194035433872609708e+01 1.002513896319726650e+00 4.262563593791374172e-01 2.035439951835934722e-02 4.765884972088772764e-02 9.248521800717805774e-02
1.225457418973829249e+01 1.001140062842867717e+00 4.258678886755397075e-01 1.820527581808494347e-02 5.288652031924032104e-02 9.068998433476764542e-02
1.256879404075052520e+01 1.000804963352657673e+00 4.265124049852741517e-01 1.793371973346179551e-02 5.557171698934786769e-02 9.292381266292322473e-02
1.288301389176271705e+01 1.000833623947444684e+00 4.260753822364518051e-01 1.867045967827722988e-02 5.239911871254911147e-02 9.063263230290154182e-02
1.319723374277495331e+01 1.000974639081632311e+00 4.263027495216601959e-01 1.765237592740177483e-02 5.201124999921440811e-02 9.229803223585834882e-02
1.351145359378713984e+01 1.000651717635337334e+00 4.257804837870851622e-01 1.875993724316908640e-02 5.280622481566633192e-02 9.532995695720813956e-02
1.382567344479938143e+01 1.000421527421349266e+00 4.265657036445299477e-01 1.839702030328997651e-02 5.233571287957575202e-02 9.413454148841989000e-02
1.413989329581156440e+01 9.997946382201604587e-01 4.267048944614963979e-01 1.803882358074842748e-02 5.162938610688625612e-02 9.340617544921908655e-02
1.445411314682380954e+01 9.992155448946651308e-01 4.271816252653576895e-01 1.765112364080119456e-02 5.097828670491581782e-02 9.313504058355227821e-02
1.476833299783599074e+01 9.992562397688895537e-01 4.270569947304936886e-01 1.629626723328421109e-02 5.316753073758602455e-02 9.191872539762697969e-02
1.508255284884823944e+01 9.992922887381603392e-01 4.268835874897362603e-01 1.816120863131617802e-02 5.286184787017770420e-02 9.296838623104551613e-02
1.539677269986041352e+01 9.994445076701730102e-01 4.265670421553381941e-01 1.849833659568832570e-02 5.409563354942870106e-02 9.094331342335860990e-02
1.571099255087266755e+01 9.993878279764545347e-01 4.267842657086287628e-01 2.021176842027416418e-02 5.243603014511356158e-02 9.470574631518079156e-02
1.602521240188483986e+01 9.995361601307276578e-01 4.276577410076122243e-01 1.825809257693757764e-02 5.554125117891946933e-02 9.679832429490964341e-02
1.633943225289709744e+01 9.983462829027798247e-01 4.276065620424816527e-01 1.728045884084752556e-02 5.462996948143995779e-02 9.272470021843623456e-02
1.665365210390935502e+01 9.985998799276923910e-01 4.280635346341422065e-01 1.796271726777104449e-02 5.309636868010420008e-02 9.501212982223178338e-02
1.696787195492152378e+01 9.993936349467711366e-01 4.277064478100006673e-01 1.714335068157151615e-02 5.512143713593795763e-02 9.616342757237873740e-02
1.728209180593369254e+01 9.995351311722807663e-01 4.278061481758994034e-01 1.789691973488269361e-02 5.666541312778197031e-02 9.327841518960500178e-02
1.759631165694595367e+01 9.987128657002481980e-01 4.282477083032638632e-01 1.825622544839475975e-02 5.678531719375803227e-02 9.342688507125795905e-02
1.791053150795821480e+01 9.986310825631558030e-01 4.281585390397102953e-01 1.708016592301774342e-02 5.683145128980586491e-02 9.270710227548520366e-02
1.822475135897038001e+01 9.994994933046513763e-01 4.277368584159052523e-01 1.684983544893535815e-02 5.244495151980053949e-02 9.235293289843178599e-02
1.853897120998254522e+01 9.990803794344743638e-01 4.273288895296492584e-01 1.717839158276407083e-02 5.327415792403455974e-02 9.303908993961941543e-02
1.885319106099480990e+01 9.989826886120192206e-01 4.272080648018214966e-01 1.590365199280608863e-02 5.345631000470346672e-02 9.125457043304557869e-02
1.916741091200707459e+01 9.997886861648577206e-01 4.265731105011295043e-01 1.656626536805737293e-02 5.505842965242861015e-02 9.155804774112982769e-02
1.948163076301923624e+01 9.994346492783382496e-01 4.267430356352142073e-01 1.775093864568280666e-02 5.044806133785383062e-02 9.096061698773745541e-02
1.979585061403139790e+01 1.000026809284907170e+00 4.260433261868634691e-01 1.628688160400672963e-02 5.108479024497219328e-02 9.159858987810348685e-02
2.011007046504366613e+01 1.000898548315782399e+00 4.271678524908679164e-01 1.758498135993140365e-02 5.315310294698307597e-02 9.798088425741047214e-02
2.042429031605593082e+01 1.000311264224304830e+00 4.269971712145252951e-01 1.927558415823066654e-02 5.511313455128412364e-02 9.709175139333572901e-02
2.073851016706809247e+01 9.998329464008863798e-01 4.270209766523420658e-01 1.604320364070242408e-02 5.352495441597386605e-02 9.543106516271587791e-02
2.105273001808024702e+01 9.995858022970165457e-01 4.271128622074795711e-01 1.603908225529663070e-02 5.225168665171474325e-02 9.474031780165292904e-02
2.136694986909253302e+01 1.000118841008123649e+00 4.271469282787327959e-01 1.731948311523930778e-02 5.286414012228110582e-02 9.274250634506665814e-02
2.168116972010479415e+01 1.000694875495177660e+00 4.262543974690102822e-01 1.760655890378877778e-02 5.105649091383714783e-02 9.562795122645990908e-02
2.199538957111694870e+01 9.995008317663263142e-01 4.264442645658272357e-01 1.883644960819320924e-02 5.244988976586505147e-02 9.476053005960183295e-02
2.230960942212910680e+01 1.000049768042487353e+00 4.266556944234697890e-01 1.798266654513463320e-02 4.902872496263786101e-02 9.251492215754746062e-02
2.262382927314135017e+01 1.001194363316463054e+00 4.263634290194551202e-01 1.961784636207116600e-02 5.151993978418623749e-02 9.340705933214157874e-02
2.293804912415365393e+01 1.000739118636566172e+00 4.262659698470723235e-01 1.876681920433788051e-02 5.155019838739145072e-02 9.269967729155789704e-02
2.325226897516580848e+01 1.000426417461700801e+00 4.265620683297811633e-01 1.801401599950443536e-02 5.046650207744790562e-02 9.104894520547804349e-02
2.356648882617795948e+01 1.000919823082714322e+00 4.268103472891320860e-01 1.776442917668915114e-02 5.281450172453663883e-02 9.035312403561750194e-02
2.388070867719027035e+01 1.001112939846835692e+00 4.265413885635704339e-01 1.742472047069433191e-02 5.380312339052233106e-02 9.275906764391833592e-02
2.419492852820251017e+01 9.998682402819697446e-01 4.266000251170120605e-01 1.677516251861524421e-02 5.248394581435048695e-02 9.403042232554385815e-02
2.450914837921466471e+01 9.998076616445880083e-01 4.272994952022437509e-01 1.657700291946909155e-02 5.327053778765246383e-02 8.983899534497853667e-02
2.482336823022681216e+01 9.994943111289301685e-01 4.269278729542387851e-01 1.718631136925100056e-02 5.428558938950119039e-02 8.976096678226078152e-02
2.513758808123904487e+01 1.000005597049351769e+00 4.277721288465563543e-01 1.887034334924858267e-02 5.545207803579588896e-02 9.391105892101660191e-02
2.545180793225136995e+01 9.999827260673832541e-01 4.272133170887301712e-01 1.855410846347632647e-02 5.474099878385793594e-02 9.533708809411250984e-02
2.576602778326352094e+01 9.995906745163837259e-01 4.269125663401919790e-01 1.791895715572554282e-02 5.497891229268001001e-02 9.449739090766071103e-02
2.608024763427566839e+01 1.000919356276269934e+00 4.269868735039555885e-01 1.699843956943666162e-02 5.411495764184148100e-02 9.602747149908456847e-02
2.639446748528800057e+01 1.000298417995048483e+00 4.267090517697559315e-01 1.773399567546803460e-02 5.366241720827444328e-02 9.552278147279008591e-02
2.670868733630022973e+01 9.988553105370128193e-01 4.266315091386329583e-01 1.671457163933053741e-02 5.531447141281956720e-02 9.300060818432866194e-02
2.702290718731237718e+01 9.987770180413708676e-01 4.257890981678575382e-01 1.715570740443882539e-02 5.409519656741083177e-02 9.268832018939786310e-02
2.733712703832452107e+01 9.980495262123487699e-01 4.263793110095380201e-01 1.729441509400994614e-02 5.296626678484933626e-02 9.175641190815063408e-02
2.765134688933673957e+01 9.984214479087863969e-01 4.263207949496868321e-01 1.665697540792432027e-02 5.201072724703942329e-02 9.048494799895971663e-02
2.796556674034908951e+01 9.988109141439981409e-01 4.263787007230829817e-01 1.617799825757592833e-02 5.307989899726858751e-02 9.382600528718805510e-02
2.827978659136123341e+01 9.982779472594249803e-01 4.265772422727960311e-01 1.610624443956310686e-02 5.715586744317924933e-02 9.528971505670380537e-02
2.859400644237337730e+01 9.988728340524332117e-01 4.264396322046737908e-01 1.698149054485605103e-02 5.413175646463853907e-02 9.527524224651771900e-02
2.890822629338572369e+01 9.986744606337678576e-01 4.270858715098918013e-01 1.723637417761612542e-02 5.688873315183656104e-02 9.438522907645430227e-02
2.922244614439794574e+01 9.987496065052289262e-01 4.266684096588288511e-01 1.754984972971208521e-02 5.670150899380028975e-02 9.440252534275639373e-02
2.953666599541008964e+01 9.992980546751861759e-01 4.266707517578455233e-01 1.901293831166272000e-02 5.555809125842683938e-02 9.649793663484801387e-02
2.985088584642223353e+01 9.989038638939029546e-01 4.252745026549623608e-01 1.863664015773252094e-02 5.468738267348225573e-02 9.124632418299258307e-02
3.016510569743444847e+01 9.984027449429810908e-01 4.258768144499199271e-01 1.654621046856608046e-02 5.198044887499066874e-02 9.069568723862836412e-02
3.047932554844680908e+01 9.990377962852428073e-01 4.264950216050503728e-01 1.583854044340271203e-02 5.326689893568252454e-02 9.237668901637612062e-02
3.079354539945894587e+01 1.000185337123551399e+00 4.264382563317788977e-01 1.659420502128843358e-02 5.118646497536945283e-02 9.220262643889329257e-02
3.110776525047108265e+01 9.994407800465351377e-01 4.256051637655135500e-01 1.806826109864530933e-02 5.033636928794878174e-02 9.284762986224519288e-02
3.142198510148345392e+01 9.989035689851047950e-01 4.264999465981654247e-01 1.670267234291433409e-02 5.126460297071980254e-02 9.200638435899112511e-02
3.173620495249566531e+01 9.980930825260232453e-01 4.265097226312175027e-01 1.786889015222628899e-02 5.087333317862555160e-02 9.311719128420638258e-02
3.205042480350780210e+01 9.977149052942204666e-01 4.266353761833341918e-01 1.691954426660723099e-02 5.079000259538169609e-02 9.195697619383585986e-02
3.236464465451993533e+01 9.986945239881670489e-01 4.256559396846172905e-01 1.477251825271548927e-02 4.959501772561623195e-02 9.381313486361383958e-02
3.267886450553214672e+01 1.000214056574962207e+00 4.258022754244055186e-01 1.735944637474323357e-02 5.035442080641531343e-02 9.264161535584730656e-02
3.299308435654452154e+01 9.992716159772973006e-01 4.255493779833631751e-01 1.763421298336351195e-02 5.230512756305666366e-02 9.019532310960515220e-02
3.330730420755665477e+01 1.000279539183427380e+00 4.259809658446216396e-01 1.662136523210998307e-02 5.387221286125886549e-02 9.113414173592106204e-02
3.362152405856879511e+01 1.000436601286515792e+00 4.261006316940128547e-01 1.723505111339038165e-02 5.499728281753311215e-02 9.223107132957837628e-02
3.393574390958117704e+01 1.000898105393234427e+00 4.260927590543490129e-01 1.945707689440160162e-02 5.449954153790319278e-02 9.558458651227544345e-02
3.424996376059337422e+01 1.000789389977030819e+00 4.262910192105431317e-01 1.954232806016403812e-02 4.981842330128714164e-02 9.618462224658973214e-02
3.456418361160551456e+01 9.999035617632121564e-01 4.264385997715634535e-01 1.903732650579454191e-02 4.992573993776975444e-02 9.284717183236260163e-02
3.487840346261764779e+01 1.000077540015564814e+00 4.259753888032065117e-01 1.815236037440752861e-02 5.204218856672009758e-02 9.102240801422709082e-02
3.519262331362985208e+01 9.993158745399177700e-01 4.262532592244301366e-01 1.820468899363698878e-02 5.012656017113730628e-02 9.091707035924438685e-02
3.550684316464224111e+01 1.000081870229588388e+00 4.261216361926030705e-01 1.831495272273506864e-02 5.232816882700827565e-02 9.220977614968413338e-02
3.582106301565436723e+01 1.000800235846165176e+00 4.258098013661155701e-01 1.936041804449533874e-02 5.380726006179942233e-02 9.331624020657701413e-02
3.613528286666650047e+01 1.000569361716869166e+00 4.258743384568795531e-01 1.762335471217200272e-02 5.080847286882183428e-02 9.409938698815778491e-02
3.644950271767889660e+01 9.999907142574537833e-01 4.261027954224630987e-01 1.967426736079283187e-02 5.086441149364932801e-02 9.403403082542119429e-02
3.676372256869109378e+01 9.999424723153194083e-01 4.258743174572241497e-01 1.885278260086299326e-02 5.287114058751798268e-02 9.288754697097259538e-02
3.707794241970322702e+01 9.996787307556947999e-01 4.260716820525419779e-01 1.875548116052245737e-02 5.438470578783429626e-02 9.396359998161846194e-02
3.739216227071536025e+01 9.996894237402202954e-01 4.264503291538538354e-01 1.925332065397766454e-02 5.550646982005585928e-02 9.380898819778024644e-02
3.770638212172755743e+01 1.000623486963773567e+00 4.256848589568950625e-01 1.798556267269310616e-02 5.758781322041590933e-02 9.439032089750551413e-02
3.802060197273995357e+01 1.001248968035456599e+00 4.244910742749709587e-01 1.808765570842806036e-02 5.860985802146347068e-02 9.407633703330796349e-02
3.833482182375208680e+01 1.001955750564359482e+00 4.243093330747473857e-01 1.780516781202621732e-02 5.399075472378157131e-02 9.018865287519620133e-02
3.864904167476421293e+01 1.000780291726481863e+00 4.253515321824787310e-01 1.707626061074793075e-02 5.001033554505068812e-02 9.200629606181490172e-02
3.896326152577661617e+01 9.994133210762620179e-01 4.252793830407268216e-01 1.653110786913077057e-02 4.913431514993363280e-02 9.346354945475365827e-02
3.927748137678880624e+01 9.995396898536377250e-01 4.268338363092782917e-01 1.556203249404572962e-02 5.102356079678359996e-02 9.514738067925070097e-02
3.959170122780093948e+01 9.998456645040006974e-01 4.259125840707073118e-01 1.726025129615754369e-02 5.159428255241097633e-02 9.379622676705472173e-02
3.990592107881307271e+01 1.000097283916101754e+00 4.247275570596523164e-01 1.742329703485206993e-02 5.058917789802554188e-02 9.084850095920500579e-02
4.022014092982526279e+01 9.996090071717258496e-01 4.256582493266695133e-01 1.626610097961084939e-02 5.068355027880049046e-02 9.104564521793320764e-02
4.053436078083766603e+01 9.992136259514633467e-01 4.252168502782008308e-01 1.854146462378714749e-02 5.012205967006327922e-02 9.374497288046525212e-02
4.084858063184979926e+01 1.000107804481552121e+00 4.256663578687829297e-01 1.786755032973654997e-02 5.030771404957590925e-02 9.259639966345446782e-02
4.116280048286192539e+01 1.000757128108473726e+00 4.263435407899421881e-01 1.659438917000409866e-02 5.077388473714372630e-02 9.366745659900443943e-02
4.147702033387434284e+01 1.000729457103920916e+00 4.269824809807131749e-01 1.562446662644416395e-02 5.094689466888167872e-02 9.354087524991828995e-02
4.179124018488651160e+01 9.987779817314994535e-01 4.271710166856983459e-01 1.796217125317331118e-02 5.079294624919174911e-02 9.178800066450282236e-02
4.210546003589865194e+01 9.989517001333949597e-01 4.267863502639526740e-01 1.846654217879280593e-02 5.038065671762934766e-02 9.139134855305076910e-02
4.241967988691081359e+01 9.992769147339617408e-01 4.273853858533896988e-01 1.901001625194928546e-02 5.170816809016783033e-02 9.147991370821668966e-02
4.273389973792296104e+01 9.998572058082445535e-01 4.269609030439015518e-01 1.895092405960075929e-02 5.364794588413155513e-02 9.245910066103774083e-02
4.304811958893537849e+01 1.000455290774914241e+00 4.271794287382260080e-01 1.861481010318619816e-02 5.466945110156985754e-02 9.450653595440310084e-02
4.336233943994754014e+01 1.000284255948392653e+00 4.275710615385692193e-01 1.943233341580684337e-02 5.541668049817115999e-02 9.325817963040075598e-02
4.367655929095963785e+01 1.000362804582882736e+00 4.281343398182997917e-01 1.853052221710728073e-02 5.587412162296394313e-02 9.309077292074402488e-02
4.399077914197205530e+01 1.000766078229120781e+00 4.281974628488303680e-01 1.649076225684714334e-02 5.624341739369894538e-02 9.369349397869390639e-02
4.430499899298419564e+01 1.000477128290036211e+00 4.274974868211050549e-01 1.705592408535092433e-02 5.053040554634751630e-02 9.527462279110469889e-02
4.461921884399636440e+01 9.993932415445677675e-01 4.270699905286245990e-01 1.669737875199854907e-02 4.910829740648421649e-02 9.156601844588006800e-02
4.493343869500854026e+01 9.991899290865213779e-01 4.271690121007767349e-01 1.680411822732614038e-02 5.309542778395139745e-02 9.283113573257610607e-02
4.524765854602066639e+01 9.991621279475755291e-01 4.259723088091293408e-01 1.781936113253642512e-02 4.989802437534057028e-02 8.886342265849980770e-02
4.556187839703309095e+01 9.994952621956536554e-01 4.267038347849529401e-01 1.631849925164909412e-02 4.893298342683324170e-02 8.886184918334351368e-02
4.587609824804516734e+01 9.997122144787113918e-01 4.261623689633100565e-01 1.767476226808966169e-02 5.056062178157355591e-02 9.252062735259919402e-02
4.619031809905735031e+01 9.997910219681532817e-01 4.266461299265952856e-01 1.685262557686473608e-02 5.122464216978925983e-02 9.317546287321749887e-02
4.650453795006977487e+01 1.000798606456793527e+00 4.271073968978829072e-01 1.705959911854293409e-02 4.709246547640473513e-02 9.198815977247364051e-02
4.681875780108188678e+01 9.999160379671331311e-01 4.271881655453393933e-01 1.714341175437671116e-02 4.975698398238385944e-02 9.042253957760999772e-02
4.713297765209407686e+01 9.994107186652280150e-01 4.280369273822856035e-01 1.708424536515933470e-02 5.115671508684307978e-02 9.457172254182952265e-02
