-1.064213254900096750e+01 2.903535454206928712e+00 1.000000000000000000e+00 1.281668687189127130e-03 -3.401211863898760592e-03 -8.615750632563525793e-04
-1.058844166299262746e+01 2.898598640115891190e+00 1.089238788039251782e+00 -1.672901746406818156e-03 1.571417370178324752e-02 2.075240309575782007e-03
-1.053496468489667315e+01 2.880936634290517162e+00 1.170106555849843799e+00 -4.984776888130406682e-03 3.212474002779492493e-02 7.027730572847353148e-03
-1.048148770680071884e+01 2.864914230302557208e+00 1.251102370762924521e+00 -8.076879921795463227e-03 4.706970493217774859e-02 9.523529563350506197e-03
-1.042801072870476453e+01 2.849334166427984094e+00 1.328392721396873144e+00 -1.093425026618902694e-02 6.036966529997350728e-02 1.260799087783953491e-02
-1.037453375060881022e+01 2.834771058441208691e+00 1.405223975319525476e+00 -1.324025987295180361e-02 6.938554964423072902e-02 1.343158380730506522e-02
-1.032105677251285414e+01 2.820803554775056732e+00 1.481048834905145162e+00 -1.426691925942897600e-02 8.290366688761004188e-02 1.604621435762001655e-02
-1.026757979441689450e+01 2.807552354948267048e+00 1.555722627013835346e+00 -1.554731326862154872e-02 8.760794348614124594e-02 1.643387971272993950e-02
-1.021431672423331527e+01 2.798789187482805030e+00 1.631907014256542388e+00 -1.600650693414121251e-02 9.543385622272870794e-02 1.790141098721147878e-02
-1.016083974613735208e+01 2.789744244945342011e+00 1.706465639723682814e+00 -1.613745564690037895e-02 1.013865741436182910e-01 1.895141591098200781e-02
-1.010736276804138711e+01 2.784998238933835690e+00 1.787428885316699079e+00 -1.891748710310095158e-02 1.067244793874537606e-01 1.780429163961809100e-02
-1.005388578994542392e+01 2.776282067252203944e+00 1.857968856219819109e+00 -2.014483390852931169e-02 1.085087439924522917e-01 1.583889009130057604e-02
-1.000040881184945896e+01 2.768796281078054200e+00 1.927588140838726094e+00 -2.102421202795239433e-02 1.156398380337023274e-01 1.512908290352125464e-02
-9.946931833753499319e+00 2.762906587413139547e+00 1.998688028005406458e+00 -2.105829582656916499e-02 1.236131326112389073e-01 1.304782233299111270e-02
-9.893454855657552116e+00 2.758389160324108857e+00 2.070295549428568638e+00 -2.133291538466789913e-02 1.294421109087241506e-01 1.500034764164211165e-02
-9.839977877561610242e+00 2.754930515175429306e+00 2.140001085139059178e+00 -2.267407129323778525e-02 1.356545286490989932e-01 1.470320040638400418e-02
-9.786500899465664816e+00 2.749439071517077338e+00 2.205959819109591713e+00 -2.382390144122430511e-02 1.365834112388564503e-01 1.482408409466426900e-02
-9.733023921369719389e+00 2.746396035135824309e+00 2.271294377138672882e+00 -2.246253609174689650e-02 1.430324012194644501e-01 1.333450358901037795e-02
-9.679333035361388227e+00 2.747735882622463155e+00 2.339325608433191483e+00 -2.136002544238229175e-02 1.470017220376356459e-01 9.761017751139343737e-03
-9.625856057265442800e+00 2.744373434990610594e+00 2.400591115826501198e+00 -2.063471604294786141e-02 1.502258811514768089e-01 8.160073010410835714e-03
-9.572379079169500926e+00 2.741630525052261902e+00 2.462834376038281814e+00 -2.138274750228146004e-02 1.518764694305416163e-01 7.656299977054335966e-03
-9.518902101073553723e+00 2.739690011516545898e+00 2.524850264008749345e+00 -2.254275256844406883e-02 1.545117435732327460e-01 7.004950732158323791e-03
-9.465425122977611849e+00 2.739969951733676190e+00 2.589307749888007937e+00 -2.362509145858808154e-02 1.579176755578261260e-01 8.111654019896644488e-03
-9.411948144881664646e+00 2.740230170809864862e+00 2.649616877228441858e+00 -2.321363979728814295e-02 1.597091043534294152e-01 6.810937464219236383e-03
-9.358471166785720996e+00 2.740917696756393518e+00 2.705685838037610313e+00 -2.201187097127257908e-02 1.585771785418384205e-01 7.608252925903723728e-03
-9.304994188689770240e+00 2.744082933692862269e+00 2.767849003018707066e+00 -2.229691438541396564e-02 1.618381784226224362e-01 6.661553185262442285e-03
-9.251517210593810603e+00 2.744997099026809551e+00 2.825932157340551587e+00 -2.093062568426844530e-02 1.646749534839586915e-01 6.227992180581634618e-03
-9.198040232497833202e+00 2.741876129304096743e+00 2.873755940540350995e+00 -1.966887735826909622e-02 1.648821363712642818e-01 4.843183925735281871e-03
-9.144563254401845143e+00 2.742277673881058586e+00 2.926011107472271888e+00 -1.845761640631060976e-02 1.709562140408232844e-01 3.513378679281017880e-03
-9.091300184218251701e+00 2.742982319876478225e+00 2.977583991488190751e+00 -1.811029566029718346e-02 1.740942663733689999e-01 2.033795217367776947e-05
-9.037823206122263642e+00 2.743986681420226503e+00 3.026786214311330880e+00 -1.762855510265321987e-02 1.720885438223666020e-01 1.104976174242733008e-03
-8.984346228026282688e+00 2.744171738154784101e+00 3.075700707984111659e+00 -1.586862783567707588e-02 1.750592238281375168e-01 -1.178341477123795835e-03
-8.930869249930303511e+00 2.746494813371016086e+00 3.124650177731934431e+00 -1.286207399598500965e-02 1.783697877646939489e-01 -4.031119823359743774e-03
-8.877392271834313675e+00 2.749629206073673782e+00 3.173042550743902623e+00 -1.122304898452549347e-02 1.812149824967497214e-01 -1.677272136016550287e-03
-8.823915293738336274e+00 2.752813590811833411e+00 3.218044590116564407e+00 -9.787717994251614664e-03 1.790807606342605662e-01 -2.175552709709892285e-03
-8.770438315642348215e+00 2.755442209918942176e+00 3.263451688248248050e+00 -8.680724325177522835e-03 1.822785963452501212e-01 -5.412219449655916031e-03
-8.716961337546369037e+00 2.759919580908181125e+00 3.310311776489275104e+00 -7.941397247952140803e-03 1.877372629353716571e-01 -3.751546551421910871e-03
-8.663484359450386307e+00 2.762708290704830816e+00 3.352040165912854253e+00 -7.867833175692244899e-03 1.857996354356308277e-01 -3.869763403086932344e-03
-8.610007381354401801e+00 2.767463389188936418e+00 3.397045132329648887e+00 -7.577110062759507408e-03 1.894394644537857886e-01 -2.658365884748445287e-03
-8.556530403258419071e+00 2.774596197817008836e+00 3.444148949958466321e+00 -7.337718797844013964e-03 1.896550891188115429e-01 -3.033232153061461798e-03
-8.503053425162432788e+00 2.777103154327829060e+00 3.481812016492616291e+00 -6.496957621169988963e-03 1.918704889397030433e-01 -4.467291393922811875e-03
-8.449576447066450058e+00 2.780097245381212279e+00 3.517353328539711832e+00 -5.606252415544674995e-03 1.900543635228174599e-01 -4.689040532951029017e-03
-8.396099468970474433e+00 2.780172751888821292e+00 3.541031087533551780e+00 -3.310447336487987863e-03 1.868535342481324191e-01 -4.844787364919036533e-03
-8.342622490874484598e+00 2.783881062629838254e+00 3.572792706258165474e+00 -3.279781635414891119e-03 1.864034649638961483e-01 -7.560047530003504053e-03
-8.289145512778501868e+00 2.786011875187528908e+00 3.605446708223907226e+00 -2.411113809892993700e-03 1.873091933581247093e-01 -5.581555085435545988e-03
-8.235668534682520914e+00 2.786915517692740707e+00 3.637407409970471406e+00 3.879099088146449885e-04 1.942737816631183723e-01 -7.316937927891928144e-03
-8.182191556586539960e+00 2.788983833769873133e+00 3.665532474128474050e+00 2.288881810059440467e-04 1.913530014952060376e-01 -8.223621467354272005e-03
-8.128714578490548348e+00 2.793915293415279333e+00 3.698589467994174651e+00 1.686435039552900252e-03 1.941936667362467450e-01 -7.436298873536837523e-03
-8.075237600394576276e+00 2.796668518319735064e+00 3.722979027146039677e+00 2.214806293183479383e-03 1.974408972125829276e-01 -8.578897899143957465e-03
-8.021760622298591770e+00 2.795570818399892854e+00 3.738516300624998845e+00 3.787624980915779010e-03 1.992929560339632700e-01 -9.626445335061529704e-03
-7.968283644202601934e+00 2.801679854625528598e+00 3.773999170765639288e+00 4.155243751053462782e-03 2.007811166311090079e-01 -8.093139839469125352e-03
-7.914806666106617428e+00 2.804744856674154185e+00 3.799066144119337629e+00 4.794245634570066562e-03 2.069321950434080959e-01 -7.972387639218788194e-03
-7.861329688010697758e+00 2.807410881070924180e+00 3.824268742704703516e+00 6.072883903748899775e-03 2.094016542156485194e-01 -1.058346035948147523e-02
-7.807852709914798517e+00 2.810816483589692716e+00 3.845796549953483634e+00 7.211929121764173133e-03 2.138357663692722621e-01 -1.090777191617443853e-02
-7.754375731818890394e+00 2.813999065859632331e+00 3.872606454563594980e+00 7.780557395768866041e-03 2.157245945222314998e-01 -1.185875470434782919e-02
-7.700898753722977830e+00 2.818906965793788189e+00 3.899044843795171023e+00 8.859994875893728583e-03 2.136830962418472535e-01 -1.318397161645008635e-02
-7.647421775627068818e+00 2.821049718998175138e+00 3.919848255193191466e+00 1.036588351810014373e-02 2.096543061211707804e-01 -1.244734904590401835e-02
-7.593944797531171353e+00 2.822072963064562234e+00 3.930489378084423446e+00 1.091518380954626700e-02 2.101930410112506920e-01 -1.429658308008052714e-02
-7.540467819435262342e+00 2.822509943138547861e+00 3.946392930015319322e+00 1.101022748221951349e-02 2.120278337769152532e-01 -1.440720801287895259e-02
-7.486990841339349778e+00 2.825095488739594707e+00 3.966997163252455660e+00 1.067607685265282123e-02 2.171595864978516366e-01 -1.591066805102468729e-02
-7.433513863243440767e+00 2.830897664382202805e+00 3.990755717284323545e+00 1.084489077716344237e-02 2.165773473030790652e-01 -1.331095188840162279e-02
-7.380036885147543302e+00 2.834374729130336501e+00 4.008494250880705323e+00 1.155757948536422115e-02 2.205986541503710818e-01 -1.555915269381374748e-02
-7.326559907051635179e+00 2.834795796619537178e+00 4.024735614089584246e+00 1.153525343797850988e-02 2.152736045394564035e-01 -1.307607898511468220e-02
-7.273082928955721727e+00 2.840716292469976256e+00 4.047790998446304300e+00 1.354432068680202182e-02 2.209186891407053377e-01 -1.218197784587802222e-02
-7.219392042947425203e+00 2.840225899644932994e+00 4.052679075074377302e+00 1.397243753980495495e-02 2.226869346646349335e-01 -1.176571314064378017e-02
-7.165915064851528626e+00 2.841408694393797063e+00 4.062558538380176110e+00 1.428666239154574406e-02 2.210566402141182218e-01 -1.392087425796722892e-02
-7.112438086755619615e+00 2.843113046041636949e+00 4.068852601397201063e+00 1.562712356244364345e-02 2.215801582408667425e-01 -1.380934037461754860e-02
-7.058961108659705275e+00 2.846448179998736006e+00 4.084742779419153536e+00 1.654646360717046405e-02 2.208515223310895392e-01 -1.409272791838238857e-02
-7.005484130563795375e+00 2.847915462065425896e+00 4.098172915635918123e+00 1.864295972025378431e-02 2.212731335899340568e-01 -1.428977931868830042e-02
-6.952007152467900575e+00 2.846417283320973546e+00 4.101426624076661476e+00 2.039335373681188529e-02 2.222310021995505258e-01 -1.631819375894020749e-02
-6.898530174371991563e+00 2.849529866958617763e+00 4.112413532210466016e+00 1.945188474967975839e-02 2.233923451864091303e-01 -1.731723020113398043e-02
-6.845053196276078111e+00 2.851955780232937165e+00 4.121599277148852103e+00 2.050980084955583357e-02 2.285059548765866755e-01 -2.092755228158519817e-02
-6.791576218180169988e+00 2.853809818189004588e+00 4.135578016590749861e+00 1.969745637651180645e-02 2.282080230045914482e-01 -1.849478678170349971e-02
-6.738099240084271635e+00 2.857036113399700206e+00 4.149942999530638055e+00 1.855746011226687073e-02 2.262608320294071385e-01 -1.835074638660256011e-02
-6.684622261988363512e+00 2.861232732165129633e+00 4.158512935215746609e+00 1.972449698032586324e-02 2.195836529087570321e-01 -1.638204946875273030e-02
-6.631145283892453612e+00 2.862471041392993687e+00 4.164837116672130080e+00 1.967102979305148172e-02 2.225967310026943924e-01 -1.555722227643265530e-02
-6.577668305796539272e+00 2.865923772848700146e+00 4.171308177498307401e+00 1.824587680852672936e-02 2.263653762634778854e-01 -1.619567643459412370e-02
-6.524191327700645360e+00 2.870221660802525943e+00 4.188561200910195126e+00 1.820980329675129378e-02 2.293355026408065156e-01 -1.738997759368733284e-02
-6.470714349604731019e+00 2.873541376782231982e+00 4.197831183455361881e+00 1.849177847643941608e-02 2.307077440981100125e-01 -1.720777988884764423e-02
-6.417237371508821120e+00 2.879779496824851126e+00 4.216442275603849765e+00 1.901865805789232713e-02 2.304450740814676379e-01 -1.628850012917228487e-02
-6.363760393412915661e+00 2.878388845161377940e+00 4.221041953189812013e+00 1.840472650964695631e-02 2.303723205358879922e-01 -1.689262313474812136e-02
-6.310283415317011091e+00 2.884475442556727387e+00 4.238591548324037284e+00 1.838802285638377679e-02 2.274292950310371764e-01 -1.581770506462805426e-02
-6.256806437221106520e+00 2.884225497563055018e+00 4.243550354077513020e+00 1.890084852081909406e-02 2.262389045815230704e-01 -1.722828103476999745e-02
-6.203329459125200174e+00 2.883572882846848096e+00 4.239569962794671021e+00 1.860981993085813677e-02 2.239027814580991649e-01 -1.929459386087830491e-02
-6.149852481029283169e+00 2.886575299922567783e+00 4.245833804292060698e+00 1.816550954502653414e-02 2.243711295462077482e-01 -1.874080912757819864e-02
-6.096375502933391033e+00 2.892042454306220645e+00 4.253101441344173672e+00 2.060100724928578056e-02 2.320694326270628383e-01 -2.052675016015275897e-02
-6.042898524837471363e+00 2.892563663227220694e+00 4.259749312543918087e+00 2.136225877655087771e-02 2.300248069648680449e-01 -1.752197915833665978e-02
-5.989421546741564129e+00 2.891831699494356478e+00 4.260461727206060978e+00 2.200855890814958429e-02 2.294043834163640161e-01 -2.178038270009468799e-02
-5.935944568645662223e+00 2.896166990833195065e+00 4.267478894539189049e+00 2.329711635344398554e-02 2.282567304914313311e-01 -1.949471707531352793e-02
-5.882467590549752323e+00 2.898973975376039292e+00 4.273677150359328714e+00 2.505449018579494411e-02 2.305558412816398617e-01 -1.763635061592671097e-02
-5.828990612453850417e+00 2.899949791999534732e+00 4.269056641986902711e+00 2.667691204959736842e-02 2.304772248340968555e-01 -1.834159895934362947e-02
-5.775513634357945847e+00 2.904923626179057639e+00 4.280859298922554679e+00 2.529564589469383493e-02 2.359740837394027901e-01 -2.200573101357374342e-02
-5.722036656262025289e+00 2.904787789905734385e+00 4.277410468215347983e+00 2.471131925232443807e-02 2.345016975756982758e-01 -1.995290671805928159e-02
-5.668559678166134042e+00 2.904700616851736417e+00 4.276209822403917116e+00 2.478153271208318256e-02 2.274713047721705628e-01 -1.808657167853297901e-02
-5.615082700070212596e+00 2.906108493250286973e+00 4.275377025270549858e+00 2.465132569901242257e-02 2.321392904701754800e-01 -2.080191474598414372e-02
-5.561605721974308025e+00 2.906617515376321847e+00 4.275208001664945634e+00 2.435219364625717045e-02 2.364681999193077033e-01 -2.024059417489436005e-02
-5.508128743878407896e+00 2.907435768563366718e+00 4.278768661507662330e+00 2.450087974160630733e-02 2.412354642801278759e-01 -2.017848306362262853e-02
-5.454651765782495332e+00 2.907387160972343843e+00 4.277794161075504142e+00 2.515304416561282841e-02 2.442459461500257056e-01 -2.113553152020788972e-02
-5.401174787686595202e+00 2.906410352652361695e+00 4.275272806676574611e+00 2.530816491553314340e-02 2.408904509622114276e-01 -2.073609207270168953e-02
-5.347697809590692408e+00 2.903443996764480950e+00 4.262874583048517074e+00 2.551344639343192111e-02 2.469877657725393083e-01 -2.036341435452843421e-02
-5.294220831494768298e+00 2.906837841604251071e+00 4.265801991351794165e+00 2.541493475563386117e-02 2.450285845401222462e-01 -1.947627429923370554e-02
-5.240743853398878827e+00 2.905807958987550066e+00 4.262131474962109756e+00 2.575776710069628897e-02 2.422525094477512575e-01 -1.556786668696570446e-02
-5.187266875302954716e+00 2.908049641230124660e+00 4.269859931222298677e+00 2.632415545860402120e-02 2.415226562506911090e-01 -1.514008492458053523e-02
-5.133789897207051922e+00 2.910886024427955299e+00 4.267758602466872553e+00 2.689403441154739408e-02 2.410525578041452510e-01 -1.292372105644600845e-02
-5.080312919111153569e+00 2.910938731365670495e+00 4.266457996295367927e+00 2.811368141550272745e-02 2.407599284419427998e-01 -1.534378737044067055e-02
-5.026835941015237452e+00 2.910879641274884744e+00 4.272992408117344709e+00 2.770671561040796357e-02 2.445871907010287727e-01 -1.649260533570709106e-02
-4.973358962919338211e+00 2.911651631619654346e+00 4.268293774000058605e+00 2.864464720785009702e-02 2.396237645194888577e-01 -1.580064324605700773e-02
-4.919881984823438081e+00 2.912246443097668891e+00 4.267259850482397532e+00 2.781602758376573378e-02 2.444428265219261431e-01 -1.511641672649128264e-02
-4.866405006727511307e+00 2.910030892291126214e+00 4.257744923304167983e+00 2.976182837804046757e-02 2.426913131113629662e-01 -1.682109853578336520e-02
-4.812928028631622723e+00 2.911609891680525308e+00 4.261438575254904215e+00 2.853485393157843483e-02 2.413620139818598298e-01 -1.847658920373684843e-02
-4.759451050535695060e+00 2.914953980668685052e+00 4.267838383609026565e+00 2.823065977954394498e-02 2.473929180785982007e-01 -1.855232848546881086e-02
-4.705974072439794931e+00 2.916148489156987988e+00 4.268843179414695932e+00 2.791862451994716124e-02 2.488823152379446846e-01 -1.747279865152407893e-02
-4.652497094343898354e+00 2.913074668369301179e+00 4.260957857332482668e+00 2.845385382841827612e-02 2.454142205786233044e-01 -1.851892906287182922e-02
-4.599020116247978684e+00 2.911143831360385903e+00 4.252384056657508182e+00 2.803755596365077249e-02 2.482541073108823770e-01 -1.909068871970106065e-02
-4.545543138152081220e+00 2.909369167570088788e+00 4.251538399508547172e+00 2.851503289849412551e-02 2.492095075954426642e-01 -1.981908578152035902e-02
-4.492066160056182866e+00 2.908708039604856133e+00 4.246517070886961065e+00 2.856743225835908784e-02 2.523268128714023506e-01 -1.947048225524900325e-02
-4.438589181960255203e+00 2.907747737979570868e+00 4.245139199288407994e+00 2.839153902906608670e-02 2.548960434476498782e-01 -1.941171474566162278e-02
-4.385112203864366620e+00 2.907669271133531907e+00 4.252594572574668774e+00 2.753253197745049799e-02 2.529930289600657578e-01 -1.813277953356095054e-02
-4.331635225768437181e+00 2.908779809183031695e+00 4.249967221872013035e+00 2.772536831044228670e-02 2.422468656172964419e-01 -1.518678024967256603e-02
-4.278158247672538828e+00 2.908444449866429249e+00 4.253353225606951504e+00 2.934446725820120602e-02 2.392417507366370322e-01 -1.522368689452575051e-02
-4.224681269576643139e+00 2.904215065530145523e+00 4.246259320998638565e+00 2.963165439750116079e-02 2.372552770759809582e-01 -1.407363932534558965e-02
-4.171204291480722581e+00 2.903838030887008426e+00 4.242828003134247794e+00 2.827324629617380958e-02 2.349587968061533916e-01 -1.402112888566190568e-02
-4.117727313384825116e+00 2.907333108891005935e+00 4.248486506163653864e+00 2.774349558293523477e-02 2.350285717470157187e-01 -1.496729864710917741e-02
-4.064250335288927651e+00 2.909889279975631293e+00 4.258533793588097360e+00 2.766269171876145627e-02 2.339509812458434590e-01 -1.523999402848912575e-02
-4.010773357192997324e+00 2.909150195196034794e+00 4.259035826822225701e+00 2.658705791942229599e-02 2.353526182258290078e-01 -1.548050177509248393e-02
-3.957296379097110073e+00 2.912417401095641623e+00 4.263276496344506228e+00 2.568541213760608746e-02 2.339700987030539914e-01 -1.712386886197766675e-02
-3.903819401001180189e+00 2.909878875608409299e+00 4.258166999421200138e+00 2.688089042951630203e-02 2.346194309096980846e-01 -1.736042948646435852e-02
-3.850342422905282724e+00 2.911038737408361943e+00 4.261666406508129334e+00 2.638764932407344777e-02 2.382794218756529026e-01 -1.976613959787077920e-02
-3.796865444809387924e+00 2.908942946322194079e+00 4.252373402137075153e+00 2.787939050619743162e-02 2.404649640535921895e-01 -2.076859030227171457e-02
-3.743388466713463814e+00 2.912021440170486919e+00 4.262892950019872451e+00 2.578699022801502275e-02 2.388237639502609755e-01 -2.041595764588689452e-02
-3.689911488617569013e+00 2.913235723405152466e+00 4.268546195901480544e+00 2.419305314236747106e-02 2.380788757664041022e-01 -1.860672820781890391e-02
-3.636434510521672880e+00 2.914933633063090390e+00 4.272926854353161552e+00 2.599596025526786439e-02 2.338420672205776540e-01 -1.577267750651725059e-02
-3.582957532425741221e+00 2.913312249799637321e+00 4.273882005203673451e+00 2.680059315114655463e-02 2.329829916830042646e-01 -1.329541440671987672e-02
-3.529480554329854858e+00 2.915472948358389882e+00 4.273233331777618993e+00 2.849248194438927517e-02 2.293526932321173495e-01 -1.192387416214912149e-02
-3.476003576233922310e+00 2.914953270492943727e+00 4.274615594168350796e+00 2.823661687745756058e-02 2.263659549346844491e-01 -1.332939923883064669e-02
-3.422526598138026177e+00 2.914429138238846306e+00 4.271770982200418842e+00 2.949910942854791496e-02 2.238298825761676769e-01 -1.218294696180704552e-02
-3.369049620042131377e+00 2.911864831180972502e+00 4.263799642760424113e+00 3.045766566577110326e-02 2.193033274151079404e-01 -1.225029920332804285e-02
-3.315572641946207266e+00 2.913021780669685423e+00 4.265901004399269780e+00 3.070627420726572063e-02 2.225709346028724445e-01 -1.426793012091522733e-02
-3.262095663850312466e+00 2.915051286632844185e+00 4.264570743939733788e+00 3.178067155971867758e-02 2.177726989292480819e-01 -1.565956245552333967e-02
-3.208618685754417665e+00 2.915429768963030188e+00 4.261358755220546968e+00 3.119051746177801607e-02 2.185248853458446605e-01 -1.533891761919236978e-02
-3.155141707658485117e+00 2.913694824551280593e+00 4.259568259638424337e+00 3.078348738985509439e-02 2.157275207197742184e-01 -1.546450706443006952e-02
-3.101664729562596090e+00 2.913281980505078916e+00 4.256630544416118767e+00 3.006887605982480616e-02 2.189870113052927447e-01 -1.563502687142251033e-02
-3.048187751466667539e+00 2.913518504123731478e+00 4.259355449195088461e+00 2.945469901643275878e-02 2.187448401534602127e-01 -1.401185992070844849e-02
-2.994710773370770074e+00 2.911166408859818144e+00 4.252976441496160831e+00 2.906397123734938068e-02 2.231591900271534812e-01 -1.405572360720683950e-02
-2.941233795274872609e+00 2.910831946506111212e+00 4.256641460435913515e+00 2.901990929918549580e-02 2.235174092401331913e-01 -1.325432222772056357e-02
-2.887756817178954716e+00 2.911480459022352196e+00 4.256990525317375429e+00 2.806934750953174115e-02 2.219378707830516884e-01 -1.310335722796388859e-02
-2.834279839083056363e+00 2.913851296245749012e+00 4.260282028544199129e+00 2.769231016994036509e-02 2.286705680290831433e-01 -1.654751998605156690e-02
-2.780802860987156233e+00 2.913242085880548338e+00 4.258791450504689990e+00 2.788733865899291342e-02 2.226023301117550368e-01 -1.593064181328312026e-02
-2.727325882891234787e+00 2.916753803072785534e+00 4.261133393198927699e+00 2.647055138881435413e-02 2.232900124016626853e-01 -1.722101173886786754e-02
-2.673848904795341319e+00 2.918922168366813619e+00 4.260284884379373693e+00 2.776856707085166923e-02 2.249121828535812773e-01 -1.587989861785847265e-02
-2.620371926699408771e+00 2.920843027660998015e+00 4.265206220459575093e+00 2.663124990596890326e-02 2.275786163139722762e-01 -1.707985771353385737e-02
-2.566894948603521076e+00 2.921565079145074684e+00 4.265873388959183110e+00 2.530562806825713620e-02 2.315196588690496826e-01 -1.854493766374266245e-02
-2.513417970507620058e+00 2.920081821091585539e+00 4.260021454468033042e+00 2.468141817498974155e-02 2.329135048272733821e-01 -1.817949465586695193e-02
-2.459940992411693728e+00 2.923125928846574517e+00 4.265566597762698642e+00 2.494570601946570834e-02 2.332275572951880982e-01 -1.817310280489402297e-02
-2.406464014315791378e+00 2.923832821827837769e+00 4.270800925386965652e+00 2.389029195371860162e-02 2.343588340545407211e-01 -1.858740363464803438e-02
-2.352987036219907235e+00 2.925362061207771092e+00 4.270435928839550144e+00 2.456372453532590025e-02 2.321092749098978836e-01 -1.664960609810276285e-02
-2.299510058123972467e+00 2.927176094509202020e+00 4.274724307388173550e+00 2.362320550096601648e-02 2.309733301886393309e-01 -1.642688288609747346e-02
-2.246033080028076334e+00 2.925264131365810094e+00 4.268011870510071581e+00 2.367809527877439216e-02 2.281167088580755842e-01 -1.445086018566767334e-02
-2.192556101932161994e+00 2.927187446254522651e+00 4.273912336590123928e+00 2.337637995395669757e-02 2.328130244456907139e-01 -1.636100023916345000e-02
-2.139079123836257423e+00 2.928535991840308661e+00 4.276349618318176837e+00 2.315179875666303552e-02 2.296568174869160206e-01 -1.448447701071187838e-02
-2.085602145740353741e+00 2.929301953453137042e+00 4.277196888066759684e+00 2.292921630545803266e-02 2.332865796201017139e-01 -1.451805016375489615e-02
-2.032125167644446950e+00 2.929832056086913550e+00 4.272919911831367656e+00 2.316106499468595370e-02 2.342900376893827519e-01 -1.569360753103391654e-02
-1.978648189548543490e+00 2.928940485690752382e+00 4.267521463770131085e+00 2.386137679115190799e-02 2.348707701659240865e-01 -1.828098964599325291e-02
-1.925171211452638920e+00 2.927650276753917424e+00 4.264514611774687047e+00 2.297716305428093922e-02 2.334516789237361112e-01 -1.615324566872964121e-02
-1.871694233356729464e+00 2.924419371340134077e+00 4.254413560636732150e+00 2.386382621283350200e-02 2.360284545954225432e-01 -1.424366643839943512e-02
-1.818217255260829779e+00 2.926462421826843574e+00 4.261330474525147238e+00 2.336486470177255234e-02 2.387800909727531284e-01 -1.510490875219572260e-02
-1.764740277164893456e+00 2.925407096522131489e+00 4.256609626489076703e+00 2.303036787497301716e-02 2.375721485640899244e-01 -1.635886746472056674e-02
-1.711263299069014421e+00 2.924580407336420329e+00 4.255324561735488231e+00 2.283111799157650293e-02 2.357861709438835718e-01 -1.499313006568810114e-02
-1.657786320973108518e+00 2.920797975228885957e+00 4.244199538009465478e+00 2.384065544629353564e-02 2.343178546034500043e-01 -1.468662150663750839e-02
-1.604309342877179745e+00 2.919578489033951563e+00 4.242934892800001023e+00 2.377712150271519762e-02 2.357655086627809815e-01 -1.507473330098442477e-02
-1.550832364781272510e+00 2.922006454893538052e+00 4.251132719540371419e+00 2.384234073597299094e-02 2.357988836446026915e-01 -1.497835028339959511e-02
-1.497355386685395917e+00 2.919909616628631799e+00 4.251712510540963663e+00 2.356903365145889342e-02 2.416822243268755555e-01 -1.664732549308806098e-02
-1.443878408589459816e+00 2.922792260591102309e+00 4.261917572373597807e+00 2.279925208658765967e-02 2.411772653592786364e-01 -1.649699712848132216e-02
-1.390401430493557466e+00 2.921776835449328757e+00 4.261372881483901587e+00 2.243965031012047293e-02 2.459653188274771030e-01 -1.902505598141234280e-02
-1.336924452397651786e+00 2.921957670222086190e+00 4.262908179814074217e+00 2.339971007968280614e-02 2.458424139114199214e-01 -1.674635652427687929e-02
-1.283447474301744773e+00 2.924986882072446281e+00 4.273952754479552141e+00 2.387294267358785679e-02 2.480683392201964432e-01 -1.718134132121107438e-02
-1.229970496205836428e+00 2.922729962992193897e+00 4.267027680359483988e+00 2.514124084816511326e-02 2.454171536934877940e-01 -1.658964931123141015e-02
-1.176493518109939185e+00 2.922319992624288432e+00 4.264470992458187837e+00 2.539372775861436712e-02 2.467002472166091309e-01 -1.766265762800582617e-02
-1.123016540014030840e+00 2.920569930273048342e+00 4.259159311303260864e+00 2.620454900211655058e-02 2.452843349383871940e-01 -1.696586342087362531e-02
-1.069539561918121384e+00 2.919309705033156011e+00 4.258872987958300271e+00 2.514612946282763009e-02 2.463792863764014129e-01 -2.040601437765187168e-02
-1.016062583822221699e+00 2.919719911640477061e+00 4.260988497490934002e+00 2.423957382438933841e-02 2.488398886765846030e-01 -1.914065785807278139e-02
-9.625856057263170173e-01 2.917370016386929166e+00 4.254699067658129330e+00 2.557869280694457723e-02 2.477593870425167377e-01 -1.972542254694047148e-02
-9.091086276303795843e-01 2.919108028895624152e+00 4.256960970785142351e+00 2.487232837780610495e-02 2.483740599781339153e-01 -1.745597328149425115e-02
-8.556316495345077655e-01 2.918136737152498661e+00 4.253842254364806230e+00 2.487000300667055463e-02 2.417147103716359158e-01 -1.878299696753783429e-02
-8.021546714385983101e-01 2.916056243901391731e+00 4.247541550045196068e+00 2.465483552237915377e-02 2.405473503945277924e-01 -2.043472167177761908e-02
-7.486776933426645408e-01 2.916380597308110278e+00 4.246302268863291651e+00 2.461316595266206317e-02 2.376715014579863505e-01 -1.791284192826601493e-02
-6.952007152467550855e-01 2.918787711395661955e+00 4.251694766136416170e+00 2.448277058408888582e-02 2.357272228604434805e-01 -1.600409421119435363e-02
-6.417237371508832666e-01 2.918745415273853006e+00 4.253058876723943449e+00 2.451818127332284700e-02 2.375037689652806094e-01 -1.689086869334815999e-02
-5.882467590549458336e-01 2.917500354270142093e+00 4.247857540299518675e+00 2.565757093682435874e-02 2.312668914218876937e-01 -1.839743388009343686e-02
-5.347697809590400420e-01 2.914338534601343955e+00 4.239247424107191797e+00 2.654266715999817686e-02 2.278006459444054943e-01 -1.783877590674936772e-02
-4.812928028631439092e-01 2.913166779368616677e+00 4.239540099554871766e+00 2.546950414071784061e-02 2.294141781693149751e-01 -1.938563792485431883e-02
-4.278158247672320114e-01 2.914306717981196115e+00 4.238474091038424874e+00 2.626600239723493255e-02 2.230109019893141420e-01 -1.668901215707064775e-02
-3.743388466713201135e-01 2.914013846458481716e+00 4.239555817514107261e+00 2.610275632748315644e-02 2.247508651066052465e-01 -2.061908855866098622e-02
-3.208618685754313082e-01 2.913391503607984934e+00 4.242046231590814287e+00 2.512119434019764730e-02 2.277412637626151648e-01 -2.067083961151000224e-02
-2.673848904795181891e-01 2.914408498066757502e+00 4.246090153103128984e+00 2.292553077249190330e-02 2.285527761533615865e-01 -2.065480961029314208e-02
-2.139079123836062912e-01 2.913822684594108203e+00 4.244056964661560905e+00 2.132579183284911972e-02 2.294838510574727375e-01 -2.167759308579052593e-02
-1.604309342877138223e-01 2.912362319776300890e+00 4.242025250968829653e+00 2.066415012571093737e-02 2.224778939576277370e-01 -1.963888334792123977e-02
-1.069539561918043530e-01 2.911429407707113004e+00 4.241608751410259615e+00 1.902629828389296174e-02 2.234247722875513098e-01 -1.992751150620148889e-02
-5.347697809586569873e-02 2.914709207497271581e+00 4.245903803274255317e+00 2.044089180343546669e-02 2.247775952781335962e-01 -1.934622481867047036e-02
0.000000000000000000e+00 2.917506425108898238e+00 4.250103030719306396e+00 2.149257101118484670e-02 2.241027528116753542e-01 -2.011655780952322989e-02
