-8.242049595701043074e+01 3.002655273286053195e+00 1.000000000000000000e+00 -9.171402061964184374e-04 2.925626640911184115e-03 -1.727761398816433187e-03
-8.187102598395821929e+01 2.987514402252321233e+00 6.103565719366315090e-01 -8.855760229950319917e-03 9.646727359157618309e-02 3.364752761810035908e-02
-8.132155601090602204e+01 2.983810080800416209e+00 4.252593529395153893e-01 -1.143555700124149026e-02 1.186126548322159885e-01 6.321227711709018204e-02
-8.077208603785382479e+01 2.982053597002533696e+00 3.352161271497453021e-01 -8.647971952155475081e-03 9.260898797792199710e-02 8.170045104671595781e-02
-8.022261606480162754e+01 2.983393309884397215e+00 2.893480432003520675e-01 -1.033575328934423568e-02 5.967059803935186729e-02 9.552631601349087509e-02
-7.967314609174944451e+01 2.985897935214397503e+00 2.656130965380265052e-01 -1.190009302762599051e-02 4.050490600405018404e-02 1.009368619872845901e-01
-7.912367611869724726e+01 2.989231317210114813e+00 2.540236375434948846e-01 -1.005382059548803712e-02 3.321087907657325339e-02 1.082143076535580367e-01
-7.857420614564458106e+01 2.989852720762858240e+00 2.484213854793768939e-01 -8.952994486552193210e-03 3.285505790031036100e-02 1.079295394083772952e-01
-7.802473617258603156e+01 2.994335899762169628e+00 2.450401160570988557e-01 -1.022624281032861841e-02 3.148676753696028063e-02 1.092733236279030962e-01
-7.747526619952749627e+01 2.995735871582477117e+00 2.435915833496094529e-01 -1.017338061416639579e-02 2.930453564922637366e-02 1.117620441447721158e-01
-7.692579622646897519e+01 2.998924167439805721e+00 2.431185583915364268e-01 -9.327243522612141749e-03 2.756207124221752777e-02 1.109493592625350744e-01
-7.637632625341042569e+01 3.000143042230132284e+00 2.424511146852472154e-01 -9.256361197580716821e-03 3.083568735359738799e-02 1.082636971593790576e-01
-7.582685628035189040e+01 3.002102838622037861e+00 2.426430336349623129e-01 -1.127728768923683296e-02 3.095290340159198919e-02 1.117431890945382311e-01
-7.527738630729336933e+01 3.005002499137303662e+00 2.425712413088935426e-01 -9.766911329604326120e-03 2.948688190138694723e-02 1.120982388760272397e-01
-7.472791633423668145e+01 3.005113259094144951e+00 2.424802502305334340e-01 -1.111146144151595357e-02 2.864191585595724648e-02 1.117055964470338308e-01
-7.417844636119082224e+01 3.003099383234145492e+00 2.423364309321151544e-01 -8.468092541172320478e-03 2.576421409932496548e-02 1.129026262366995687e-01
-7.362897638814497725e+01 3.001546214984275984e+00 2.431658167338145438e-01 -9.608473901044661813e-03 2.771131030574378040e-02 1.124474726238358507e-01
-7.307950641509911804e+01 3.002326055482742895e+00 2.427239805458642485e-01 -1.113064619213577182e-02 2.915329490456484984e-02 1.117926005510217341e-01
-7.253003644205325884e+01 3.002673330562491305e+00 2.425975035718607731e-01 -1.111092134741295707e-02 2.793614630630604501e-02 1.120120036864109131e-01
-7.198056646900739963e+01 3.001374138494815380e+00 2.428522951693485588e-01 -1.118378481248091111e-02 3.108556506872305059e-02 1.106578839068176889e-01
-7.143109649596154043e+01 3.001996276721769163e+00 2.430975685195828628e-01 -1.075108634574087688e-02 3.288044203300406754e-02 1.132835810707516766e-01
-7.088162652291568122e+01 3.002181154243375616e+00 2.431974164254604998e-01 -1.170400494398144038e-02 3.171031213665465726e-02 1.131363036303670161e-01
-7.033215654986982202e+01 3.003021164623257189e+00 2.424549595666214696e-01 -1.026852522565368034e-02 3.391102555546181979e-02 1.112119566444172980e-01
-6.978268657682396281e+01 3.002775637922512786e+00 2.425177274457127052e-01 -9.025143046335441788e-03 3.150743262425154123e-02 1.112317633417893997e-01
-6.923321660377810360e+01 2.999427175429274062e+00 2.421479412680490606e-01 -1.053349122360863928e-02 2.855974875161524512e-02 1.093521255001875941e-01
-6.868374663073224440e+01 2.998649801842111273e+00 2.421055590391413270e-01 -1.002294926447972780e-02 2.949256488710787563e-02 1.097230709849999486e-01
-6.813427665768637098e+01 3.002891664256395643e+00 2.425112225655317311e-01 -9.069699611243299542e-03 2.829476975753511536e-02 1.132909457233796657e-01
-6.758480668464051178e+01 3.002813583277337273e+00 2.423901125915061128e-01 -9.551937690903752540e-03 3.069365607569445736e-02 1.086951490952234728e-01
-6.703533671159465257e+01 3.003949517278836634e+00 2.428007402706672813e-01 -1.035425192947779342e-02 3.005428722355355312e-02 1.099604930713775769e-01
-6.648586673854879336e+01 3.005519740511978455e+00 2.428367262519207093e-01 -1.130951486848555745e-02 2.896742250321477155e-02 1.091285985664197378e-01
-6.593639676550293416e+01 3.005125264300299914e+00 2.425306235956627421e-01 -1.036721607529572653e-02 3.207675065543549864e-02 1.105084796185372142e-01
-6.538692679245707495e+01 3.005545300986434576e+00 2.423884780146287332e-01 -9.960738537696699896e-03 2.794596368844431619e-02 1.098321170116467321e-01
-6.483745681941121575e+01 3.005317199820525254e+00 2.422102524356815612e-01 -1.053114367866757328e-02 2.843961791345631790e-02 1.128095715930594739e-01
-6.428798684636535654e+01 3.006024424403026973e+00 2.424595159008559320e-01 -7.932761711408515409e-03 2.877323750882392409e-02 1.126418971286852894e-01
-6.373851687331950444e+01 3.008174921671491919e+00 2.423961962872793752e-01 -8.281039289325456410e-03 2.769308992020153709e-02 1.097472851246786146e-01
-6.318904690027364524e+01 3.006947900322490597e+00 2.426856575155195983e-01 -1.028641551119113123e-02 3.129964895908655259e-02 1.115693918357879011e-01
-6.263957692722778603e+01 3.006251220277087910e+00 2.426779701195828365e-01 -1.124392319238376979e-02 2.935965112941892746e-02 1.086480021594839196e-01
-6.209010695418194103e+01 3.006520267757275988e+00 2.429758683198718627e-01 -1.064981341945168102e-02 2.862570715136536492e-02 1.105824865892478387e-01
-6.154063698113608183e+01 3.004512394239126749e+00 2.422921950137030267e-01 -9.266847907609090246e-03 3.047656032635195911e-02 1.120998233125483495e-01
-6.099116700809022262e+01 3.003902722541546666e+00 2.418644838342516590e-01 -8.903982330919650579e-03 3.470237190299308577e-02 1.143652843471594793e-01
-6.044169703504437763e+01 3.000953835293446836e+00 2.417536251725073970e-01 -9.804237861571481194e-03 3.221762617022327913e-02 1.110908830384732260e-01
-5.989222706199851842e+01 3.000282863710777903e+00 2.421755240161936051e-01 -1.000772957314142314e-02 3.012277575117934536e-02 1.099667820416409814e-01
-5.934275708895265922e+01 3.002641831693229513e+00 2.423588283582854830e-01 -8.933408827979568909e-03 3.151798499675144416e-02 1.136923637377769275e-01
-5.879328711590680712e+01 3.001029017402033539e+00 2.424218895106542704e-01 -1.001068009346092400e-02 3.093074250187518442e-02 1.102059587599157342e-01
-5.824381714286095502e+01 3.001216450273187064e+00 2.423577799187932869e-01 -1.001894230326333228e-02 3.408516798091458522e-02 1.107859115571230291e-01
-5.769434716981509581e+01 3.000596498647651877e+00 2.422516339983272760e-01 -9.252405497145224297e-03 2.866159610156016405e-02 1.091100565069130779e-01
-5.714487719676924371e+01 2.999053335933310471e+00 2.424655870936522073e-01 -9.789477916224847281e-03 3.012056868583483718e-02 1.105403537601911679e-01
-5.659540722372339161e+01 2.999445715076269892e+00 2.423752895831319532e-01 -9.754099823564120128e-03 2.935486778135619826e-02 1.100120811829223277e-01
-5.604593725067753951e+01 2.996671205161371976e+00 2.434296551267045583e-01 -1.076923301924011950e-02 3.014848436708805410e-02 1.124512632446432320e-01
-5.549646727763168030e+01 2.997365392939757456e+00 2.429629426639360323e-01 -1.062228609087225752e-02 2.949974999069034792e-02 1.129471973186561562e-01
-5.494699730458582820e+01 2.999930953280722346e+00 2.419177526226618802e-01 -1.068282678066209343e-02 3.200615526469397648e-02 1.116788494389140129e-01
-5.439752733153996900e+01 3.001850688965034930e+00 2.421802689497610517e-01 -9.010070642804079294e-03 3.242178488097522543e-02 1.101665606385176938e-01
-5.384805735849411690e+01 3.000769467973949833e+00 2.422498058463359860e-01 -1.023355144475567545e-02 2.931538122795724483e-02 1.117848639116341553e-01
-5.329858738544825769e+01 3.001913307228002203e+00 2.421375486494272145e-01 -9.874560959193338580e-03 2.942284582510867885e-02 1.134181928940411477e-01
-5.274911741240239849e+01 2.997760971968826293e+00 2.430039048287238879e-01 -9.916367503961411381e-03 2.950353127366105860e-02 1.120528956576724577e-01
-5.219964743935654639e+01 2.999915592730777458e+00 2.428456779650637887e-01 -1.120143730017561685e-02 3.159109210921487443e-02 1.120699297173105013e-01
-5.165017746631068718e+01 3.001438441977171578e+00 2.426203830455309352e-01 -1.199089616576555495e-02 3.153097177675895368e-02 1.131631434242345996e-01
-5.110070749326482797e+01 3.002378644983592970e+00 2.423434996141373143e-01 -1.088071787459496918e-02 2.776483660893143413e-02 1.120886838465611907e-01
-5.055123752021896877e+01 3.006584517936999656e+00 2.417693396204752543e-01 -1.025906443184255654e-02 2.946357614014622275e-02 1.138030612364893251e-01
-5.000176754717311667e+01 3.004817104714786691e+00 2.422173611725123576e-01 -1.138953690954983694e-02 3.105018253881064103e-02 1.095325239636239789e-01
-4.945229757412725746e+01 3.005976719870777636e+00 2.423302150725102910e-01 -1.054719648163180389e-02 3.301490953616285223e-02 1.115766017161048951e-01
-4.890282760108140536e+01 3.004769129769367719e+00 2.423842042973762267e-01 -1.165156435973570617e-02 3.059965998475117424e-02 1.100759932753926640e-01
-4.835335762803554616e+01 3.002377368527888724e+00 2.428294562573573567e-01 -9.270506956578834779e-03 3.036568276551944792e-02 1.121900016120607052e-01
-4.780388765498969406e+01 3.002388597814994231e+00 2.426986029340055251e-01 -9.578587064397297776e-03 3.166721172768755671e-02 1.125287102245739190e-01
-4.725441768194383485e+01 3.001892758446247367e+00 2.426792486753035771e-01 -1.126969647460264803e-02 2.967389563833709373e-02 1.115869939420000984e-01
-4.670494770889797564e+01 3.001426361421815070e+00 2.430139292741035351e-01 -9.275917465286817598e-03 2.919155734569956265e-02 1.095042963151511561e-01
-4.615547773585212354e+01 2.999196588514877249e+00 2.429366627999747508e-01 -8.143083853472916217e-03 3.127425798557594699e-02 1.133476486103348752e-01
-4.560600776280626434e+01 2.996715544398261599e+00 2.423307345426449766e-01 -7.759910231733688733e-03 2.795709227035404407e-02 1.138391788769548135e-01
-4.505653778976040513e+01 2.999216052514099395e+00 2.421489728359505766e-01 -8.253939086550914073e-03 2.781937957856294927e-02 1.119517329726101851e-01
-4.450706781671455303e+01 3.000503799601271115e+00 2.425272923535399250e-01 -1.042940764193895850e-02 2.761967510631902281e-02 1.128609332956522077e-01
-4.395759784366869383e+01 3.002890366055337434e+00 2.416708806419313182e-01 -1.020826938520085284e-02 2.973080213288332996e-02 1.139301040443952556e-01
-4.340812787062283462e+01 3.000202763128220429e+00 2.422272038824436202e-01 -1.009199003956090003e-02 3.094288500163842881e-02 1.137429246824767093e-01
-4.285865789757697542e+01 2.998386067456024318e+00 2.428640394295911442e-01 -8.835159026497299561e-03 3.022743175718739170e-02 1.123926239041092290e-01
-4.230918792453110200e+01 2.999786336418959198e+00 2.429197869717636404e-01 -9.485121990569035655e-03 2.857812872138456098e-02 1.091341787785076872e-01
-4.175971795148526411e+01 2.999051585776927542e+00 2.433487392039810349e-01 -1.002350017898338483e-02 2.869013599507889284e-02 1.101984287424536690e-01
-4.121024797843938359e+01 3.002784687351605974e+00 2.427147809558799496e-01 -1.090866393022291332e-02 3.027753895045753180e-02 1.112771435946275783e-01
-4.066077800539355280e+01 3.003551484853099307e+00 2.425845593282796864e-01 -1.038358146718600279e-02 2.891481018203217318e-02 1.134398922197910053e-01
-4.011130803234765807e+01 3.001213875151740318e+00 2.425882752502762363e-01 -9.751300645612142812e-03 3.068166419278731474e-02 1.121772720744612373e-01
-3.956183805930183439e+01 3.000810078055591301e+00 2.426628959106852390e-01 -1.055341748593761897e-02 3.083043376077663350e-02 1.106128082872055857e-01
-3.901236808625593255e+01 3.000562367668170527e+00 2.424326924355156843e-01 -1.005558719709918718e-02 3.206117645556747636e-02 1.123818478275975807e-01
-3.846289811321011598e+01 3.001679970571147660e+00 2.422499941928221712e-01 -9.268354004131462015e-03 3.189395345451306180e-02 1.104809612578735306e-01
-3.791342814016421414e+01 3.002573337870132697e+00 2.424145932192626196e-01 -1.028061040064879098e-02 3.365971359337948526e-02 1.132165402920520259e-01
-3.736395816711840467e+01 3.003705965305148773e+00 2.426595645330928697e-01 -1.011536033138402645e-02 3.151517418263863335e-02 1.113439263185286160e-01
-3.681448819407248862e+01 3.002639235455617062e+00 2.434009930144161171e-01 -8.504106269960931205e-03 3.018775032861881896e-02 1.123820190934328861e-01
-3.626501822102668626e+01 3.003814848699948303e+00 2.427520164739331576e-01 -1.081686188599336601e-02 2.715242570599751479e-02 1.115630920390209557e-01
-3.571554824798076311e+01 3.003228575789112398e+00 2.420700388727562435e-01 -9.878274410753390758e-03 3.008256932666917433e-02 1.119382149322891290e-01
-3.516607827493496785e+01 3.005107338830140584e+00 2.421507188339560579e-01 -1.025446090066944177e-02 2.686026056641872481e-02 1.090656933416268431e-01
-3.461660830188903759e+01 2.999384868008324823e+00 2.429854328776360484e-01 -8.107080943084923538e-03 2.654843698352047851e-02 1.112948378293646956e-01
-3.406713832884325655e+01 3.004042210734551244e+00 2.421479020768183554e-01 -7.956318214873943709e-03 2.548347408729999264e-02 1.105906604187203296e-01
-3.351766835579730497e+01 3.004148988086134509e+00 2.425964226588269990e-01 -7.364432961158089500e-03 3.016967196608562329e-02 1.114587106158392293e-01
-3.296819838275153813e+01 3.002388885531348972e+00 2.429638196283290807e-01 -9.126386773249452536e-03 2.848100934037445589e-02 1.094963832984003488e-01
-3.241872840970558656e+01 3.000798115455532322e+00 2.424192414403305018e-01 -9.217809529033700947e-03 3.066015364471022520e-02 1.130748918718195439e-01
-3.186925843665982683e+01 2.998096560970375801e+00 2.424373103152076270e-01 -9.486324134892422724e-03 3.070495453064108968e-02 1.075732877723412223e-01
-3.131978846361386459e+01 3.002720582225694823e+00 2.423041100834666395e-01 -1.044528013327169699e-02 3.117601678361555870e-02 1.105011834878120713e-01
-3.077031849056810842e+01 3.003039261355829659e+00 2.422270468650560005e-01 -1.096492836782050374e-02 2.703825288606622260e-02 1.087061849731352225e-01
-3.022084851752214263e+01 3.004338741721464423e+00 2.418654433066191600e-01 -9.352195139835059109e-03 2.994006270338871178e-02 1.103982618010939248e-01
-2.967137854447639000e+01 3.003561798909025526e+00 2.419808693329643656e-01 -1.048146426510870692e-02 2.583310117640373951e-02 1.116065041287747639e-01
-2.912190857143042422e+01 3.004721073790792563e+00 2.421910185413724270e-01 -1.031603428381057744e-02 2.832598875273429836e-02 1.105060985887195146e-01
-2.857243859838467515e+01 3.003347580011857421e+00 2.421410588383344775e-01 -1.070035103700250900e-02 2.778114316419022164e-02 1.113639768171135330e-01
-2.802296862533870225e+01 3.002908588562000602e+00 2.424905798842422744e-01 -8.189228218738965961e-03 3.010403803913597534e-02 1.148314747153673793e-01
-2.747349865229295673e+01 3.002372798590507763e+00 2.427760784733128951e-01 -1.128264947849043007e-02 2.867637133472968405e-02 1.121668365376658483e-01
-2.692402867924698384e+01 3.004462877951134647e+00 2.422200174093622205e-01 -1.182849637890468278e-02 3.125284408450202528e-02 1.121706914984308828e-01
-2.637455870620125253e+01 3.004789960831082407e+00 2.426881794669351056e-01 -1.177005053077643387e-02 3.445521374694021643e-02 1.125397223275685504e-01
-2.582508873315525122e+01 3.002925993628748902e+00 2.427626801161792969e-01 -1.027487588982689028e-02 3.415687397762787875e-02 1.120643150367667262e-01
-2.527561876010953767e+01 3.003504613999982809e+00 2.420947835947359350e-01 -9.013711630883096404e-03 3.189506358284069365e-02 1.089845892721095638e-01
-2.472614878706353636e+01 3.004242642929769946e+00 2.429364782430180059e-01 -9.315661928629953570e-03 3.228406073356828582e-02 1.117731582265227563e-01
-2.417667881401781926e+01 3.003191926007701795e+00 2.428238887098507770e-01 -9.573184375167267252e-03 3.238711664455561079e-02 1.138859824741850352e-01
-2.362720884097181084e+01 3.005117580988908799e+00 2.424640198940568314e-01 -9.413044565247961903e-03 3.038186495221839242e-02 1.137936394530228990e-01
-2.307773886792610085e+01 3.004437391958643122e+00 2.422997963505598429e-01 -8.990038536624087723e-03 3.122746841522023795e-02 1.131395246044855640e-01
-2.252826889488009598e+01 3.004261721580206324e+00 2.427155650189158909e-01 -9.492367458978441877e-03 3.071516411696370574e-02 1.119338003154690259e-01
-2.197879892183438599e+01 2.998961396655711376e+00 2.424394780284346018e-01 -9.264770900647940205e-03 2.785187624193849465e-02 1.085115680492518414e-01
-2.142932894878836336e+01 2.997962658833948080e+00 2.427607749842702889e-01 -9.420916368134649166e-03 2.891676691583108458e-02 1.138893267265449483e-01
-2.087985897574266758e+01 3.000645248668932563e+00 2.430561746971640902e-01 -1.168497843509451115e-02 2.999529445516599391e-02 1.139363259026297259e-01
-2.033038900269664495e+01 3.001348553498649263e+00 2.430669175183420849e-01 -1.051329122577749318e-02 3.027476724307644543e-02 1.128551019741215605e-01
-1.978091902965094917e+01 3.002467200863339070e+00 2.429239919596586084e-01 -7.693573904817859951e-03 2.956035417722262942e-02 1.118622758259475297e-01
-1.923144905660493009e+01 3.003996015202656356e+00 2.428967269394169959e-01 -1.080174456926234067e-02 3.006021906407471689e-02 1.145186660685800495e-01
-1.868197908355924497e+01 3.005211516478465406e+00 2.418897080227960517e-01 -9.798705517659421840e-03 2.620451234265603474e-02 1.126630689617666714e-01
-1.813250911051321168e+01 3.002380853051254572e+00 2.422379428288021219e-01 -9.824247498402870551e-03 3.283014001774198914e-02 1.092431241273767589e-01
-1.758303913746753011e+01 3.000759697355407596e+00 2.428935597405035562e-01 -1.101052762318308238e-02 3.280400803427957479e-02 1.111641164341055227e-01
-1.703356916442149327e+01 2.998849336498048856e+00 2.428692520033529645e-01 -1.207787709649079527e-02 3.129288310153244962e-02 1.096760505753050924e-01
-1.648409919137581170e+01 3.001130879755907976e+00 2.425809547307007097e-01 -1.061864606511111336e-02 3.005306389957258448e-02 1.124811797786037099e-01
-1.593462921832976420e+01 3.001354323136684155e+00 2.422614606301261853e-01 -1.206393235313461126e-02 3.134328918769994921e-02 1.103228373538047147e-01
-1.538515924528409506e+01 3.006153980684666216e+00 2.423666158490924982e-01 -1.222043581561565485e-02 3.099092797019370113e-02 1.117698795506523457e-01
-1.483568927223804756e+01 3.007478594936344951e+00 2.426407558802695930e-01 -9.475811785219962619e-03 2.960449477925332709e-02 1.118303059620241041e-01
-1.428621929919237843e+01 3.003481696842116300e+00 2.424885207868637815e-01 -8.609581506341258683e-03 3.157229408995040898e-02 1.131593359294468110e-01
-1.373674932614632915e+01 3.003200735800856780e+00 2.429586870705350010e-01 -8.179176386417510644e-03 3.065535854520473613e-02 1.112955076500459078e-01
-1.318727935310066002e+01 3.006095465062295968e+00 2.425699562535844900e-01 -9.452462448515195487e-03 3.098058936324501328e-02 1.101379798051695807e-01
-1.263780938005459831e+01 3.005927219962143848e+00 2.425179572309277276e-01 -1.008013815035638076e-02 2.951302047610033369e-02 1.113201827716487763e-01
-1.208833940700894338e+01 3.004515360236496679e+00 2.428575887776222297e-01 -1.130958013912221685e-02 3.056152150111337423e-02 1.139149119782102981e-01
-1.153886943396288167e+01 3.004248443589361717e+00 2.429509542316130588e-01 -1.050366085143922441e-02 3.049336640830453693e-02 1.113002805692213798e-01
-1.098939946091722675e+01 3.000924279641637771e+00 2.429820502837700957e-01 -1.097092054431706050e-02 2.755459404087013883e-02 1.104801420268232137e-01
-1.043992948787116504e+01 3.001998118370849067e+00 2.425740411926042839e-01 -9.457819002539507788e-03 2.952251578156799353e-02 1.127054852239168653e-01
-9.890459514825508336e+00 2.999896846395880168e+00 2.420956405287876256e-01 -1.083009969699178128e-02 3.101225731954404194e-02 1.095497220347110140e-01
-9.340989541779446625e+00 2.997877897508644196e+00 2.422798792689648817e-01 -9.314342960056436888e-03 2.925507604159146430e-02 1.100073933678255289e-01
-8.791519568733791701e+00 2.999167373635798217e+00 2.424365031874861354e-01 -9.546504066592579468e-03 2.879976265553448739e-02 1.135919215672773347e-01
-8.242049595687729990e+00 2.999503307662907847e+00 2.425611530387417059e-01 -8.967325515447755607e-03 3.200128800085808023e-02 1.159101778609378658e-01
-7.692579622642074177e+00 3.001092609861566007e+00 2.419745576887076532e-01 -9.640334744743635220e-03 3.135363721681149601e-02 1.113589479486436634e-01
-7.143109649596013355e+00 3.002571525511518846e+00 2.424877245105444556e-01 -8.205149518099691744e-03 3.008540804097097413e-02 1.108360748394031370e-01
-6.593639676550357542e+00 3.000186799779415825e+00 2.422271066257827288e-01 -1.056887000003460010e-02 3.039979635152885440e-02 1.112630591859291446e-01
-6.044169703504295832e+00 3.000179565410445282e+00 2.423637349783367145e-01 -1.022171170880038261e-02 3.003287192197866273e-02 1.123783927915381203e-01
-5.494699730458640019e+00 3.001152917988741731e+00 2.420551960490355814e-01 -1.043412270229417300e-02 3.104381601191956788e-02 1.126115778399159190e-01
-4.945229757412564986e+00 3.003607867684343624e+00 2.426209766606657325e-01 -8.744008201944559328e-03 3.090730827993748778e-02 1.132769421731830012e-01
-4.395759784366922496e+00 3.002793938080510650e+00 2.426130209495462320e-01 -1.062223588888631075e-02 2.895045370621041059e-02 1.136836814655828864e-01
-3.846289811320861229e+00 3.002688779921388385e+00 2.424143482845242670e-01 -1.086694628999815455e-02 2.806925881151298152e-02 1.140423509693494208e-01
-3.296819838275205861e+00 2.999027306627485068e+00 2.425341741716688648e-01 -8.829917674912037343e-03 2.879834633167355218e-02 1.116502481444350825e-01
-2.747349865229144150e+00 3.002275695588781712e+00 2.424817844776281928e-01 -9.490892284006319235e-03 2.838274082766623074e-02 1.114839476480141006e-01
-2.197879892183475015e+00 2.999830165229712353e+00 2.425743514586410632e-01 -1.082627654003702304e-02 2.801825157786443435e-02 1.109382252908226313e-01
-1.648409919137440616e+00 3.003233648573921055e+00 2.419968857092840153e-01 -8.759641125287778718e-03 2.813282798681608979e-02 1.089472995511828607e-01
-1.098939946091771258e+00 3.003499510361036240e+00 2.420258994953411735e-01 -9.219954678927933661e-03 2.847146585100222144e-02 1.107057892029471025e-01
-5.494699730456963360e-01 3.005798395358775466e+00 2.418074691866663462e-01 -9.371553564850525209e-03 2.927710471639975373e-02 1.069240346114430779e-01
0.000000000000000000e+00 3.004266217917256565e+00 2.421699055469722361e-01 -1.026830243513507206e-02 2.997584735220201399e-02 1.099256157327410249e-01
