0.000000000000000000e+00 1.982063809819674560e+00 6.097699295097149275e+01 1.462336922396751393e-01 6.985378698196587077e-02 1.350163294113360946e-01
3.364049090716761392e-01 2.064614123360687170e+00 1.660196808789215339e+01 1.162534214197077226e-02 7.600056714647976386e-02 4.465970639789158120e-02
6.728098181433528335e-01 2.092646970215283453e+00 9.632335435861277162e+00 3.651022046850098748e-03 8.635525144647815399e-02 3.258599479967676238e-02
1.009214727215030027e+00 2.080852412152949249e+00 6.786450803501286266e+00 1.114003069744302693e-03 9.762944910801284182e-02 2.845212843204996539e-02
1.345619636286705889e+00 2.042022769213752920e+00 5.241615320013702117e+00 1.635139531380680423e-03 1.113914051185272425e-01 2.456168961931934347e-02
1.682024545357547085e+00 1.985630610498512194e+00 4.263573869955457951e+00 1.843133061654392800e-03 1.268347645508372534e-01 2.646947966430512542e-02
2.018429454426607705e+00 1.918078051754966928e+00 3.585883616544696118e+00 2.026300153759989092e-03 1.420728926564666650e-01 2.487569660002700300e-02
2.354834363495656557e+00 1.846541124318813232e+00 3.082675426808031638e+00 2.671772689819040640e-03 1.560320910571052766e-01 3.040076426344767366e-02
2.691239272564719620e+00 1.774747918962385151e+00 2.687177398801322337e+00 4.184671617869067592e-03 1.708192154087667669e-01 2.935116018427030501e-02
3.027644181633762255e+00 1.702752668273686654e+00 2.372632092250738456e+00 2.365620220705662215e-03 1.811971865627878264e-01 2.675743955914890171e-02
3.364049090706170198e+00 1.634575351469693016e+00 2.116580793482240708e+00 2.432933997442614585e-03 1.917935865243493854e-01 2.604842597862037923e-02
3.700453999780469072e+00 1.571227033792269134e+00 1.897360418220915168e+00 1.103815345521694767e-03 2.018212540226292373e-01 2.755417649895651813e-02
4.036858908854774164e+00 1.512030736075193671e+00 1.714313736871073690e+00 2.528875688001517175e-03 2.093884915601345043e-01 2.639814282797084410e-02
4.373263817929055719e+00 1.457466378207257662e+00 1.555871141251584211e+00 2.790541517155680374e-03 2.188880649125432010e-01 2.298928928247599354e-02
4.709668727003364808e+00 1.407538458691692806e+00 1.421292543681388798e+00 3.872446157694119356e-03 2.287668292698977757e-01 2.066232268186626864e-02
5.046073636077659685e+00 1.362885498338156420e+00 1.302985161679708570e+00 4.649336506838829160e-03 2.355721189671427240e-01 2.259495781695600169e-02
5.382478545151974991e+00 1.323671065648322820e+00 1.199102018690929805e+00 4.028640183296926247e-03 2.369309768930500104e-01 2.036114572360528396e-02
5.718883454226268093e+00 1.288668698015113190e+00 1.107486258124666056e+00 4.282578333950797130e-03 2.358005693897664290e-01 2.101553707211918642e-02
6.055288363300557641e+00 1.257151590008025899e+00 1.028308549473068378e+00 3.366448779865369514e-03 2.326823689583163712e-01 1.971878296464099622e-02
6.391693272372008572e+00 1.227617161984669858e+00 9.587435184843738911e-01 4.138923844872502769e-03 2.289305232430292047e-01 1.802836106423665735e-02
6.728098181435803404e+00 1.201737590230139263e+00 8.962937919680585841e-01 4.828464907474077847e-03 2.265797172053434783e-01 1.866967180013008598e-02
7.064503090499608007e+00 1.178936374483581906e+00 8.414460617566212886e-01 4.449286494551903982e-03 2.236433508118449154e-01 1.770859553869522096e-02
7.400907999563441031e+00 1.158311748528166651e+00 7.936530342880554478e-01 4.332754960583465494e-03 2.174948455546874826e-01 1.821241387730093697e-02
7.737312908627245633e+00 1.138767257781137632e+00 7.520780062194672988e-01 4.283082012098451269e-03 2.111393285700763067e-01 2.010334615359948146e-02
8.073717817691038690e+00 1.122540935811977558e+00 7.148019780774516052e-01 4.275902141185847563e-03 2.051923809485936834e-01 2.154226244310664118e-02
8.410122726754844180e+00 1.108617780637813022e+00 6.812434344982272183e-01 2.862765681660957035e-03 1.948824055782530651e-01 2.291348909054402583e-02
8.746527635818679869e+00 1.097154210689323284e+00 6.512472945194273111e-01 2.581098837566021733e-03 1.855230995540891326e-01 2.182085681561830859e-02
9.082932544882481807e+00 1.085733191584336454e+00 6.244941750381532986e-01 2.671095131886371682e-03 1.734462514738294991e-01 2.242296705508602106e-02
9.419337453946274863e+00 1.076529422832782634e+00 6.006237419887937579e-01 5.685337893621531316e-03 1.663078380785449617e-01 2.075669144700231436e-02
9.755742363010073248e+00 1.067524965226806399e+00 5.800355749543431028e-01 4.096667920836635259e-03 1.583061799737116582e-01 2.378743605431138733e-02
1.009214727207390006e+01 1.058950221963343319e+00 5.618541197840132284e-01 4.521565583280640760e-03 1.489304248387318674e-01 2.072247332152848606e-02
1.042855218113769666e+01 1.051948203239416735e+00 5.463811994906848657e-01 3.444117705786459236e-03 1.420458059829221298e-01 1.923365265045879138e-02
1.076495709020153235e+01 1.046305204212267137e+00 5.320212587695900552e-01 3.275414340899944921e-03 1.337929106308979321e-01 1.898010531986332391e-02
1.110136199926533251e+01 1.041271206103237423e+00 5.196773260992432197e-01 3.826397559862070377e-03 1.243878135302802501e-01 1.706273730497578564e-02
1.143776690832915399e+01 1.036837756871005434e+00 5.080575081415046323e-01 5.342702038679398614e-03 1.186174205669633108e-01 2.003388102059543152e-02
1.177417181739295415e+01 1.031393839135157364e+00 4.992659544105856884e-01 4.578229630796235190e-03 1.140743249369440410e-01 2.032742600647927805e-02
1.211057672645674543e+01 1.028210589652114315e+00 4.904142906471808949e-01 3.538856174165703073e-03 1.099951183792794024e-01 2.307090880691377993e-02
1.244698163552054204e+01 1.024539175062318730e+00 4.833544058995463133e-01 3.665217391869689603e-03 1.052555210514922318e-01 2.371489739247694545e-02
1.278338654458435997e+01 1.021506386794911458e+00 4.763525142217771569e-01 3.373743966763668046e-03 9.832080332853047888e-02 2.033944994150715599e-02
1.311979145364815658e+01 1.018585481188586828e+00 4.706656286413863910e-01 3.096744277302354489e-03 9.553468309314470941e-02 2.268956647607046906e-02
1.345619636271201536e+01 1.016460391812348707e+00 4.659526150415590484e-01 4.036525626807474856e-03 9.378734245585527984e-02 2.280816441359123994e-02
1.379260127177581374e+01 1.013557464464325042e+00 4.613135508183491273e-01 3.035153241169018419e-03 8.661764696297639954e-02 2.176837320544045343e-02
1.412900618083963167e+01 1.012233909736614645e+00 4.568014811856869750e-01 4.711323874026415379e-03 8.405157798919379863e-02 2.087873005447712579e-02
1.446541108990342650e+01 1.011248114502493189e+00 4.526912588000300275e-01 1.999077475582418210e-03 8.170954010656261701e-02 1.993282396691422112e-02
1.480181599896721778e+01 1.009881818411586529e+00 4.493542692877293132e-01 2.227049142334914730e-03 8.181990790578393125e-02 1.939968038506532239e-02
1.513822090803101084e+01 1.009242994010002503e+00 4.472263441713058563e-01 3.197184721986813267e-03 8.061582052553875610e-02 2.018049106729889047e-02
1.547462581709482521e+01 1.007399485756040214e+00 4.444209704535747041e-01 3.612696021265303630e-03 7.851230987830765118e-02 1.927731600743237683e-02
1.581103072615861649e+01 1.006546839580368946e+00 4.419549152197273512e-01 4.066254514897381725e-03 7.902029993361008031e-02 2.040886814425390758e-02
1.614743563522250014e+01 1.005670013220508308e+00 4.401653964715296907e-01 4.264843391650718733e-03 7.615814581623774060e-02 2.068993431538872219e-02
1.648384054428628787e+01 1.004245698385144658e+00 4.385468242757161739e-01 5.099267351055959685e-03 7.442071072693695610e-02 2.088917692547753724e-02
1.682024545335010401e+01 1.004356498072107140e+00 4.368033792566229367e-01 5.010369524333510398e-03 7.500067269666317593e-02 2.049476764357947497e-02
1.715665036241388464e+01 1.003938875522067287e+00 4.352199581269839412e-01 3.721090271140649244e-03 7.514131571825276301e-02 2.288874797422826152e-02
1.749305527147769013e+01 1.004065567227636180e+00 4.341382119190725364e-01 3.969026532292213409e-03 7.443694155906882548e-02 2.485683383313200615e-02
1.782946018054149917e+01 1.003366447379260284e+00 4.323199774700809961e-01 4.344293854289329321e-03 7.252354488296335056e-02 2.443452102297380066e-02
1.816586508960529400e+01 1.003024298818451898e+00 4.314139408336143400e-01 4.374279354564871401e-03 7.022795725285053969e-02 2.222061978225896642e-02
1.850226999866910305e+01 1.002726112801568981e+00 4.301312883290529521e-01 1.889263761363995037e-03 6.975393332098075994e-02 2.273001475943208297e-02
1.883867490773294762e+01 1.001938377820091874e+00 4.295938069847485274e-01 3.659714904139013333e-03 6.780080295395632395e-02 1.966481339074123078e-02
1.917507981679676377e+01 1.001899468348700806e+00 4.288822100045135977e-01 3.897491390043625759e-03 6.701274606324648941e-02 2.185371773869979745e-02
1.951148472586054439e+01 1.001324700744629315e+00 4.283493472544961933e-01 3.517551182787973397e-03 6.721536470750061332e-02 2.240980460839596400e-02
1.984788963492436764e+01 1.001807587118076714e+00 4.268966644615790340e-01 5.533345956373224815e-03 6.553171644363690873e-02 2.128343723249732575e-02
2.018429454398819800e+01 1.000859786103081905e+00 4.265668545746021945e-01 5.711378914103067139e-03 6.569570011064039539e-02 2.335755445947064121e-02
2.052069945305195375e+01 1.001187670170846200e+00 4.261104346377646013e-01 4.972090761908596300e-03 6.679618010816373852e-02 2.381210193194142899e-02
2.085710436211579832e+01 1.001883719382598459e+00 4.254526455974287358e-01 4.840149674648147431e-03 6.692167412181251884e-02 2.327213401108815805e-02
2.119350927117955052e+01 1.001989954345420930e+00 4.245952321190618606e-01 3.758062259052631290e-03 6.612429312962167516e-02 2.524115053388917285e-02
2.152991418024344838e+01 1.001006739279291180e+00 4.246746040607727868e-01 2.962045235378610655e-03 6.591027986733929978e-02 2.353407621387574450e-02
2.186631908930719348e+01 1.000644717249247861e+00 4.244888915871108392e-01 2.818540247206604600e-03 6.633456884673266662e-02 2.187196260459953884e-02
2.220272399837104516e+01 9.998026285537880975e-01 4.248977499017936310e-01 3.596195530446940659e-03 6.849494060065568213e-02 2.066803580968208653e-02
2.253912890743479025e+01 1.000851868596828176e+00 4.248054390938525993e-01 4.487192170337063121e-03 6.883306071927582093e-02 2.331287334783292003e-02
2.287553381649863127e+01 1.000785789866700526e+00 4.245930522556634612e-01 4.634824689446798325e-03 6.896068812092494282e-02 2.257148664021720735e-02
2.321193872556247584e+01 1.000603257845732230e+00 4.237966432028810182e-01 6.125062167339541223e-03 6.828170856172838254e-02 2.368177204787314319e-02
2.354834363462622804e+01 1.000648902550624220e+00 4.235802251862004764e-01 4.570795488406342172e-03 6.467866064168534268e-02 2.245990742773983084e-02
2.388474854369007616e+01 1.000719143086138185e+00 4.236037143172829422e-01 4.377506300826995017e-03 6.537568778817774706e-02 2.318736590994942975e-02
2.422115345275386389e+01 1.000226307774271017e+00 4.236302111554173244e-01 3.007430456779181058e-03 6.707175971634701805e-02 2.188932815100117987e-02
2.455755836181771556e+01 1.000450079676798554e+00 4.232280056944749402e-01 4.146297478502660415e-03 6.686344853183269488e-02 1.929747380214907534e-02
2.489396327088145355e+01 9.995242541645115164e-01 4.233750041633926875e-01 2.346705861656187518e-03 6.957910130630665102e-02 2.012472329107307945e-02
2.523036817994922387e+01 1.000061146598459683e+00 4.235492242368883997e-01 3.385390443965885596e-03 7.109249525591676555e-02 2.076520343274744843e-02
2.556677308905500468e+01 9.997189480420524132e-01 4.239109195217890536e-01 3.909918089349025648e-03 7.236222319051641150e-02 2.140402398028664124e-02
2.590317799816070377e+01 9.997951714889605768e-01 4.235847198019710991e-01 5.985535488420373751e-03 7.169637832832231883e-02 2.245185599831727580e-02
2.623958290726649167e+01 1.000399059842535854e+00 4.234075739132471261e-01 5.577063711149441577e-03 7.235281997597814430e-02 2.334694267755417496e-02
2.657598781637232577e+01 1.000589789502767113e+00 4.236560976461026251e-01 2.883963596456823406e-03 7.252280963689851367e-02 1.845196440974561369e-02
2.691239272547810657e+01 1.000123802728442923e+00 4.236395868849490154e-01 2.194699196687086365e-03 7.045258781531464620e-02 2.223403724477451479e-02
2.724879763458380211e+01 9.995134059653623115e-01 4.237189943903337253e-01 2.545531691227855952e-03 7.112382909861386660e-02 2.208235237186901082e-02
2.758520254368958646e+01 9.997880964104657320e-01 4.235013079655254864e-01 3.341180288330278941e-03 6.936327604816888703e-02 2.440985551881351412e-02
2.792160745279542411e+01 9.989893218795803387e-01 4.243979091223012978e-01 2.843937103277369670e-03 6.784665986233209822e-02 2.417622552845113265e-02
2.825801236190120846e+01 9.991490408283735247e-01 4.243938737623302315e-01 5.508077477353815442e-03 6.903017979244598090e-02 2.392396425515503494e-02
2.859441727100689334e+01 9.992412494972375825e-01 4.238656222608896962e-01 4.894430179399117051e-03 6.825767440292127008e-02 2.609369768984942314e-02
2.893082218011268125e+01 9.984373794572505290e-01 4.239809807742340730e-01 4.048830182918422387e-03 6.646227914307663298e-02 2.268015817975556001e-02
2.926722708921851890e+01 9.988257349463627310e-01 4.238528816134133348e-01 5.355866800431628889e-03 6.701924020367361345e-02 2.278150762255961442e-02
2.960363199832431036e+01 9.984442794065854221e-01 4.239543263214771152e-01 4.253108190383313517e-03 6.857645353947182387e-02 1.843504511122877332e-02
2.994003690742998103e+01 9.988794178754335507e-01 4.238624680657421817e-01 3.843954606789621274e-03 6.726053283389898940e-02 2.239097996660691786e-02
3.027644181653577959e+01 1.000240004075442002e+00 4.230737819235424468e-01 5.091619369975502844e-03 6.722721803011494357e-02 2.386028159936364954e-02
3.061284672564161369e+01 1.000994863430349158e+00 4.230546876565050018e-01 6.556404181798517264e-03 6.778197122142576303e-02 2.329673146895139615e-02
3.094925163474740515e+01 1.000482020596203281e+00 4.232648875588357340e-01 4.771851045233462506e-03 7.110840799025479331e-02 1.982949739138287204e-02
3.128565654385307937e+01 1.000069908594098500e+00 4.233225429895908776e-01 3.543319263392243849e-03 7.219974586498267843e-02 2.006043211055969985e-02
3.162206145295887438e+01 1.000140624601920658e+00 4.227254046912989893e-01 5.514255760031030323e-03 7.123506148163762097e-02 2.258649247972806945e-02
3.195846636206471203e+01 9.986629560955124774e-01 4.231431512233056469e-01 4.457616760826588545e-03 6.861861319364177814e-02 2.176442377734911712e-02
3.229487127117051415e+01 9.992925931825816788e-01 4.231093679080643599e-01 5.716906823309558447e-03 6.943170747260110631e-02 2.369466299203195486e-02
3.263127618027617416e+01 9.984608343946390629e-01 4.234934887456718866e-01 5.504597344324104781e-03 6.776777320275252647e-02 2.190962114062251775e-02
3.296768108938198338e+01 9.987385666787427230e-01 4.233303587084219499e-01 5.154649127113359632e-03 6.922896561780224334e-02 2.278990738523170925e-02
3.330408599848780682e+01 9.986890381144569728e-01 4.231689926235540633e-01 2.401761032427346485e-03 7.142899908457922553e-02 2.232970056675920648e-02
3.364049090759359473e+01 1.000295797341469450e+00 4.223451333857184409e-01 4.054580437666015745e-03 7.032313821500936479e-02 2.209804833150727510e-02
3.397689581669928316e+01 1.000579576254234659e+00 4.221897134916558492e-01 3.452668089893073770e-03 6.861915636557801290e-02 2.048124856142487932e-02
3.431330072580506396e+01 9.995559454046806236e-01 4.225221073517320125e-01 3.564063444924259021e-03 6.796087964777935975e-02 2.192453418499698548e-02
3.464970563491088029e+01 1.000399372879995141e+00 4.229004309286155672e-01 3.441642465673942081e-03 6.956931757730953902e-02 2.334187485374047619e-02
3.498611054401670373e+01 1.001121087955304301e+00 4.224089401989511439e-01 3.868260397289632283e-03 6.910728320647212264e-02 2.199422066525940148e-02
3.532251545312236374e+01 1.000703252938373478e+00 4.229279397540288699e-01 4.186087083658572051e-03 6.828056314713286390e-02 2.293857253125801757e-02
3.565892036222819428e+01 1.000723716629546844e+00 4.230881055322248674e-01 3.004870754461550289e-03 6.686396162587204817e-02 2.217255133621476651e-02
3.599532527133399640e+01 1.001296056585510463e+00 4.226251116596898005e-01 4.033635052519888436e-03 6.499588854664484217e-02 2.413790770945076214e-02
3.633173018043976299e+01 1.000961842088411657e+00 4.227501856460437191e-01 3.720844243176541031e-03 6.584152243422231043e-02 2.502688685910188157e-02
3.666813508954549405e+01 1.001172472966099125e+00 4.226274033372954819e-01 3.517337492744459972e-03 6.666203803058128041e-02 2.346377649078499814e-02
3.700453999865126065e+01 1.000489936017520343e+00 4.230619762571135589e-01 4.683913244465012088e-03 6.833211256396838629e-02 2.356477089227740351e-02
3.734094490775704855e+01 1.000406062033438737e+00 4.233126362322373604e-01 3.998036176871070692e-03 6.916226789023639798e-02 2.310676138742829774e-02
3.767734981686290041e+01 1.000076005077462860e+00 4.237454988897597086e-01 4.699507372902153937e-03 6.886412564057770025e-02 2.367844713597423711e-02
3.801375472596853911e+01 9.993362298914003627e-01 4.240578151749864744e-01 4.873560860181962856e-03 6.939502888085496979e-02 2.417609426293319472e-02
3.835015963507440517e+01 9.985169639073555592e-01 4.243810625204306186e-01 4.299491059727310674e-03 6.970489733406966260e-02 1.966043847822573909e-02
3.868656454418019308e+01 9.991186475351856444e-01 4.244078249374256262e-01 4.083634684765297465e-03 7.171032409644156891e-02 2.363138282669546494e-02
3.902296945328594546e+01 9.994892772556578375e-01 4.242902823140149438e-01 3.323137164410140329e-03 7.267920252666938696e-02 2.364658030200738129e-02
3.935937436239170495e+01 9.993106733045975520e-01 4.242845950493474572e-01 4.557250562815379040e-03 7.401070048363490861e-02 2.537368969419024137e-02
3.969577927149745022e+01 9.998101078508057071e-01 4.241449921587240879e-01 7.076475801579106516e-03 7.458182666107066039e-02 2.144990655575916561e-02
4.003218418060322392e+01 9.991457911499455058e-01 4.236296501597474617e-01 5.408421668614425172e-03 7.106013413840189807e-02 2.030255435368903683e-02
4.036858908970909710e+01 9.995109859677115960e-01 4.237035644812795487e-01 4.108724982926342112e-03 7.021086074602790605e-02 2.302249519496456232e-02
4.070499399881473579e+01 9.995536756809485501e-01 4.236631777002621835e-01 3.948417099235081162e-03 6.874337028925796289e-02 2.274329434813255821e-02
4.104139890792062317e+01 9.994808108503953070e-01 4.239110207848211243e-01 5.637797591012988496e-03 6.951397725886955536e-02 2.105079045930596457e-02
4.137780381702638266e+01 9.998405964939336421e-01 4.230903310720451338e-01 4.200763007300365760e-03 7.067002798100072147e-02 2.176370940822104291e-02
4.171420872613212083e+01 1.000321746841229986e+00 4.234381264864151562e-01 3.891120817185903663e-03 6.913989575168540125e-02 2.200250233749292267e-02
4.205061363523790874e+01 1.000358632457228447e+00 4.239834295237613349e-01 4.231702657283355727e-03 6.983389174673060307e-02 2.292174505338845716e-02
4.238701854434364691e+01 1.001408483207629763e+00 4.231989873562655990e-01 3.941637950763088490e-03 6.811644472682971962e-02 2.289282432920549185e-02
4.272342345344939218e+01 1.000858009300136464e+00 4.230480020487821791e-01 3.217872548328210187e-03 6.401063266968806675e-02 2.259462797521688895e-02
4.305982836255530088e+01 1.000910873625779240e+00 4.227603351627672867e-01 3.200926000361983218e-03 6.338663116861970037e-02 2.262880291671639718e-02
4.339623327166091826e+01 1.001158628400892647e+00 4.226638559747318280e-01 3.577539596880776815e-03 6.657582016078650300e-02 2.043802296355114873e-02
4.373263818076683407e+01 1.001117624605655454e+00 4.228751318259984515e-01 3.871468013841311648e-03 6.742817845993626102e-02 2.426425519961080551e-02
4.406904308987257224e+01 1.001674079347733670e+00 4.231061553090024185e-01 3.589321945853757214e-03 7.011067865204931304e-02 2.355012074610627476e-02
4.440544799897829620e+01 1.000594083834098091e+00 4.237461598492527903e-01 4.285497032915110832e-03 7.138267948413466735e-02 2.218158550200558660e-02
4.474185290808411963e+01 1.000018035315917597e+00 4.230059826786278232e-01 3.565724403212408057e-03 7.149094059395950940e-02 2.429069186886366818e-02
4.507825781718983649e+01 9.997139393725421597e-01 4.224035156751348441e-01 4.214393755700029769e-03 6.973760874403832355e-02 2.115792922484846170e-02
4.541466272629558176e+01 9.988930560641893219e-01 4.233348611786386106e-01 5.342645590310006638e-03 6.889709218501707810e-02 2.158233355579196322e-02
4.575106763540149046e+01 9.988115116745646116e-01 4.231002596405346594e-01 4.936146663972296178e-03 6.887747118096899934e-02 2.197870473999344668e-02
4.608747254450711495e+01 9.995216193468138277e-01 4.230020967092760209e-01 4.639759615989434184e-03 6.748838759025184431e-02 2.006143960250790503e-02
4.642387745361303786e+01 9.992545103235560555e-01 4.227607605566221505e-01 4.455628497075052666e-03 6.714573639857458753e-02 2.340524084573119418e-02
4.676028236271877603e+01 9.990022155349752575e-01 4.226618542964337699e-01 5.089359844021823683e-03 6.733666102338461967e-02 2.499561928992447002e-02
4.709668727182447867e+01 9.985074599655727745e-01 4.228482760094868231e-01 4.085356721074953276e-03 6.794195843260977807e-02 2.333509392563090645e-02
4.743309218093031632e+01 9.989765044928651250e-01 4.229765133551816048e-01 3.124485733382335959e-03 6.884844955461233429e-02 2.002558011307604968e-02
4.776949709003602607e+01 9.991245310458094497e-01 4.227973922414037244e-01 2.877958414906389532e-03 6.669305169982184256e-02 2.088518786399606517e-02
4.810590199914175713e+01 9.994316083885764757e-01 4.233458306735881638e-01 3.374479137054940854e-03 6.782681788626740427e-02 2.312265413553979410e-02
4.844230690824769425e+01 9.997344812357208399e-01 4.236125643797597484e-01 3.018360804340651689e-03 6.840353421628975195e-02 2.130453110343298248e-02
4.877871181735330453e+01 9.996738335257654429e-01 4.231090645311957887e-01 2.497654106676213629e-03 7.071281115908809034e-02 2.054377090483796089e-02
4.911511672645924875e+01 1.000338599522341942e+00 4.228095286101417050e-01 2.138643726526469162e-03 6.843283980047262793e-02 2.161607589312472197e-02
4.945152163556496561e+01 1.000028656901192692e+00 4.230295523600785534e-01 4.002877490316803823e-03 6.750781612126843800e-02 2.238372454063508252e-02
4.978792654467066114e+01 1.000721742799154823e+00 4.227311787278313915e-01 5.510158533858603401e-03 6.714329651080311323e-02 2.106870337934298176e-02
5.012433145377652721e+01 1.000821238044705019e+00 4.221448620908926364e-01 5.419537184432328229e-03 6.930868972322802579e-02 1.997346508880641289e-02
5.046073636288222275e+01 1.000638225832362505e+00 4.225344046732425474e-01 4.307282516226283026e-03 7.017014034873986228e-02 2.336742278284945767e-02
