0.000000000000000000e+00 2.037642150171150135e+00 7.369825565084581420e+00 1.200095324583163314e-01 2.469683215211433969e-01 1.297696102982637267e-03
5.301849976077140786e-02 2.020988459095272027e+00 6.651329458789076554e+00 1.032526502826849046e-01 2.637386319313311800e-01 2.350671799884844915e-03
1.058257704388295972e-01 2.002757553994525264e+00 6.064156755251077335e+00 9.091489231587453201e-02 2.796934609622778733e-01 3.109542722105270406e-03
1.586330411168877796e-01 1.982290861527086667e+00 5.533012485926448676e+00 7.970986358633452840e-02 2.956433366742255986e-01 3.654975393220405433e-03
2.114403117949465172e-01 1.962153510734900408e+00 5.091595112566744241e+00 6.860506398128192462e-02 3.115569528422970080e-01 5.532582432253262995e-03
2.642475824730041167e-01 1.940250680558054830e+00 4.699871805989253026e+00 6.110060267941722773e-02 3.252655392913379462e-01 1.144297087792257687e-02
3.170548531510631318e-01 1.917949930879676801e+00 4.356070080036269943e+00 5.456077676760578282e-02 3.421546963593578572e-01 1.681773876009073909e-02
3.698621238291273094e-01 1.896295613316464790e+00 4.049400402367545837e+00 4.826516334855453921e-02 3.585421632467589159e-01 2.186099691849733434e-02
4.224581654244809470e-01 1.872214536330264911e+00 3.775210468331750224e+00 4.313681618409914709e-02 3.745215079436471362e-01 2.445068659550284421e-02
4.752654361025495655e-01 1.849359759027859873e+00 3.534289203233067056e+00 3.689986054530662585e-02 3.871724936597723543e-01 2.873708066971482691e-02
5.280727067806165742e-01 1.826465245147110172e+00 3.313278792793598271e+00 3.148115390554485915e-02 4.041171099293536240e-01 3.508135655002347225e-02
5.808799774586844711e-01 1.801776012200525745e+00 3.115797247617572818e+00 2.689507276363589314e-02 4.207975047586003381e-01 3.861298318332032770e-02
6.336872481367514798e-01 1.779647413703131065e+00 2.939579666615024678e+00 2.355407472826880066e-02 4.372986522129955200e-01 4.352819410363029801e-02
6.864945188148171562e-01 1.755381664745151449e+00 2.767961825127989162e+00 2.203435038424696527e-02 4.555423503883624381e-01 4.646412894083277317e-02
7.393017894928668454e-01 1.733142288258281205e+00 2.616673623614299782e+00 2.028767722998442088e-02 4.700150503784272238e-01 5.043309324432925650e-02
7.921090601709123158e-01 1.710408645985433740e+00 2.479854956713796632e+00 1.993640974199664337e-02 4.834878482708994119e-01 5.439423839356290896e-02
8.449163308489615609e-01 1.688475976799781453e+00 2.353011630401279586e+00 1.462813139217942690e-02 4.985997579422412618e-01 5.850763988877928645e-02
8.977236015270099179e-01 1.666374616844580547e+00 2.236113783425647483e+00 1.286073373904456085e-02 5.194938485826916530e-01 6.371485541589445856e-02
9.507421012877731448e-01 1.644689005049069452e+00 2.123881103602674791e+00 1.302967715441521318e-02 5.291140646615334342e-01 7.000624055466739271e-02
1.003549371965823500e+00 1.623260014753409974e+00 2.021615681152137078e+00 1.273819109097366203e-02 5.349228269367424238e-01 7.736707932890857231e-02
1.056356642643867527e+00 1.601477877998608745e+00 1.928062540055560659e+00 1.164216359880835064e-02 5.393597176343931654e-01 8.337587115196808119e-02
1.109163913321919548e+00 1.580604060806354738e+00 1.838358695264803666e+00 1.236135880342306703e-02 5.513381361775023803e-01 8.881487384942696184e-02
1.161971183999966684e+00 1.559370674387339006e+00 1.758239606691647694e+00 1.233192287662544968e-02 5.670736159737589377e-01 8.952146084386390645e-02
1.214778454678018482e+00 1.540027663205131736e+00 1.683301425208170832e+00 1.283155930401558981e-02 5.717363394819957589e-01 9.276458996969805249e-02
1.267585725356064952e+00 1.519796233819151077e+00 1.613552502115648712e+00 9.379618884955894312e-03 5.753335043605788401e-01 9.511973474500427794e-02
1.320392996034118305e+00 1.500883585295893274e+00 1.550583615996931952e+00 1.023320969770476728e-02 5.817015978153812217e-01 9.506156594295121776e-02
1.373200266712182094e+00 1.483504942369603397e+00 1.491166961012848846e+00 1.100349572486797670e-02 5.908805326386548096e-01 9.883578955861457849e-02
1.426007537390263424e+00 1.465621537813984743e+00 1.431930734478804368e+00 1.042764047364506778e-02 5.979685852158213022e-01 1.005085110534538473e-01
1.478814808068354525e+00 1.448267500561193799e+00 1.378284619208108408e+00 1.110933357768722693e-02 6.086882444873068509e-01 1.044850751551188173e-01
1.531410849663722873e+00 1.431804144208157492e+00 1.328299802851498734e+00 1.006994823662698754e-02 6.046818106332698672e-01 1.057412992840112143e-01
1.584218120341814640e+00 1.414149784182284764e+00 1.279673336374095749e+00 1.010114936357848874e-02 6.029226443217519105e-01 1.053453621627201964e-01
1.637025391019898413e+00 1.398632005032416581e+00 1.235174587834823257e+00 9.427475707976593414e-03 5.977659931435402862e-01 1.063144657350015010e-01
1.689832661697981075e+00 1.384490808566474884e+00 1.193863374279896750e+00 1.089202528652282245e-02 5.892392605221012936e-01 1.077573504206252308e-01
1.742639932376073286e+00 1.369711195562930195e+00 1.154487397760338929e+00 1.192420692076635175e-02 5.837606593982076486e-01 1.076385415875585616e-01
1.795447203054155727e+00 1.355676343048687338e+00 1.118295351309444685e+00 1.245928850279289998e-02 5.862910483716828880e-01 1.086058509316036036e-01
1.848254473732245495e+00 1.342312119994188535e+00 1.083091423048453183e+00 1.342802608409837672e-02 5.873640187048609906e-01 1.088052183151851510e-01
1.901061744410329712e+00 1.330492053577550182e+00 1.048967862278474605e+00 1.342300967393811675e-02 5.711671561004572073e-01 1.105089984449929424e-01
1.953869015088414818e+00 1.317112685868555122e+00 1.017386428555140165e+00 1.420304438419315446e-02 5.587275539221945309e-01 1.129742817475493655e-01
2.006676285766501699e+00 1.304100773420373560e+00 9.878536175750358694e-01 1.298760919424103190e-02 5.401364194039272038e-01 1.162361586898579408e-01
2.059483556444587471e+00 1.291558951236125186e+00 9.600719488202837937e-01 1.352426240204098427e-02 5.338253306563269796e-01 1.119988844676755996e-01
2.112290827122679016e+00 1.279918664460315325e+00 9.328823164651862676e-01 1.519859900422258943e-02 5.271483735105874091e-01 1.120953105203690153e-01
2.165098097800765675e+00 1.269071560136940668e+00 9.093587732447437899e-01 1.453652643636348281e-02 5.173677183404372659e-01 1.069998921012142445e-01
2.217905368478843009e+00 1.257317620690456605e+00 8.865032152469825011e-01 1.325278857157961322e-02 5.090629993870015024e-01 1.046971029179570994e-01
2.270712639156936774e+00 1.247849760021211729e+00 8.644091519872165730e-01 1.379359717036999361e-02 4.936151586219486020e-01 1.043263023199125505e-01
2.323519909835023878e+00 1.237764071735262039e+00 8.426602389553355943e-01 1.213668190788004357e-02 4.881683665172052988e-01 1.041006306693725569e-01
2.376327180513105208e+00 1.228571551052367150e+00 8.209940614816350068e-01 1.406906922929580459e-02 4.775717348230342774e-01 1.055908834201381291e-01
2.429134451191192312e+00 1.218615014679947040e+00 8.019481086781060641e-01 1.324809960989315610e-02 4.683431773190230851e-01 1.052661853736084202e-01
2.481941721869286521e+00 1.208759631217619424e+00 7.848065974995014349e-01 1.411513915440833905e-02 4.609127717763590870e-01 1.077078088004224249e-01
2.534748992547361635e+00 1.199788305752114814e+00 7.666094317373010059e-01 1.403739185990025319e-02 4.468020472742466609e-01 1.049942490261275979e-01
2.587556263225449626e+00 1.192447823957515585e+00 7.496500403258038459e-01 1.367006426908352369e-02 4.386881148295944666e-01 1.045356156713726781e-01
2.640363533903542503e+00 1.185094359603866554e+00 7.339885061486220996e-01 1.406543681001963010e-02 4.214022994434433733e-01 1.035414755512711893e-01
2.693170804581631383e+00 1.177566984757745905e+00 7.191547577741419506e-01 1.526621406880325320e-02 4.058737499974416907e-01 1.027208249709198051e-01
2.745978075259654538e+00 1.170877748360187987e+00 7.052241422951139871e-01 1.466842821990812194e-02 3.906513359837929245e-01 1.013147071910470570e-01
2.798785345937656821e+00 1.163937194873964742e+00 6.924839106908837749e-01 1.556353315774636550e-02 3.797346389553123980e-01 1.030222845188188824e-01
2.851592616615669318e+00 1.156661332828301747e+00 6.792462105762374636e-01 1.627753291955622017e-02 3.674918717393284018e-01 1.042899789555212370e-01
2.904399887293687144e+00 1.151303470922288241e+00 6.671987305842970173e-01 1.609329445506679432e-02 3.571458673459868005e-01 1.080606336347975927e-01
2.957207157971700529e+00 1.143949449803847829e+00 6.562467721108415919e-01 1.556343073907338372e-02 3.433986251474869800e-01 1.062791217371877595e-01
3.010014428649701479e+00 1.137519815132546519e+00 6.451733144715984247e-01 1.508577902100803267e-02 3.384633946777769187e-01 1.075174526224115662e-01
3.062821699327714864e+00 1.132350756405321457e+00 6.354962019028478348e-01 1.400882198219692218e-02 3.341136676907474068e-01 1.070668716683341321e-01
3.115628970005732690e+00 1.126996005711365711e+00 6.261732205035364096e-01 1.471804978384000546e-02 3.263574264707744255e-01 1.036741838109127428e-01
3.168436240683746519e+00 1.122268511639563426e+00 6.171809638827578937e-01 1.485197204603786944e-02 3.163672323445518297e-01 1.041595259206690299e-01
3.221243511361746581e+00 1.117620495812093218e+00 6.088730265903776750e-01 1.563971796672651224e-02 3.069340467254115246e-01 1.046451380806218689e-01
3.274050782039759966e+00 1.112780115047476759e+00 5.998177417630492503e-01 1.686403567803378481e-02 3.018017335386973810e-01 1.046017782463527362e-01
3.326858052717778236e+00 1.107898359262547761e+00 5.922486536528546175e-01 1.640169936743734319e-02 2.895012916016749260e-01 1.050634377019641491e-01
3.379876552478506824e+00 1.103299112331551202e+00 5.846631966585580376e-01 1.569158245163210577e-02 2.745265712862006158e-01 1.046682987176557056e-01
3.432683823156507774e+00 1.099172886437596919e+00 5.782850467945788164e-01 1.471928319694442051e-02 2.667953844785450612e-01 1.020621704879090125e-01
3.485491093834520715e+00 1.094876080559333165e+00 5.700455223495226598e-01 1.497177955358203888e-02 2.519734843564571114e-01 1.028622136956097582e-01
3.538298364512536764e+00 1.090516165398966564e+00 5.640651044582686291e-01 1.743004908696940344e-02 2.397169555101401894e-01 1.039223694592470992e-01
3.591105635190552814e+00 1.086192196380767472e+00 5.586191239678094389e-01 1.734271772299713840e-02 2.355399483803726490e-01 1.026634342977930936e-01
3.643912905868551544e+00 1.081275088103286874e+00 5.531991682332881854e-01 1.585173571368217807e-02 2.277690764370877974e-01 1.033939699292558551e-01
3.696720176546569370e+00 1.078202825460099934e+00 5.471262138980903522e-01 1.757625431938998270e-02 2.242970151779016263e-01 1.019138543834913063e-01
3.749527447224583643e+00 1.075486540853543227e+00 5.418762594059767235e-01 1.677124679291775236e-02 2.220287913373978905e-01 1.026114798495750269e-01
3.802334717902594363e+00 1.072963079679800202e+00 5.360295656353640803e-01 1.665318275915691343e-02 2.085231830454006008e-01 1.003463641157607555e-01
3.855141988580601531e+00 1.070353074797257165e+00 5.306099732787009637e-01 1.560622842368139702e-02 2.036588849134634005e-01 1.003763933742276848e-01
3.907949259258611363e+00 1.067937931921918437e+00 5.258196374905494963e-01 1.524389851984271800e-02 1.957393316856622101e-01 9.994941849923842658e-02
3.960756529936623416e+00 1.066248192860086874e+00 5.205461357234175690e-01 1.536977958843100192e-02 1.928060682104857371e-01 1.003326281952156146e-01
4.013563800614644350e+00 1.063276416502830557e+00 5.155551609714265071e-01 1.606835202625957887e-02 1.817045868382152762e-01 9.745939283868924885e-02
4.066371071292641304e+00 1.060244790493675593e+00 5.116915189010879939e-01 1.751522282533928346e-02 1.777925958890903824e-01 9.623513176131193170e-02
4.119178341970663126e+00 1.058548189226846015e+00 5.080684515436272308e-01 1.844609283588241957e-02 1.721743023706431841e-01 9.687010043427003725e-02
4.171985612648676067e+00 1.054550643687546696e+00 5.053689143968911335e-01 1.639786622709520428e-02 1.660894370153565835e-01 9.755080941859700649e-02
4.224792883326681903e+00 1.053565171964673031e+00 5.015514825533637921e-01 1.793743360893234814e-02 1.599254643846747259e-01 9.612330430351728738e-02
4.277600154004695732e+00 1.051638269226962796e+00 4.973492323728997966e-01 1.842315469049537677e-02 1.512845625477033940e-01 9.640533973812510926e-02
4.330407424682701567e+00 1.050243026278061764e+00 4.944830946013019646e-01 1.877540417121231764e-02 1.385833206823665620e-01 9.628867762563365906e-02
4.383214695360711843e+00 1.047921487530730777e+00 4.915600267240304300e-01 1.886983800784341678e-02 1.359141451641847631e-01 9.543398117327714369e-02
4.436021966038736331e+00 1.045795910412137708e+00 4.886588722079422964e-01 1.890110610133896238e-02 1.300125631353327704e-01 9.507085477088458858e-02
4.488829236716731508e+00 1.043099748348391032e+00 4.853970222456618910e-01 1.907359137258132081e-02 1.244159852846654091e-01 9.498098923524087023e-02
4.541636507394756883e+00 1.041993340137976842e+00 4.833608299575423151e-01 1.799115167728817036e-02 1.225816568119400263e-01 9.637112745480322373e-02
4.594443778072766271e+00 1.040414090718409845e+00 4.806842431172386743e-01 1.904577783539514180e-02 1.228193389035978494e-01 9.902803699650139513e-02
4.647251048750770330e+00 1.038959015368706718e+00 4.785359353682247519e-01 1.910986542766599308e-02 1.213605075139839867e-01 9.805460551653641388e-02
4.700058319428787712e+00 1.037000669731329205e+00 4.752245025662402145e-01 1.922614422754858818e-02 1.181697673805446464e-01 9.688775537911289981e-02
4.752865590106792659e+00 1.035550890510321231e+00 4.729371495495993116e-01 1.888994062638249885e-02 1.158907513112252541e-01 9.826514668842735445e-02
4.805672860784800271e+00 1.034614177544122215e+00 4.702377458867779136e-01 1.954335374491486879e-02 1.133914971729746701e-01 9.664181778220357066e-02
4.858480131462827423e+00 1.033147468142235237e+00 4.682174470112911990e-01 1.900434003411950734e-02 1.063902026897474845e-01 9.780248059731810883e-02
4.911287402140821712e+00 1.031980415299343035e+00 4.662386830800904769e-01 1.979509233590402012e-02 1.060380093360731996e-01 9.852277402425356490e-02
4.964094672818850640e+00 1.031301250957607829e+00 4.640307053032378115e-01 1.965425087465016638e-02 1.031708233199576941e-01 9.649976101013044150e-02
5.016901943496857363e+00 1.030278111470335656e+00 4.624411586843355515e-01 1.819719486182987817e-02 1.005750930860779407e-01 9.588926610946715834e-02
5.069709214174860534e+00 1.029330297822148133e+00 4.617419696995238021e-01 1.793445830467938623e-02 1.018728986411482768e-01 9.514419844388176395e-02
5.122516484852880581e+00 1.028318274803963872e+00 4.599103693831441686e-01 1.742259347169850675e-02 9.876994486741634549e-02 9.551960349828518548e-02
5.175323755530883751e+00 1.027724771194588715e+00 4.584820491156091360e-01 1.776662167361519468e-02 9.373823420931713668e-02 9.826233080258199581e-02
5.228131026208887810e+00 1.026552823992175734e+00 4.572238492103102292e-01 1.742562880363549699e-02 8.960016855949358427e-02 1.002946174742485597e-01
5.280938296886918515e+00 1.025646558731243774e+00 4.561033415636890909e-01 1.811390413069531233e-02 8.997221044686079527e-02 9.939629327502542966e-02
5.333745567564912804e+00 1.023829428628085125e+00 4.547370095448240446e-01 1.814584479760909114e-02 8.350218649805202231e-02 9.737788687990875380e-02
5.386552838242943508e+00 1.022069002177021124e+00 4.533672973732391087e-01 1.850484284896593973e-02 8.044600864783092720e-02 9.699390156219919734e-02
5.439360108920947567e+00 1.021441666844390861e+00 4.523141759491291491e-01 1.821949402589579867e-02 7.665549090588673342e-02 9.882179715177510926e-02
5.492167379598949850e+00 1.020387549218565670e+00 4.505134158780393916e-01 2.011159283590138389e-02 7.573106861136344459e-02 9.735422013669438324e-02
5.544974650276973449e+00 1.019964102237716608e+00 4.490012583300479476e-01 1.950867858945073627e-02 7.414357046369798865e-02 9.487681820633618590e-02
5.597781920954974844e+00 1.019436179437605672e+00 4.489792007229749249e-01 1.931335250031990594e-02 7.167211839974590992e-02 9.558426216790365249e-02
5.650589191632978014e+00 1.018773040598419666e+00 4.471312891530250244e-01 1.912092221056272204e-02 7.205612770207205087e-02 9.467308420381502498e-02
5.703396462311010495e+00 1.017560707381448770e+00 4.464090188544264648e-01 1.845459904628367342e-02 7.235142740997148325e-02 9.256811680019186306e-02
5.756203732989003008e+00 1.016399812871201513e+00 4.458684287708075678e-01 1.632403389671492275e-02 7.085780536854455192e-02 9.002547793381981966e-02
5.809011003667035489e+00 1.015723504483050599e+00 4.449662419062176411e-01 1.549577424252419552e-02 6.903038028708893825e-02 8.999196515538690488e-02
5.861818274345038660e+00 1.015380311917853495e+00 4.443332114459959681e-01 1.672541395914925108e-02 6.515961531116096217e-02 8.968367777374533500e-02
5.914625545023039166e+00 1.014573545648759678e+00 4.437485894922807428e-01 1.676817831534340580e-02 6.021162578923679176e-02 8.888803631874363231e-02
5.967432815701064541e+00 1.012925906922190755e+00 4.435664762398640049e-01 1.716884942484473570e-02 5.962691137572943834e-02 8.598257473208793800e-02
6.020240086379065936e+00 1.012770458458510214e+00 4.429811811491208839e-01 1.741881933438661073e-02 5.937356811141410867e-02 8.678195791507281598e-02
6.073047357057067330e+00 1.012290725747570175e+00 4.423482382737272678e-01 1.715260550753937990e-02 5.843488550842990126e-02 8.480671998489658359e-02
6.125854627735101587e+00 1.011861681602103769e+00 4.418188358730390508e-01 1.562356221474345448e-02 6.077347937945375839e-02 8.573970612035283767e-02
6.178661898413093212e+00 1.011069876200859419e+00 4.411357977980645551e-01 1.684908997726485350e-02 5.872857891109976858e-02 8.515262093165766599e-02
6.231469169091127469e+00 1.010599996010904889e+00 4.408008417272316626e-01 1.646333037744513589e-02 5.833866870750256672e-02 8.659739339929406476e-02
6.284276439769129752e+00 1.009951890276164610e+00 4.407150242820411790e-01 1.602516340026420572e-02 5.809114240361436254e-02 8.421650957206437693e-02
6.337083710447128482e+00 1.009354629601765696e+00 4.400435759804833258e-01 1.727965024708985262e-02 5.757101460308995666e-02 8.501552895155750633e-02
6.389890981125155633e+00 1.009420157344614877e+00 4.396580240350320690e-01 1.649947825194680168e-02 5.436195468846492795e-02 8.673336509524051663e-02
6.442698251803156140e+00 1.008261902414038236e+00 4.398036235386400539e-01 1.725273211587965635e-02 5.468096507589902122e-02 8.891728698203878178e-02
6.495505522481155758e+00 1.007880861606388123e+00 4.392061630568261377e-01 1.904419886371196136e-02 5.377810150521074306e-02 8.907774100760287861e-02
6.548312793159191791e+00 1.008422566999221726e+00 4.386742908604695512e-01 1.700119728468976049e-02 5.279776115304991857e-02 9.110666614381621176e-02
6.601120063837184304e+00 1.008565628423192750e+00 4.380344002961545358e-01 1.692963345117589474e-02 5.245394721394592424e-02 9.136084038170930177e-02
6.653927334515219449e+00 1.009070596322970470e+00 4.372553098825459617e-01 1.688048224624036711e-02 5.221834204917404770e-02 9.347855839862603822e-02
6.706734605193219956e+00 1.008792576105854488e+00 4.359980720758217521e-01 1.606453560983309853e-02 5.421415843033881854e-02 9.368339891368013261e-02
6.759541875871220462e+00 1.007799717753171231e+00 4.356185341860241422e-01 1.510797529104579082e-02 5.416156510246917383e-02 9.487051625413839284e-02
6.812349146549246726e+00 1.007501296036040328e+00 4.358440989648815767e-01 1.588080537128474037e-02 5.317348940616147684e-02 9.554608656109198073e-02
6.865156417227247232e+00 1.007085891580932202e+00 4.351058919508805078e-01 1.575853379410967897e-02 5.356850597139685421e-02 9.743394178453418375e-02
6.917963687905248626e+00 1.006971959997584376e+00 4.339993382395566646e-01 1.609835557375817114e-02 5.171207928469983423e-02 9.659746819142750462e-02
6.970770958583280219e+00 1.007349431047956934e+00 4.338111518217090956e-01 1.547667193556087790e-02 4.992519128500279985e-02 9.500910397645788430e-02
7.023578229261275396e+00 1.007807701781666010e+00 4.334317261325326687e-01 1.645539414244443291e-02 4.938207503114770691e-02 9.358840990675529325e-02
7.076385499939311430e+00 1.006715012295111178e+00 4.331762294734221030e-01 1.743890683555231191e-02 5.004905958286721968e-02 9.538087554944978119e-02
7.129192770617305719e+00 1.006775951233270350e+00 4.331227679763030580e-01 1.810659058181451203e-02 4.830509839367829600e-02 9.528992953795659138e-02
7.182000041295308890e+00 1.005783796771617888e+00 4.334310658135424044e-01 1.701901925861611098e-02 4.789029130194166761e-02 9.328438750635949239e-02
7.234807311973339594e+00 1.006713782915638511e+00 4.327812768877511984e-01 1.650352552552309185e-02 4.774152679949110467e-02 9.274345642852145633e-02
7.287614582651343653e+00 1.005948055822666776e+00 4.324374820860221180e-01 1.592819080110626645e-02 4.871089014144860951e-02 9.217780040078629722e-02
7.340421853329336166e+00 1.005750791843289305e+00 4.325352296998545842e-01 1.524953119606477572e-02 4.858426373437341877e-02 9.222108833485859192e-02
7.393229124007373976e+00 1.005989018089292975e+00 4.322054875068002122e-01 1.475451889033599362e-02 4.829809393953199415e-02 9.274746432753523673e-02
7.446036394685372706e+00 1.005934055194013244e+00 4.315629460507041104e-01 1.387884773490344163e-02 5.088207409510027424e-02 9.199009457305494519e-02
7.498843665363395417e+00 1.005238305680070443e+00 4.318245266988967601e-01 1.533297562392411766e-02 5.142915038363755215e-02 9.106913132434441005e-02
7.551650936041401252e+00 1.005227344155958713e+00 4.321906206034427655e-01 1.510387620479849979e-02 4.966040821341620448e-02 9.497920126398740059e-02
7.604458206719407087e+00 1.005806792588914478e+00 4.308068285570971212e-01 1.539859851484455013e-02 5.062171036479567315e-02 9.445015567907956433e-02
7.657265477397420916e+00 1.006229354207824889e+00 4.309014013996446124e-01 1.540669140213466598e-02 5.081122464485145207e-02 9.457933595328531229e-02
7.710072748075428528e+00 1.006045771056776061e+00 4.307166397720352813e-01 1.547187087918156997e-02 4.705755868660015107e-02 9.238909174265842739e-02
7.762880018753436140e+00 1.005662329722716963e+00 4.308312905838959650e-01 1.607435085993078397e-02 4.863769106874947512e-02 9.134982280732156790e-02
7.815687289431452633e+00 1.004706056431008854e+00 4.307835938063125369e-01 1.484951769772435357e-02 5.130246129570274066e-02 9.144692640726333199e-02
7.868494560109456692e+00 1.005033825237559464e+00 4.300179530293103958e-01 1.451153122482398000e-02 4.949172876686418893e-02 9.065645943101149906e-02
7.921301830787494502e+00 1.004204481057450860e+00 4.298746496320955957e-01 1.497411647241933194e-02 5.242867160839208285e-02 8.897400574027981845e-02
7.974109101465479910e+00 1.003748709805716288e+00 4.299146162851973929e-01 1.442799779426512732e-02 5.166010406928464582e-02 8.944705785223994177e-02
8.026916372143489298e+00 1.004326011831920384e+00 4.299353405599729006e-01 1.505975669354015292e-02 5.239007603359620291e-02 9.005643792950346338e-02
8.079723642821521779e+00 1.004780209450262474e+00 4.299932587327903732e-01 1.431371223444398606e-02 5.250333707951816004e-02 9.276205122916669765e-02
8.132530913499532943e+00 1.004092520429267443e+00 4.292425105080455161e-01 1.565256239124187404e-02 5.302877366369867368e-02 9.170712299214568708e-02
8.185338184177515686e+00 1.003353283780922700e+00 4.294713060022311013e-01 1.628149391565289136e-02 5.399307933114326497e-02 9.085227800162895551e-02
8.238145454855555272e+00 1.003153049965177290e+00 4.292492471933861964e-01 1.782934083542255660e-02 5.380819755062972443e-02 9.402922349563531956e-02
8.290952725533561107e+00 1.003645846269253683e+00 4.290495387588146303e-01 1.798351792291676826e-02 5.195257143711756037e-02 9.383005218772232092e-02
8.343759996211570495e+00 1.003950429323891669e+00 4.280666407992138600e-01 1.899809584459158721e-02 5.271034588494730166e-02 9.177533982137300872e-02
8.396567266889583436e+00 1.003780519590551368e+00 4.279515659073406808e-01 1.882795282696361414e-02 5.313331286564241390e-02 9.196880897707286617e-02
8.449374537567594601e+00 1.003772046357476633e+00 4.275923144818016275e-01 1.845228889151878660e-02 5.212119554771205837e-02 9.371455742935777544e-02
8.502181808245598660e+00 1.002806607948512951e+00 4.276248476716439928e-01 1.658991589969089839e-02 5.431590112875128717e-02 9.470899662722276346e-02
8.554989078923609824e+00 1.003325502902228106e+00 4.269604349255194387e-01 1.612782080247254779e-02 5.501146277121506112e-02 9.297091857861665420e-02
8.607796349601622765e+00 1.002984213899608346e+00 4.271864434146335765e-01 1.609015870958260125e-02 5.566452818396395996e-02 9.398089042594397202e-02
8.660603620279628601e+00 1.003400490082438035e+00 4.270453917703933011e-01 1.456648099249821353e-02 5.748976153808630501e-02 9.648050178798509013e-02
8.713410890957636212e+00 1.003686672543712577e+00 4.265472037177455711e-01 1.436889392470045573e-02 5.746145184991228311e-02 9.427842519333139160e-02
8.766218161635677575e+00 1.003081185994297853e+00 4.268639441853880334e-01 1.471195437286388664e-02 5.668379490658698866e-02 9.450519212677807590e-02
8.819025432313654989e+00 1.002444720223271801e+00 4.270611497047587801e-01 1.495910238737152911e-02 5.566498781237924631e-02 9.546386294738626321e-02
8.871832702991669706e+00 1.001690539516438605e+00 4.269894340162138646e-01 1.570243756379476052e-02 5.183355667806784084e-02 9.647193480371460406e-02
8.924639973669705739e+00 1.000900901129071041e+00 4.271867340560304149e-01 1.614120927396001798e-02 4.888466994740355703e-02 9.523797180520054972e-02
8.977447244347720456e+00 1.000609992170369278e+00 4.267903420571483863e-01 1.862251059794747116e-02 4.550362762268293088e-02 9.497832994687198382e-02
9.030254515025694317e+00 9.997151199011343747e-01 4.273690903851547485e-01 1.919404434937147311e-02 4.474869605178859178e-02 9.274639949339330558e-02
9.083061785703735680e+00 9.990263904742002765e-01 4.271674588866742339e-01 1.846600454795755547e-02 4.459640212490293548e-02 9.452152226248820843e-02
9.135869056381748621e+00 9.989257558532944614e-01 4.275459332691768921e-01 1.877258335952571022e-02 4.488447816139456287e-02 9.392066739990363733e-02
9.188676327059749127e+00 9.989202821903276908e-01 4.276089939146962560e-01 1.916771391463884672e-02 4.704445547242519510e-02 9.821747585914200607e-02
9.241483597737763844e+00 9.980986387772475821e-01 4.276272565428598793e-01 1.842929763376270971e-02 4.746058976629306814e-02 9.839598726677732665e-02
9.294290868415780338e+00 9.991938118869673202e-01 4.271668378313234204e-01 1.794030236818081395e-02 4.899429047089635947e-02 9.748493953453728211e-02
9.347098139093775515e+00 9.995865805744132970e-01 4.270776351523030145e-01 1.854556297582260829e-02 4.983313110670181678e-02 9.396658134461678691e-02
9.399905409771792009e+00 9.999382195402325424e-01 4.273550873040707354e-01 1.879038297155541382e-02 5.051840319743938074e-02 9.293682341235555422e-02
9.452712680449808502e+00 1.000316288414095256e+00 4.271632474993135031e-01 1.879168221479685791e-02 5.061742270751996842e-02 9.397801154811569191e-02
9.505519951127805456e+00 1.000523231458841256e+00 4.270740652977913498e-01 1.800423601540849378e-02 4.934609989440355560e-02 9.288492585831226167e-02
9.558327221805816620e+00 1.000600247597327908e+00 4.276316728387852262e-01 1.675286896245554297e-02 4.747493150101446402e-02 9.404206324645979220e-02
9.611134492483861536e+00 1.000589300500969392e+00 4.277419978870170003e-01 1.725606501271603407e-02 4.877814327243111536e-02 9.386665516943951126e-02
9.663941763161831844e+00 1.000031950636837808e+00 4.285127367332776105e-01 1.821638762236039988e-02 4.851890941260305484e-02 9.489135587120323123e-02
9.716749033839850114e+00 9.997399969383292673e-01 4.285305007266687616e-01 1.770406673099762795e-02 4.979010730682268543e-02 9.588611524467814673e-02
9.769556304517887924e+00 9.994008153887103951e-01 4.288953156138039513e-01 1.670754758232998946e-02 4.974885307793825567e-02 9.604915022430497717e-02
9.822363575195906193e+00 9.994044757895170772e-01 4.291791188375146948e-01 1.670178971571210924e-02 5.003705919847380168e-02 9.329630848718763192e-02
9.875170845873876502e+00 9.996285849189648909e-01 4.300635664542823422e-01 1.655746820882827292e-02 5.070298870305726957e-02 9.350061435715772973e-02
9.927978116551919641e+00 9.997235047454761103e-01 4.295175343809785606e-01 1.826261520007109451e-02 5.093170443324938901e-02 9.353225040654775113e-02
9.980785387229932581e+00 1.001171722423592758e+00 4.287128262931948486e-01 1.937563747746118628e-02 5.161510835270492759e-02 9.265293776467273257e-02
1.003359265790792598e+01 1.000710351773327345e+00 4.291307900805597653e-01 1.956754458844002856e-02 5.010326469040683045e-02 9.150915538386857062e-02
1.008639992858594603e+01 1.000858501253184984e+00 4.291685360415924411e-01 1.956544979325681999e-02 4.926750274511038086e-02 9.313450693856709095e-02
1.013920719926396607e+01 1.000815260272762908e+00 4.294431087254157453e-01 1.737418300234634672e-02 4.704611808231789344e-02 9.449201504444733335e-02
1.019201446994195237e+01 1.001211846334059574e+00 4.292433845652788293e-01 1.738244794637998011e-02 4.788873472136281895e-02 9.326664649005390884e-02
1.024482174061997242e+01 1.000729319496925784e+00 4.297229508774852991e-01 1.660375651551211293e-02 4.822613255463682053e-02 9.202152331752974646e-02
1.029762901129799246e+01 1.000595963331633920e+00 4.294154581668828130e-01 1.740214595858059765e-02 4.714195190802202007e-02 9.308920343627022365e-02
1.035043628197598231e+01 1.000196774387156040e+00 4.300527597251921907e-01 1.752367440077619992e-02 4.752146178269799764e-02 9.412259206328468797e-02
1.040324355265399880e+01 9.999951001881990376e-01 4.293979352474793232e-01 1.592197330126312801e-02 5.071904602016518576e-02 9.284769178701673953e-02
1.045605082333204372e+01 9.998977322650653976e-01 4.294930071428443297e-01 1.577482818468502884e-02 5.342025431931467921e-02 9.309606287672059222e-02
1.050885809401000870e+01 9.998442405168451730e-01 4.293450090749178494e-01 1.724778367619998753e-02 5.414299320890773870e-02 9.246749976492797674e-02
