-5.821665046796203313e+01 1.959454563565678598e+00 1.000000000000000000e+00 3.613323046785033086e-04 2.030509844848086241e-03 3.080411669983494811e-03
-5.807016191879992562e+01 1.900727873955431413e+00 1.047207408470851808e+00 -4.595254559822610149e-03 1.000778263134271574e-02 9.761888067517987598e-05
-5.792425698935559097e+01 1.840849527955141562e+00 1.094469940880031134e+00 -1.018318394751751080e-02 1.791928366142772275e-02 1.534973898485333466e-03
-5.777835205991126344e+01 1.786475095141214720e+00 1.145068182058261996e+00 -1.624246159043576596e-02 2.597648197814077589e-02 -2.112317991033999497e-03
-5.763244713046693590e+01 1.735943989802481546e+00 1.196457919625980360e+00 -1.927680531685688897e-02 2.909314236601939080e-02 -3.339995215830120386e-03
-5.748654220102260837e+01 1.691739121520543732e+00 1.252564100941804925e+00 -2.179546106456144508e-02 3.484549962675718288e-02 -4.502982466205751946e-03
-5.734063727157827373e+01 1.649613830733627440e+00 1.307499458929730851e+00 -2.364175874072481365e-02 4.095937818749212367e-02 -3.751572526433016863e-03
-5.719473234213393198e+01 1.610688436255861999e+00 1.366151442088905155e+00 -2.589245685013386034e-02 4.482504123775374327e-02 -4.821777037136839791e-03
-5.704941103240735600e+01 1.574686641902618867e+00 1.427404961239927994e+00 -2.899094213079886351e-02 4.903563968088704705e-02 -6.745053936417383725e-03
-5.690350610296300005e+01 1.541444886886147669e+00 1.491236646882888817e+00 -3.045762497849146752e-02 4.880951261980101541e-02 -7.743405725788491019e-03
-5.675760117351864409e+01 1.510582518466077939e+00 1.558137940057468640e+00 -3.118989286954718804e-02 5.065138688732201411e-02 -8.717084230851263396e-03
-5.661169624407428813e+01 1.483124286131527692e+00 1.628913358818117496e+00 -3.253613688639998835e-02 5.407065599640167863e-02 -9.354862185467858332e-03
-5.646579131462993928e+01 1.457366529749117623e+00 1.701412967416979560e+00 -3.281869992527436386e-02 5.507983683549753234e-02 -6.882548553865466129e-03
-5.631988638518558332e+01 1.434729646511711421e+00 1.779361617552822628e+00 -3.335396354053474927e-02 5.670242215499065458e-02 -4.253220392603807368e-03
-5.617398145574127710e+01 1.413428067328925009e+00 1.857536152673650021e+00 -3.457122890914507418e-02 5.672905145934077631e-02 -4.618516319832281780e-03
-5.602807652629698509e+01 1.394273127298497394e+00 1.941190366105865150e+00 -3.332074209937154613e-02 5.951833756772281075e-02 -3.840514418656496357e-03
-5.588217159685267887e+01 1.376414331839612482e+00 2.023997267064826300e+00 -3.431247216277306944e-02 6.094231100152766589e-02 -3.466767733650639744e-03
-5.573626666740837976e+01 1.359823656298753569e+00 2.110816008745628025e+00 -3.353253069877468878e-02 6.000205331967142092e-02 -2.624257847667337430e-03
-5.558977811824628645e+01 1.345262900873671841e+00 2.201188709133379717e+00 -3.358126653403601530e-02 6.114240717577509171e-02 -2.350067073541856153e-03
-5.544387318880198023e+01 1.330999674968727176e+00 2.291427911597176070e+00 -3.529741332919760638e-02 6.350244665210785788e-02 -3.944226765375652075e-03
-5.529796825935768823e+01 1.318314113625851158e+00 2.385929485258848182e+00 -3.532312866815807972e-02 6.561877419183372029e-02 -4.574356208190569727e-03
-5.515206332991337490e+01 1.307279216228360186e+00 2.487434999820498760e+00 -3.694031295229855544e-02 6.266265879793248006e-02 -3.076117435772399676e-03
-5.500615840046907579e+01 1.295555870161005929e+00 2.585862691445586670e+00 -3.769633507106753822e-02 6.535959680970199193e-02 -1.054940768362668717e-03
-5.486025347102476957e+01 1.285506786691620107e+00 2.688667575857107916e+00 -3.748910927517212083e-02 6.463319774762599224e-02 -2.799068645381352677e-04
-5.471434854158047045e+01 1.275663254158736715e+00 2.791209183247427283e+00 -3.748549746808523681e-02 6.491960528472690006e-02 3.004835077526090987e-04
-5.456844361213615713e+01 1.266991112391022689e+00 2.897994724206299111e+00 -3.751216417164778688e-02 6.708441415681425102e-02 -5.597602635562448289e-04
-5.442253868269181538e+01 1.259599945132767740e+00 3.009485144863413453e+00 -3.730378062519594529e-02 6.613976613858564557e-02 -1.126472000882834494e-03
-5.427663375324741679e+01 1.252611651027561113e+00 3.121596517180081243e+00 -3.722143668162865293e-02 7.106332529076268834e-02 -9.340526517035451816e-04
-5.413072882380299689e+01 1.247689666590789503e+00 3.241859372046308252e+00 -3.532510253316267085e-02 7.214226278915039647e-02 -1.169484899921401436e-03
-5.398540751407637828e+01 1.241924051659029749e+00 3.359020252523990724e+00 -3.465619099983236612e-02 7.384124163310330780e-02 -4.112300816578769169e-03
-5.383950258463195837e+01 1.237636412163061861e+00 3.482596652301441775e+00 -3.513643489190002023e-02 7.505143538171785145e-02 -3.564568855899375843e-03
-5.369359765518755978e+01 1.233890124487566409e+00 3.608420873960820341e+00 -3.448420624682907443e-02 7.327977821904901878e-02 2.361183825706059233e-04
-5.354769272574316119e+01 1.230113687374462694e+00 3.735383768288051076e+00 -3.463384711553312012e-02 7.203308642580032173e-02 -2.704629590370730662e-03
-5.340178779629874128e+01 1.227025432155632867e+00 3.865592761864650395e+00 -3.431378471685449932e-02 7.177912253631131556e-02 -2.407709194120708288e-03
-5.325588286685434269e+01 1.224955123112102306e+00 3.999845322261303959e+00 -3.478850286487523980e-02 7.155708913607009003e-02 -3.242335053520762744e-03
-5.310997793740992279e+01 1.222711993181455847e+00 4.133248588152637737e+00 -3.409322218995489845e-02 7.186160804159225091e-02 -3.893160378914496244e-03
-5.296407300796552420e+01 1.222001838388652617e+00 4.275903571564943384e+00 -3.448218928945988998e-02 7.191538483301446183e-02 -2.268112371920602034e-03
-5.281816807852111850e+01 1.220183215600586513e+00 4.414557381055156604e+00 -3.502298763685367244e-02 7.417159453896032817e-02 -2.363905186222750240e-03
-5.267226314907671281e+01 1.220040617531492400e+00 4.561457767078488601e+00 -3.551042254706613527e-02 7.308458129356538990e-02 -1.939671480891074157e-03
-5.252635821963230711e+01 1.219116755820936371e+00 4.703574851491552522e+00 -3.456895130084414181e-02 7.089857073089710082e-02 4.019800187957845057e-04
-5.238045329018788721e+01 1.217624031089762804e+00 4.845061244282876878e+00 -3.458199489291333140e-02 6.932882207744688052e-02 7.690558003581993542e-04
-5.223454836074348151e+01 1.218444778173780607e+00 4.997227884395866404e+00 -3.406578593632288154e-02 6.970425547028825941e-02 7.207054295042947386e-04
-5.208864343129909003e+01 1.218752915911532231e+00 5.151392041375835618e+00 -3.379858015105212388e-02 7.218975051885419270e-02 2.242330883550723748e-03
-5.194273850185467012e+01 1.219640013330581585e+00 5.308735007441730325e+00 -3.342257411781127119e-02 7.166516943234708947e-02 4.325658619296814805e-03
-5.179683357241026442e+01 1.221041260236064296e+00 5.467307622505328091e+00 -3.313381158308836144e-02 7.180516682346800572e-02 4.463815594575149849e-03
-5.165092864296586583e+01 1.222832902125834842e+00 5.632173338667467277e+00 -3.346761548326628727e-02 7.044984616028161784e-02 4.074938955014789643e-03
-5.150502371352146014e+01 1.225677530938151572e+00 5.804962149011596573e+00 -3.314013919145739756e-02 7.185803269083833322e-02 1.612991375242678327e-03
-5.135911878407702602e+01 1.226842852888474722e+00 5.966153637525089870e+00 -3.314642179969742170e-02 7.203868173745854586e-02 9.997419545965369712e-04
-5.121321385463265585e+01 1.228938168790537855e+00 6.131483471430414944e+00 -3.309718773433986683e-02 7.029958458787220754e-02 3.224687007129195624e-03
-5.106730892518824305e+01 1.231558242720235841e+00 6.302424327052165154e+00 -3.248319070617402410e-02 7.015028188825135624e-02 4.791053423406730662e-03
-5.092140399574381604e+01 1.234833683844564156e+00 6.479147122071947429e+00 -3.200878292268442143e-02 7.102173247069533402e-02 5.596650924997423164e-03
-5.077549906629940324e+01 1.238379987062387055e+00 6.658672831156790650e+00 -3.203335226405440439e-02 7.001673312641061575e-02 5.451875597495253051e-03
-5.062959413685516807e+01 1.242104307456902479e+00 6.843362801261898554e+00 -3.188391120735643153e-02 7.195173335165817863e-02 4.720646387417673680e-03
-5.048368920741098975e+01 1.245058116781853075e+00 7.019948288528565783e+00 -3.250401945227558709e-02 7.275821359179644732e-02 4.374650232967826347e-03
-5.033778427796679011e+01 1.247528082169994557e+00 7.196788381736919149e+00 -3.226863660402857353e-02 7.257655171364719993e-02 5.156199140063985782e-03
-5.019187934852256916e+01 1.251585842929264336e+00 7.386881358848599533e+00 -3.220933718774456056e-02 7.396405700100441849e-02 5.662852520096393373e-03
-5.004597441907836242e+01 1.255502493247425688e+00 7.571948872261057950e+00 -3.211153310559802104e-02 7.476742231530845995e-02 8.637658292055179834e-03
-4.990006948963419120e+01 1.259011647023191127e+00 7.757403694536357364e+00 -3.203526742887866791e-02 7.244661177632838456e-02 9.685011040675858829e-03
-4.975416456018999156e+01 1.264018765543932110e+00 7.955257763662136661e+00 -3.169522455898157731e-02 7.140071018847303497e-02 1.116734974823162252e-02
-4.960825963074577061e+01 1.268017617869801050e+00 8.144381843774926466e+00 -3.214108494247817222e-02 7.058449546666331620e-02 1.090742178956591833e-02
-4.946235470130156386e+01 1.272827910482795755e+00 8.346799947353105154e+00 -3.203069388473964163e-02 6.742344857910598233e-02 1.078649645815117110e-02
-4.931644977185739975e+01 1.277140514951566663e+00 8.546256851453255976e+00 -3.301561824350961183e-02 6.846720049304705347e-02 1.330975679026471722e-02
-4.917054484241319301e+01 1.282489720266006827e+00 8.751516769767309967e+00 -3.277282280304846807e-02 6.735827238294725405e-02 1.328617574875870337e-02
-4.902463991296897206e+01 1.286416478868103175e+00 8.948571651388066428e+00 -3.275002872120840597e-02 6.635018067753435667e-02 1.345096960789160696e-02
-4.887815136380697822e+01 1.291587880682705691e+00 9.152831631164662696e+00 -3.247213437288154481e-02 6.732000633683699053e-02 1.208475340516439525e-02
-4.873224643436281411e+01 1.297277680460617200e+00 9.365553450434445537e+00 -3.234001575368312953e-02 6.694539307811200879e-02 1.022115730285523549e-02
-4.858634150491860737e+01 1.302847788190847345e+00 9.573129215127380576e+00 -3.236941450233107864e-02 6.447031626417644434e-02 1.261258503461593072e-02
-4.844043657547438642e+01 1.307619608580627979e+00 9.773975524812241744e+00 -3.237881843199628962e-02 6.494796719633323667e-02 1.407535549548117638e-02
-4.829453164603017967e+01 1.312081502249965892e+00 9.975711116443033433e+00 -3.128153255832272217e-02 6.727988850619050221e-02 1.192636220571753093e-02
-4.814862671658601556e+01 1.318222810593847827e+00 1.019270920118942492e+01 -3.160842913221208889e-02 6.889466042728542572e-02 8.398020979163207944e-03
-4.800272178714180171e+01 1.323956693009300967e+00 1.040734882849981169e+01 -3.074086302999910758e-02 6.701023477695923491e-02 1.067114753077511198e-02
-4.785681685769758786e+01 1.328477560848874583e+00 1.061060722475416362e+01 -3.123540916250050134e-02 6.912602334022724393e-02 1.280704388575895983e-02
-4.771091192825338823e+01 1.333800419181395247e+00 1.081722480262414265e+01 -2.983491472254280047e-02 6.890661955882185219e-02 1.257613479787867035e-02
-4.756500699880920280e+01 1.337085231206360803e+00 1.100754200110670666e+01 -3.035480239293100041e-02 6.737875241718203900e-02 1.218979137585345096e-02
-4.741910206936501027e+01 1.343570830628093793e+00 1.122556009210170203e+01 -2.969006361432906249e-02 6.477521053226445447e-02 1.476062293345831340e-02
-4.727319713992080352e+01 1.348573966485602016e+00 1.143868253105608801e+01 -2.872906423742144569e-02 6.553656105023986100e-02 1.696975719391658963e-02
-4.712729221047657546e+01 1.353754451547374504e+00 1.164870687995435894e+01 -2.712483965972171951e-02 6.593416737060345256e-02 1.616650736771470948e-02
-4.698138728103241135e+01 1.359378154390006976e+00 1.185841668897980128e+01 -2.743393889498364074e-02 6.648080050699675669e-02 1.886394358209439112e-02
-4.683548235158819040e+01 1.363578727198932139e+00 1.206431524651473097e+01 -2.625041719538986906e-02 6.851889024501693626e-02 1.796838087432067049e-02
-4.668957742214399076e+01 1.369189145806780861e+00 1.227769329308411805e+01 -2.601824823461413097e-02 6.823717953831807959e-02 1.792425307194803544e-02
-4.654367249269979112e+01 1.374552175480583172e+00 1.249104248898611580e+01 -2.615671125743908310e-02 6.647567255474168268e-02 1.770987591485691931e-02
-4.639776756325559148e+01 1.380808219647336132e+00 1.270520734467194757e+01 -2.501725531935992258e-02 6.695676304645878374e-02 1.615141172338954018e-02
-4.625186263381140606e+01 1.386926424999967100e+00 1.292131768512216006e+01 -2.521185010806896790e-02 6.665015195878208620e-02 1.556447654568449135e-02
-4.610595770436720642e+01 1.392347084849812511e+00 1.313474196130603211e+01 -2.446158887637360155e-02 6.699828542861670233e-02 1.664435047474024931e-02
-4.596005277492297125e+01 1.398796348228219966e+00 1.335139681873671513e+01 -2.460883964571515883e-02 6.664518603440754141e-02 1.740828361450825687e-02
-4.581414784547881425e+01 1.403979784934918484e+00 1.356335205964720458e+01 -2.378699923056602078e-02 6.801756452524565510e-02 1.873149038680609405e-02
-4.566824291603457908e+01 1.410136081952536369e+00 1.378186113491529063e+01 -2.383698991649999682e-02 6.814786302024442022e-02 1.694729790310584711e-02
-4.552233798659038655e+01 1.415979119229068051e+00 1.400373985911480723e+01 -2.443001798196807808e-02 7.011028671625768594e-02 1.602030008006497322e-02
-4.537643305714620112e+01 1.421991071267267426e+00 1.421699840189584663e+01 -2.369005407437655558e-02 6.816143468993302035e-02 1.485068661534828457e-02
-4.523052812770198727e+01 1.428116094064685981e+00 1.443380425302457581e+01 -2.363662485029201926e-02 6.452907906505048197e-02 1.730505834874233179e-02
-4.508462319825780895e+01 1.433719914114082172e+00 1.464714611823789880e+01 -2.244365376644129675e-02 6.485864227963288042e-02 1.821818608784257429e-02
-4.493871826881361642e+01 1.439479648808094758e+00 1.485863464375706045e+01 -2.156206519004482541e-02 6.690616789210737658e-02 1.767121916814976684e-02
-4.479281333936937415e+01 1.446597762315676716e+00 1.508565909428894258e+01 -2.079186345962710097e-02 6.531052731651647292e-02 1.929097194129311688e-02
-4.464690840992522425e+01 1.451014070217158558e+00 1.528966323034929964e+01 -2.128932785007105893e-02 6.477596954053740919e-02 2.064527219823123275e-02
-4.450100348048097487e+01 1.455904092592241073e+00 1.548615789824474476e+01 -2.060537775762476959e-02 6.308336177986494098e-02 2.147065136670199201e-02
-4.435509855103678944e+01 1.461881824378303607e+00 1.570441324523848969e+01 -1.976741168559981512e-02 6.110661416838530230e-02 2.363412834795822204e-02
-4.420919362159261112e+01 1.467564343737538302e+00 1.591222469611470913e+01 -2.049735661779702664e-02 6.168523868451274150e-02 2.226143447990174690e-02
-4.406328869214839017e+01 1.474260276241096346e+00 1.613629582874899882e+01 -1.943249406513418431e-02 6.320676835813791861e-02 2.401647080272018009e-02
-4.391738376270420474e+01 1.480894617594602058e+00 1.635240486198638976e+01 -1.833750592974956947e-02 6.358032858439646717e-02 2.513134623383809357e-02
-4.377147883326001931e+01 1.485378370648493318e+00 1.654468381163146873e+01 -1.617449071411232453e-02 6.414823036861441730e-02 2.488192456119664442e-02
-4.362557390381577704e+01 1.490774993892753253e+00 1.674822993138573679e+01 -1.645251521454920568e-02 6.536070544600187937e-02 2.401440339651664604e-02
-4.347966897437162004e+01 1.496217056684556290e+00 1.695141211892200772e+01 -1.750985592544344882e-02 6.630337968475218113e-02 2.565416927377934045e-02
-4.333376404492737066e+01 1.501291618749341694e+00 1.714626943359886724e+01 -1.698084746764804212e-02 6.443880142023653002e-02 2.522206003372929120e-02
-4.318785911548318524e+01 1.506960643138558931e+00 1.735082288090033131e+01 -1.553699571401303929e-02 6.413377599558474362e-02 2.448235082581168981e-02
-4.304195418603901402e+01 1.511738524317982835e+00 1.753566448511344333e+01 -1.524694651518205407e-02 6.521135890752283171e-02 2.446641119963414990e-02
-4.289604925659477885e+01 1.517220328798222440e+00 1.774107271230004201e+01 -1.506480046486961127e-02 6.565793747420400894e-02 2.482798116220310408e-02
-4.275014432715060053e+01 1.523432915961704825e+00 1.793859939568468675e+01 -1.449257234324920901e-02 6.616212143860876471e-02 2.488145254332737449e-02
-4.260423939770642932e+01 1.528891493158079262e+00 1.812282242167824364e+01 -1.303077295691633906e-02 6.636549828905191628e-02 2.392568256561073553e-02
-4.245833446826216573e+01 1.535902317774688886e+00 1.833443690989706809e+01 -1.096700646459207278e-02 6.555133185074782376e-02 2.749739222849797993e-02
-4.231242953881802293e+01 1.542308490687332556e+00 1.855142647061233419e+01 -1.043141644962892675e-02 6.623874599814762176e-02 2.879114318512718956e-02
-4.216652460937375935e+01 1.547930068967134254e+00 1.875151014053482612e+01 -1.098779336854771582e-02 6.634644638727525690e-02 2.965262519601778723e-02
-4.202061967992958813e+01 1.552298505621984015e+00 1.893035367216219100e+01 -1.162376067100656662e-02 6.697600692113370169e-02 2.851359335700348954e-02
-4.187471475048541691e+01 1.557378783703271985e+00 1.912271836165787775e+01 -1.009289164565102363e-02 6.926145281791377950e-02 2.781081417618734564e-02
-4.172880982104117464e+01 1.562790652231013544e+00 1.930215415734080864e+01 -1.106838511846711809e-02 6.874856419941466346e-02 2.727661020946674925e-02
-4.158290489159700343e+01 1.568666196567343629e+00 1.949586865777858691e+01 -1.083548221576477802e-02 6.856238078673498881e-02 2.804169847051084588e-02
-4.143699996215282511e+01 1.574605869367065480e+00 1.968168922552396438e+01 -9.710018961615466890e-03 7.099993688606463793e-02 3.062615931212945078e-02
-4.129109503270856862e+01 1.579081285776004373e+00 1.984960627112320708e+01 -8.979277754545600398e-03 7.038093951858720443e-02 3.065325265285064049e-02
-4.114519010326441872e+01 1.583986032893650364e+00 2.003454598780155038e+01 -7.212580903224194775e-03 7.004825546165009686e-02 3.176991204628244747e-02
-4.099928517382016224e+01 1.589302938385344088e+00 2.022027230749986160e+01 -5.925765595346236224e-03 7.140367018666533838e-02 3.295844959594683432e-02
-4.085338024437599103e+01 1.595011614712727122e+00 2.041138706547747006e+01 -6.117175433188556076e-03 7.352724599802881733e-02 3.495594576861754677e-02
-4.070747531493181270e+01 1.599433931801195641e+00 2.057083404078651157e+01 -6.716998545604727262e-03 7.483787570276208279e-02 3.389993049201646402e-02
-4.056157038548757754e+01 1.604044897046492890e+00 2.074438467097216332e+01 -5.478370086729934633e-03 7.543204633290966077e-02 3.651791287466125968e-02
-4.041566545604339922e+01 1.608090948038837675e+00 2.090069937669827382e+01 -5.323437282473380064e-03 7.407705168593999023e-02 3.638212252915352940e-02
-4.026976052659923511e+01 1.612086602672326396e+00 2.106159613248582119e+01 -4.996242800589466813e-03 7.480045935062082374e-02 3.602550115155783717e-02
-4.012385559715497152e+01 1.617261690399618423e+00 2.122081370742742124e+01 -3.586050856158587083e-03 7.434496870402228230e-02 3.396908566334990581e-02
-3.997795066771082162e+01 1.621084375006481615e+00 2.136725328306035721e+01 -3.467108135355540140e-03 7.499438501646864264e-02 3.497180626663827507e-02
-3.983204573826656514e+01 1.625205647104431828e+00 2.152414555629132309e+01 -3.035245719112578296e-03 7.522434178469988852e-02 3.609628086894539623e-02
-3.968614080882238682e+01 1.629353776042766322e+00 2.167875553125261234e+01 -1.900646594593228362e-03 7.539858782498801149e-02 3.622644071979628372e-02
-3.954023587937821560e+01 1.634024016186899741e+00 2.183666438851330582e+01 -1.857937263343551002e-03 7.678310885912595363e-02 3.619310778594869715e-02
-3.939433094993397333e+01 1.639225271164010289e+00 2.199345476140165800e+01 -3.158921487689081257e-04 7.685902761715089626e-02 3.470770343652073570e-02
-3.924842602048980211e+01 1.645076628276641140e+00 2.216544569198883252e+01 -5.225138423016750799e-04 7.626772883032346961e-02 3.646509041780656574e-02
-3.910252109104564511e+01 1.649003402707920340e+00 2.231669980083217553e+01 -7.974372978571464066e-04 7.676494721021971668e-02 3.753284535836215463e-02
-3.895661616160136731e+01 1.653889191853059382e+00 2.247652553231615613e+01 -1.553793945551351771e-04 7.641923759228819168e-02 3.970284806410604578e-02
-3.881071123215722452e+01 1.656861001185031324e+00 2.261065341680147611e+01 1.405430833719881808e-03 7.721722749604981173e-02 3.817793551959952625e-02
-3.866480630271294672e+01 1.662079909388865850e+00 2.276974818865722483e+01 2.425267046469701399e-03 7.447200188117826525e-02 3.837430301546242845e-02
-3.851890137326878971e+01 1.667202499551021733e+00 2.290754999457211483e+01 3.234517579522434502e-03 7.468781925241747832e-02 3.832612324626324257e-02
-3.837299644382461850e+01 1.671236063614304657e+00 2.304392140590523042e+01 3.614699024187332122e-03 7.428077493304190149e-02 3.882837623251055026e-02
-3.822709151438037622e+01 1.676294338187141797e+00 2.319727264441527481e+01 3.408299847678594036e-03 7.464687852566276316e-02 3.887048746575896829e-02
-3.808118658493619790e+01 1.679928910095825900e+00 2.332726905569263920e+01 2.694822467132382618e-03 7.228187017640001766e-02 3.657552761698541072e-02
-3.793528165549204090e+01 1.685203935042129286e+00 2.347653001955642083e+01 2.261932667692157992e-03 7.174480497697752202e-02 3.597560796436817532e-02
-3.778937672604777021e+01 1.688968698696579729e+00 2.360451494939205830e+01 2.856706093091991670e-03 7.092108690630771761e-02 3.893035190452638628e-02
-3.764347179660361320e+01 1.694696538861379720e+00 2.376283572190148163e+01 2.863348911264139603e-03 7.094576295682299139e-02 3.782772621130770646e-02
-3.749756686715936382e+01 1.698936891538210814e+00 2.388898024895595640e+01 4.766372152848022056e-03 6.993634068881605936e-02 3.755607171236393510e-02
-3.735166193771519261e+01 1.703141957775196724e+00 2.400663404466161310e+01 5.580242251635292479e-03 7.169035466438326842e-02 3.970204132872386799e-02
-3.720575700827100007e+01 1.706693002008792481e+00 2.411941099955695123e+01 4.699475996749967986e-03 7.183184013873118723e-02 4.045635222944064802e-02
-3.705985207882679333e+01 1.710226989103955875e+00 2.423285481383742024e+01 5.840699573286357166e-03 7.230953107972817873e-02 4.136598612319512813e-02
-3.691394714938260080e+01 1.713172953651911135e+00 2.434479461702254710e+01 5.387303732610326974e-03 7.297094008664663234e-02 4.082330031258608188e-02
-3.676804221993842248e+01 1.716991368207169577e+00 2.444400227658912783e+01 5.706037800563517996e-03 7.174171406728822864e-02 4.260727105452376956e-02
-3.662213729049419442e+01 1.721350591111094452e+00 2.457017457312169739e+01 5.710970302544977895e-03 6.914404519122094306e-02 4.288582705605595985e-02
-3.647623236105002320e+01 1.726315367856456007e+00 2.470235390227723116e+01 6.755494165687725601e-03 7.069415941111921453e-02 4.356673724000709874e-02
-3.633032743160575251e+01 1.730120680091233876e+00 2.480940475822423963e+01 6.275867555517225180e-03 7.237809611276654898e-02 4.282932782904806668e-02
-3.618442250216161682e+01 1.732549317632521291e+00 2.489336788254606958e+01 6.802930924877476256e-03 7.163982637030240352e-02 4.241058099552613009e-02
-3.603851757271742429e+01 1.735464374739687399e+00 2.499161725590898442e+01 6.341300791200179393e-03 7.238708229834961427e-02 4.317309334723972575e-02
-3.589261264327316781e+01 1.738969165160739516e+00 2.510178860045996529e+01 7.714179978020941839e-03 7.408379850689711388e-02 4.297585186315739519e-02
-3.574670771382897527e+01 1.741862734804337842e+00 2.519390148846947852e+01 9.209064610912316706e-03 7.367865651417616901e-02 4.547724398147821173e-02
-3.560080278438484669e+01 1.744566591298921221e+00 2.527945537133173204e+01 9.242385952672830043e-03 7.124577362071071729e-02 4.494148542094409532e-02
-3.545489785494056889e+01 1.748548075151823200e+00 2.539658727073792477e+01 9.557994487765727326e-03 7.241004593320628235e-02 4.393581443598226777e-02
-3.530899292549639057e+01 1.753225579955381752e+00 2.550916924135014696e+01 1.110595448380566688e-02 7.130871893591049504e-02 4.355086118006159385e-02
-3.516308799605218383e+01 1.756453133052264359e+00 2.559102373133752195e+01 1.249136343971091363e-02 7.292032978399803911e-02 4.459908507969221475e-02
-3.501718306660799129e+01 1.759681417898886879e+00 2.570055453524702571e+01 1.178852483071310929e-02 7.249001220126055633e-02 4.395325986428358367e-02
-3.487127813716379165e+01 1.762740003159271707e+00 2.578890427588925149e+01 1.172230538791809752e-02 7.280860116750774436e-02 4.508991006283649683e-02
-3.472537320771960623e+01 1.766548674528292562e+00 2.588746555449602482e+01 1.219609703057934411e-02 7.319732012995505688e-02 4.505800092504244625e-02
-3.457946827827540659e+01 1.770048230898833896e+00 2.597972633618078930e+01 1.287553044662643337e-02 7.260404328414880870e-02 4.432197609608443806e-02
-3.443356334883121406e+01 1.773636140252908167e+00 2.607233425718596109e+01 1.360312386817735981e-02 7.210027982959960058e-02 4.533488582300348319e-02
-3.428765841938701442e+01 1.776321543652742863e+00 2.615105642700806143e+01 1.518067492715691018e-02 7.253847748998891454e-02 4.512618820565293676e-02
-3.414175348994282899e+01 1.780176920082349623e+00 2.622684875069712973e+01 1.502558111163068526e-02 7.299174328325352956e-02 4.742984361732580784e-02
-3.399584856049855119e+01 1.783196585116954447e+00 2.632378365637366358e+01 1.571999173532212871e-02 7.304312469717873235e-02 4.615880268949160148e-02
-3.384994363105442972e+01 1.786092007878248511e+00 2.638499215259674813e+01 1.513360335142854667e-02 7.318129920778386477e-02 4.798196201685296647e-02
-3.370403870161023008e+01 1.791907628911157069e+00 2.650923118087267483e+01 1.560989417795896270e-02 7.206201443156803887e-02 4.688725029714081727e-02
-3.355813377216596649e+01 1.794398378548644368e+00 2.655918047500784596e+01 1.579825787006739965e-02 7.118067044238192420e-02 4.720706188633514572e-02
-3.341222884272176685e+01 1.799673228745589881e+00 2.666273915761907531e+01 1.561569549312129095e-02 6.960571129655399036e-02 4.852152186558523345e-02
-3.326632391327765248e+01 1.802131065639642538e+00 2.671456008850954689e+01 1.633238946368259503e-02 6.982902634218463023e-02 4.664152957166695784e-02
-3.312041898383336758e+01 1.805029788612182884e+00 2.677764614387534792e+01 1.578814481015206397e-02 6.956747837262697298e-02 5.133424191412680471e-02
-3.297451405438917504e+01 1.808576479980362084e+00 2.686148022946607128e+01 1.467265078216184460e-02 6.989938660916555913e-02 4.851217021384987560e-02
-3.282860912494498962e+01 1.811816223687227057e+00 2.694964986770584758e+01 1.618723368187661993e-02 7.224786077232735193e-02 4.867292178453132279e-02
-3.268270419550078998e+01 1.814733171993134109e+00 2.702917084299905426e+01 1.616783345699823043e-02 7.222454179559162357e-02 4.655130260038650020e-02
-3.253679926605657613e+01 1.816026989243358480e+00 2.706042173312661703e+01 1.567418432711580045e-02 7.232559368700641755e-02 4.837739327867809913e-02
-3.239089433661241912e+01 1.821017794085959762e+00 2.716965625797602613e+01 1.633600584037404879e-02 7.181321711249480377e-02 4.940374846034312900e-02
-3.224498940716820528e+01 1.823888691771143211e+00 2.724172595496752791e+01 1.690004828327382191e-02 7.366468466052703001e-02 5.203845089885348468e-02
-3.209908447772399853e+01 1.825744586659433288e+00 2.730128929489188394e+01 1.847084342494197465e-02 7.436298782781826378e-02 5.047045282844706687e-02
-3.195317954827982376e+01 1.827871004924964682e+00 2.733748394983620500e+01 2.190502026745413944e-02 7.453223601737979376e-02 5.116739763445984912e-02
-3.180727461883563123e+01 1.830896129405568562e+00 2.740747092062485279e+01 2.221948916479984243e-02 7.496460377049102286e-02 4.925300991299765702e-02
-3.166136968939134633e+01 1.833435267029363214e+00 2.746606283523752268e+01 2.324471969056601112e-02 7.540313958119028437e-02 4.914512581385859641e-02
-3.151546475994724616e+01 1.836980823883840319e+00 2.753767533267139456e+01 2.303446246625150129e-02 7.476070374777113448e-02 4.843860874080245515e-02
-3.136955983050303232e+01 1.840881152146707889e+00 2.760686435912975867e+01 2.167894501601356355e-02 7.622217259358209096e-02 4.856131674466663412e-02
-3.122365490105876518e+01 1.843444276550081806e+00 2.765062579220943206e+01 2.215669225484928617e-02 7.605959439192540306e-02 4.787464367067654353e-02
-3.107774997161455133e+01 1.846264074530688415e+00 2.770159891173739553e+01 2.274404592308830117e-02 7.762291384823942486e-02 4.660257133624581133e-02
-3.093184504217045117e+01 1.848643852611428606e+00 2.773806432014683665e+01 2.391024922861772692e-02 7.918094149513574265e-02 4.711120274117448076e-02
-3.078594011272616626e+01 1.851126039511201471e+00 2.779021430297390438e+01 2.437097604268044157e-02 7.904143914898488499e-02 4.710036280637611150e-02
-3.064003518328196662e+01 1.853106008981635799e+00 2.783736194547473275e+01 2.448350438019565936e-02 7.948517492915382898e-02 4.788111981565472408e-02
-3.049413025383780607e+01 1.854092535330324143e+00 2.784948512234017315e+01 2.442176284338535425e-02 7.958293951659879684e-02 4.731908836146867664e-02
-3.034822532439359222e+01 1.856724541061473222e+00 2.789061811841063587e+01 2.471476319458671897e-02 7.959098212554570340e-02 4.818818201706109861e-02
-3.020232039494937126e+01 1.859686475145094997e+00 2.793644817789453327e+01 2.505519851026129230e-02 8.036839774250256752e-02 5.090114175105033695e-02
-3.005641546550523202e+01 1.861626945204414962e+00 2.796813961177594621e+01 2.453649063320714405e-02 7.985793407533609001e-02 5.343753713557732737e-02
-2.991051053606100396e+01 1.863609433968272278e+00 2.800349456372343937e+01 2.477114538935725613e-02 7.871692572994137826e-02 5.410501974657520863e-02
-2.976460560661679011e+01 1.865902282566465287e+00 2.804769982187549715e+01 2.468468260600885714e-02 7.909211620477890614e-02 5.362319563471827644e-02
-2.961870067717263666e+01 1.867511695064145272e+00 2.807064870036581894e+01 2.592403333174492577e-02 7.826463594313563810e-02 5.174889945567567873e-02
-2.947279574772842992e+01 1.869042508152514381e+00 2.810971884475196703e+01 2.658385034861167340e-02 7.835623252467387168e-02 5.039926649820916649e-02
-2.932689081828413791e+01 1.871209866902706631e+00 2.814944219129109015e+01 2.785630147379368482e-02 7.812781841224629431e-02 5.094510743725459700e-02
-2.918098588884006261e+01 1.872428537478840971e+00 2.818334202855417203e+01 2.858396457681629949e-02 7.907524483831714079e-02 5.043738751348453980e-02
-2.903508095939583811e+01 1.874573983031519564e+00 2.821640227539972656e+01 2.881234208887671622e-02 7.929290682215453523e-02 5.175170788536749555e-02
-2.888917602995156386e+01 1.875254210725129544e+00 2.821841989909475856e+01 2.940655550548602892e-02 8.040677701588666570e-02 5.051494338944061829e-02
-2.874327110050733580e+01 1.876047088224034320e+00 2.822367244083927318e+01 3.010652140121493348e-02 8.162230265633586834e-02 5.071570730850818998e-02
-2.859736617106325696e+01 1.878717407458735389e+00 2.826729416004014439e+01 3.068072036677998299e-02 8.255480751334698386e-02 4.925751157184565798e-02
-2.845146124161896850e+01 1.880069168735172269e+00 2.829490903350970399e+01 3.072085297712549151e-02 8.239452870508501281e-02 4.792730895186283341e-02
-2.830555631217475110e+01 1.880521075301519129e+00 2.830739406728647367e+01 3.045010845390719659e-02 8.263751483802565800e-02 4.915202116533884391e-02
-2.815965138273061896e+01 1.882525355897628927e+00 2.833901540759874393e+01 3.030484293717871855e-02 8.420173459339710953e-02 5.047688892535760058e-02
-2.801374645328639090e+01 1.884821929903429005e+00 2.837809312585960342e+01 2.989908118136196460e-02 8.516231006627966726e-02 5.049185138058513711e-02
-2.786784152384216640e+01 1.885317734166947590e+00 2.838921191060903126e+01 2.976945201133147575e-02 8.361153471557089545e-02 5.084162734229500519e-02
-2.772193659439803781e+01 1.885301267106567868e+00 2.839009904550095342e+01 2.954755064755465108e-02 8.407580600330205600e-02 5.273422089934328566e-02
-2.757603166495380620e+01 1.887695597421890970e+00 2.841425492378947126e+01 2.958971997811368770e-02 8.467994613478335708e-02 5.382539193955123563e-02
-2.743012673550957814e+01 1.890885138863265702e+00 2.845853017708578747e+01 3.119090062233838279e-02 8.167396362922324515e-02 5.423999399681820460e-02
-2.728422180606544600e+01 1.891587154518847624e+00 2.846771960665103762e+01 3.206547168237530721e-02 8.053879118941408011e-02 5.328675117863076321e-02
-2.713831687662123215e+01 1.893608170721418738e+00 2.849819936659184449e+01 3.271767981631721472e-02 7.979665399850760510e-02 5.312466003818730464e-02
-2.699241194717694015e+01 1.894653897118413255e+00 2.852597776839014898e+01 3.171536926290458719e-02 7.956411488075351701e-02 5.373360625359390602e-02
-2.684650701773287196e+01 1.895515727673446893e+00 2.852595906284444638e+01 3.107659591093024989e-02 8.156352638404930355e-02 5.242610134547710105e-02
-2.670060208828864035e+01 1.895860401705851794e+00 2.852941831448803001e+01 3.324682509471217629e-02 8.275133873241465043e-02 4.944857206882902895e-02
-2.655469715884435900e+01 1.897566707903854955e+00 2.853694986086178531e+01 3.364501046042431970e-02 8.130499765840093485e-02 4.844974416478587537e-02
-2.640879222940012738e+01 1.900810349413027067e+00 2.858914705998395789e+01 3.390486120884798199e-02 7.899959689716079536e-02 4.861141674362583209e-02
-2.626288729995606630e+01 1.903571519325550465e+00 2.860938109167302201e+01 3.370217170861884715e-02 7.825914983941233138e-02 4.749687816471606649e-02
-2.611698237051176719e+01 1.906037644027750444e+00 2.864132578130451634e+01 3.494080830944466809e-02 7.646269754180275158e-02 4.592771338692752670e-02
-2.597107744106754623e+01 1.907583975018334099e+00 2.866053463214021946e+01 3.464984143939585370e-02 7.811726753661674127e-02 4.636703965112602688e-02
-2.582517251162342120e+01 1.909834273654042791e+00 2.869314153365963804e+01 3.380819745522854053e-02 7.963391238153602614e-02 4.793906834186536375e-02
-2.567926758217919314e+01 1.911268646705295282e+00 2.870721543821145971e+01 3.473517244442837770e-02 7.954192809235494099e-02 5.073360018984752334e-02
-2.553336265273495442e+01 1.911937399010833483e+00 2.870951396839644332e+01 3.252910918751122926e-02 8.018245483226872639e-02 5.074051432247166787e-02
-2.538745772329084716e+01 1.912932128071768823e+00 2.872810967678923078e+01 3.104687892058522955e-02 8.002726845486091145e-02 5.156489542642408996e-02
-2.524155279384660489e+01 1.913660227448060080e+00 2.874883830689120146e+01 3.054717378418352752e-02 8.047202093980476700e-02 5.210541879573937080e-02
-2.509564786440237327e+01 1.913711560381849086e+00 2.873450331516894707e+01 3.174277127411041094e-02 8.098799952802351876e-02 5.234905040527428055e-02
-2.494974293495825890e+01 1.916849478729367506e+00 2.880794735342358237e+01 3.030160478654607067e-02 8.029846362638974611e-02 5.258213536831634477e-02
-2.480383800551403439e+01 1.916914299614771444e+00 2.881502653157575367e+01 3.061527945188544098e-02 8.221498861829154570e-02 5.422560472629831679e-02
-2.465793307606973528e+01 1.915251476188014612e+00 2.878942792109783610e+01 3.085628005862819934e-02 8.124347923522655390e-02 5.280442851649733843e-02
-2.451202814662568130e+01 1.915893858345996792e+00 2.879749129844549316e+01 3.198712278125213221e-02 8.160404234336503249e-02 5.527654949495230952e-02
-2.436612321718143903e+01 1.916293291715633229e+00 2.879998362035519932e+01 3.224147388035733530e-02 8.208572326739138614e-02 5.232321188751253710e-02
-2.422021828773716123e+01 1.918547447907737569e+00 2.882883590054868961e+01 3.309840676676305271e-02 8.375781902828541292e-02 5.398214432627444076e-02
-2.407431335829291896e+01 1.920763169312691421e+00 2.883798219799468043e+01 3.426607477631061355e-02 8.380670405905618625e-02 5.400596322049634052e-02
-2.392840842884886499e+01 1.921197679288429105e+00 2.883829965921703575e+01 3.406538867544863652e-02 8.188598487735880560e-02 5.594842009086067186e-02
-2.378250349940456587e+01 1.921839620003325422e+00 2.884527710781038223e+01 3.469352282267025578e-02 8.265860829407735422e-02 5.372617414534174018e-02
-2.363659856996034137e+01 1.922420646317195780e+00 2.883821418756509658e+01 3.412438846271967363e-02 8.249736695438020240e-02 5.394346053782582417e-02
-2.349069364051623410e+01 1.924653498992321854e+00 2.886314502683561045e+01 3.289123191852855177e-02 8.465659597254467095e-02 5.217469430376393824e-02
-2.334478871107199538e+01 1.923667329578719887e+00 2.884703997488299620e+01 3.156360606844255817e-02 8.413269366048307940e-02 5.319234751165517056e-02
-2.319888378162774600e+01 1.924855767960224950e+00 2.883756013493452741e+01 3.201554958479926188e-02 8.167618494979972388e-02 5.475779034635284287e-02
-2.305297885218365295e+01 1.925924968604254772e+00 2.886386221825316412e+01 3.047452259728128734e-02 8.257693760095033420e-02 5.449555451724064775e-02
-2.290707392273940712e+01 1.928131644368716646e+00 2.888582244914760366e+01 3.084346742776067352e-02 8.322819756673738301e-02 5.223756903702025944e-02
-2.276116899329516841e+01 1.930122277659762631e+00 2.890819016023836241e+01 3.170590983347955361e-02 8.224288875081534056e-02 5.398107373939195486e-02
-2.261526406385106824e+01 1.929845130073942538e+00 2.890521062202694935e+01 3.193066828014587411e-02 8.342880602232105591e-02 5.207548056006346127e-02
-2.246935913440683308e+01 1.929798493047406360e+00 2.890506603174130262e+01 3.171146587146959211e-02 8.390239088206091767e-02 5.116105983549706915e-02
-2.232345420496253396e+01 1.931055966299202842e+00 2.891955605247895278e+01 3.249743878713969025e-02 8.411000137357856066e-02 5.058767793147726788e-02
-2.217754927551848709e+01 1.931151291287818594e+00 2.892085663819984376e+01 3.209884195948208702e-02 8.478182659995243953e-02 5.088876339857856257e-02
-2.203164434607424838e+01 1.931297106026527599e+00 2.891143998646804292e+01 3.265271417852880220e-02 8.489405274620781539e-02 5.225696916536416020e-02
-2.188573941662995281e+01 1.931692033560535426e+00 2.891013230510058207e+01 3.195465718401972743e-02 8.400240730864695637e-02 5.074454635814672210e-02
-2.173983448718571410e+01 1.932483908420308039e+00 2.890649253626964565e+01 3.190068437999649814e-02 8.309984794479223502e-02 5.187218135972883337e-02
-2.159392955774166722e+01 1.933671477950297701e+00 2.892157785682059767e+01 3.276820243278553285e-02 8.508144359476162155e-02 5.005996928613492408e-02
-2.144802462829736811e+01 1.934155673915470830e+00 2.892075564115219777e+01 3.290570492469602898e-02 8.487856736723138618e-02 5.383179392699883464e-02
-2.130211969885312939e+01 1.933351977964150592e+00 2.889592737507661724e+01 3.295454329757949163e-02 8.238489607146604055e-02 5.176558371734216180e-02
-2.115621476940903278e+01 1.932587037946069453e+00 2.886710480062696504e+01 3.376726855967755736e-02 8.420392324430306386e-02 5.050067247671604503e-02
-2.101030983996479407e+01 1.931863293241058432e+00 2.884696628159787224e+01 3.372570832444623384e-02 8.432009947789710635e-02 5.214993564691182415e-02
-2.086440491052054114e+01 1.933465795648206642e+00 2.887126196970783099e+01 3.345730701358169690e-02 8.483734778392439113e-02 5.167656113978139759e-02
-2.071849998107646229e+01 1.933564701703983868e+00 2.887148218606451522e+01 3.214797759889008455e-02 8.522327747798508213e-02 5.209574063871797583e-02
-2.057259505163220936e+01 1.934210098662183075e+00 2.887053773519670585e+01 3.248093205327023947e-02 8.518210197903597347e-02 5.104463670155193200e-02
-2.042669012218795999e+01 1.934652323304379307e+00 2.888529321585510345e+01 3.141697630370241662e-02 8.454011350791734714e-02 5.227759864205781121e-02
-2.028078519274387403e+01 1.934884557209979983e+00 2.888004103566395386e+01 3.182148747546822282e-02 8.423210718334590841e-02 5.078208141482580540e-02
-2.013488026329963532e+01 1.935283093960359579e+00 2.887713405287773583e+01 3.293979142720819542e-02 8.271823421010596200e-02 4.934728536706866481e-02
-1.998897533385533620e+01 1.933816343413017336e+00 2.885167169165965007e+01 3.311635703014374765e-02 8.087715871483167063e-02 4.898752778165360589e-02
-1.984307040441129999e+01 1.934370831246773115e+00 2.884194408418382594e+01 3.342109967992843572e-02 7.933091410335124660e-02 4.717188189960141997e-02
-1.969716547496703996e+01 1.936719851334748776e+00 2.887212322722131930e+01 3.417669956479279375e-02 7.924562461022297000e-02 4.772278666782981543e-02
-1.955126054552276216e+01 1.937497465997601420e+00 2.889191832561149909e+01 3.453756369103191948e-02 7.861420172796587669e-02 4.684451004509373323e-02
-1.940535561607850212e+01 1.938957779200638942e+00 2.889271529530213556e+01 3.453052434557365991e-02 7.702325206770024857e-02 4.656728172125821491e-02
-1.925945068663446236e+01 1.941549198763821593e+00 2.891226380288085451e+01 3.515895704688441065e-02 7.841658368151664671e-02 4.756265721924084894e-02
-1.911354575719018101e+01 1.942053566815893140e+00 2.890284390077995980e+01 3.470258639325199401e-02 7.760713710862003623e-02 4.955769967733487935e-02
-1.896764082774594229e+01 1.942286398581691165e+00 2.891926607005506611e+01 3.501798098521763380e-02 7.678571499992066507e-02 5.091092882660287755e-02
-1.882173589830184213e+01 1.943363746426343797e+00 2.891977248008635826e+01 3.383925545375328359e-02 7.688007970891040654e-02 5.003284528341936377e-02
-1.867583096885759630e+01 1.943502197073654347e+00 2.891142063405216334e+01 3.404562568734981892e-02 7.457579699495017755e-02 4.962431268460978928e-02
-1.852992603941334337e+01 1.944067365577567985e+00 2.892480137907740811e+01 3.318132774714019351e-02 7.511447569589797812e-02 4.829042343684850774e-02
-1.838402110996924677e+01 1.944673261275789322e+00 2.892173040264785300e+01 3.256632711850288714e-02 7.574583514270907814e-02 4.965487227666638692e-02
-1.823811618052498673e+01 1.945937650124927920e+00 2.894846894349643662e+01 3.246762436607596863e-02 7.386444555084648034e-02 5.074186927891749521e-02
-1.809221125108077644e+01 1.946103161829520367e+00 2.893551163761877731e+01 3.192845549655488196e-02 7.770431847840705841e-02 5.121137030621797370e-02
-1.794630632163667983e+01 1.945039287760920166e+00 2.890646220900329766e+01 3.302795990318407177e-02 7.662038637747942138e-02 4.823535928457713812e-02
-1.780040139219243400e+01 1.944937567491741071e+00 2.888811850972159334e+01 3.315996291332095475e-02 7.586695646250342373e-02 4.920833068409440070e-02
-1.765449646274813489e+01 1.944105000129245253e+00 2.887098378649240260e+01 3.181820927209052380e-02 7.561973008213632164e-02 5.062123776070029391e-02
-1.750859153330407381e+01 1.944065399218363188e+00 2.883762641699718543e+01 3.221160487883020784e-02 7.596804795740912108e-02 5.009357665622066191e-02
-1.736268660385981377e+01 1.944300939041423204e+00 2.883074147107324592e+01 3.221451042190599801e-02 7.569570897510510821e-02 4.884950273421446998e-02
-1.721678167441558926e+01 1.945878099196597599e+00 2.884563448395207530e+01 3.066687034542185664e-02 7.657373994131004558e-02 4.811432366798775589e-02
-1.707087674497132923e+01 1.948492241069805786e+00 2.889023872661148573e+01 3.051542246736540023e-02 7.721167974067399964e-02 4.848480266394645383e-02
-1.692497181552726815e+01 1.948031951933252293e+00 2.886911806977975914e+01 3.164971462267734958e-02 7.867751706998755978e-02 4.727962154985533572e-02
-1.677906688608296903e+01 1.948677219491950385e+00 2.888633307319010868e+01 3.091488449920801532e-02 7.697958323937911795e-02 4.692650423700656104e-02
-1.663316195663872321e+01 1.950911121161938100e+00 2.890302715128313338e+01 3.164597019717941412e-02 7.804768546818066643e-02 4.671742055010834338e-02
-1.648725702719460884e+01 1.951911575399523091e+00 2.888828802464745138e+01 3.145801066587227551e-02 7.854972179355183826e-02 4.729902584562818701e-02
-1.634135209775042696e+01 1.951668974397758660e+00 2.884939194392721262e+01 3.168642638187574301e-02 7.840224557081612589e-02 4.714169781570012180e-02
-1.619544716830617048e+01 1.952034720910274412e+00 2.885320297885263585e+01 3.053687047538193589e-02 7.726441798755098733e-02 4.826759601085450768e-02
-1.604954223886207032e+01 1.951644831652594503e+00 2.885670410331552205e+01 2.917296370171867589e-02 7.865075697323262172e-02 4.699366688389639002e-02
-1.590363730941780851e+01 1.951491850769533132e+00 2.884118498660993168e+01 3.057819697522720648e-02 7.815020677524776860e-02 4.817637914749779704e-02
-1.575773237997356269e+01 1.952222596430570833e+00 2.884338364422869105e+01 3.132481277607156861e-02 7.879428386552145280e-02 4.861815991864350955e-02
-1.561182745052944298e+01 1.953062597727509786e+00 2.883551330447761529e+01 3.175385706558023213e-02 7.794466565321053753e-02 4.886619087569561010e-02
-1.546592252108518828e+01 1.953412117692769234e+00 2.884673029966661417e+01 3.273003015538408084e-02 7.726746638516325538e-02 4.962355651015068481e-02
-1.532001759164097621e+01 1.952395284779093965e+00 2.882682563062189374e+01 3.186551621769215248e-02 7.630806143210594472e-02 4.916294801334955555e-02
-1.517411266219690802e+01 1.952450288389053767e+00 2.882231325147614243e+01 3.248905751707994310e-02 7.478483819441042457e-02 4.922668924096822163e-02
-1.502820773275264266e+01 1.953640965900321769e+00 2.884476274014745556e+01 3.289847868263971048e-02 7.546236922778788714e-02 4.820823961944022129e-02
-1.488230280330836308e+01 1.952868366659417987e+00 2.883752759146529598e+01 3.342314517216148778e-02 7.531514474174358376e-02 4.691324869916817242e-02
-1.473639787386409594e+01 1.952150061750799637e+00 2.882158553741399487e+01 3.414251594319270972e-02 7.706346988435046341e-02 4.629719170784128701e-02
-1.459049294442001532e+01 1.951771411993596717e+00 2.881394249979056355e+01 3.309833743666773520e-02 7.777703286680076600e-02 4.713760581457102083e-02
-1.444458801497582279e+01 1.952029540035072896e+00 2.881335332638765934e+01 3.298171078356565422e-02 7.739483373544113476e-02 4.935026745091643241e-02
-1.429868308553156275e+01 1.950799414309277280e+00 2.878961035591391493e+01 3.306615275821623429e-02 7.862700742486410099e-02 5.122058849687029236e-02
-1.415277815608744305e+01 1.952803371546250277e+00 2.882473043308576521e+01 3.265243368504439081e-02 7.974487364332652484e-02 5.228158357154368691e-02
-1.400687322664319545e+01 1.953132204027137719e+00 2.881574895764908817e+01 3.357645297130820716e-02 7.861096046200496956e-02 5.235133997084275709e-02
-1.386096829719893719e+01 1.954103761983689180e+00 2.883441473805033795e+01 3.240230558591324084e-02 7.717157277446937136e-02 5.272248366691057592e-02
-1.371506336775481572e+01 1.952349928401579282e+00 2.881168156884595533e+01 3.166007821054775406e-02 7.740367916849566488e-02 5.085475336891040476e-02
-1.356915843831055035e+01 1.953028788607069854e+00 2.882088467156000888e+01 3.266700819978249348e-02 7.844888774179112345e-02 5.185725418219145483e-02
-1.342325350886640933e+01 1.953738404049895960e+00 2.883219866633638517e+01 3.192692881526788817e-02 7.818938058078611641e-02 5.108611121996255861e-02
-1.327734857942228963e+01 1.952914368354190522e+00 2.878477744308740327e+01 3.385364709858478677e-02 7.782194531647242119e-02 5.073365440035629975e-02
-1.313144364997803670e+01 1.953783323236414127e+00 2.878412425429574384e+01 3.418046739436403358e-02 7.934234658568367626e-02 5.113366607505506756e-02
-1.298553872053373759e+01 1.954484167895060631e+00 2.878539504798620641e+01 3.409232300189886378e-02 7.842628503901261094e-02 5.253364514976974903e-02
-1.283963379108964986e+01 1.952946370984111502e+00 2.877131038558400178e+01 3.304297510292040357e-02 7.760191071546052033e-02 4.974188528039907853e-02
-1.269372886164538272e+01 1.952633631615481535e+00 2.876584719572544913e+01 3.264566144372948314e-02 7.554986681759782996e-02 4.978930577017687265e-02
-1.254782393220122394e+01 1.953578869835355558e+00 2.878020463379907312e+01 3.219710083533564721e-02 7.761721382142333647e-02 5.091000223758777171e-02
-1.240191900275695680e+01 1.954520199458388952e+00 2.878838735904174939e+01 3.268540455447152548e-02 7.867133609305873576e-02 4.879963436222777701e-02
-1.225601407331286907e+01 1.954628809961897806e+00 2.877197313405396173e+01 3.260639895285286083e-02 7.894972988856926999e-02 4.801438680656404390e-02
-1.211010914386856996e+01 1.954542681278387706e+00 2.873693877946548980e+01 3.340006958153397820e-02 7.807274650269294125e-02 5.015329894372572150e-02
-1.196420421442431703e+01 1.952905239777174007e+00 2.869216974646371199e+01 3.368088044958009175e-02 7.776348820800627060e-02 5.161696555400314274e-02
-1.181829928498017601e+01 1.951830978944338657e+00 2.866142787467270026e+01 3.362024547847847905e-02 7.771696131649527550e-02 5.195802144228964942e-02
-1.167239435553607052e+01 1.952166904515336476e+00 2.868083305620047696e+01 3.420506687907751142e-02 7.884053957748775321e-02 5.069927094738935908e-02
-1.152648942609180338e+01 1.952762621623633565e+00 2.868052685014570002e+01 3.281545712511509116e-02 8.006326733786497951e-02 5.080276392393980045e-02
-1.138058449664768368e+01 1.951654477473585558e+00 2.865342464053231808e+01 3.318583715472606110e-02 7.948086387101697958e-02 5.045989291955101791e-02
-1.123467956720340943e+01 1.952828204908501064e+00 2.867565732832531822e+01 3.316091920857713177e-02 7.959043086671024891e-02 5.075605647107434698e-02
-1.108877463775915118e+01 1.953147243612733064e+00 2.866417927605167293e+01 3.331516711629814442e-02 7.885351611442330266e-02 4.965990862834601671e-02
-1.094286970831501726e+01 1.954636010316781469e+00 2.869000565256279600e+01 3.446409537967021208e-02 7.898874145304715655e-02 4.974993756323868588e-02
-1.079696477887075012e+01 1.954486939492164677e+00 2.867461371695211270e+01 3.448319277767532276e-02 7.820022763864510618e-02 5.161740638983119966e-02
-1.065105984942661088e+01 1.954669080607190246e+00 2.866080855539307493e+01 3.476422230428372756e-02 7.909747179276548079e-02 5.324058313611817334e-02
-1.050515491998251605e+01 1.953531808316535390e+00 2.863253774827046527e+01 3.486747530330722850e-02 7.761266183408876973e-02 5.406404189798588028e-02
-1.035924999053825069e+01 1.954577493904364527e+00 2.865232335772164518e+01 3.376310821724926720e-02 7.669676967570281112e-02 5.655140928632000630e-02
-1.021334506109395690e+01 1.953749620574837476e+00 2.863207304958055843e+01 3.390763886542895456e-02 7.854498679933114014e-02 5.863269465881949805e-02
-1.006744013164969154e+01 1.952771940458985167e+00 2.861365946150977280e+01 3.340839843956539684e-02 7.888290938383268891e-02 5.671027477267846090e-02
-9.921535202205584270e+00 1.953113745878489738e+00 2.862930891503765451e+01 3.278555039959982903e-02 7.930831158005009762e-02 5.448275874802993579e-02
-9.775630272761457462e+00 1.953142789071958596e+00 2.862669690544957390e+01 3.219066842305163406e-02 7.871600053081605208e-02 5.591323863155655410e-02
-9.629725343317204533e+00 1.951378471177175777e+00 2.859238272281488236e+01 3.157668417954697521e-02 8.002619036478703096e-02 5.589347841555590557e-02
-9.483820413873056410e+00 1.950647497256448260e+00 2.857434543262040449e+01 3.306839588429096033e-02 7.832836228338280193e-02 5.391983564429864151e-02
-9.337915484428798152e+00 1.950758786416594059e+00 2.855631956533334304e+01 3.395339531714857556e-02 7.948465146992274299e-02 5.238173739443178351e-02
-9.192010554984523907e+00 1.952027449434478257e+00 2.858015950596753640e+01 3.377548370910266745e-02 7.894236232433940459e-02 5.281776805307727973e-02
-9.046105625540391770e+00 1.953819298107938529e+00 2.859593211405712054e+01 3.304932361254569323e-02 7.932038078939671055e-02 5.350130080049726039e-02
-8.900200696096117525e+00 1.953901351254398122e+00 2.859695275289158189e+01 3.260045954370129756e-02 7.875554493278137669e-02 5.274589682590146572e-02
-8.754295766652044009e+00 1.953338785787752885e+00 2.859674874324058180e+01 3.242819753521106879e-02 7.934895564720606531e-02 5.191348673465118191e-02
-8.608390837207897661e+00 1.952185507824033106e+00 2.856775261693577761e+01 3.251592319441962836e-02 7.790806868371967508e-02 5.136074108180446740e-02
-8.462485907763637627e+00 1.953099351159158337e+00 2.857514147008454941e+01 3.243724252453174944e-02 7.685141323974443994e-02 4.920593738256413829e-02
-8.316580978319338513e+00 1.953137231408891950e+00 2.854952097937918865e+01 3.301689244817198471e-02 7.708376258518560842e-02 5.111684098304805635e-02
-8.170676048875224140e+00 1.952924964502348315e+00 2.853305336107606394e+01 3.366406246062460944e-02 7.820329621386522267e-02 5.235522259965619957e-02
-8.024771119430951671e+00 1.951736260267168399e+00 2.849531850179825199e+01 3.317972049524203770e-02 7.830804708798833058e-02 5.357203559425313677e-02
-7.878866189986857727e+00 1.952034219764984035e+00 2.851041386824278234e+01 3.332460015094815264e-02 8.000822589786783789e-02 5.153452126004301470e-02
-7.732961260542584370e+00 1.951878804699630043e+00 2.849176658010290808e+01 3.274962962811365369e-02 7.936401187213115715e-02 5.221149882306775486e-02
-7.587056331098470885e+00 1.951332522058567331e+00 2.851179792141707026e+01 3.281322944111542822e-02 7.990722478333622814e-02 5.174204543820067753e-02
-7.441151401654171771e+00 1.951954396026281735e+00 2.851114343246973704e+01 3.284671473136233089e-02 7.998282882347154676e-02 5.201184517905869942e-02
-7.295246472209911737e+00 1.951266200849527843e+00 2.848976029174113478e+01 3.413586276796280045e-02 7.847021517970979854e-02 5.304268783677906773e-02
-7.149341542765751178e+00 1.952381477135663568e+00 2.849170287210002073e+01 3.429685385880655579e-02 7.840284231390634573e-02 5.298345461196183465e-02
-7.003436613321704307e+00 1.951717466166356774e+00 2.847058729714486347e+01 3.464592612610647993e-02 7.834785011696053514e-02 5.179371842127532960e-02
-6.857531683877430950e+00 1.952767303460734016e+00 2.847478840504320630e+01 3.458759807070056064e-02 7.856192458872214568e-02 5.127526712267238551e-02
-6.711626754433284603e+00 1.952192051372563686e+00 2.848546474148101382e+01 3.439545471446238400e-02 7.838481154135429341e-02 5.286565841537716609e-02
-6.565721824989011246e+00 1.952614289902788736e+00 2.849689404491289224e+01 3.257395466487841840e-02 7.893878649207096421e-02 5.262304641248052861e-02
-6.419816895544744995e+00 1.954896177066377971e+00 2.854819354186870584e+01 3.163189594128127530e-02 8.093976885575804303e-02 5.017773584056941377e-02
-6.273911966100591542e+00 1.955221566631145880e+00 2.853982874621097565e+01 3.337934922800172427e-02 8.047381541012832429e-02 5.100024653018105092e-02
-6.128007036656325290e+00 1.955209636845714360e+00 2.855112643710207365e+01 3.311379548212087937e-02 8.160453990988963957e-02 5.187791801716154505e-02
-5.982102107212244668e+00 1.954510914868714977e+00 2.852003235319326535e+01 3.441018262667316224e-02 8.103783042755394184e-02 5.208311334945662369e-02
-5.836197177768124078e+00 1.955095737366252751e+00 2.853073676786673474e+01 3.332322743773413753e-02 8.022712417089984671e-02 5.109557860741108237e-02
-5.690292248323851609e+00 1.955618842209245312e+00 2.853110281547009563e+01 3.264630065224322086e-02 8.115796171126132830e-02 4.952376204068244941e-02
-5.544387318879558713e+00 1.954553883473939324e+00 2.850211513450855705e+01 3.202626843972555815e-02 8.037970883642922559e-02 5.286230702512424023e-02
-5.398482389435285356e+00 1.954559487864352407e+00 2.850065402390837122e+01 3.185506088573662048e-02 8.053821480798195598e-02 5.069845900786997678e-02
-5.252577459991165654e+00 1.955333146288447344e+00 2.851931664814364709e+01 3.129828795997271346e-02 7.957760697775040359e-02 5.134948023631708686e-02
-5.106672530547085032e+00 1.953968317622791107e+00 2.849475323847640595e+01 3.131540434080969798e-02 8.206724459054769161e-02 5.096057227309440385e-02
-4.960767601102824997e+00 1.954925960617774461e+00 2.849903957942363419e+01 3.038956093526675589e-02 8.205980811647684003e-02 5.090598370336905931e-02
-4.814862671658665327e+00 1.955425279903253211e+00 2.850454471939665524e+01 3.070206158106356109e-02 8.342883238610218632e-02 4.980056243016383472e-02
-4.668957742214399076e+00 1.955178250357568537e+00 2.850922907015161911e+01 3.110529798271183949e-02 8.410030264397626298e-02 5.001824172536643853e-02
-4.523052812770119502e+00 1.954260578508000279e+00 2.850607409055174202e+01 3.210762097309178414e-02 8.465324820705934228e-02 4.909714286664960264e-02
-4.377147883325972266e+00 1.954406648823394876e+00 2.849493603578445189e+01 3.369517382704206865e-02 8.348806061145010171e-02 4.881613235287536601e-02
-4.231242953881692692e+00 1.954881902522426884e+00 2.850375098093029180e+01 3.259041687615078092e-02 8.209419763833969430e-02 5.179550777892564378e-02
-4.085338024437671578e+00 1.952944997748391698e+00 2.848248816691270235e+01 3.134567356923631531e-02 8.347788350022691817e-02 4.923540262296190184e-02
-3.939433094993498585e+00 1.952758888283851801e+00 2.846462532099248932e+01 3.193914764041614479e-02 8.417283668728528512e-02 4.952832640229393873e-02
-3.793528165549238995e+00 1.953920747462894347e+00 2.847795605812490294e+01 3.021564912394106642e-02 8.381077410914379577e-02 5.150776648498154447e-02
-3.647623236104932776e+00 1.953146963787895540e+00 2.845733339503125947e+01 3.134616251260090997e-02 8.405909615298398641e-02 5.274973071211469522e-02
-3.501718306660798863e+00 1.953197393852238894e+00 2.847238819606588933e+01 3.100518325156665159e-02 8.561705978650563376e-02 5.284933276805354324e-02
-3.355813377216525950e+00 1.953406360918261031e+00 2.847085952775992368e+01 3.018291896868834090e-02 8.560099893625393308e-02 5.388569462871136556e-02
-3.209908447772485296e+00 1.953175243939314631e+00 2.845353302546558893e+01 2.901465753361130717e-02 8.557181273031581881e-02 5.464517193254397887e-02
-3.064003518328212383e+00 1.952348554664089075e+00 2.844756567249887169e+01 2.983966928283665609e-02 8.534971760228600435e-02 5.454134410991010040e-02
-2.918098588884078914e+00 1.951772858033809621e+00 2.842896601421972491e+01 2.931774287480505212e-02 8.649145698372658064e-02 5.605701127125967131e-02
-2.772193659439772695e+00 1.950694343517460627e+00 2.841399807705201752e+01 2.924630374586258824e-02 8.683058394279749570e-02 5.473507882973709798e-02
-2.626288729995499782e+00 1.951007920570191789e+00 2.840090669217606845e+01 2.908108894256514892e-02 8.758366399626699161e-02 5.262098033531684149e-02
-2.480383800551339668e+00 1.950987385169064003e+00 2.839234325333591258e+01 2.931131091594114252e-02 8.656413783815715413e-02 5.416554978665983483e-02
-2.334478871107325215e+00 1.951100631952044084e+00 2.841227659038750630e+01 2.898323608595884671e-02 8.629427431820509142e-02 5.535813227544454651e-02
-2.188573941663052302e+00 1.952472270121290876e+00 2.842601721285855376e+01 2.989344657158548094e-02 8.494238594415116916e-02 5.570726899674020849e-02
-2.042669012218892188e+00 1.951557903092037360e+00 2.842444141440365257e+01 2.938651175280236616e-02 8.405991691650070707e-02 5.744254538519456138e-02
-1.896764082774612836e+00 1.949582596060108974e+00 2.837970530022894877e+01 2.962745156247146780e-02 8.265053104473786549e-02 5.887143156417559697e-02
-1.750859153330346363e+00 1.947831500374189728e+00 2.835247221299571407e+01 2.932310869997139038e-02 8.390135468201449787e-02 5.525197996751853025e-02
-1.604954223886172926e+00 1.946800608400856891e+00 2.833827295085354692e+01 2.936806859079297422e-02 8.384791385193929303e-02 5.359285954915625483e-02
-1.459049294441900013e+00 1.947800265052865631e+00 2.835132170367051430e+01 2.987304251359672660e-02 8.415715166921661217e-02 5.506310717042228048e-02
-1.313144364997866020e+00 1.947327775825723695e+00 2.834128405987344834e+01 2.993477700236733818e-02 8.368271254506355616e-02 5.427418976363357350e-02
-1.167239435553738991e+00 1.947531356070228981e+00 2.833271077179741937e+01 2.938165580557045714e-02 8.376528619916794038e-02 5.099718764061501181e-02
-1.021334506109452755e+00 1.946113969773411112e+00 2.831263938299728622e+01 2.741736684880803285e-02 8.282513873259078618e-02 5.162252271958869820e-02
-8.754295766651599697e-01 1.946324597795184852e+00 2.832925674134443028e+01 2.690721746642299461e-02 8.345861200232483623e-02 4.975716491497175070e-02
-7.295246472208737343e-01 1.945832112616167731e+00 2.831137422701129225e+01 2.799833342785397125e-02 8.292102306987804428e-02 4.694277290955493898e-02
-5.836197177767401545e-01 1.944027566961675779e+00 2.828424891439827249e+01 2.858117351199279330e-02 8.228847144058835938e-02 4.594914871998454636e-02
-4.377147883327126565e-01 1.943392648292765479e+00 2.827528992949279996e+01 2.814401388214705924e-02 8.186314758226334587e-02 4.577102599325352794e-02
-2.918098588884463496e-01 1.945951729864541679e+00 2.833230901125114087e+01 2.721786385925049206e-02 8.259774477535300474e-02 4.659038955922299025e-02
-1.459049294442729405e-01 1.946076853822503505e+00 2.834287673234664595e+01 2.837722966739793240e-02 8.244035790951538545e-02 4.736508061546844395e-02
0.000000000000000000e+00 1.945117866589489708e+00 2.832720300202323216e+01 2.751977810505107716e-02 8.265545854039021978e-02 5.000037226298360143e-02
