-1.010070333904154296e+02 1.998397484184654571e+00 1.000000000000000000e+00 -1.212036222559144177e-03 4.129319660082153760e-04 -7.442471342238843584e-04
-1.003336531677986869e+02 1.691392561318664889e+00 1.222767220565639024e+00 2.277086397062439999e-03 2.065733141969881489e-02 1.387425062719118557e-02
-9.966027294518264057e+01 1.476909854352814078e+00 1.480563045210000706e+00 3.449415809383177180e-03 3.615086811251927434e-02 2.260359180787622352e-02
-9.898689272256508787e+01 1.323253307185917382e+00 1.775363747457353814e+00 3.622361592814027191e-03 4.687282416578789773e-02 2.466552541332204390e-02
-9.831351249994663988e+01 1.212317042793405131e+00 2.114277457989137243e+00 3.997812471213068458e-03 5.151910891671174914e-02 2.738735865620630511e-02
-9.764013227732991140e+01 1.130677240756504665e+00 2.495834289327748312e+00 3.496251150312157385e-03 5.759360291603094623e-02 2.474442763184054456e-02
-9.696675205471670722e+01 1.070967505865659586e+00 2.928065919300235187e+00 4.425257626994516351e-03 5.956021936611821666e-02 2.512965715928061269e-02
-9.629337183210351725e+01 1.026133258496305212e+00 3.408219728761171297e+00 3.612338772843795131e-03 6.141443516505572242e-02 2.477198568413824936e-02
-9.561999160949032728e+01 9.945199209171377008e-01 3.944996968180884078e+00 2.096931902866759883e-03 6.298402680353874794e-02 2.537174848607646679e-02
-9.494661138687712310e+01 9.739122622461476864e-01 4.543162107026220475e+00 2.263545347736165437e-03 6.231344636661417802e-02 2.550063977354981304e-02
-9.427323116426391891e+01 9.596403080356066262e-01 5.190422400255368274e+00 1.670281633723214119e-03 6.330066016842907095e-02 2.831324047511978026e-02
-9.359985094165072894e+01 9.522026598762273197e-01 5.900613063976670958e+00 1.219312061186382740e-03 6.241713394664877290e-02 2.958063531909554261e-02
-9.292647071903755318e+01 9.502218767328155513e-01 6.674366761175401841e+00 3.612217992149935591e-04 6.373364179881735314e-02 3.155578128634359270e-02
-9.225309049642436321e+01 9.516316898861940654e-01 7.507634243472907976e+00 3.548792331956773967e-04 6.338229205352197138e-02 3.328752083835900821e-02
-9.157971027381114482e+01 9.553449722184806925e-01 8.387227048767721627e+00 7.201093498570032038e-04 6.396503396232366967e-02 3.395965355197807373e-02
-9.090633005119792642e+01 9.616808589779889394e-01 9.325481871170229198e+00 9.047669688817572579e-04 6.314381359346170342e-02 3.338383149272183131e-02
-9.023294982858476487e+01 9.705265071276512057e-01 1.032157169290245591e+01 1.937922433529805063e-03 6.125751551028637415e-02 3.412826006948484203e-02
-8.955956960597154648e+01 9.831612240858976781e-01 1.140587837538538452e+01 1.771765743944553329e-03 6.177779518070707077e-02 3.503860370006395969e-02
-8.888618938335835651e+01 9.965003554505365013e-01 1.253539945139534062e+01 2.042120100577140499e-03 6.085846094316440386e-02 3.886740650621265530e-02
-8.821280916074518075e+01 1.010737024932922168e+00 1.371392604687761541e+01 2.384289744915265696e-03 6.103701226784204875e-02 4.279264576007836551e-02
-8.753942893813193393e+01 1.026422400634750876e+00 1.494466274842906550e+01 3.140447750456267645e-03 6.068945303278150405e-02 4.447882521859670979e-02
-8.686604871551880080e+01 1.042524870552003824e+00 1.620543995898220047e+01 4.096562757182157025e-03 5.873449065416701947e-02 4.592544459255622213e-02
-8.619266849290552557e+01 1.059017253376032697e+00 1.751334149002587992e+01 4.440269776243923466e-03 5.890843490215255662e-02 4.615829803954692862e-02
-8.551928827029236402e+01 1.077449905875642822e+00 1.887547603335473667e+01 5.951416060554626589e-03 5.855969835839573701e-02 4.941373818352182146e-02
-8.484590804767921668e+01 1.095598450339836161e+00 2.026513522927684008e+01 6.822355852880876599e-03 5.623682276229705068e-02 5.172181120367223828e-02
-8.417252782506596986e+01 1.114276984459679154e+00 2.168772168858411931e+01 8.095987908301363611e-03 5.600401897941280349e-02 5.319523717616043285e-02
-8.349914760245277989e+01 1.133638346968057986e+00 2.314979985897470982e+01 8.914723143862723215e-03 5.598055261997678805e-02 5.585656661955936547e-02
-8.282576737983961834e+01 1.153288367148587845e+00 2.463229357994550739e+01 9.911425921648212359e-03 5.337714019603650301e-02 5.948159896096893301e-02
-8.215238715722637153e+01 1.172472335254308495e+00 2.611320516875849052e+01 1.267886774634735363e-02 5.262825399894336537e-02 6.212058945753796274e-02
-8.147900693461323840e+01 1.192231322131158011e+00 2.761914064602159513e+01 1.400421334444522208e-02 5.262293532280119812e-02 6.560767325864803878e-02
-8.080562671200007685e+01 1.212282627478924679e+00 2.912303409833609180e+01 1.654649606745051821e-02 5.150336359880475223e-02 6.988298883172400222e-02
-8.013224648938684425e+01 1.232626465926475845e+00 3.063830330182311101e+01 1.911121379158815456e-02 5.152867856210997799e-02 7.194055803343450683e-02
-7.945886626677361164e+01 1.253562378319658555e+00 3.218054232744010079e+01 2.161128481243133198e-02 5.042292030560591165e-02 7.463875381300733025e-02
-7.878548604416039325e+01 1.273683034773463785e+00 3.369185229839806084e+01 2.411409239552719797e-02 5.101577129428852553e-02 7.679018498446216201e-02
-7.811210582154723170e+01 1.293727664463514060e+00 3.515911478341494245e+01 2.804300906586808598e-02 5.031733964696294414e-02 8.169053032493364674e-02
-7.743872559893408436e+01 1.313001588252298513e+00 3.659877046044392301e+01 3.138661253813643942e-02 4.899805198535381323e-02 8.366598821400467179e-02
-7.676534537632086597e+01 1.331422838710165646e+00 3.799541896899977189e+01 3.431143021402936755e-02 4.948769457055834237e-02 8.588232287034246182e-02
-7.609196515370760494e+01 1.350798446085042404e+00 3.939900795810296330e+01 3.839541380406250731e-02 4.890209891136450271e-02 8.660944648704754778e-02
-7.541858493107025652e+01 1.368891689088131969e+00 4.077198856442302599e+01 4.220962866204927555e-02 4.922109039564508820e-02 8.762332475782277919e-02
-7.474520470841500241e+01 1.387794663266846307e+00 4.214267687781924110e+01 4.448870676540704616e-02 4.940981047396080655e-02 8.847985608281043468e-02
-7.407182448575993305e+01 1.407368908606323910e+00 4.350896515367655581e+01 4.759746605447113393e-02 4.914715215674992504e-02 9.227746023570086720e-02
-7.339844426310466474e+01 1.426283827067609478e+00 4.479759948857456919e+01 5.196188110376367963e-02 4.795051481007993333e-02 9.467790628059268021e-02
-7.272506404044955275e+01 1.444661039234321320e+00 4.603547921145491273e+01 5.584068192017704879e-02 4.786503974672660228e-02 9.775067069158442645e-02
-7.205168381779444076e+01 1.463520196682777330e+00 4.728140445676068282e+01 6.123427286489722954e-02 4.792196388276812047e-02 9.729936716771282745e-02
-7.137830359513920087e+01 1.481941517503505112e+00 4.847275560804376227e+01 6.449871682811492146e-02 4.873358713924703933e-02 9.938913134565498242e-02
-7.070492337248411729e+01 1.498538359742544346e+00 4.954579436808899828e+01 7.058377488638799269e-02 5.040651105410118293e-02 1.024035785565838852e-01
-7.003154314982899109e+01 1.516121664573161665e+00 5.063080350953202213e+01 7.379961707463875142e-02 5.075635148489837656e-02 1.067290230881772911e-01
-6.935816292717372278e+01 1.532405572820702000e+00 5.160628897771682233e+01 7.813360678845979179e-02 5.180720880037752163e-02 1.081516342656680119e-01
-6.868478270451865342e+01 1.549097479808372535e+00 5.260732643274664611e+01 8.290670742040051611e-02 5.141203527332650208e-02 1.082276399054469679e-01
-6.801140248186338511e+01 1.565381704333482560e+00 5.354819178876923758e+01 8.541504901033004915e-02 5.218364511230835084e-02 1.094002731521965949e-01
-6.733802225920827311e+01 1.581189356397014967e+00 5.443078469517672602e+01 8.880105489609789460e-02 5.311724725099031125e-02 1.105800801759189017e-01
-6.666464203655317533e+01 1.596331301353997034e+00 5.524217165310236055e+01 9.228526423823230074e-02 5.413074630145106592e-02 1.139554793798996241e-01
-6.599126181389794965e+01 1.613408940442212280e+00 5.606935617971621610e+01 9.755959456663670926e-02 5.353511691684713358e-02 1.164210935579235995e-01
-6.531788159124278081e+01 1.627445639560658908e+00 5.681259095568086792e+01 1.006082805015489912e-01 5.314323289220949237e-02 1.186465518578911638e-01
-6.464450136858768303e+01 1.641875829894627437e+00 5.749596204113540665e+01 1.055521352417495978e-01 5.297108228952071562e-02 1.206840634522535066e-01
-6.397112114593244314e+01 1.656591764803939881e+00 5.816214872893338850e+01 1.084119163248503104e-01 5.270538583451532533e-02 1.215679520636873678e-01
-6.329774092327737378e+01 1.670560580109609061e+00 5.878929560385000741e+01 1.119524589795083541e-01 5.341915298628342051e-02 1.209705298001894358e-01
-6.262436070062214100e+01 1.683980297091249856e+00 5.932100400294439879e+01 1.156655976655221740e-01 5.287073292917791878e-02 1.249428853801348577e-01
-6.195098047796705032e+01 1.698486298328357957e+00 5.991838423768031419e+01 1.196793358808875690e-01 5.334391665653520631e-02 1.234444550851421657e-01
-6.127760025531183175e+01 1.711967034872808879e+00 6.037088907656710290e+01 1.250236084741206677e-01 5.408563671126028621e-02 1.254916406919636129e-01
-6.060422003265662738e+01 1.723145192114005075e+00 6.075275746465139548e+01 1.277438276105949955e-01 5.484822557282616889e-02 1.253929676980203856e-01
-5.993083981000154381e+01 1.735057273049013027e+00 6.120771095692605712e+01 1.284123332086593017e-01 5.709641471818868025e-02 1.245203750413630822e-01
-5.925745958734645313e+01 1.745285429103899499e+00 6.152892326867497275e+01 1.301148764876282060e-01 5.574284988725668188e-02 1.264696415928544815e-01
-5.858407936469123456e+01 1.755930193155935237e+00 6.185538739407473230e+01 1.326825607140192931e-01 5.635543777236570739e-02 1.287409462781513581e-01
-5.791069914203600177e+01 1.766123224282361459e+00 6.215907821226100083e+01 1.337434609672930597e-01 5.543124798318739554e-02 1.303113087598509467e-01
-5.723731891938079741e+01 1.776605540111235948e+00 6.245026726900546521e+01 1.348514386989701497e-01 5.549469576744114202e-02 1.294278507487858498e-01
-5.656393869672569963e+01 1.788122367448115702e+00 6.277701810523572590e+01 1.373093645927918605e-01 5.562764152850208782e-02 1.312906607684552474e-01
-5.589055847407063027e+01 1.798038027610959100e+00 6.301818610770669693e+01 1.378964294164895521e-01 5.583023699628496955e-02 1.305305454244341523e-01
-5.521717825141544722e+01 1.808281941524962022e+00 6.330702828927915249e+01 1.393354034009144649e-01 5.610312545364973952e-02 1.326100321601225707e-01
-5.454379802876015049e+01 1.817257565333760372e+00 6.342593095757247568e+01 1.418217092914953459e-01 5.648375365320889435e-02 1.317467452283817841e-01
-5.387041780610505981e+01 1.825778275411471752e+00 6.354669887121788463e+01 1.435749516271485060e-01 5.791520471346512516e-02 1.317117616793378743e-01
-5.319703758344987676e+01 1.832967273720786050e+00 6.356477113897457798e+01 1.467088458610910084e-01 5.944020501037774323e-02 1.327680900296240307e-01
-5.252365736079480740e+01 1.841206921865729873e+00 6.374295926743186413e+01 1.474247178869201036e-01 5.886943638966304210e-02 1.309036380837899916e-01
-5.185027713813962436e+01 1.849042525263908443e+00 6.383661287593463385e+01 1.479077770190991847e-01 5.849109762525055156e-02 1.296439648784812049e-01
-5.117689691548455500e+01 1.856080380683863940e+00 6.389002066016109183e+01 1.492390192651534275e-01 5.702181991273617273e-02 1.326798531048565821e-01
-5.050351669284243172e+01 1.864486372833491501e+00 6.401003265900030215e+01 1.502551387391919124e-01 5.693251395049785807e-02 1.317324585173320628e-01
-4.983013647027119930e+01 1.870956831853375135e+00 6.404363819977004368e+01 1.523923974353904309e-01 5.685958397035784095e-02 1.317049803068679470e-01
-4.915675624769996688e+01 1.877256463518256036e+00 6.407792730403527059e+01 1.528854526254047608e-01 5.694922946604270841e-02 1.317682813732473923e-01
-4.848337602512874156e+01 1.883596237280180663e+00 6.406545751685762013e+01 1.527778478688336383e-01 5.764782936338000430e-02 1.324421432232349427e-01
-4.780999580255751624e+01 1.887348179081382860e+00 6.397691924250960227e+01 1.539251362409899682e-01 5.702528068777899806e-02 1.336819008092763328e-01
-4.713661557998629092e+01 1.892852665727968731e+00 6.394298570810013871e+01 1.550689660939746917e-01 5.758647494405238348e-02 1.367911270970913473e-01
-4.646323535741505850e+01 1.897723853259744686e+00 6.394494492449078393e+01 1.565313470011732433e-01 5.789362591373208022e-02 1.359180021604923239e-01
-4.578985513484384029e+01 1.902405787340530230e+00 6.392775037230845214e+01 1.537512102098984590e-01 5.932795528038076194e-02 1.373129363111722512e-01
-4.511647491227260787e+01 1.907746465382129220e+00 6.389349751616489215e+01 1.554650081669899375e-01 5.918286213902348991e-02 1.379447951229086922e-01
-4.444309468970138255e+01 1.911894367081763191e+00 6.390690044748468779e+01 1.539707909245898731e-01 6.000136139574570315e-02 1.319778903612861820e-01
-4.376971446713015013e+01 1.915220312701421124e+00 6.380844008377598442e+01 1.541872534638648873e-01 5.878617861836196723e-02 1.335015765488101469e-01
-4.309633424455891770e+01 1.919663806784609905e+00 6.376919359759303063e+01 1.556126309838305188e-01 5.975505877673614741e-02 1.360342355178043583e-01
-4.242295402198769239e+01 1.924379552628120216e+00 6.378086978912704552e+01 1.555639465510599839e-01 6.134484942728250789e-02 1.329508366259425090e-01
-4.174957379941645996e+01 1.928196789299224667e+00 6.378484720515928785e+01 1.535624356767976428e-01 6.160534656702854744e-02 1.330043171547279912e-01
-4.107619357684524175e+01 1.932055913335377406e+00 6.373224609060910240e+01 1.535689002696587757e-01 6.145430990692201528e-02 1.334242965525581359e-01
-4.040281335427400933e+01 1.935544048157846309e+00 6.371330622909522390e+01 1.541392802018618224e-01 6.243743392009069859e-02 1.345526906811880530e-01
-3.972943313170277690e+01 1.939230727294968037e+00 6.368525108882150221e+01 1.549065623986077556e-01 6.291403073551489478e-02 1.350076482214037643e-01
-3.905605290913155159e+01 1.942755312276203794e+00 6.367068829151142495e+01 1.545660050362220872e-01 6.338575724796827182e-02 1.341806080567977677e-01
-3.838267268656033337e+01 1.946544555738822124e+00 6.363830753772007398e+01 1.513513645962684950e-01 6.306075465407562364e-02 1.347901512505962629e-01
-3.770929246398910095e+01 1.948457198259530676e+00 6.355323890487397165e+01 1.530607112658660118e-01 6.370352786314999183e-02 1.348891967013473026e-01
-3.703591224141786853e+01 1.950617708091869185e+00 6.344516487559769047e+01 1.523680497432171321e-01 6.254072554701110842e-02 1.330429930127872695e-01
-3.636253201884664321e+01 1.953253005909717288e+00 6.342507120878369875e+01 1.520258261436930047e-01 6.337396707866682632e-02 1.351396898787628753e-01
-3.568915179627541079e+01 1.955570392425718174e+00 6.330160477930284202e+01 1.530415172724006179e-01 6.273705256730348345e-02 1.361577877200224607e-01
-3.501577157370415705e+01 1.956852987900750351e+00 6.316836851600212555e+01 1.541921367912033047e-01 6.325472756922519146e-02 1.351355073162423259e-01
-3.434239135113295305e+01 1.960423794470713243e+00 6.313553133901034897e+01 1.549967893985123857e-01 6.292676815589980099e-02 1.379709502169616242e-01
-3.366901112856169931e+01 1.961032353302068820e+00 6.296875945546103281e+01 1.564664602533776538e-01 6.203351213677774090e-02 1.393823915698657323e-01
-3.299563090599050241e+01 1.963096738629143134e+00 6.286145395527100987e+01 1.567866931314138013e-01 6.298455664289216716e-02 1.395609643788509879e-01
-3.232225068341922736e+01 1.964380291633290643e+00 6.276975499415350157e+01 1.571151098115380340e-01 6.177867758197291836e-02 1.394282015730431701e-01
-3.164887046084804112e+01 1.965170057780953217e+00 6.267976891532563855e+01 1.542406131780479361e-01 6.154184807165577475e-02 1.380982621359913287e-01
-3.097549023827675541e+01 1.966237274386480882e+00 6.259465970599210038e+01 1.515198097503691055e-01 6.228568580030082596e-02 1.378025602660205295e-01
-3.030211001570557983e+01 1.967249473191555520e+00 6.253737268444290009e+01 1.536191453265226825e-01 6.314798722417279409e-02 1.375207524724297026e-01
-2.962872979313429411e+01 1.968693165050297234e+00 6.252008146706809555e+01 1.530964323783764180e-01 6.369066172690820982e-02 1.356027982850383784e-01
-2.895534957056311853e+01 1.969902089276474255e+00 6.242784244249533998e+01 1.513359799560763108e-01 6.376833007036070144e-02 1.332783462048693357e-01
-2.828196934799182216e+01 1.970372503685807519e+00 6.233369208174885046e+01 1.513871692414162362e-01 6.502495566725925713e-02 1.317588115304107466e-01
-2.760858912542067145e+01 1.971496621160329754e+00 6.233641246190856577e+01 1.489446145678794409e-01 6.529868411872873091e-02 1.325668271374996487e-01
-2.693520890284936087e+01 1.971736646324307118e+00 6.224759152632339720e+01 1.484436705141553570e-01 6.516306906088396855e-02 1.336457951729970728e-01
-2.626182868027821016e+01 1.973566091794950017e+00 6.224526117621109478e+01 1.474117126527431099e-01 6.844876181812531435e-02 1.356238250015654734e-01
-2.558844845770687826e+01 1.974354497773652239e+00 6.218998901444157923e+01 1.499241475902432785e-01 6.898992197069769849e-02 1.357871911763123274e-01
-2.491506823513574886e+01 1.975817277841021458e+00 6.213040204813511025e+01 1.517877494224338653e-01 6.843916408972489096e-02 1.372918887594182236e-01
-2.424168801256440986e+01 1.975908016838518799e+00 6.209423645350197773e+01 1.513715518129206128e-01 6.885762011842723462e-02 1.349528622511241283e-01
-2.356830778999329112e+01 1.975552685490203242e+00 6.199095967183698974e+01 1.521839217705962810e-01 6.823942862711533663e-02 1.349016836473333203e-01
-2.289492756742194857e+01 1.977780941836677631e+00 6.200419356744210830e+01 1.530275281709148893e-01 6.791446516905873254e-02 1.345506004488782326e-01
-2.222154734485082983e+01 1.978140138696990125e+00 6.193979619262336911e+01 1.523904638220164864e-01 6.862223928892621783e-02 1.313093298957227484e-01
-2.154816712227947662e+01 1.979454592253070189e+00 6.194213449001257743e+01 1.516928947222683510e-01 6.864416740890171009e-02 1.327865811318670874e-01
-2.087478689970836854e+01 1.978786057925778330e+00 6.185067094135686006e+01 1.506827757679277402e-01 6.878729518315797320e-02 1.317340908333509142e-01
-2.020140667713699401e+01 1.978813013622330086e+00 6.178962283740287376e+01 1.511353377155497391e-01 6.802405898179676724e-02 1.312254161489671556e-01
-1.952802645456591080e+01 1.979439915396246308e+00 6.176848203870392950e+01 1.488029297200972045e-01 6.718051438444143375e-02 1.299244720050990454e-01
-1.885464623199453271e+01 1.980125180944541485e+00 6.177028828507104663e+01 1.501011653966145276e-01 6.821938064606779262e-02 1.297479918090810314e-01
-1.818126600942346016e+01 1.982343022515258957e+00 6.180010132994357264e+01 1.499213439085115007e-01 6.805473631801466083e-02 1.293699734292577397e-01
-1.750788578685207497e+01 1.983499521633534490e+00 6.185169184922185792e+01 1.475419306984533108e-01 6.832724012137790515e-02 1.278511166015335321e-01
-1.683450556428099887e+01 1.982827164247140450e+00 6.179469181514849652e+01 1.484371312443231727e-01 6.802337183047063585e-02 1.301333564044426239e-01
-1.616112534170960302e+01 1.984295177022825873e+00 6.178257630009343160e+01 1.463756605237415409e-01 6.905584852065581314e-02 1.307319956559611918e-01
-1.548774511913853935e+01 1.984182332144897476e+00 6.176149644266706673e+01 1.483256664402759217e-01 6.912302574597072036e-02 1.328201152652218886e-01
-1.481436489656713107e+01 1.984391089931777818e+00 6.171885927352501255e+01 1.496396890124971346e-01 6.994036806668212092e-02 1.316796051729517969e-01
-1.414098467399607983e+01 1.984332800050183865e+00 6.169433033837918856e+01 1.473864851778962926e-01 6.984658054312510578e-02 1.329458302756044430e-01
-1.346760445142466978e+01 1.984178609726761300e+00 6.165213909621947863e+01 1.446176716746849500e-01 7.065221345702009381e-02 1.329564461543910059e-01
-1.279422422885361854e+01 1.985410237919830179e+00 6.165730003021256067e+01 1.444749992630167124e-01 6.919568206357268325e-02 1.317149598993291038e-01
-1.212084400628221026e+01 1.986032932796014894e+00 6.163977520125420284e+01 1.446964333284393445e-01 7.000657898930716383e-02 1.297033398172000307e-01
-1.144746378371115902e+01 1.985961393139680009e+00 6.155520594781157939e+01 1.435779779222172703e-01 7.013666485417301144e-02 1.323765270032499497e-01
-1.077408356113973831e+01 1.987641063686014231e+00 6.159197306898783353e+01 1.437721748706871083e-01 7.055051359926366172e-02 1.329109288328949867e-01
-1.010070333856869773e+01 1.987553582806859565e+00 6.156217750347202866e+01 1.432154007565576426e-01 7.116253703109282069e-02 1.322622106326471203e-01
-9.427323115997278791e+00 1.985710764261136685e+00 6.144606843458933554e+01 1.433487773178765967e-01 6.932693798527078677e-02 1.320915457423746942e-01
-8.753942893426261307e+00 1.985727560370888822e+00 6.141942825027373942e+01 1.436220436861297134e-01 7.011300471357932718e-02 1.302046980142769761e-01
-8.080562670854817497e+00 1.985351599513323517e+00 6.137193861373911830e+01 1.430455438521665290e-01 7.139240121351340951e-02 1.296214252165688030e-01
-7.407182448283800014e+00 1.985085318593193149e+00 6.134890994737465775e+01 1.436535610292019594e-01 7.088804414459000391e-02 1.300277112221269182e-01
-6.733802225712334888e+00 1.985371122339000260e+00 6.132659201238583790e+01 1.437424793377085896e-01 7.209144108254618433e-02 1.339074736310067459e-01
-6.060422003141339609e+00 1.983933403977068632e+00 6.125076644637749013e+01 1.435972947943355560e-01 7.186132900240398136e-02 1.336049948786152963e-01
-5.387041780569874483e+00 1.984038330093906177e+00 6.123370933556643081e+01 1.448481434226917275e-01 7.295632923354228305e-02 1.339514297253588393e-01
-4.713661557998879204e+00 1.984521968292362271e+00 6.121898620872403285e+01 1.449393796411818369e-01 7.196887660538693610e-02 1.333667926016262328e-01
-4.040281335427403420e+00 1.984123438216593760e+00 6.116103098190216514e+01 1.445544128668319606e-01 7.210212990488500118e-02 1.344185611145903847e-01
-3.366901112856419243e+00 1.983186345501716685e+00 6.112908195127826616e+01 1.443062831558970249e-01 7.247823795567870375e-02 1.340906590994829506e-01
-2.693520890284943015e+00 1.983046345513398645e+00 6.109857430711434034e+01 1.440408755103650684e-01 7.179403102573166107e-02 1.337561058087985699e-01
-2.020140667713958837e+00 1.982777952803196353e+00 6.107627345208083369e+01 1.446800911693456593e-01 7.176368816574309195e-02 1.356513034437221155e-01
-1.346760445142482610e+00 1.983241322388058059e+00 6.106420256614724451e+01 1.462894241043038723e-01 7.109311502581357189e-02 1.386966520343780596e-01
-6.733802225714987655e-01 1.983022176535391257e+00 6.104179730935091186e+01 1.464235282291444507e-01 7.056369392089813231e-02 1.388331551195509384e-01
0.000000000000000000e+00 1.982067882315181162e+00 6.097697513559672444e+01 1.462363349164066406e-01 6.985758213586007459e-02 1.350127103425629582e-01
