-3.480466595937124907e+01 1.103247110740187331e+00 4.989360438379067397e-03 1.000000000000000000e+00 -8.671577618387382724e-04 -5.161088176091432975e-04 -3.391329791663711042e-04
-3.457263485296430616e+01 1.131444431308680887e+00 7.949357065101123054e-03 6.972829911876364806e-01 8.903991428725272286e-03 6.595268793476682934e-02 4.855558133793393821e-02
-3.434060374655736325e+01 1.139826807017599197e+00 8.950479821537266067e-03 5.285906386547845059e-01 1.287423467946107250e-02 1.051108956870390743e-01 7.397366990809399467e-02
-3.410857264015023560e+01 1.139196095147362309e+00 8.873261192407833065e-03 4.275349665706208446e-01 1.635944788650135762e-02 1.120182364881237708e-01 9.258218783029249777e-02
-3.387654153374221266e+01 1.133067699130981820e+00 8.138966768713867816e-03 3.647012080921662180e-01 1.845100387671311237e-02 1.026194557495306858e-01 1.044690784726593213e-01
-3.364451042733418262e+01 1.128324903982084404e+00 7.590756935351938850e-03 3.245551331727862809e-01 1.800758099421893854e-02 8.601256608860813335e-02 1.114764599887184127e-01
-3.341247932092615969e+01 1.122238836720293786e+00 6.913185320610720774e-03 2.977998536985245193e-01 1.896746016806497709e-02 6.764000282570535594e-02 1.137925871101729269e-01
-3.318044821451812965e+01 1.118081215256296224e+00 6.467199819842062158e-03 2.804139087980349609e-01 1.997462652506579173e-02 5.628582771950264158e-02 1.128067243683998355e-01
-3.294841710811010671e+01 1.112339966474654940e+00 5.874092123712787439e-03 2.692867438370606936e-01 1.840035092149874818e-02 4.493101225607432775e-02 1.137244686538043531e-01
-3.271638600170207667e+01 1.109515461892659038e+00 5.592062688788076996e-03 2.612686326636529666e-01 1.959404238106009569e-02 3.993935586728405290e-02 1.146026017935464492e-01
-3.248435489529405373e+01 1.106970401665813064e+00 5.343485726021168780e-03 2.561554539462326252e-01 1.901805027803243550e-02 3.747753778520984680e-02 1.143781846536519320e-01
-3.225232378888602369e+01 1.104923243298516988e+00 5.147373819737371958e-03 2.525283259315593831e-01 1.892524959607604432e-02 3.702416741040932824e-02 1.168265939312398555e-01
-3.202029268247799365e+01 1.103943898846954319e+00 5.054768545057472529e-03 2.494996532496850661e-01 2.055108763430108995e-02 3.807956567669468911e-02 1.144413855827661475e-01
-3.178826157606997782e+01 1.102968702318760874e+00 4.963337500962256010e-03 2.480040174397691033e-01 1.986967457181101210e-02 3.597008817226465122e-02 1.180322924002559365e-01
-3.155623046966195133e+01 1.101722503861442659e+00 4.847636218529544072e-03 2.466618831431056369e-01 1.945145055756205762e-02 3.427800003022205694e-02 1.167760596162065179e-01
-3.132419936325391774e+01 1.102758558037203906e+00 4.943737432164266310e-03 2.454627520396036044e-01 1.986065372310616070e-02 3.398768692571962902e-02 1.129920788325197850e-01
-3.109216825684588770e+01 1.101941751017857740e+00 4.867899199698294543e-03 2.449887658689064163e-01 1.868278661312737510e-02 3.353901580962902890e-02 1.148016137971397954e-01
-3.086013715043786476e+01 1.102728516268107972e+00 4.940938415427018060e-03 2.448103024522872984e-01 2.083037595417242330e-02 3.237101979900414150e-02 1.143985744489901535e-01
-3.062810604402983472e+01 1.102256506752266274e+00 4.897058359081496448e-03 2.447525841717405337e-01 1.974377460187982936e-02 3.209822334438799246e-02 1.156840496622493913e-01
-3.039607493762181889e+01 1.101208721099613319e+00 4.800307211881890690e-03 2.445517579784012296e-01 1.968760482800517575e-02 3.480280971621192709e-02 1.143453046871028139e-01
-3.016404383121378530e+01 1.099457599240780459e+00 4.640632645386846833e-03 2.448685556618441783e-01 2.020525403666684205e-02 3.436574445608073930e-02 1.150505375108001466e-01
-2.993201272480576947e+01 1.099154283251809305e+00 4.613232558909177716e-03 2.446493093614563186e-01 1.973867839329333101e-02 3.665603556913147459e-02 1.120652342646236838e-01
-2.969998161839773942e+01 1.098573226966667482e+00 4.560955474991468250e-03 2.444984754340052691e-01 2.018342200416998675e-02 3.276868864716891289e-02 1.125494460385277062e-01
-2.946795051198970228e+01 1.098379319065209581e+00 4.543572007173854455e-03 2.443697258818252060e-01 2.054509027069360491e-02 3.123402357121982109e-02 1.147828277233988864e-01
-2.923591940558167224e+01 1.097581407021948507e+00 4.472368842534657496e-03 2.446675251935535311e-01 2.177381981984713444e-02 2.995868411203366291e-02 1.128837660940624210e-01
-2.900388829917364930e+01 1.098808571735475637e+00 4.582095529946955681e-03 2.443211318720066028e-01 2.116326725938049227e-02 3.195594754543375215e-02 1.132686776765809145e-01
-2.877185719276561215e+01 1.098174707803014183e+00 4.525262798362447714e-03 2.444641803968568838e-01 2.125742435022527979e-02 3.381971444502349100e-02 1.143252304169327105e-01
-2.853982608635761409e+01 1.096566936812338522e+00 4.382603915271204853e-03 2.445289841924011276e-01 1.899899863537560241e-02 3.088539093586698328e-02 1.118337700642369897e-01
-2.830779497994958405e+01 1.097094677976756305e+00 4.429194139141764963e-03 2.442905666988560431e-01 1.983608698396655337e-02 3.101914981661757845e-02 1.141099798880195471e-01
-2.807576387354155756e+01 1.097541636495856121e+00 4.468833666632934798e-03 2.438785233929265661e-01 1.885290565112415426e-02 3.125029100666688875e-02 1.105917708107603675e-01
-2.784373276713352041e+01 1.098016502845120979e+00 4.511129957140869173e-03 2.441994235736372754e-01 2.007403425318366255e-02 3.401448345447494193e-02 1.151714388487898311e-01
-2.761170166072549037e+01 1.098106135652210380e+00 4.519134529478774365e-03 2.443005640841555137e-01 1.979964303707609438e-02 3.608839082561814821e-02 1.165618565416504659e-01
-2.737967055431746743e+01 1.097453707914234800e+00 4.461022413635828965e-03 2.439803292253882872e-01 1.986135318652682349e-02 3.642687297345715419e-02 1.117719395402539673e-01
-2.714763944790943384e+01 1.098420284401519842e+00 4.547241873974414150e-03 2.439446134897218232e-01 1.924535602969407524e-02 3.434687043844723148e-02 1.158769416610396646e-01
-2.691560834150141091e+01 1.099961492624130122e+00 4.686320137890526150e-03 2.437708723858514059e-01 2.010900955561907219e-02 3.612469371732456025e-02 1.171726362763259727e-01
-2.668357723509339507e+01 1.100838244416433076e+00 4.766314438879218351e-03 2.439114181637211110e-01 2.012111906114848192e-02 3.496066628678300148e-02 1.174543657296064081e-01
-2.645154612868537214e+01 1.100890966315506647e+00 4.771144981625521919e-03 2.440315990779867439e-01 2.292849826590001583e-02 3.405537908552171839e-02 1.160292739981092919e-01
-2.621951502227733144e+01 1.101375585712563554e+00 4.815654706732827584e-03 2.438690710149498397e-01 2.091550625306201269e-02 3.513284448279967165e-02 1.166694201183771512e-01
-2.598748391586931561e+01 1.100813564206819972e+00 4.764053950238766877e-03 2.437683536773275206e-01 1.896751616215347144e-02 3.419902158897007022e-02 1.165817509166674898e-01
-2.575545280946129623e+01 1.099873554972507161e+00 4.678331800436252852e-03 2.439868445546652664e-01 2.083755511812279693e-02 3.395787030353968755e-02 1.136344839633577908e-01
-2.552342170305324842e+01 1.099314107216703862e+00 4.627660787509299545e-03 2.445675537537073396e-01 2.011248096252032241e-02 3.843406988388393952e-02 1.160112444616068633e-01
-2.529139059664523970e+01 1.100562763678491374e+00 4.741111354456067906e-03 2.441716865440618500e-01 1.829157168920203178e-02 3.515688794265889316e-02 1.141035279077534936e-01
-2.505935949023718479e+01 1.099916546792495176e+00 4.682236418459870264e-03 2.444999981576301828e-01 1.722523385702240395e-02 3.341209409257592938e-02 1.121940157829941498e-01
-2.482732838382919738e+01 1.100430197195142012e+00 4.729005486716342244e-03 2.443696227016906863e-01 1.974217081108377986e-02 3.414041817455226724e-02 1.112006316665955508e-01
-2.459529727742114247e+01 1.101823532733756883e+00 4.856968461222979649e-03 2.445537356617935865e-01 2.072171706875452352e-02 3.524295848483461474e-02 1.142594527164235707e-01
-2.436326617101313374e+01 1.101918529539529512e+00 4.865751179187638442e-03 2.442871926437794605e-01 2.059448214986133938e-02 3.406532503773559983e-02 1.151819232460959685e-01
-2.413123506461962720e+01 1.101195043267824358e+00 4.799050201388668779e-03 2.445366457073310795e-01 1.827064031542761230e-02 3.530084730443868585e-02 1.131885873754061439e-01
-2.389920395822907295e+01 1.100798167323367771e+00 4.762643986670700436e-03 2.449906079165182771e-01 1.952516418973570048e-02 3.336216940696174610e-02 1.128445026343058433e-01
-2.366717285183850805e+01 1.100520782882946635e+00 4.737276131000500712e-03 2.452330890470103830e-01 1.898510427957189606e-02 3.017300143283813824e-02 1.125502143523959275e-01
-2.343514174544790052e+01 1.099890929418709806e+00 4.679909604474438711e-03 2.448363027727556152e-01 1.743762462206958561e-02 3.102542572783659192e-02 1.149954851735055100e-01
-2.320311063905733562e+01 1.099608036142406764e+00 4.654250618609703793e-03 2.448746711678709831e-01 2.014721291231279590e-02 3.362918061721662660e-02 1.156822659958967325e-01
-2.297107953266678493e+01 1.099456826392420261e+00 4.640562733303918441e-03 2.448408166350870274e-01 1.983194736215585993e-02 3.668663784103560338e-02 1.185589557470374950e-01
-2.273904842627621647e+01 1.099628745073498060e+00 4.656126715266079019e-03 2.447959968020731181e-01 2.015452250040299445e-02 3.533107266792957085e-02 1.128179325192332216e-01
-2.250701731988560539e+01 1.099052522898727347e+00 4.604057082618545627e-03 2.448988320477867020e-01 1.797282384145423850e-02 3.605487111973976894e-02 1.170726603676794514e-01
-2.227498621349504049e+01 1.099770069316146071e+00 4.668939255609003136e-03 2.444758106490827476e-01 1.899099542396878726e-02 3.775452791195070545e-02 1.139328770358009058e-01
-2.204295510710448980e+01 1.100059453969935763e+00 4.695226562630938627e-03 2.442477038763808672e-01 1.886804338892261387e-02 3.473953186612822180e-02 1.150339422317733645e-01
-2.181092400071392845e+01 1.099778559081805440e+00 4.669709468674898556e-03 2.445365436853023655e-01 1.919823674834490387e-02 3.521540970315960306e-02 1.138108301145327184e-01
-2.157889289432330671e+01 1.100722516707142606e+00 4.755719153313450742e-03 2.451141926370341007e-01 1.927147789968734065e-02 3.408371556787685719e-02 1.147805421077692095e-01
-2.134686178793274891e+01 1.102666885971600230e+00 4.935198592311215715e-03 2.437683847073316146e-01 2.006262476231151712e-02 3.322439663116463077e-02 1.157527467797056370e-01
-2.111483068154219822e+01 1.101967602863764384e+00 4.870291055417683146e-03 2.438996924553767376e-01 2.079711330348243611e-02 3.371614772221384615e-02 1.158568279893383152e-01
-2.088279957515162977e+01 1.101603598933651895e+00 4.836663500823665252e-03 2.442962197080384978e-01 2.054775171101622805e-02 3.131656092318807483e-02 1.149521883039800463e-01
-2.065076846876102223e+01 1.099764487176012828e+00 4.668432862175692089e-03 2.442283237495388448e-01 2.078066195770978883e-02 3.202168188689379080e-02 1.137010712640390830e-01
-2.041873736237045378e+01 1.099615166322641002e+00 4.654896527282723073e-03 2.439450277799409261e-01 2.143414139590304676e-02 3.174616350771856249e-02 1.128054194926534359e-01
-2.018670625597989243e+01 1.100346151079549140e+00 4.721337977881601145e-03 2.442111947786186343e-01 2.008597553595208723e-02 2.999968592858543587e-02 1.125845159657586636e-01
-1.995467514958934530e+01 1.098669710222934359e+00 4.569616620470451362e-03 2.442150241656924348e-01 1.973934058229421043e-02 3.103411074092083180e-02 1.152077351371060959e-01
-1.972264404319872000e+01 1.099093050851870590e+00 4.607710359551250856e-03 2.441393107450604838e-01 1.948402463905431203e-02 3.342077453872206033e-02 1.173100187714996440e-01
-1.949061293680817641e+01 1.099326466622166709e+00 4.628777422680321885e-03 2.441016415299893383e-01 1.806194159609429001e-02 3.612750431945831869e-02 1.147483852954583328e-01
-1.925858183041761151e+01 1.099231434611753322e+00 4.620194816596229215e-03 2.442379167680256979e-01 1.884478137868694433e-02 3.535831320527134392e-02 1.148319117271664469e-01
-1.902655072402703240e+01 1.099020352463079719e+00 4.601158138385533225e-03 2.441378362159026816e-01 1.961468969214558503e-02 3.391323407881385171e-02 1.118426959561571871e-01
-1.879451961763644618e+01 1.099917152472242421e+00 4.682291438630026281e-03 2.446743998949588716e-01 2.083595409064494669e-02 3.748348931935945039e-02 1.155934672464404706e-01
-1.856248851124586707e+01 1.098627781527216296e+00 4.565851801861045556e-03 2.451664808173464050e-01 1.934856395068800666e-02 3.748639279453461898e-02 1.158449935250131235e-01
-1.833045740485529151e+01 1.098857049445526091e+00 4.586455782281284588e-03 2.445172498717829990e-01 2.113390453623063478e-02 3.651830184475880064e-02 1.146334285901134675e-01
-1.809842629846476214e+01 1.098259108233113901e+00 4.532810987775415246e-03 2.444022359035431524e-01 2.097178702367554284e-02 3.555821307347341309e-02 1.162182265055363012e-01
-1.786639519207412974e+01 1.097862018015639096e+00 4.497349477438961074e-03 2.448327569543033988e-01 2.065658689297154502e-02 3.453572390222853228e-02 1.174504192701339572e-01
-1.763436408568360392e+01 1.098377135943512828e+00 4.543376471940571704e-03 2.448766078458940454e-01 2.073871498580816958e-02 3.665817855652538093e-02 1.163067369825337843e-01
-1.740233297929302481e+01 1.098993898052346818e+00 4.598774918936288092e-03 2.441652314194028284e-01 1.885563549529966146e-02 3.739853087135966425e-02 1.156888436969274042e-01
-1.717030187290243504e+01 1.100012679514885461e+00 4.690972945279953121e-03 2.440983250553538098e-01 2.113130921070733095e-02 3.618973142784100844e-02 1.137952140829118775e-01
-1.693827076651187014e+01 1.099970473118187853e+00 4.687136293961779998e-03 2.438961847064375077e-01 2.136027303508453504e-02 3.527638403297973096e-02 1.152538804796941624e-01
-1.670623966012128037e+01 1.099493960858867636e+00 4.643922486223181489e-03 2.440775940039139058e-01 2.041097779000424633e-02 3.468043151076882075e-02 1.143445392167166813e-01
-1.647420855373069415e+01 1.098706960729988191e+00 4.572962601686894613e-03 2.447710041396584379e-01 2.037029877441192890e-02 3.551672639102899237e-02 1.136772963955735155e-01
-1.624217744734017543e+01 1.098967623888552181e+00 4.596408511063312941e-03 2.444068332126934362e-01 1.906248463555185874e-02 3.389521050604012847e-02 1.155008371559613223e-01
-1.601014634094953948e+01 1.099207489219202971e+00 4.618033420218561891e-03 2.440349961499585774e-01 2.001484561842344773e-02 3.426380852369669688e-02 1.143207899341013994e-01
-1.577811523455902787e+01 1.100192447337739132e+00 4.707330710535181928e-03 2.438811348719155392e-01 1.898502552649287620e-02 3.393375000470286174e-02 1.139622067080967444e-01
-1.554608412816843988e+01 1.097910901735713818e+00 4.501707901074250562e-03 2.442824147126079759e-01 1.985263777730174317e-02 3.364689782485191100e-02 1.163878895728518020e-01
-1.531405302177783945e+01 1.097622785675889112e+00 4.476048357522133259e-03 2.443141650823808242e-01 2.111048685651508230e-02 3.540906900407919666e-02 1.179496745451376477e-01
-1.508202191538729053e+01 1.097792937056228935e+00 4.491193668698198471e-03 2.445815732267087039e-01 1.978763515683922003e-02 3.539057507445365208e-02 1.128261352424960451e-01
-1.484999080899669188e+01 1.099213929561659642e+00 4.618614701803941403e-03 2.440116873694497812e-01 2.004693354873533784e-02 3.354796673990986799e-02 1.167669520996483662e-01
-1.461795970260609856e+01 1.099116557708582187e+00 4.609829941254181551e-03 2.436181033935511664e-01 2.110146840116758696e-02 3.393743191020465177e-02 1.153373243001993426e-01
-1.438592859621559406e+01 1.099782125522728471e+00 4.670033043012791762e-03 2.431982698067045590e-01 2.134240091294528976e-02 3.350577920042769470e-02 1.140546022942563881e-01
-1.415389748982495099e+01 1.099857494658136980e+00 4.676873556963029310e-03 2.436439048166312293e-01 2.161584116404603392e-02 3.250414822597710168e-02 1.140053839540282471e-01
-1.392186638343445004e+01 1.099916505497293251e+00 4.682232667199637266e-03 2.438282127816385758e-01 2.255475924859735859e-02 3.524582723679645091e-02 1.128422763986524496e-01
-1.368983527704385494e+01 1.099367709639792912e+00 4.632504520105967805e-03 2.438206400328107315e-01 2.065501093013501210e-02 3.459048099950735866e-02 1.099860836748447618e-01
-1.345780417065324563e+01 1.099741521301130120e+00 4.666349744416653511e-03 2.439203738411344080e-01 1.677067646784393545e-02 3.434384865629780403e-02 1.123811445710677925e-01
-1.322577306426271271e+01 1.099105770391153314e+00 4.608857206537045337e-03 2.441014404192291543e-01 1.858316591708209300e-02 3.097679434057049389e-02 1.132455519411011691e-01
-1.299374195787210695e+01 1.098287183946907941e+00 4.535323194079982079e-03 2.443084058033435924e-01 1.914496419436960417e-02 3.067431458056306404e-02 1.146585895266521715e-01
-1.276171085148150119e+01 1.098862569965380453e+00 4.586952440305769318e-03 2.443476844588216290e-01 1.825921706144979784e-02 3.225768123013571242e-02 1.143466259441461991e-01
-1.252967974509100735e+01 1.098487307632312282e+00 4.553249128440614579e-03 2.446678456286941472e-01 1.804217836365487604e-02 3.497296879470783437e-02 1.134409615043039388e-01
-1.229764863870036429e+01 1.098494345575430131e+00 4.553880151311681668e-03 2.444843980142159257e-01 1.962479918487039510e-02 3.030739701204464634e-02 1.110925494663558277e-01
-1.206561753230987044e+01 1.099189580431825020e+00 4.616417219494378665e-03 2.443517293115091693e-01 1.815274828973388599e-02 3.386594103563778796e-02 1.142014099332068211e-01
-1.183358642591926824e+01 1.099420084375105855e+00 4.637239610096682840e-03 2.444350245454294801e-01 1.831828054948892240e-02 3.502568290557174502e-02 1.129743390171927681e-01
-1.160155531952865360e+01 1.098557580721421845e+00 4.559551663733979465e-03 2.442723645401263521e-01 1.829027599136071394e-02 3.394444317621606727e-02 1.148970593993945272e-01
-1.136952421313813133e+01 1.098987948408232773e+00 4.598239008446691756e-03 2.441620964124821824e-01 1.931136370213295747e-02 3.700586841750443112e-02 1.147286562135386989e-01
-1.113749310674752024e+01 1.098695529816562155e+00 4.571935711625105259e-03 2.444676071887323110e-01 2.009578709984731829e-02 3.486665837132463946e-02 1.164057928877331727e-01
-1.090546200035691093e+01 1.098638539242377421e+00 4.566817608722739674e-03 2.437811285332327771e-01 2.141250657242309632e-02 3.717077372181054606e-02 1.155666972751757393e-01
-1.067343089396642597e+01 1.098244748403615079e+00 4.531526327214402405e-03 2.438691795088474279e-01 1.958448673292655443e-02 3.297162489946341146e-02 1.144384402048127247e-01
-1.044139978757577758e+01 1.098487323528599235e+00 4.553250553657461897e-03 2.441393688304316079e-01 1.929152278157529252e-02 3.231897515097632151e-02 1.145307829781812420e-01
-1.020936868118529262e+01 1.097834178381374759e+00 4.494868209520122559e-03 2.440852447182503271e-01 2.061333291130990411e-02 3.017342464408645161e-02 1.154858788661713709e-01
-9.977337574794681530e+00 1.098332732185802296e+00 4.539400226630116442e-03 2.438681418502365583e-01 2.041228020921855707e-02 3.409995954504196208e-02 1.147202079887625070e-01
-9.745306468404061562e+00 1.098494811003192018e+00 4.553921883070799481e-03 2.439260680643151602e-01 2.222928592830165917e-02 3.429031858087960155e-02 1.157985649525198613e-01
-9.513275362013549952e+00 1.098256451403555767e+00 4.532573289323799104e-03 2.436914013608560969e-01 2.154212797711453978e-02 3.342829100857236391e-02 1.140955703572030938e-01
-9.281244255622933537e+00 1.098881763086349439e+00 4.588679361334363493e-03 2.439475026162167826e-01 1.969193141723132520e-02 3.569097298704841659e-02 1.140438280595336418e-01
-9.049213149232318898e+00 1.100537165162751796e+00 4.738772587540532322e-03 2.437626326020723433e-01 2.018141413480233071e-02 3.526561542652931203e-02 1.114508636303646605e-01
-8.817182042841839262e+00 1.098548525451792601e+00 4.558739300174544096e-03 2.442674604688291062e-01 2.100617564561073347e-02 3.415114052386775123e-02 1.149501795582734270e-01
-8.585150936451185544e+00 1.098136331610221950e+00 4.521832651105173184e-03 2.444969235981038491e-01 1.950737440002023315e-02 3.223540406438578365e-02 1.139889093297052763e-01
-8.353119830060711237e+00 1.098642550721047106e+00 4.567177776062233963e-03 2.447720672201916803e-01 1.938605962762305485e-02 3.199214117112738481e-02 1.129733148927303393e-01
-8.121088723670094822e+00 1.100413975944081191e+00 4.727525171210250621e-03 2.441459047980210073e-01 1.908866371702369613e-02 3.683218136388449748e-02 1.148568056345234817e-01
-7.889057617279474854e+00 1.099264331638925896e+00 4.623164993164827208e-03 2.445736673222895785e-01 2.023786806950224684e-02 3.800734818535311810e-02 1.131094833212537010e-01
-7.657026510888962356e+00 1.099738773946529413e+00 4.666100575052387067e-03 2.442944433300773821e-01 2.150657501005633077e-02 3.643923513283755383e-02 1.110948634494662579e-01
-7.424995404498346829e+00 1.099154939112394924e+00 4.613291724017254403e-03 2.440713349399766530e-01 2.071957744675805360e-02 3.548393370089731463e-02 1.120376705159469161e-01
-7.192964298107736631e+00 1.098077428114521581e+00 4.516570104928660512e-03 2.444316882443162697e-01 2.075214872028871213e-02 3.277974703433544218e-02 1.173455491681141688e-01
-6.960933191717242785e+00 1.098334572630944139e+00 4.539565001416404066e-03 2.445531041243747816e-01 2.245448305430078340e-02 3.526789483990635382e-02 1.174596646323659288e-01
-6.728902085326604166e+00 1.098973857722804315e+00 4.596969915631313186e-03 2.444328063386110306e-01 2.091446487080178898e-02 3.626687227224707072e-02 1.176176307942571747e-01
-6.496870978936128083e+00 1.099746718852554483e+00 4.666821149704403204e-03 2.437943440581113175e-01 1.974765463390320760e-02 3.856132422937862819e-02 1.161216377097466224e-01
-6.264839872545489463e+00 1.099308092468215481e+00 4.627117418768880719e-03 2.441303887647843784e-01 1.888852772212841133e-02 3.517728566329068884e-02 1.153107159068697540e-01
-6.032808766154883706e+00 1.099420877004186670e+00 4.637311287462725362e-03 2.441943646561834935e-01 1.961687944582162987e-02 3.359296310631362109e-02 1.152389962361940190e-01
-5.800777659764380090e+00 1.100666824799068966e+00 4.750624299595870847e-03 2.435681334772986095e-01 2.109003038558627738e-02 3.617539086778137625e-02 1.153523356969603231e-01
-5.568746553373784103e+00 1.098144628839058390e+00 4.522574171918924968e-03 2.437749311865105017e-01 2.109095746098462940e-02 3.621621597217353217e-02 1.130175186604585463e-01
-5.336715446983135713e+00 1.099967587489327991e+00 4.686874037924573799e-03 2.435575326633974691e-01 2.224452822338954250e-02 3.517144571535765762e-02 1.162532565832878756e-01
-5.104684340592664960e+00 1.099213299860409165e+00 4.618557865774600146e-03 2.438158575943892847e-01 2.024093881118104246e-02 3.491669551124281651e-02 1.153453109069089988e-01
-4.872653234202044992e+00 1.099719558878265779e+00 4.664358052621844775e-03 2.439131832323933879e-01 2.084588470253642342e-02 3.550683678446649172e-02 1.152655433332643864e-01
-4.640622127811508513e+00 1.101024114765086548e+00 4.783354662143676772e-03 2.438496361874886997e-01 2.180085907692237007e-02 3.693429098368167240e-02 1.171492230247455218e-01
-4.408591021420921408e+00 1.100691528075477876e+00 4.752883909458896494e-03 2.439556661329445875e-01 1.907840636870335171e-02 3.246670925458781248e-02 1.162492369035763307e-01
-4.176559915030329861e+00 1.099550045245522245e+00 4.648998901676595907e-03 2.440962725373703457e-01 1.969200745981055170e-02 3.462793247195406626e-02 1.152741962206712129e-01
-3.944528808639760964e+00 1.099594999994771838e+00 4.653069808950277553e-03 2.442949089657999173e-01 1.847877857445940145e-02 3.503657352541927894e-02 1.138839763673002159e-01
-3.712497702249173415e+00 1.098542007806636800e+00 4.558154633252597954e-03 2.446036837979220779e-01 1.925847524498084176e-02 3.124848658910174548e-02 1.134632747413761855e-01
-3.480466595858586309e+00 1.099312262303808740e+00 4.627494116011349190e-03 2.446981546019624809e-01 1.855904289568778218e-02 3.204078891874849455e-02 1.160889660794057199e-01
-3.248435489468036064e+00 1.099380213123123173e+00 4.633634727581409374e-03 2.446344100709316183e-01 2.004545972702827250e-02 3.205796806810282118e-02 1.141570583889370549e-01
-3.016404383077425422e+00 1.098947763477673645e+00 4.594620143351893504e-03 2.446594786380748843e-01 2.030233194678414746e-02 3.531415071569622005e-02 1.144952072693933010e-01
-2.784373276686963994e+00 1.098976057961458475e+00 4.597168071673429779e-03 2.443860250865489969e-01 2.256078943669367204e-02 3.474309163631066066e-02 1.137866050928681011e-01
-2.552342170296283630e+00 1.098706879278501303e+00 4.572955284152760425e-03 2.446260587310608026e-01 2.150548381621526783e-02 3.447928254688343436e-02 1.129800418852178745e-01
-2.320311063905700966e+00 1.099699657887878379e+00 4.662553649039030690e-03 2.445062211150120790e-01 1.994127060764926823e-02 3.460250817187766892e-02 1.159463722110396083e-01
-2.088279957515211560e+00 1.100158457185601346e+00 4.704235768857339961e-03 2.442780395917271141e-01 1.968511405026454608e-02 3.559794838798942263e-02 1.166347475556381158e-01
-1.856248851124642663e+00 1.100204690327222679e+00 4.708445718370229960e-03 2.447972808025641878e-01 2.005552207885477611e-02 3.735242344805628223e-02 1.158162500950185997e-01
-1.624217744733957636e+00 1.100583194558763411e+00 4.742978376937420637e-03 2.444050613046323539e-01 2.018621010056215540e-02 3.769555614947504851e-02 1.160001665959752848e-01
-1.392186638343491323e+00 1.101069604955716930e+00 4.787529453497946230e-03 2.439168109797402451e-01 2.104128381498338377e-02 3.616025770587256993e-02 1.168099359253359226e-01
-1.160155531952894670e+00 1.101659832467184685e+00 4.841851360249990743e-03 2.436863612027607984e-01 2.045612661752957070e-02 3.265955302060025850e-02 1.151472545651758966e-01
-9.281244255623166683e-01 1.102623143287188467e+00 4.931126594146739706e-03 2.437853111553193453e-01 2.102857324833254729e-02 3.491659227579406444e-02 1.128428068226036279e-01
-6.960933191717479929e-01 1.100811454592275807e+00 4.763860751547568939e-03 2.435123571499009654e-01 2.056627144243718813e-02 3.815229145434586439e-02 1.138656836962807783e-01
-4.640622127811745989e-01 1.100821272537769957e+00 4.764759911112331769e-03 2.439913155361441433e-01 1.966530411805026551e-02 3.955858724068600507e-02 1.178722427164524689e-01
-2.320311063905687032e-01 1.100324154804884769e+00 4.719332225746927789e-03 2.439720878151136196e-01 2.213602664059131572e-02 3.589243996900481903e-02 1.147766831968744794e-01
0.000000000000000000e+00 1.098680722104574015e+00 4.570605629583515683e-03 2.445967903313776004e-01 2.170101883616527491e-02 3.776877835038743719e-02 1.164189101269665211e-01
