-2.476151439703339818e+01 1.532411143864568892e+00 1.055687378823569889e-01 1.000000000000000000e+00 1.832068813006226696e-04 -6.454696922903660830e-03 -1.693340602122525010e-03
-2.469920785260115892e+01 1.592714728501861465e+00 1.272747917636141146e-01 8.541383728500190342e-01 -2.276224886251919811e-03 4.781788960433586318e-03 4.872892600386191479e-03
-2.463714954141367031e+01 1.631602470001675576e+00 1.420398276890940115e-01 7.448978351882115101e-01 -7.742942553224241428e-04 1.724020717264922523e-02 9.095457936653398440e-03
-2.457509123022618525e+01 1.658030261887374790e+00 1.523999532977893256e-01 6.578282967634443423e-01 -4.292507812067991721e-04 2.683632721081958064e-02 1.563188565786032339e-02
-2.451303291903870019e+01 1.676970445948323452e+00 1.599815864299097834e-01 5.862596084096998172e-01 2.109894336762184724e-03 3.853464742575043317e-02 2.020425408117372187e-02
-2.445097460785121513e+01 1.688738804452987630e+00 1.647568236701892896e-01 5.273117508927411823e-01 2.349486711431098083e-03 5.223151306381366293e-02 1.944290120543282555e-02
-2.438891629666372651e+01 1.694958889152227366e+00 1.673004028014277722e-01 4.769900286027521918e-01 2.214974117335693875e-03 6.498589899499246370e-02 2.110923166055683059e-02
-2.432685798547623435e+01 1.695482988401966873e+00 1.675153392500683402e-01 4.336854314505703134e-01 7.542659356059732865e-04 7.366991661779949407e-02 2.178277385345651906e-02
-2.426504790753348573e+01 1.694861177116065321e+00 1.672603410442061733e-01 3.955407429845538836e-01 5.920002827517700875e-05 8.258857219399409755e-02 2.047827874037584303e-02
-2.420298959634599001e+01 1.690306912418284124e+00 1.653967949902571677e-01 3.629974483284445497e-01 -8.816616530878163037e-04 9.251153599573717912e-02 2.380340687108201819e-02
-2.414093128515849074e+01 1.684884989182611204e+00 1.631876833857864861e-01 3.335155579298473838e-01 -1.405119272043553512e-04 1.014579998180972914e-01 2.492962691963889268e-02
-2.407887297397099502e+01 1.676286985256938866e+00 1.597057656020730576e-01 3.079461383155066567e-01 1.715180175671294745e-03 1.093060573768658145e-01 2.826500647579722678e-02
-2.401681466278349930e+01 1.669077934034353561e+00 1.568065953972898052e-01 2.848667244343869309e-01 1.805205341439999368e-03 1.160293266605152834e-01 3.080131918353260292e-02
-2.395475635159600358e+01 1.663685081382252795e+00 1.546500108710412436e-01 2.637338798043416532e-01 1.328599824281539912e-03 1.240427873316500285e-01 2.868034963696447850e-02
-2.389269804040852918e+01 1.653927185457427118e+00 1.507746131276254120e-01 2.450150807480849513e-01 1.313498575408800272e-04 1.287752116847536432e-01 2.695439495575804867e-02
-2.383063972922105833e+01 1.643772498226222512e+00 1.467785942421292456e-01 2.281963613228056020e-01 2.713014495550253313e-03 1.336760540921803631e-01 3.092326890228542027e-02
-2.376858141803358038e+01 1.636849960297421802e+00 1.440763213946574806e-01 2.129166151941987439e-01 5.008929232509676081e-03 1.359565380892019115e-01 3.144270338998714220e-02
-2.370652310684610597e+01 1.629016651083576628e+00 1.410400998562552077e-01 1.987270716759825251e-01 4.043802497531861183e-03 1.382254359597566984e-01 3.003699062688251764e-02
-2.364421656241387737e+01 1.621196938227682960e+00 1.380322110414105574e-01 1.860423474268352861e-01 3.545690544471168451e-03 1.398686450498262956e-01 3.123636088779139369e-02
-2.358215825122640297e+01 1.613220726513578507e+00 1.349880945046653125e-01 1.746510919526726158e-01 4.492541555226246992e-03 1.407255921995876902e-01 3.302924809045278132e-02
-2.352009994003893212e+01 1.605849700339258224e+00 1.321966755333546240e-01 1.643606614213568851e-01 4.607974961942940158e-03 1.433202988039977421e-01 3.868713669890720686e-02
-2.345804162885145061e+01 1.597334563866388946e+00 1.289982213545421974e-01 1.549220846236155080e-01 5.289771218669640958e-03 1.423770558830040334e-01 3.802216454095856679e-02
-2.339598331766397976e+01 1.591539812481895355e+00 1.268378293576968852e-01 1.463847326376636615e-01 3.094837701160973922e-03 1.428328532736712342e-01 3.682130382720254225e-02
-2.333392500647650181e+01 1.587702632638286815e+00 1.254145463924066783e-01 1.382456401085367104e-01 2.517062932649126797e-03 1.389195410295822053e-01 4.001031171404289405e-02
-2.327186669528902740e+01 1.583459249584810768e+00 1.238473973148349061e-01 1.309719723156284044e-01 2.661777583852888932e-03 1.336791153013526801e-01 4.069805001277357337e-02
-2.320980838410154945e+01 1.580370761121605128e+00 1.227112826731070472e-01 1.243045425759217171e-01 5.106056804437503899e-03 1.301499357114065392e-01 3.959234553747188745e-02
-2.314775007291405728e+01 1.574832606770460997e+00 1.206836215567148041e-01 1.184217374441573351e-01 5.365157470033127610e-03 1.273991817264930049e-01 4.170316276400806710e-02
-2.308569176172654025e+01 1.571464890098843714e+00 1.194566547417795221e-01 1.128701118226038413e-01 5.380487014052161114e-03 1.214098852172240534e-01 4.087483363041269357e-02
-2.302363345053901611e+01 1.569540925946464105e+00 1.187577532003455394e-01 1.077913027616859420e-01 6.248774458402067515e-03 1.167022567960407792e-01 4.760716277128958229e-02
-2.296182337259625328e+01 1.567059209568500533e+00 1.178584616062932078e-01 1.030900008230441617e-01 4.039966269425012552e-03 1.112760744784201672e-01 5.020240448877445055e-02
-2.289976506140872914e+01 1.562415264692381678e+00 1.161823941313698816e-01 9.890657869168484329e-02 4.892839927701667611e-03 1.068303710232416243e-01 4.782376189420322471e-02
-2.283770675022121210e+01 1.558890108630291982e+00 1.149160094096376428e-01 9.527006190238643257e-02 1.571068506245846359e-03 1.023227861778034098e-01 5.236050538951887018e-02
-2.277564843903369507e+01 1.560492602775104487e+00 1.154910603491489107e-01 9.149353062002171799e-02 1.010094452774773412e-03 9.320559732017084931e-02 5.264996697266690479e-02
-2.271359012784617093e+01 1.559682376666641890e+00 1.152001808363177782e-01 8.818183256852550611e-02 9.574803611963844619e-04 8.530992957830289825e-02 5.383742322123746815e-02
-2.265153181665865745e+01 1.555366840085616875e+00 1.136554122539085165e-01 8.538047368328743891e-02 3.767345649542438567e-03 8.233190634577278177e-02 5.603617934148610868e-02
-2.258947350547113331e+01 1.553695561252949053e+00 1.130592350293179726e-01 8.269778867604740680e-02 2.225134062780608109e-03 8.219973555960581602e-02 5.623726358307976764e-02
-2.252741519428361627e+01 1.549583300172330036e+00 1.115972439832455532e-01 8.029848468700737096e-02 3.628419614509667025e-03 7.661780221572192517e-02 5.627050410349800080e-02
-2.246535688309609924e+01 1.547339300964292175e+00 1.108024250678874001e-01 7.814028255310320747e-02 1.164464938736696703e-03 7.239446293906440233e-02 5.434232906692747223e-02
-2.240329857190857510e+01 1.547514356726599427e+00 1.108643538252657712e-01 7.598734306106921799e-02 3.653402552439962737e-03 7.007709050876212431e-02 5.504780246642518998e-02
-2.234124026072106162e+01 1.544163337668575942e+00 1.096811030157649469e-01 7.421518253468319115e-02 2.641127241551064365e-03 6.562186867384764422e-02 5.642991568344744857e-02
-2.227918194953353392e+01 1.544599894309018451e+00 1.098349855821121324e-01 7.245090924395461429e-02 5.802120662611320867e-04 6.129169994279588807e-02 6.226495194470816480e-02
-2.221712363834601334e+01 1.543011715606900536e+00 1.092755495088165163e-01 7.088300458769825063e-02 1.557960810464675892e-04 5.751586925153713559e-02 5.823888312436514836e-02
-2.215506532715850341e+01 1.540432938915090144e+00 1.083694328333086321e-01 6.942467785303860217e-02 1.549940588884730561e-03 5.280748946850952197e-02 6.023148826377302395e-02
-2.209300701597097571e+01 1.538623113537195719e+00 1.077351791601773301e-01 6.821879194127286605e-02 2.677203668817577237e-03 4.898466733996961753e-02 6.086895778180551053e-02
-2.203094870478345868e+01 1.540736358031632447e+00 1.084759013195666921e-01 6.689643129755168394e-02 4.841006210705736841e-03 4.426575161138782827e-02 6.416077717085520715e-02
-2.196889039359594165e+01 1.541436409748454084e+00 1.087216944457098378e-01 6.577167201657359297e-02 4.550262334640889882e-03 3.998334359082767603e-02 6.301323450691369288e-02
-2.190683208240842461e+01 1.541408962249973591e+00 1.087120535480601835e-01 6.484590586228061726e-02 4.391597802250376929e-03 3.621763643759421530e-02 5.897347755339514552e-02
-2.184477377122089337e+01 1.539683888435884995e+00 1.081067603299777913e-01 6.417264711603867799e-02 4.535369881252562275e-03 3.427688431189578749e-02 6.081120950225678279e-02
-2.178271546003339054e+01 1.540549377017550903e+00 1.084102858849146367e-01 6.326031804257822855e-02 4.149775043226805460e-03 3.138291873348431765e-02 6.444693436976441092e-02
-2.172065714884586640e+01 1.538309461640384734e+00 1.076254003676571092e-01 6.247111983347657105e-02 2.495723485874893309e-03 3.174489020996913019e-02 6.630658449476316274e-02
-2.165859883765834226e+01 1.536889191614551731e+00 1.071288235967700619e-01 6.181147254716431311e-02 2.658690411564050646e-03 3.125056902529568803e-02 6.693752033513883370e-02
-2.159654052647081812e+01 1.536003796801268750e+00 1.068196902030174034e-01 6.136513140769329216e-02 4.799412605809311866e-03 2.983561892735662330e-02 6.619030614159371328e-02
-2.153448221528337569e+01 1.535079076018469824e+00 1.064971809846992357e-01 6.080896320888101031e-02 2.941028187634727679e-03 3.233503296724617171e-02 6.730905864277908490e-02
-2.147242390409595103e+01 1.532928518364144344e+00 1.057485481564317542e-01 6.021660567941376080e-02 2.365264686563288594e-03 2.741829311959696411e-02 6.451516490131460613e-02
-2.141036559290851926e+01 1.534197318570737600e+00 1.061899937995504639e-01 5.968144338796303738e-02 4.200270589781240210e-03 2.367315575387618845e-02 6.633417033539211471e-02
-2.134830728172108039e+01 1.534943948775420619e+00 1.064500838587176812e-01 5.908364116357588819e-02 3.075082046444298309e-03 2.573586694318157411e-02 6.573702756271680714e-02
-2.128624897053364506e+01 1.535916128976210882e+00 1.067890992726702182e-01 5.861064413496175352e-02 2.286461153825412092e-03 2.388261069502514711e-02 7.014627700552936163e-02
-2.122419065934622751e+01 1.534941627318089363e+00 1.064492748078091910e-01 5.825424137952971149e-02 4.120601527130918012e-04 2.340882131433714985e-02 6.416299958936858006e-02
-2.116213234815879574e+01 1.535466452754253863e+00 1.066322398608656741e-01 5.794731052149672268e-02 1.948103855529088619e-03 2.309612843968916404e-02 6.664218120334164386e-02
-2.110007403697135686e+01 1.535747623286237262e+00 1.067303098171109577e-01 5.768055713826357456e-02 1.555674899925751919e-03 2.094204410571030156e-02 6.946741061090604130e-02
-2.103801572578392154e+01 1.534065673934972951e+00 1.061441596931745890e-01 5.742856577787257277e-02 3.418117409895982096e-04 2.103543305137868871e-02 6.424425022730199941e-02
-2.097595741459650398e+01 1.534043875630884290e+00 1.061365709886695763e-01 5.720056226806562172e-02 -1.019390515461843141e-03 2.265087575532200026e-02 6.685157484610221301e-02
-2.091389910340907221e+01 1.534232013917965487e+00 1.062020747447701696e-01 5.696615660448558355e-02 1.209482790168319236e-03 2.277470807224211274e-02 6.921135524031424291e-02
-2.085184079222162978e+01 1.535670296601693963e+00 1.067033355669003147e-01 5.672020746172812961e-02 7.328418886016429504e-05 2.424030710067071048e-02 6.600441312294368090e-02
-2.078953424778944381e+01 1.538421275541212552e+00 1.076645306894340459e-01 5.644627439432402249e-02 -7.421150237569174458e-05 2.474231435595999895e-02 6.851441677530717422e-02
-2.072747593660202625e+01 1.537238688465933922e+00 1.072509409333620156e-01 5.633895271705070817e-02 2.515014675430883410e-03 2.273303011849115221e-02 6.758310492286778715e-02
-2.066541762541459448e+01 1.536940217869963599e+00 1.071466494050399287e-01 5.614990285880485515e-02 -1.725453363931195186e-04 2.342993292525170912e-02 6.881783190433996000e-02
-2.060335931422715205e+01 1.533804743463915488e+00 1.060533344978855097e-01 5.614290826486372649e-02 1.099370653961631063e-03 2.614113626555764416e-02 6.773833875852361408e-02
-2.054130100303972029e+01 1.533223251710887469e+00 1.058510318236075554e-01 5.597660840971954016e-02 -4.985874107041665193e-04 2.714122443507362495e-02 6.563103350307925021e-02
-2.047924269185230273e+01 1.534365416184733100e+00 1.062485302745412308e-01 5.577232045889980727e-02 1.751440689445149621e-04 2.520946532496404213e-02 6.769915106337506816e-02
-2.041718438066486740e+01 1.535463931767184320e+00 1.066313607130786045e-01 5.563843542214196719e-02 6.503426733816430232e-05 2.590318027075847254e-02 7.012851165503061757e-02
-2.035512606947742853e+01 1.533068204882561902e+00 1.057971148654541782e-01 5.558308300837325883e-02 1.514580068130919705e-03 3.009561962179065076e-02 7.246444531941874379e-02
-2.029306775828999676e+01 1.530132455040202233e+00 1.047781514612898812e-01 5.547625442244030758e-02 3.682795982831673677e-03 3.076086166981850667e-02 7.453248469777441765e-02
-2.023100944710257210e+01 1.529348338961713516e+00 1.045066165352595555e-01 5.540937489699444135e-02 4.347165786828683862e-03 3.100363900520694202e-02 7.442589593430687378e-02
-2.016895113591514388e+01 1.531094633083996071e+00 1.051117070293375866e-01 5.536214081597296693e-02 2.792341997931213626e-03 3.201525687686419125e-02 7.443483953990387425e-02
-2.010689282472770856e+01 1.530717580152104018e+00 1.049809480616332169e-01 5.529852526231630178e-02 1.634137431221111035e-03 2.920393377153826173e-02 7.079929189743935924e-02
-2.004483451354026613e+01 1.529703452361794946e+00 1.046295577291143086e-01 5.521097504291647834e-02 1.185933895511195272e-03 2.895657826686450637e-02 7.307836507017433092e-02
-1.998277620235285212e+01 1.532047426406258905e+00 1.054423983827809663e-01 5.512086113514750446e-02 2.378292227351074331e-03 2.689315643123167676e-02 7.183637798961066412e-02
-1.992071789116540970e+01 1.531749180641023278e+00 1.053388429344493393e-01 5.510064545100895606e-02 1.591863609478619919e-03 2.665468370274780285e-02 7.283645915855299635e-02
-1.985865957997797793e+01 1.531091430962925770e+00 1.051105963037627378e-01 5.510322188693671241e-02 2.669961486434829692e-03 2.674729648741670449e-02 7.189761294935834157e-02
-1.979660126879054971e+01 1.529955700603447655e+00 1.047169194722302743e-01 5.511642008298994755e-02 1.934791927487491481e-03 2.865486017607110289e-02 6.810216938948311649e-02
-1.973454295760312149e+01 1.527247078374980749e+00 1.037802588263010972e-01 5.524134980874242928e-02 1.357949817101095124e-03 2.785049694287268160e-02 6.700303969846482799e-02
-1.967248464641569328e+01 1.529302759743596862e+00 1.044908407936749883e-01 5.515584891753352176e-02 1.260024364316749725e-03 2.897068989920483645e-02 7.099005185909137983e-02
-1.961042633522826151e+01 1.531056206420419841e+00 1.050983781911738468e-01 5.502733621954181142e-02 3.612093011116662526e-03 2.848660298794832707e-02 7.179114529964300551e-02
-1.954836802404081908e+01 1.532602155797730514e+00 1.056351096167762460e-01 5.490900242711635459e-02 3.151177112749553415e-03 2.945812031518591986e-02 7.515146384886255138e-02
-1.948630971285340507e+01 1.532153603719493828e+00 1.054792739026716997e-01 5.481539418030504512e-02 2.510174621146369148e-03 3.188085815104955978e-02 7.400295929235610470e-02
-1.942425140166595909e+01 1.530268067270183163e+00 1.048251398467242579e-01 5.484256448199232442e-02 2.679294290898447291e-03 2.895038031317771418e-02 7.131252386728208215e-02
-1.936219309047853088e+01 1.531654991397864762e+00 1.053061468785417287e-01 5.481427853669450234e-02 4.472536367779137052e-03 2.784695632985575292e-02 7.337989420038595889e-02
-1.930013477929110621e+01 1.533019764138113583e+00 1.057802718735438297e-01 5.486307048764300226e-02 2.867546541052726824e-03 2.896491514037190587e-02 7.413843666428115986e-02
-1.923807646810366734e+01 1.532011945164595712e+00 1.054300767717659126e-01 5.485223369833385626e-02 8.224014690029956762e-04 2.920898433046472537e-02 6.849506556367901400e-02
-1.917601815691624623e+01 1.531968364622738443e+00 1.054149432416084387e-01 5.480184118887293510e-02 1.945522854294545842e-04 2.716242329720351678e-02 6.710315498304335324e-02
-1.911395984572881801e+01 1.531579685374489630e+00 1.052800085039669598e-01 5.479979473815432822e-02 2.593693010758163671e-03 2.822977400027779776e-02 7.070515174012684256e-02
-1.905190153454136848e+01 1.532325134931557420e+00 1.055388570629643419e-01 5.476882342944126847e-02 1.911992041294275886e-03 2.510475391706030665e-02 7.219765128163212198e-02
-1.898984322335395802e+01 1.532196188784604951e+00 1.054940651008959285e-01 5.475971269966654897e-02 2.326412408991533707e-03 2.319052242360115576e-02 7.018577508702553147e-02
-1.892778491216650494e+01 1.533472521704633440e+00 1.059377359727361467e-01 5.467230172239585795e-02 3.565664496230572765e-03 2.680440466804943564e-02 6.557776521437784500e-02
-1.886572660097908027e+01 1.533642121242258405e+00 1.059967432713733171e-01 5.461542691854857912e-02 5.873307542464147740e-03 2.420397856779505502e-02 6.900487906948678252e-02
-1.880366828979165916e+01 1.533606004467868322e+00 1.059841764498475336e-01 5.465950398398106841e-02 3.983438209117873361e-04 2.344864649358240766e-02 6.797594895104071278e-02
-1.874160997860421674e+01 1.532053399587911313e+00 1.054444727490930211e-01 5.460568089190532409e-02 1.772615350498054580e-03 2.088811913859823718e-02 6.664868043102183115e-02
-1.867955166741679562e+01 1.528419433691053042e+00 1.041852821256324391e-01 5.470604616673661880e-02 8.178012931688527455e-04 1.933221679569473161e-02 6.786698272166775958e-02
-1.861749335622937096e+01 1.530263756410650711e+00 1.048236460528397807e-01 5.462105961461879988e-02 2.666729585744567060e-03 2.359087498149365844e-02 6.867265098834422765e-02
-1.855543504504191787e+01 1.530004509880086072e+00 1.047338268460430433e-01 5.463703597439750759e-02 3.609744966000704141e-03 2.282427467298279306e-02 6.777887840316361434e-02
-1.849337673385450742e+01 1.529068253723712134e+00 1.044096883200484882e-01 5.464941396594013429e-02 3.551780388990285336e-03 2.420809866167757118e-02 6.719596293525550990e-02
-1.843131842266705434e+01 1.529485629080199249e+00 1.045541403440911621e-01 5.466423546019741342e-02 2.344825623290794879e-03 2.336157758193613612e-02 6.844627217473515934e-02
-1.836926011147962967e+01 1.529282554263480920e+00 1.044838476179689724e-01 5.472498754219448647e-02 3.850388439134311432e-04 2.614789354788267170e-02 7.303297690790179486e-02
-1.830720180029221211e+01 1.526669711690926023e+00 1.035810076775561250e-01 5.483893455458047766e-02 1.135217913945372288e-03 2.403531555637952732e-02 7.082410884873614754e-02
-1.824514348910476613e+01 1.525896338102245675e+00 1.033143380177094506e-01 5.483439773508515941e-02 -9.150470034076652048e-04 2.569867694948906045e-02 7.200522762849169423e-02
-1.818308517791734147e+01 1.526078571579569498e+00 1.033771514585432594e-01 5.473003702924518488e-02 -1.093756738878134439e-03 2.561375645214043067e-02 6.854001885691136942e-02
-1.812102686672992391e+01 1.524322064386880449e+00 1.027723011112655627e-01 5.482014785186035966e-02 -8.978985302890763235e-05 2.686950478837121445e-02 6.865753331095278411e-02
-1.805896855554246727e+01 1.525583302270240749e+00 1.032064720508161226e-01 5.460783120853553857e-02 1.004707346281008562e-04 2.349225246430768771e-02 6.643932552608071418e-02
-1.799691024435505682e+01 1.527284143381488768e+00 1.037930549654648704e-01 5.461788485401886106e-02 -1.191021999538042185e-03 2.243969494304598813e-02 6.965038951487002861e-02
-1.793485193316760018e+01 1.529065292073226612e+00 1.044086635702516919e-01 5.453489784221359632e-02 -2.490391079445738402e-03 2.260805325654760556e-02 6.579177568815047783e-02
-1.787279362198018262e+01 1.528931008277072845e+00 1.043622044691275841e-01 5.448787164967696522e-02 2.685980235931506458e-04 2.105981433959254120e-02 6.942439409353111379e-02
-1.781073531079276151e+01 1.530677047661352264e+00 1.049668953264711879e-01 5.446631903119203422e-02 2.261472002699582793e-04 2.083557081519815668e-02 7.078563009890150026e-02
-1.774867699960531198e+01 1.531592815718402667e+00 1.052845658119778705e-01 5.461294854258213344e-02 2.293131411250733023e-03 2.266616470678944548e-02 7.312264704143658922e-02
-1.768661868841789442e+01 1.532375208621309826e+00 1.055562530458328263e-01 5.458619459603410162e-02 2.042290445236054613e-03 2.555069357583705444e-02 7.195174678096798171e-02
-1.762456037723047331e+01 1.531117819014113035e+00 1.051197497056927110e-01 5.466889073189561132e-02 2.790785351365789816e-03 2.816155187264336723e-02 6.866956041761509977e-02
-1.756250206604301667e+01 1.532640215355524305e+00 1.056483361902984530e-01 5.462089172979677637e-02 3.223189085711411061e-03 2.683561511677281033e-02 6.830073762035139551e-02
-1.750044375485560977e+01 1.530364906452466034e+00 1.048586985356277368e-01 5.477826527518152994e-02 4.285777285997380455e-03 2.599053161098948544e-02 6.649141307368162945e-02
-1.743838544366815313e+01 1.530264470789810538e+00 1.048238935981024578e-01 5.471485702066848644e-02 4.874711544365758521e-03 2.624347016877889502e-02 6.828448929809949330e-02
-1.737632713248073202e+01 1.529465155874399462e+00 1.045470529082754840e-01 5.477034669735330458e-02 3.357159673548699638e-03 2.486026193983739002e-02 7.221014915762308251e-02
-1.731426882129331091e+01 1.530742345810214955e+00 1.049895347340900065e-01 5.476308914389799859e-02 3.262930390154277199e-03 2.538733753777102156e-02 6.873998804054272382e-02
-1.725221051010586493e+01 1.531072806859982816e+00 1.051041362139142898e-01 5.473262018120914063e-02 3.439547054910894238e-03 2.865104711589666966e-02 6.779479512523298168e-02
-1.719015219891844382e+01 1.531890650177719193e+00 1.053879585753815795e-01 5.462023553660663722e-02 1.958996997556614744e-03 2.759071568356845708e-02 6.494201292315004981e-02
-1.712809388773102626e+01 1.528154546101627931e+00 1.040937177352134202e-01 5.476826861532277380e-02 2.449423309575839841e-03 2.894275536233198790e-02 7.205721002456588753e-02
-1.706603557654356607e+01 1.526144552125278997e+00 1.033998975858989033e-01 5.481759535980772896e-02 1.614505507737997716e-03 2.906593910960116045e-02 7.084961133986426851e-02
-1.700397726535615917e+01 1.527278912935558175e+00 1.037912491965398698e-01 5.480802328578610050e-02 5.269782132089585562e-03 2.954143263976405365e-02 7.048982748808443888e-02
-1.694191895416870253e+01 1.526308727929545306e+00 1.034565036491327250e-01 5.487612242593937345e-02 1.033006072926503319e-03 2.922048299487226344e-02 7.080738801514635528e-02
-1.687986064298128142e+01 1.529710507832307664e+00 1.046320008976603932e-01 5.466843680820684948e-02 1.320006785593257417e-03 3.030562128483827930e-02 7.135350774414174480e-02
-1.681780233179386386e+01 1.529860139990992351e+00 1.046838205355520302e-01 5.474628657521003749e-02 2.853416080455150033e-03 3.171098916093530173e-02 7.096432660699310280e-02
-1.675574402060641432e+01 1.529195599856729704e+00 1.044537544359137593e-01 5.474286750499437332e-02 6.044378634294414292e-03 3.290485228111682953e-02 7.078287037176918262e-02
-1.669368570941899321e+01 1.527781947179197797e+00 1.039649713438131062e-01 5.479099629428887258e-02 4.355595006255261366e-03 3.231963390851640833e-02 6.707287478240728240e-02
-1.663162739823157921e+01 1.529328247261166673e+00 1.044996623469541808e-01 5.467962002700049035e-02 2.777629721331385890e-03 3.529712484351707480e-02 6.653978336557848927e-02
-1.656956908704411902e+01 1.532840376319896336e+00 1.057179068875521155e-01 5.451794110840983698e-02 1.482107729114380285e-03 3.353811477489557213e-02 6.603672832800616677e-02
-1.650751077585670856e+01 1.531767840318881024e+00 1.053453207456940821e-01 5.461412909428968454e-02 2.946785509871489156e-03 3.109735533009498620e-02 7.091631550338622914e-02
-1.644545246466924837e+01 1.531522467060944859e+00 1.052601499066209700e-01 5.470663016032400322e-02 8.184694737036846222e-04 3.285628518560421846e-02 7.139635169889285704e-02
-1.638339415348183437e+01 1.531934994901394731e+00 1.054033560097425992e-01 5.468053728340217107e-02 2.271284712097091513e-03 3.218898931770482197e-02 7.310103872632107980e-02
-1.632133584229441325e+01 1.532973421732721553e+00 1.057641594149169029e-01 5.455819065537038243e-02 4.419402668206184187e-03 3.325550583504842395e-02 7.091344146512884583e-02
-1.625927753110696372e+01 1.530174205080523375e+00 1.047926166279297133e-01 5.460062325248621340e-02 4.543095039484928814e-03 3.331154160719499574e-02 6.872346970733587967e-02
-1.619721921991954261e+01 1.529321203779252958e+00 1.044972244807061412e-01 5.460742824728001543e-02 2.375897526842561842e-03 3.162004018762697155e-02 6.837193903030883146e-02
-1.613516090873213216e+01 1.529481040898408528e+00 1.045525519869378028e-01 5.465741395412435782e-02 2.854860454003585023e-03 3.106543084522166848e-02 6.793018553425680950e-02
-1.607310259754466841e+01 1.530433816416422843e+00 1.048825810605350517e-01 5.465720814168509301e-02 4.177242038899568743e-03 3.188534590970311389e-02 6.823818478540162602e-02
-1.601104428635725441e+01 1.530371067802146712e+00 1.048608338276984520e-01 5.460969985372924468e-02 2.907043723534408382e-03 3.145078768373537476e-02 6.818196205155042933e-02
-1.594898597516980310e+01 1.532851849599314198e+00 1.057218952150750235e-01 5.459373164279756468e-02 2.817844556306562352e-03 3.381622013057230397e-02 6.766955473697011669e-02
-1.588692766398238376e+01 1.528918160561324457e+00 1.043577598596405753e-01 5.463795682834758638e-02 1.361384706313291046e-03 3.176820276356208395e-02 6.298367719307031154e-02
-1.582486935279495732e+01 1.526782384711493190e+00 1.036198802800646357e-01 5.465739385467639766e-02 3.092398569698041454e-03 3.164614860174472938e-02 6.683205334408987008e-02
-1.576281104160752200e+01 1.525800214030017088e+00 1.032812110820691687e-01 5.468085212935556300e-02 3.827965319622539386e-03 2.835610151891070768e-02 6.638622191103758785e-02
-1.570075273042009556e+01 1.524237660180168374e+00 1.027432700737608839e-01 5.467425947349226212e-02 4.097597761131472650e-03 2.807441711238667717e-02 6.790626891503796780e-02
-1.563869441923267267e+01 1.525227987772131755e+00 1.030840887083477875e-01 5.460798973988104793e-02 4.500359318125845762e-03 2.790028399222043917e-02 7.316235002250831565e-02
-1.557663610804523024e+01 1.526889401857262074e+00 1.036568066280710299e-01 5.451237296482971256e-02 1.474210635244036513e-03 2.849469248265114329e-02 7.498820251728791075e-02
-1.551457779685781091e+01 1.525706941920155657e+00 1.032490708032169913e-01 5.457703511421700682e-02 -4.658680914953150466e-04 2.820856029824755917e-02 7.903272385092978414e-02
-1.545251948567034894e+01 1.526040061951241755e+00 1.033638765166439710e-01 5.451250715577023870e-02 5.205553730296208839e-04 2.926740055398151588e-02 7.523762203391946846e-02
-1.539046117448294559e+01 1.525470515440764174e+00 1.031676182531813812e-01 5.454629332903895150e-02 3.105909085737601385e-04 2.953543813858433911e-02 7.158143379704022535e-02
-1.532840286329551738e+01 1.526272248207913851e+00 1.034439248309783066e-01 5.454748140337086632e-02 1.197371721389961464e-03 2.853228670050516474e-02 6.787718221942552754e-02
-1.526634455210806252e+01 1.525307603656783195e+00 1.031115066216703458e-01 5.455157382591762499e-02 2.431550733517614474e-03 2.990451386056168850e-02 6.794112263037035970e-02
-1.520428624092063430e+01 1.526572187235255340e+00 1.035473657827386540e-01 5.450479348112923644e-02 1.281764954342814533e-03 3.017941280850637564e-02 6.739974721152583448e-02
-1.514222792973323273e+01 1.527975328552898304e+00 1.040317841739356042e-01 5.448308984629559454e-02 1.937913719279569158e-03 3.073843217611014339e-02 6.765281557071783913e-02
-1.508016961854576898e+01 1.527463586661869321e+00 1.038550134016325011e-01 5.455700562254132274e-02 2.311386238533846664e-03 2.993459384689557343e-02 7.041019784254375080e-02
-1.501811130735834610e+01 1.529632982663674312e+00 1.046051566472637195e-01 5.450974753761407554e-02 -1.030194037063365516e-03 2.888467621181359940e-02 6.940164768349579849e-02
-1.495605299617091255e+01 1.528544869528800199e+00 1.042286523418180511e-01 5.461257855457470750e-02 -6.158251834939309534e-04 2.819345164506273718e-02 7.122022268439845427e-02
-1.489399468498348433e+01 1.530357914816422138e+00 1.048562755171635885e-01 5.456848554830166786e-02 5.925074933845187169e-04 3.039692520646499613e-02 7.038974050138686878e-02
-1.483193637379605256e+01 1.530706067893247369e+00 1.049769566559352607e-01 5.450819461622080642e-02 2.958836644620073311e-03 2.735731641297039010e-02 7.153082264661751732e-02
-1.476987806260862790e+01 1.529564940776332316e+00 1.045815982415767564e-01 5.449119251971268341e-02 2.265716720907451440e-03 2.810367344704266593e-02 6.702086468622216187e-02
-1.470781975142119613e+01 1.529099483178143926e+00 1.044204941371133510e-01 5.446367582528507945e-02 4.062458235590735850e-03 2.736342313408162905e-02 6.589488156121366125e-02
-1.464576144023376791e+01 1.526253188907354508e+00 1.034373530925717932e-01 5.456982941089418698e-02 1.005662740874158079e-03 2.476690835111520009e-02 6.911655544989718514e-02
-1.458370312904633970e+01 1.526714364720951123e+00 1.035964124840293987e-01 5.442986382818133795e-02 4.243484214214811312e-03 2.368799580793505902e-02 7.057483008216579312e-02
-1.452164481785891503e+01 1.526224318244450817e+00 1.034273986463065120e-01 5.444811287388570675e-02 6.072290210566422090e-03 2.150802574670227646e-02 7.240499924835697154e-02
-1.445958650667144951e+01 1.527956958254549802e+00 1.040254365885431853e-01 5.436467678764296541e-02 4.684802050444645052e-03 2.247582501776412833e-02 7.311104282304151103e-02
-1.439752819548405149e+01 1.527525739775468683e+00 1.038764769369933672e-01 5.445206220835541872e-02 1.801598655763847479e-03 2.197425208195805460e-02 7.267010028841652813e-02
-1.433546988429662150e+01 1.527153159941799787e+00 1.037478375289783150e-01 5.449638795323287488e-02 2.622509561301372867e-03 2.187229007702478842e-02 7.112035584701681401e-02
-1.427341157310916131e+01 1.528521759647905709e+00 1.042206614515758245e-01 5.450967517347852370e-02 3.360299548556140367e-03 2.233081077828945674e-02 7.111787270216683721e-02
-1.421135326192172954e+01 1.529393415882583707e+00 1.045222192968274233e-01 5.452296859351604685e-02 2.483996262327406793e-03 2.195753868962926902e-02 6.800088397744025182e-02
-1.414929495073433507e+01 1.532263221547445209e+00 1.055173493561691322e-01 5.454472441177339592e-02 1.343351138003454591e-03 2.533849890573355162e-02 6.774263301645612467e-02
-1.408723663954687133e+01 1.532221084962198221e+00 1.055027127226498274e-01 5.455910297958643101e-02 3.457953264499880053e-04 2.686018299602438084e-02 7.100894331874636756e-02
-1.402517832835944311e+01 1.531769493517425973e+00 1.053458946699460941e-01 5.457637694887088053e-02 2.626362152374218852e-03 2.951113375776442255e-02 7.078575046562871065e-02
-1.396312001717201667e+01 1.535043351775472686e+00 1.064847289361106064e-01 5.452827838951567613e-02 -2.317373330172312030e-04 2.952100004223722277e-02 7.494127776749445746e-02
-1.390106170598458490e+01 1.533983726808859416e+00 1.061156322584865808e-01 5.450403798986944159e-02 1.028552321894027344e-03 2.825962189437146097e-02 7.129328134897525149e-02
-1.383900339479714958e+01 1.532725424935020619e+00 1.056779507188173040e-01 5.456972801888659158e-02 1.418828910328536743e-03 2.734166508634827339e-02 6.696111474994587143e-02
-1.377694508360973380e+01 1.529741551754310702e+00 1.046427510406471306e-01 5.469125632484454075e-02 2.574460342087578953e-03 2.757858311811783175e-02 7.011820311891719948e-02
-1.371488677242229848e+01 1.530309533968785551e+00 1.048395092427860109e-01 5.464945714899016593e-02 3.923385200042713884e-03 2.636370582246269287e-02 7.068635201103004584e-02
-1.365282846123486316e+01 1.532132925656114919e+00 1.054720920076053781e-01 5.455059500464421590e-02 4.419766330878895783e-03 2.597117483593928272e-02 6.765923879470712998e-02
-1.359077015004744382e+01 1.533710673187032247e+00 1.060205974266331674e-01 5.445779804667442991e-02 3.178835188207852595e-03 2.705678090507365047e-02 6.986800896129466421e-02
-1.352871183886001560e+01 1.532403987132084922e+00 1.055662514038218092e-01 5.453214731475802823e-02 2.814307588057386473e-03 2.874165512687720803e-02 7.466668980904339614e-02
-1.346665352767254831e+01 1.529868500556946342e+00 1.046867161946883340e-01 5.460840027626820414e-02 3.267501825089124973e-04 2.868135151227730467e-02 7.131165254657521879e-02
-1.340459521648515917e+01 1.529854785178961896e+00 1.046819659267505531e-01 5.462174756844801610e-02 2.430254014077346675e-03 2.873586282002315098e-02 7.075834069366435108e-02
-1.334253690529772207e+01 1.526310203027602119e+00 1.034570122996308350e-01 5.478286732069940351e-02 1.839915243534239126e-03 2.877667506473323422e-02 6.989876811133782786e-02
-1.328047859411026188e+01 1.527570184471831460e+00 1.038918261826940470e-01 5.473716481890909119e-02 3.889532384973007698e-03 2.831172704803786022e-02 7.051690981555268356e-02
-1.321842028292282478e+01 1.527953606697000088e+00 1.040242785229026357e-01 5.462617066410664635e-02 5.376179565798184373e-03 2.665784475569234202e-02 6.907050272033454785e-02
-1.315636197173543742e+01 1.528032908950498925e+00 1.040516811668249497e-01 5.463778339316827798e-02 4.771026019506301348e-03 2.552511805861409563e-02 6.756501534745110171e-02
-1.309430366054796835e+01 1.527885269099076515e+00 1.040006668419612978e-01 5.467305210253130959e-02 4.845437043134583760e-03 2.498622118902333461e-02 6.783064371886367294e-02
-1.303224534936053836e+01 1.527988835791972422e+00 1.040364514932018980e-01 5.463227817055255758e-02 2.804103935009495240e-03 2.508887583472942454e-02 6.965760605751537826e-02
-1.297018703817312435e+01 1.527544565039656632e+00 1.038829782529183121e-01 5.464837072713011473e-02 2.681775429761253018e-03 2.476693923685648058e-02 7.025639699816373096e-02
-1.290812872698568725e+01 1.528022419711098312e+00 1.040480564886135939e-01 5.460544228992075116e-02 5.179482340122340024e-03 2.429002686959361168e-02 7.151213343923694399e-02
-1.284607041579824660e+01 1.529248260263216697e+00 1.044719787638584418e-01 5.452053208317304139e-02 3.060718741744351736e-03 2.597085256138309539e-02 7.163301701425905943e-02
-1.278401210461084148e+01 1.529330724717026468e+00 1.045005198406786517e-01 5.447712700488081122e-02 4.783818281139734334e-03 2.722435904602273082e-02 6.961802124217551790e-02
-1.272195379342339905e+01 1.531847185905449660e+00 1.053728676657154084e-01 5.447204131815903266e-02 2.954268985276303598e-03 2.608000011002450935e-02 6.647950403363334093e-02
-1.265989548223596017e+01 1.529715203485947583e+00 1.046336269205375147e-01 5.459939899016227893e-02 1.727628469422223248e-03 2.454502851147258996e-02 6.950155329075634325e-02
-1.259783717104854972e+01 1.532887490101858985e+00 1.057342848808087155e-01 5.450842576758033881e-02 9.746082031421377315e-04 2.461861121540338468e-02 6.737133704142268809e-02
-1.253577885986111440e+01 1.531726576243487070e+00 1.053309958905405130e-01 5.450826707817840039e-02 1.875143390179805254e-03 2.336342875036800590e-02 6.719637907286009348e-02
-1.247372054867364533e+01 1.532399391486420681e+00 1.055646547405368896e-01 5.445647838191715329e-02 2.969050743171306600e-03 2.096273372658472023e-02 6.901442985387208628e-02
-1.241166223748626685e+01 1.530561623494566925e+00 1.049268812660115180e-01 5.456619481596690358e-02 5.677785592926728846e-03 2.063133757234772783e-02 7.122599279770330805e-02
-1.234960392629882620e+01 1.530773506513416260e+00 1.050003390486881072e-01 5.454430719033109137e-02 3.068009339541246695e-03 2.288335868561859610e-02 6.974657127567210346e-02
-1.228754561511136245e+01 1.532931286963853834e+00 1.057495106724418710e-01 5.440654483980859185e-02 2.175084271793508144e-03 2.327807728580523830e-02 6.735062700460747731e-02
-1.222548730392392002e+01 1.532558164319401950e+00 1.056198223325108265e-01 5.441217282910369019e-02 -3.806925773952840575e-04 2.164187772125862955e-02 7.035449760612157155e-02
-1.216342899273653977e+01 1.531558683999803661e+00 1.052727194544545997e-01 5.452003104992825949e-02 -2.745130556852118809e-03 1.926697554889868907e-02 7.700725526844730273e-02
-1.210137068154907070e+01 1.531233639320931816e+00 1.051599285922174554e-01 5.450046862142846754e-02 -5.581468746864259693e-04 2.250419642315036259e-02 6.927780740993486064e-02
-1.203931237036163360e+01 1.529970463833681960e+00 1.047220332995436598e-01 5.458081259591564954e-02 3.207191410241829951e-03 2.233679796767258641e-02 6.737064537870034175e-02
-1.197725405917423025e+01 1.532900332072182126e+00 1.057387492522449679e-01 5.457285088506023951e-02 4.415280467732074152e-03 2.339610829145296819e-02 6.763696192287479980e-02
-1.191519574798678782e+01 1.532689198632277927e+00 1.056653599154722123e-01 5.459728951109118350e-02 4.550715148122308137e-03 2.502652592077438815e-02 7.248621450158093671e-02
-1.185313743679934539e+01 1.534077691888910744e+00 1.061483436234016975e-01 5.455039130923531460e-02 5.068183098093195435e-03 2.602405623124814937e-02 6.947952714627585180e-02
-1.179107912561194560e+01 1.530661919959836581e+00 1.049616506870246213e-01 5.467245094416686019e-02 1.760381667646720993e-03 2.659912500940168900e-02 6.912870803471023173e-02
-1.172902081442449962e+01 1.531371596282340874e+00 1.052077943071945132e-01 5.448792393629690867e-02 1.720031382554634359e-03 2.898212128360056969e-02 7.202579922283786074e-02
-1.166696250323705719e+01 1.531778254093352221e+00 1.053489360101051986e-01 5.446412671482252915e-02 2.168140463914891691e-05 3.009788935270140894e-02 6.877852114812307849e-02
-1.160490419204965384e+01 1.532715109570535583e+00 1.056743654568209623e-01 5.452437959366166625e-02 1.698632466212980380e-03 2.964942382233418106e-02 7.085530478607324212e-02
-1.154284588086221675e+01 1.533801845933336239e+00 1.060523260821551461e-01 5.450588603617502470e-02 2.690368744165658622e-03 3.025885764244238413e-02 7.476135282897383716e-02
-1.148078756967474767e+01 1.535592257401967586e+00 1.066761153371388882e-01 5.438532879802813330e-02 3.943036645627632543e-03 2.659846620432547784e-02 7.168629771334109058e-02
-1.141872925848737275e+01 1.533550010303181166e+00 1.059646943924178464e-01 5.442643848033441173e-02 4.421571909932439301e-03 2.304636228597926884e-02 7.251672199990967516e-02
-1.135667094729992677e+01 1.536365548228164846e+00 1.069459546894171997e-01 5.437362135756890202e-02 4.273344186894527733e-03 2.358118472738682941e-02 7.189290127101198580e-02
-1.129461263611246125e+01 1.537877031759482982e+00 1.074741172148083734e-01 5.440941585850230661e-02 5.254375220178691616e-03 2.547408196495069138e-02 7.625165343100311077e-02
-1.123255432492501704e+01 1.536131906437355088e+00 1.068643988122379151e-01 5.448815307228296184e-02 4.127269155683838467e-03 2.400590192516504143e-02 7.656342972200767816e-02
-1.117049601373764389e+01 1.534481485292748193e+00 1.062889559165922648e-01 5.457321499144075078e-02 4.495607796718750424e-03 2.438531057354683881e-02 7.150868322736275706e-02
-1.110843770255017127e+01 1.533561442660603458e+00 1.059686719458020621e-01 5.465314911185616131e-02 4.569170581145629885e-03 2.458388232595280082e-02 7.318361713911261668e-02
-1.104637939136273062e+01 1.534884629147525104e+00 1.064294110975100849e-01 5.462874697152753783e-02 3.268732261844114854e-03 2.773562839322756338e-02 6.884686819767750487e-02
-1.098432108017533082e+01 1.534470860329807174e+00 1.062852551165214821e-01 5.467546505608603807e-02 3.154627514803212338e-03 2.384567659919171329e-02 6.811006262853185056e-02
-1.092226276898788839e+01 1.531717274973127596e+00 1.053277670476915340e-01 5.469281763007231151e-02 4.489304505501260159e-03 2.484014772666363197e-02 6.806191958669187414e-02
-1.086020445780044064e+01 1.529844276193883745e+00 1.046783262349378352e-01 5.471079756232601066e-02 6.113146929949507882e-03 2.953874794275684543e-02 7.233864881927289103e-02
-1.079814614661304972e+01 1.527854959763257803e+00 1.039901951451758233e-01 5.470210291576609735e-02 8.143467954476813278e-03 2.837015614663726537e-02 7.316791736738809115e-02
-1.073608783542560019e+01 1.527786589217291047e+00 1.039665749698805985e-01 5.479065492414889049e-02 4.531736817684566508e-03 2.897840627898255750e-02 7.556530619319939968e-02
-1.067402952423815599e+01 1.527104822321157629e+00 1.037311525198227891e-01 5.473472903942196849e-02 4.756480799144053445e-03 2.945559778598487791e-02 7.731024522592715165e-02
-1.061197121305076152e+01 1.526327007492957133e+00 1.034628069631677305e-01 5.472617654528295211e-02 5.802294388220557639e-03 3.040932526484823803e-02 7.658710813836382136e-02
-1.054991290186331909e+01 1.526185222623521298e+00 1.034139192609497271e-01 5.470082741441126967e-02 1.796647026608190218e-03 2.696976200018550568e-02 7.471445623131967029e-02
-1.048785459067584469e+01 1.529044584711864108e+00 1.044014987970872110e-01 5.463241515055321934e-02 4.171885212190857076e-03 2.737972714305439773e-02 7.580389978590337807e-02
-1.042579627948847509e+01 1.531467535294890769e+00 1.052410862080550014e-01 5.451181943502886318e-02 4.844525885495352090e-03 2.781444898818691974e-02 6.988765245108667645e-02
-1.036373796830102734e+01 1.530911867980594643e+00 1.050483179648537546e-01 5.462992725225918750e-02 3.379080486213874735e-03 2.543115418229104432e-02 7.134777669266691158e-02
-1.030167965711356359e+01 1.528115888666174316e+00 1.040803574298932443e-01 5.465993204327074251e-02 2.200381924506163850e-03 2.723610996094094974e-02 7.006692027434517633e-02
-1.023962134592611406e+01 1.531602940650488742e+00 1.052880800453744881e-01 5.458855990284800647e-02 2.861326609840170090e-03 2.843801722273145427e-02 7.232873713085394285e-02
-1.017756303473874624e+01 1.531324100967249358e+00 1.051913143588192878e-01 5.463761350615446710e-02 2.731095196046709039e-03 2.832841074565540726e-02 7.285139132623390246e-02
-1.011550472355127184e+01 1.529904055273656249e+00 1.046990308070684383e-01 5.461143407641777525e-02 4.055730488159929592e-03 2.482548499200351588e-02 7.098551259776654521e-02
-1.005344641236382941e+01 1.533475456971562734e+00 1.059387571107335280e-01 5.452794170469513896e-02 1.117386817621861435e-03 2.478574671920231662e-02 7.245899062727616247e-02
-9.991388101176438497e+00 1.533256316849081813e+00 1.058625314255207117e-01 5.450144838516252088e-02 -4.896931312601659602e-04 2.777171811839089510e-02 6.745491527621655381e-02
-9.929329789988988964e+00 1.533153481999473877e+00 1.058267684002234810e-01 5.458399069094731909e-02 2.606200074236516596e-03 2.843179917427844997e-02 7.081256600430137216e-02
-9.867271478801539430e+00 1.531313148468209429e+00 1.051875141916737144e-01 5.463273477502315206e-02 2.893402957326057616e-03 2.600741991940623207e-02 7.116304898552755498e-02
-9.805213167614152070e+00 1.532356672688448329e+00 1.055498133964829499e-01 5.453938311191684069e-02 1.567377692067926194e-03 2.713525552852718084e-02 7.120881356559474740e-02
-9.743154856426702537e+00 1.532603095069701382e+00 1.056354360280125082e-01 5.455500542142976278e-02 9.788874153594839030e-04 2.633134461477589644e-02 7.370803379763772589e-02
-9.681096545239253004e+00 1.534216751634594367e+00 1.061967603435619023e-01 5.450343638842495425e-02 1.266280663585449447e-03 2.876922543891051454e-02 7.207732348198690742e-02
-9.619038234051865643e+00 1.534742187792638601e+00 1.063797766950535517e-01 5.441791972532648153e-02 4.086087514245495544e-03 3.069504827606985703e-02 7.093802236390339688e-02
-9.556979922864419663e+00 1.536176310152987279e+00 1.068798967589791871e-01 5.439222854626498543e-02 4.048254909824145105e-03 2.766315613713882585e-02 7.294166590269567096e-02
-9.494921611676945261e+00 1.536098494029754180e+00 1.068527376428235476e-01 5.444662432763155285e-02 4.023011051166227453e-03 2.869103091845946057e-02 7.411734508983833236e-02
-9.432863300489579217e+00 1.534611323146724438e+00 1.063341838469476497e-01 5.450653767260815047e-02 2.210632026744437963e-03 3.005404246484992895e-02 7.277671203739401184e-02
-9.370804989302131460e+00 1.530939599008289020e+00 1.050579350977403070e-01 5.458380667666661024e-02 3.148338607690651797e-03 3.153221425274931738e-02 7.613327127263938565e-02
-9.308746678114660611e+00 1.530457407714708395e+00 1.048907576991293111e-01 5.459811388856160297e-02 2.584091148202124349e-03 3.206450133804138874e-02 7.591734617161632892e-02
-9.246688366927212854e+00 1.530299450452009102e+00 1.048360149484994785e-01 5.457739992529003076e-02 3.612641329579847557e-03 3.426315131869169667e-02 7.299901983359423363e-02
-9.184630055739846810e+00 1.530963383979355497e+00 1.050661839978083711e-01 5.459028388938195336e-02 2.329549720482193640e-03 3.561912914073578351e-02 7.393046550786738780e-02
-9.122571744552372408e+00 1.530536186289767731e+00 1.049180637227719592e-01 5.463898040684493640e-02 1.572754984354106681e-03 3.506828968176200351e-02 7.013262700984133902e-02
-9.060513433364924651e+00 1.530737994375011013e+00 1.049880259989660058e-01 5.459394338878534314e-02 3.883185590367913345e-03 3.323938553711545257e-02 7.191009220221646070e-02
-8.998455122177539067e+00 1.531556261835122168e+00 1.052718787940419842e-01 5.453745021055968895e-02 3.291484618518612099e-03 3.099874864538131047e-02 7.287340506637118853e-02
-8.936396810990091311e+00 1.532394915707275818e+00 1.055630997310726404e-01 5.460961525405588768e-02 2.394074299477265844e-03 2.985155054227139892e-02 7.131974006052117787e-02
-8.874338499802636449e+00 1.532721382033498836e+00 1.056765455414358512e-01 5.467105809373568742e-02 1.914790811946142030e-03 2.989804348170405426e-02 7.308159442425513075e-02
-8.812280188615256193e+00 1.533872334613544552e+00 1.060768589821389773e-01 5.459288660676000354e-02 -5.474679029121809438e-04 3.097184600949452402e-02 7.168254971371251782e-02
-8.750221877427803108e+00 1.534624982753195255e+00 1.063389424727773647e-01 5.462941859738820738e-02 5.190590971982611502e-04 3.188187675787076958e-02 6.862323210134457785e-02
-8.688163566240351798e+00 1.534733320710109705e+00 1.063766872005877384e-01 5.463866687637944364e-02 9.771355482380505129e-04 3.145416571667631472e-02 7.267920016726897581e-02
-8.626105255052967991e+00 1.536623980534825185e+00 1.070361909740275563e-01 5.449883986003132424e-02 2.085744430139924166e-03 3.184752891111515549e-02 7.351643861274992364e-02
-8.564046943865520234e+00 1.538283496410486118e+00 1.076163143481403961e-01 5.441701371123705555e-02 2.333723954605252272e-03 3.336120276686394687e-02 7.538375235867586510e-02
-8.501988632678047608e+00 1.537690882313008212e+00 1.074090182226905554e-01 5.444533766394487467e-02 2.430918606042821190e-03 3.079379881358097065e-02 7.823897730095129288e-02
-8.439930321490686893e+00 1.531889479357048112e+00 1.053875520528138598e-01 5.461139165790318550e-02 1.203578036286556728e-03 3.164325892632963155e-02 7.279702845226262986e-02
-8.377872010303230255e+00 1.528258690170944289e+00 1.041297139061234112e-01 5.460763358134155393e-02 1.707946533227225946e-03 3.393356933131713021e-02 7.398927820254221077e-02
-8.315813699115764734e+00 1.528652217095361143e+00 1.042657737740713686e-01 5.451971681638761308e-02 6.839918150772194812e-04 3.481741747289603811e-02 6.839528873266517706e-02
-8.253755387928308096e+00 1.529977743888384145e+00 1.047245550680213633e-01 5.448604314053542841e-02 5.649066060063301885e-04 3.259116454875935626e-02 6.790413785594787144e-02
-8.191697076740945604e+00 1.530068864225038183e+00 1.047561205361715597e-01 5.451987527048618443e-02 2.041560977153045317e-04 3.059098840637002395e-02 6.812437562150445991e-02
-8.129638765553480084e+00 1.529615174196256255e+00 1.045989905615716253e-01 5.466180162416831023e-02 1.632408325403599154e-03 3.050487217469348769e-02 7.078612698153169402e-02
-8.067580454366032328e+00 1.531112113038645806e+00 1.051177704101899923e-01 5.455059756787739716e-02 4.484949400618764952e-03 2.932517134824681737e-02 6.873075534836449452e-02
-8.005522143178643191e+00 1.530474312225318823e+00 1.048966168731185200e-01 5.456639953152222361e-02 6.007227613467124722e-03 2.890455323046982328e-02 6.781245870855244495e-02
-7.943463831991191881e+00 1.529430825951299200e+00 1.045351689416939567e-01 5.460851616640460815e-02 3.417468144238368106e-03 2.876039451938129307e-02 6.756085992736579615e-02
-7.881405520803737907e+00 1.531799504458785322e+00 1.053563134680371438e-01 5.448600404351511273e-02 4.050467278847908609e-03 2.824368648373219021e-02 6.970135618703078573e-02
-7.819347209616352323e+00 1.531459380748600330e+00 1.052382563374841817e-01 5.455140201666221211e-02 2.832265623933086663e-03 2.499698223879214323e-02 6.991708636138480037e-02
-7.757288898428895685e+00 1.531317963109278590e+00 1.051891847119566514e-01 5.456014523788042109e-02 7.632750992944870201e-04 2.269946476710727953e-02 6.894671788564400716e-02
-7.695230587241458586e+00 1.531120624635483374e+00 1.051207229280373134e-01 5.457625273223635359e-02 1.852550176626483955e-03 2.295226618004360050e-02 6.486017913333380625e-02
-7.633172276054072114e+00 1.531819502678464007e+00 1.053632563961587887e-01 5.462099746043488913e-02 3.390841166223800256e-03 2.497973540261312977e-02 6.595911167544782350e-02
-7.571113964866621693e+00 1.530012867177060976e+00 1.047367218884323603e-01 5.479057557069664380e-02 6.319154903673300690e-03 2.570574041697056694e-02 6.969023285840522663e-02
-7.509055653679148179e+00 1.527576486107782294e+00 1.038940025594476402e-01 5.477563152828298504e-02 4.143943401831707424e-03 2.584884911315811148e-02 6.740115614258840315e-02
-7.446997342491775917e+00 1.527019346380082521e+00 1.037016506887549760e-01 5.479302078548037996e-02 6.809722482139291856e-03 2.486903227339476788e-02 7.143060999569156300e-02
-7.384939031304319279e+00 1.530527609193476968e+00 1.049150906235644665e-01 5.460311351356034876e-02 6.264978331529173078e-03 2.745221311039561934e-02 7.137267509385086806e-02
-7.322880720116876851e+00 1.531791116364716876e+00 1.053534013628371069e-01 5.452011165899107309e-02 3.898874197075194795e-03 2.744808139361102142e-02 6.865069987343046243e-02
-7.260822408929420213e+00 1.529606165154056230e+00 1.045958712809813007e-01 5.457660319784253533e-02 1.873013636884509519e-03 3.049146216832576348e-02 7.019150464001423784e-02
-7.198764097742048840e+00 1.530869449365147794e+00 1.050336078047490740e-01 5.459155773361977493e-02 3.603881784344006162e-03 2.969874341288367137e-02 6.879431158130903945e-02
-7.136705786554575326e+00 1.529432996501444375e+00 1.045359203046695717e-01 5.467588800172005353e-02 3.624932670316233056e-03 3.087696172267163572e-02 7.088842569343789535e-02
-7.074647475367124017e+00 1.528856070226984887e+00 1.043362809829572746e-01 5.466252710160639933e-02 2.311639861896693654e-03 2.956314735626034210e-02 7.056930893881845079e-02
-7.012589164179729551e+00 1.530461818898660065e+00 1.048922866221487782e-01 5.464012897956230935e-02 2.834779849632753854e-03 2.999061848874075287e-02 6.960323534773785181e-02
-6.950530852992306663e+00 1.529196073831123437e+00 1.044539184602132909e-01 5.467093203900180720e-02 4.396223154163099271e-03 2.867352559843183712e-02 7.219696020882473975e-02
-6.888472541804850025e+00 1.528973488705802852e+00 1.043769008851295199e-01 5.476411013721162874e-02 3.286731439797711905e-03 2.795405926422049950e-02 7.324683047618101017e-02
-6.826414230617461776e+00 1.531116161628004901e+00 1.051191747882128102e-01 5.456950192182825898e-02 2.282288563854932735e-03 2.831451651180316373e-02 6.777436231816932888e-02
-6.764355919430005137e+00 1.530185513220655658e+00 1.047965346955390120e-01 5.471337467689328660e-02 1.469346971095052308e-03 3.000415754967265120e-02 7.371572838405276995e-02
-6.702297608242553828e+00 1.531042631164220458e+00 1.050936695698673762e-01 5.467809295511230627e-02 5.542036451015064672e-04 2.884772738051205945e-02 7.068539775158928784e-02
-6.640239297055156698e+00 1.531301060069076403e+00 1.051833199628866566e-01 5.464814481928052803e-02 1.591997315524612457e-03 2.911434945665011126e-02 7.458386700950800363e-02
-6.578180985867702724e+00 1.530546615379561270e+00 1.049216788251830512e-01 5.455421123999568828e-02 2.056437011174433276e-03 2.932511667390613752e-02 7.569484542179158448e-02
-6.516122674680265625e+00 1.528839268160921749e+00 1.043304689366337801e-01 5.453903749558561276e-02 3.791952402151742372e-03 3.007106002683839277e-02 7.306172623605645955e-02
-6.454064363492891587e+00 1.526987763025921430e+00 1.036907505570165977e-01 5.462510888834309214e-02 3.071505818195402471e-03 3.084541522599120247e-02 6.938399084086344093e-02
-6.392006052305432284e+00 1.526625983699115618e+00 1.035659228282225230e-01 5.472956145082655266e-02 2.685108583774166013e-03 2.678548758566017332e-02 7.086778625901590800e-02
-6.329947741117966764e+00 1.528074717468804966e+00 1.040661290529678595e-01 5.468071503506172909e-02 4.902923037376367629e-03 2.903848567997933949e-02 7.498882244868562696e-02
-6.267889429930507461e+00 1.527574142574086302e+00 1.038931931783881879e-01 5.457646367446297025e-02 3.959434956122511416e-03 2.692078715369223066e-02 7.249702702803832721e-02
-6.205831118743127206e+00 1.526138533149187460e+00 1.033978225271462437e-01 5.466683158514694385e-02 2.386738078945190890e-03 2.989656253802859195e-02 7.100855228820059095e-02
-6.143772807555698989e+00 1.525257959399380026e+00 1.030944099403683367e-01 5.458660897139155227e-02 2.276327554746967411e-03 2.860603960666887463e-02 6.913662783993451688e-02
-6.081714496368242351e+00 1.525256603292981072e+00 1.030939429340678171e-01 5.454200770792618641e-02 2.056700985885920926e-03 2.815735736787341320e-02 7.136033179634100609e-02
-6.019656185180845220e+00 1.528035044859606950e+00 1.040524192607401588e-01 5.440595887497469418e-02 2.391632926208857746e-03 2.621235385028493001e-02 7.336299118606533221e-02
-5.957597873993393911e+00 1.527512741522363937e+00 1.038719880713705468e-01 5.435165403942084777e-02 3.728957029339480256e-03 3.105117758886448420e-02 7.025658291016910473e-02
-5.895539562805937273e+00 1.526969619847249993e+00 1.036844891280862546e-01 5.441289333345165208e-02 4.421975874597991983e-03 2.985378007356365160e-02 7.157068940066349527e-02
-5.833481251618540142e+00 1.525337973111328571e+00 1.031219658940709105e-01 5.445139152781428710e-02 3.159155634853983916e-03 3.238919166832773811e-02 7.131652673613793347e-02
-5.771422940431080839e+00 1.527066157210295927e+00 1.037178069546727532e-01 5.438896679940360968e-02 5.097989814261346536e-03 3.036783696938456789e-02 7.477167293018800731e-02
-5.709364629243674827e+00 1.530229056394680320e+00 1.048116221338866172e-01 5.428381090058214536e-02 5.678392777283284600e-03 3.208862892139927731e-02 7.526485905101747143e-02
-5.647306318056277696e+00 1.532402806064810941e+00 1.055658410652454138e-01 5.406557840319234365e-02 6.903828905900206286e-03 3.268430722652174159e-02 7.093889116324138266e-02
-5.585248006868823722e+00 1.529949018308799147e+00 1.047146048264220863e-01 5.414622300516840764e-02 4.013879977982059630e-03 3.063260576275005087e-02 7.117430408633884653e-02
-5.523189695681350209e+00 1.532336791433992484e+00 1.055429065257225130e-01 5.421023351283245362e-02 1.892397584764554577e-03 3.123272965937761922e-02 7.285560133257706905e-02
-5.461131384493967289e+00 1.530630513482805544e+00 1.049507626529159743e-01 5.433751364231191594e-02 3.426055278145467928e-03 3.296301983095186600e-02 7.035380784167979962e-02
-5.399073073306507098e+00 1.531766931531899578e+00 1.053450052517869162e-01 5.420742878672739351e-02 3.929191404108770165e-03 3.414908994864251229e-02 7.246328062111408175e-02
-5.337014762119093092e+00 1.531929374072133365e+00 1.054014042915021321e-01 5.420065834219841422e-02 6.148497292005025358e-03 3.242641680987742858e-02 7.608740516554622635e-02
-5.274956450931633789e+00 1.531684316370670373e+00 1.053163260957778458e-01 5.427333740476002200e-02 2.152121384948714293e-03 3.199803691712752030e-02 7.329428526049150405e-02
-5.212898139744250869e+00 1.532444797917540180e+00 1.055804306728011510e-01 5.425726432304371627e-02 -1.339604588520692998e-03 3.257117542931547982e-02 6.945217541840795206e-02
-5.150839828556777356e+00 1.533478979237559603e+00 1.059399824622700437e-01 5.424459210017933825e-02 2.363637856107222469e-03 3.035346802180297412e-02 7.156481005851117461e-02
-5.088781517369323382e+00 1.534384584892514169e+00 1.062552061381514812e-01 5.421986119779036856e-02 3.252247603342636045e-03 3.053410406547022241e-02 7.689847948755451634e-02
-5.026723206181917369e+00 1.533041650708292902e+00 1.057878817758953205e-01 5.429273178280834278e-02 3.600325373212320997e-03 2.908296172496415213e-02 7.539703875293105040e-02
-4.964664894994525568e+00 1.531267878444596775e+00 1.051718074829370297e-01 5.440523855529416641e-02 1.606184341179074443e-03 2.733562651651720923e-02 7.117112965914690337e-02
-4.902606583807066265e+00 1.530406531477717547e+00 1.048731245190048789e-01 5.447747401537718359e-02 1.666206252391259088e-03 2.519700791389329481e-02 6.897482996260459465e-02
-4.840548272619669135e+00 1.531029483893250775e+00 1.050891094715544760e-01 5.450265669502581817e-02 3.065225938183388163e-03 2.442123546682506766e-02 7.145909211620161960e-02
-4.778489961432207167e+00 1.530892933185314941e+00 1.050417515578349614e-01 5.458223375401958372e-02 1.979200238644417565e-03 2.539162251271245146e-02 7.149439035672731924e-02
-4.716431650244750529e+00 1.532223257838206010e+00 1.055034674779383730e-01 5.448482238493492641e-02 3.008901776293630963e-03 2.290228000589407051e-02 7.093879375033761148e-02
-4.654373339057347181e+00 1.528098474496130343e+00 1.040743391686271835e-01 5.460857605177839302e-02 4.377392061411824326e-03 2.503341569312330511e-02 7.188760620027070947e-02
-4.592315027869887878e+00 1.529685393903655211e+00 1.046233045425810082e-01 5.453290203044734719e-02 6.153069855565755121e-03 2.381212373699239174e-02 7.341486373834940626e-02
-4.530256716682481866e+00 1.527985407863499567e+00 1.040352669923233497e-01 5.462680196287299228e-02 2.964539408384613429e-03 2.455776631037378394e-02 7.268712217226765138e-02
-4.468198405495096281e+00 1.526076975777136191e+00 1.033766013449082810e-01 5.471305334817387622e-02 3.086907912916690873e-03 2.555396184446810312e-02 6.968821123766022474e-02
-4.406140094307636978e+00 1.525663018068623478e+00 1.032339365459399305e-01 5.467896045014455225e-02 2.056991198382292999e-03 2.713897085230978015e-02 6.982386985343022601e-02
-4.344081783120166129e+00 1.525927174422984978e+00 1.033249658823477968e-01 5.462326650571788095e-02 2.500349118256742741e-03 2.809347580484362547e-02 6.859812940828868832e-02
-4.282023471932706826e+00 1.528092691011144311e+00 1.040723404501514016e-01 5.456948252290687307e-02 2.094284638559392939e-03 2.947165322574248070e-02 7.178894217246227505e-02
-4.219965160745315025e+00 1.528308735888106895e+00 1.041470132707990048e-01 5.461282765906302905e-02 2.806688918562728809e-03 2.878220080932685637e-02 7.360425365998626845e-02
-4.157906849557915230e+00 1.528545492049945498e+00 1.042288675991460134e-01 5.451148703286983616e-02 3.672139464543139244e-03 2.813297676645943116e-02 6.918966564203783698e-02
-4.095848538370461256e+00 1.528217270848567511e+00 1.041153972489778368e-01 5.453462233705646395e-02 4.029712121581258480e-03 2.550777796533611891e-02 7.318291011559366344e-02
-4.033790227183052579e+00 1.529457315895136782e+00 1.045443389034924064e-01 5.443751059912536883e-02 2.954651730740267754e-03 2.476092589998286908e-02 6.813295572505144448e-02
-3.971731915995595941e+00 1.529210235965518860e+00 1.044588194742989695e-01 5.444877736592126927e-02 2.653633838621178870e-03 2.291040027913463645e-02 6.884787367591065077e-02
-3.909673604808133529e+00 1.527471796631381995e+00 1.038578484820018022e-01 5.449432387523480553e-02 1.065305114541306242e-03 2.382041714951794661e-02 6.731720810706595670e-02
-3.847615293620730625e+00 1.529697843933414347e+00 1.046276156575384753e-01 5.446721232779459104e-02 2.690734734106109416e-03 2.171840372395309610e-02 6.661609252054118135e-02
-3.785556982433268658e+00 1.529238692122637078e+00 1.044686674036598428e-01 5.444626054177705010e-02 9.062966455111221053e-04 2.521169840562898987e-02 6.824240317553587065e-02
-3.723498671245891067e+00 1.529674697997828403e+00 1.046196008870978189e-01 5.444336496128565628e-02 2.490364302904611669e-03 2.503124741931751426e-02 7.238983234938969891e-02
-3.661440360058482391e+00 1.531629957260255415e+00 1.052974573762043287e-01 5.432092334508854120e-02 1.713523551176966480e-03 2.496742377579315442e-02 7.075238772225973805e-02
-3.599382048871025752e+00 1.534450510604715490e+00 1.062781672007969136e-01 5.430014236582162562e-02 3.507018572840984050e-03 2.815386672589083317e-02 6.808040888184728467e-02
-3.537323737683552238e+00 1.530080800857716694e+00 1.047602558297098252e-01 5.453228369586879398e-02 2.852528660253920122e-03 3.043763941290074382e-02 7.378402894678716406e-02
-3.475265426496157772e+00 1.530976915871686828e+00 1.050708771205973169e-01 5.447662615404821190e-02 3.439191454168121376e-03 2.826109586222255374e-02 6.858667016843787712e-02
-3.413207115308695361e+00 1.529220745943973503e+00 1.044624566617592398e-01 5.453297355953709569e-02 3.148315798963427156e-03 2.800950453737828874e-02 7.192086432895322679e-02
-3.351148804121309333e+00 1.528553637902194451e+00 1.042316843129518222e-01 5.458767518602054142e-02 4.654503588529597391e-03 2.654432909105294142e-02 7.158990919357222094e-02
-3.289090492933847365e+00 1.527762864471704951e+00 1.039583791796893641e-01 5.457361972000580180e-02 1.486741383861084386e-03 2.794334747266341915e-02 7.258752853664690585e-02
-3.227032181746452899e+00 1.525975948657403602e+00 1.033417769564328736e-01 5.463162648702581115e-02 3.641882275572737738e-03 2.767735754784279509e-02 7.389367899790895422e-02
-3.164973870558979385e+00 1.527784963835799648e+00 1.039660134688863424e-01 5.459642811514551358e-02 3.373262332905049149e-03 2.998379748511477427e-02 7.000675119919899658e-02
-3.102915559371522747e+00 1.528650407655706811e+00 1.042651480181254753e-01 5.459939699013737630e-02 1.191042729837162939e-03 3.149451475760942781e-02 6.843835245060260475e-02
-3.040857248184108297e+00 1.525346727293498628e+00 1.031249809173112042e-01 5.465164513933776225e-02 8.500633347283403918e-04 3.003737239553976382e-02 6.412616981108525127e-02
-2.978798936996742253e+00 1.525679643240445804e+00 1.032396647627704112e-01 5.460454570386125833e-02 4.274336518850530356e-03 3.140563034509603890e-02 6.507356591234877974e-02
-2.916740625809279841e+00 1.524454307408392273e+00 1.028177925934922188e-01 5.474940140103640857e-02 3.226428666294690797e-03 3.013625100685590752e-02 7.103299302886594002e-02
-2.854682314621871164e+00 1.526642450890242975e+00 1.035716034203459923e-01 5.456185192846309956e-02 4.626880445058894134e-03 3.085572547437001947e-02 7.101127484840580317e-02
-2.792624003434409197e+00 1.525987321960742049e+00 1.033456971534721380e-01 5.464392435148882066e-02 3.525918943331239792e-03 2.948335934100322631e-02 7.340424400307457575e-02
-2.730565692246949450e+00 1.526489944420909017e+00 1.035189985928111622e-01 5.458601611151763650e-02 3.061444266829293007e-03 3.166090577081789870e-02 7.385986964096977192e-02
-2.668507381059538108e+00 1.529510106933373637e+00 1.045626143481023784e-01 5.451496496696304345e-02 2.821460751400104491e-03 3.082459460906895876e-02 7.387284921213325972e-02
-2.606449069872078805e+00 1.530246397108851797e+00 1.048176308086837261e-01 5.449831827212137797e-02 4.598432582905265486e-05 2.982199737474405463e-02 7.151756149963078846e-02
-2.544390758684698550e+00 1.530359404120427813e+00 1.048567916479876128e-01 5.448620550863371437e-02 2.391943080520272415e-03 3.128589212244267670e-02 7.010959788442151785e-02
-2.482332447497300976e+00 1.531454588041014642e+00 1.052365931383564823e-01 5.441560619982308694e-02 3.686972216197895690e-03 3.127597267084927107e-02 7.283074860924329541e-02
-2.420274136309839008e+00 1.532484024305659664e+00 1.055940601283998914e-01 5.443722762623356970e-02 4.059667276789843092e-03 3.312654427472720015e-02 6.900805521815364663e-02
-2.358215825122368159e+00 1.534085040767004360e+00 1.061509020919023660e-01 5.430421734051919802e-02 3.871321605622992778e-03 3.226007457470749656e-02 7.144004902166907478e-02
-2.296157513934905747e+00 1.533588575098503215e+00 1.059781121040654361e-01 5.430055956965400277e-02 3.201850623621432714e-03 3.268397899540464308e-02 7.221702561524105668e-02
-2.234099202747508617e+00 1.534146831792674748e+00 1.061724151801512472e-01 5.429725854993554951e-02 4.933274950958617053e-03 3.399579903365139433e-02 7.034889228073237799e-02
-2.172040891560128362e+00 1.535738337896569883e+00 1.067270706147189219e-01 5.416086032999579969e-02 4.774970498700866969e-03 3.137295124359866516e-02 7.169989447113329917e-02
-2.109982580372671723e+00 1.532930612401524284e+00 1.057492761575454243e-01 5.433497662289269586e-02 7.179112482866377605e-03 2.992646336309145658e-02 7.109188644687888803e-02
-2.047924269185257273e+00 1.530592488337372936e+00 1.049375806145761425e-01 5.442321416949638668e-02 4.203154181922151567e-03 2.998599217507902023e-02 7.270306508738810791e-02
-1.985865957997797970e+00 1.531199400545670164e+00 1.051480503223561347e-01 5.446528215700504466e-02 2.500357677577316230e-03 3.024012695264409467e-02 7.113557957252872321e-02
-1.923807646810332894e+00 1.525916613519694653e+00 1.033213259776564752e-01 5.461663593237099656e-02 1.440849367217277325e-03 3.323698312603742128e-02 7.181956063224985420e-02
-1.861749335622924217e+00 1.525712013925802468e+00 1.032508184501177428e-01 5.476735518861273327e-02 2.119236900781636818e-03 3.187808401084457621e-02 7.196144805236173725e-02
-1.799691024435459141e+00 1.526887991202062311e+00 1.036563198484641291e-01 5.465422030721163449e-02 1.266271260398869154e-03 3.231735030094617239e-02 7.106709351426039600e-02
-1.737632713248104199e+00 1.530129462274652408e+00 1.047771145842428808e-01 5.450727782605391258e-02 3.884903347010053385e-03 3.451230217916562842e-02 6.985093000912391548e-02
-1.675574402060684420e+00 1.530911547749343349e+00 1.050482069104280436e-01 5.453971210355846450e-02 4.623681824201217837e-03 3.526024644059216895e-02 7.003668976693924741e-02
-1.613516090873227782e+00 1.532266648308083568e+00 1.055185397146291004e-01 5.446923063243384877e-02 3.660602359304461397e-03 3.619133617743410664e-02 6.959858365996578200e-02
-1.551457779685751381e+00 1.532301352205053702e+00 1.055305951358820327e-01 5.447117391478253218e-02 4.802130447161391189e-03 3.526560025594269870e-02 7.212654754938280233e-02
-1.489399468498348478e+00 1.531503033369346012e+00 1.052534054280870324e-01 5.447524495261488880e-02 1.323813181927892095e-03 3.217320083684122034e-02 6.321196196655021193e-02
-1.427341157310886288e+00 1.531627232525216931e+00 1.052965116201216578e-01 5.450117735939635083e-02 1.608037859345644652e-03 3.040589802885963755e-02 6.938081282904089153e-02
-1.365282846123522686e+00 1.530710346118214993e+00 1.049784399491529574e-01 5.458737279865014808e-02 2.865513968089327106e-03 2.919024308290405628e-02 6.469579124507608692e-02
-1.303224534936060497e+00 1.530167467904719913e+00 1.047902823433869979e-01 5.463455277178531910e-02 2.628001484682973479e-03 2.945923077349176314e-02 6.827942298280707811e-02
-1.241166223748657593e+00 1.529176946406974436e+00 1.044472992710131498e-01 5.467639002759959455e-02 2.350689120709746876e-03 2.695647942446675535e-02 7.068524493205227688e-02
-1.179107912561181193e+00 1.528654022595316464e+00 1.042663981689533337e-01 5.466783851500441743e-02 6.224373987594200054e-04 2.397196331291405816e-02 6.596603446448359720e-02
-1.117049601373719003e+00 1.529917294833396557e+00 1.047036165545592312e-01 5.456530206511301523e-02 -1.043747681567134362e-03 2.470657420432156859e-02 6.586160374622793134e-02
-1.054991290186304775e+00 1.530581605222717245e+00 1.049338079185527239e-01 5.459228561229376164e-02 5.765240125861104559e-04 2.633225283771737160e-02 6.709459601082602698e-02
-9.929329789989526089e-01 1.529462167916812110e+00 1.045460185489734961e-01 5.457149490027078664e-02 2.762660786961135370e-04 2.914505729761270036e-02 6.472521247391538335e-02
-9.308746678114904194e-01 1.528329304719671100e+00 1.041541236350593813e-01 5.471373777413947315e-02 7.255584162863281707e-04 2.693875232745363349e-02 6.891716435834684129e-02
-8.688163566240760805e-01 1.528684035062162216e+00 1.042767775652777562e-01 5.474833963971247053e-02 3.310239251723124960e-03 2.820506858603670855e-02 7.436677406232451715e-02
-8.067580454366111153e-01 1.529686742622095919e+00 1.046237715647909128e-01 5.467273762798501024e-02 4.411404679937076106e-03 2.617275259223552156e-02 7.204105964936095841e-02
-7.446997342491517013e-01 1.531606325190554285e+00 1.052892547853435667e-01 5.471795997779031057e-02 3.437177740517291177e-03 2.875235473621851057e-02 7.336703652587962809e-02
-6.826414230617318113e-01 1.533745344247750442e+00 1.060326627446626091e-01 5.451324962715799888e-02 4.112855463714020637e-03 2.585882781425985141e-02 6.844150726402659091e-02
-6.205831118742695107e-01 1.533642711901217259e+00 1.059969487956016199e-01 5.450957249219453432e-02 2.785396541775463346e-03 2.451452393262061602e-02 6.954596870882763515e-02
-5.585248006869089066e-01 1.533465946640248045e+00 1.059354486137959461e-01 5.445230028873058320e-02 2.623753483214793635e-03 2.440974068690143078e-02 7.321353637435992767e-02
-4.964664894995087230e-01 1.534610559282357345e+00 1.063339177402509717e-01 5.441851131645480955e-02 2.465639520335918388e-03 2.661534519670463728e-02 7.022943769924901158e-02
-4.344081783120408713e-01 1.532618419903412521e+00 1.056407616928959903e-01 5.451577919442869569e-02 1.476819344315714053e-03 2.649701697436639136e-02 7.309279354556774688e-02
-3.723498671245701885e-01 1.533023349889302889e+00 1.057815186157525233e-01 5.449841037048210740e-02 1.880507069228591838e-03 2.661155136769472254e-02 7.229087143103422874e-02
-3.102915559371023368e-01 1.534581974733211451e+00 1.063239599464030349e-01 5.448410572103058042e-02 3.267925196380006090e-03 2.706238571515917277e-02 7.251456577845552531e-02
-2.482332447496993499e-01 1.535193622287991833e+00 1.065371109052315468e-01 5.444216682163835475e-02 2.356349659759641221e-03 2.677615571847422049e-02 7.183153703687038261e-02
-1.861749335623415214e-01 1.536222562982128004e+00 1.068960409784933119e-01 5.442237436950495000e-02 5.898455410785209165e-03 2.769132452153017995e-02 7.078551481560330094e-02
-1.241166223748821212e-01 1.537281730538340385e+00 1.072659837951317474e-01 5.440264052365443442e-02 9.880309508866914198e-04 2.656617582945212941e-02 6.721034015015385499e-02
-6.205831118746223118e-02 1.533302477218312365e+00 1.058785861471286949e-01 5.450169694018607014e-02 1.489357226857487186e-03 2.645455816817567432e-02 7.018489340896384709e-02
0.000000000000000000e+00 1.533513150377366241e+00 1.059518704410094547e-01 5.455230829795346126e-02 1.452139258181685093e-03 2.423643372309974148e-02 7.209676433572038967e-02
