0.000000000000000000e+00 1.459189025337018553e+00 8.130820604092797721e-02 5.456854623018684430e-02 -2.613274879289555208e-02 2.871407982618290333e-02 6.788095570707777804e-02
8.230076116483049653e-02 1.394200428156830096e+00 6.187934698814323564e-02 9.107692444538095788e-02 -2.657179247353956553e-02 1.050472771125558410e-02 4.591503881838578799e-02
1.642736308509151477e-01 1.336116110346031505e+00 4.634913006630042576e-02 1.289571338210567519e-01 -2.878192088408397173e-02 1.132278380850942033e-02 3.071114821713617077e-02
2.462465005369997295e-01 1.283631960205035671e+00 3.393843137936466969e-02 1.683548911501435430e-01 -2.881252573834376315e-02 9.814750069620611916e-03 2.862793037625896431e-02
3.282193702230852272e-01 1.235957800795242312e+00 2.411158409400820934e-02 2.089248897154907247e-01 -3.003076392523405108e-02 1.449574577586397982e-02 2.298816035797620477e-02
4.101922399091689764e-01 1.191954243821708337e+00 1.636006197092762515e-02 2.510027034117111588e-01 -3.108340355369787825e-02 1.351364278793077030e-02 1.621576221601055134e-02
4.921651095952548349e-01 1.152224110527432677e+00 1.053002678586428820e-02 2.947759925886868082e-01 -3.247262489383775930e-02 1.616064099019234868e-02 1.233026335277772993e-02
5.741379792813486871e-01 1.115353156814672397e+00 6.182069482548638306e-03 3.396383292424784428e-01 -3.460733581176805851e-02 1.953663629785741540e-02 9.561697948148860718e-03
6.557829574887009683e-01 1.082530497394468716e+00 3.229143784142365914e-03 3.862796780369763816e-01 -3.634836190415988155e-02 2.184844429171809571e-02 5.609408927560545488e-03
7.377558271748014818e-01 1.052798273728752010e+00 1.346631836514948499e-03 4.349157142546171695e-01 -3.810944853776885438e-02 2.061638538841942953e-02 2.432987895376022627e-03
8.197286968609005520e-01 1.024885816225573620e+00 3.046086448281887238e-04 4.848602218837789746e-01 -3.757410879428621509e-02 1.997455500305825651e-02 -2.690564884810786594e-05
9.017015665470001773e-01 9.992451290151354026e-01 2.850585658833049846e-07 5.358647419701059178e-01 -3.786960941443973799e-02 2.357619651844921477e-02 9.616523802183498748e-04
9.836744362330982483e-01 9.759077480884629230e-01 2.949655260071487595e-04 5.885457055350390432e-01 -3.701407131362118019e-02 2.689410572563485924e-02 -1.331129979779019975e-03
1.065647305919193988e+00 9.551900198169068767e-01 1.035004480672042926e-03 6.439217899990937743e-01 -3.673398663304455747e-02 2.925383564642701842e-02 -2.055538558678723059e-03
1.147620175605265747e+00 9.365895058331298317e-01 2.099692662944588339e-03 7.000665411490416545e-01 -3.689870349191300136e-02 3.172947643328709322e-02 -2.916503649034285495e-03
1.229593045291330844e+00 9.192236787285965605e-01 3.449471359370875900e-03 7.592778607097301347e-01 -3.599662538645109766e-02 3.405578784419831945e-02 -6.966077456700847485e-03
1.311565914977401492e+00 9.029915867257360951e-01 5.033629360054386881e-03 8.193896083682065123e-01 -3.458320311361994664e-02 3.634066435993804633e-02 -6.378620435893854641e-03
1.393538784663470809e+00 8.888658773021202997e-01 6.674801328719379145e-03 8.811596352573859425e-01 -3.368813851120002617e-02 3.835897513678474674e-02 -5.698772974049824691e-03
1.475839545828289134e+00 8.756310271063112438e-01 8.441505815942385027e-03 9.441218037998598822e-01 -3.390641675714605591e-02 3.773990809211994618e-02 -4.221937951491591505e-03
1.557812415514361115e+00 8.633138877064326921e-01 1.029082480892556939e-02 1.009523936831538737e+00 -3.459204920607773098e-02 3.793761635366636742e-02 -4.761643057266656126e-03
1.639785285200424214e+00 8.521090000314507362e-01 1.214982605795339454e-02 1.074337851810138522e+00 -3.404550291171683923e-02 4.231967710748175265e-02 -5.579277854794609769e-03
1.721758154886498415e+00 8.423442262379174927e-01 1.391075476176001358e-02 1.143248191770475097e+00 -3.488074010517188545e-02 4.693055868824549254e-02 -4.034148912939256731e-03
1.803731024572566399e+00 8.329727750062082547e-01 1.572709542138206462e-02 1.211156846580357938e+00 -3.510630543403166215e-02 4.869849408384569617e-02 -4.390080726160354267e-03
1.885703894258640378e+00 8.249881909075734709e-01 1.737439770890264468e-02 1.282676174362476607e+00 -3.438079178424576637e-02 4.734404510663091370e-02 -6.841851858545544042e-03
1.967676763944707474e+00 8.169956425830304791e-01 1.911716015509068445e-02 1.354280849686283261e+00 -3.389501748354637606e-02 4.775312155884962190e-02 -6.616969873630462566e-03
2.049649633630783896e+00 8.096304447268840576e-01 2.080782123008542706e-02 1.427733674827814880e+00 -3.389030685131794174e-02 4.971698521419577743e-02 -7.575763554651577386e-03
2.131622503316878081e+00 8.034014842571193249e-01 2.230219384612799893e-02 1.502756599396802839e+00 -3.404853243462432205e-02 5.021688798655788571e-02 -5.714129056573531533e-03
2.213595373002998468e+00 7.979085929026366042e-01 2.366982623056251844e-02 1.579761255734256853e+00 -3.500638212695517115e-02 5.122384390986886582e-02 -7.134218855108316951e-03
2.295568242689133953e+00 7.928313274558685952e-01 2.497610924849708036e-02 1.657660188626211895e+00 -3.383574111763253123e-02 5.485140832710454911e-02 -6.836448062034749910e-03
2.377213220896509771e+00 7.882313248661817484e-01 2.619499759574153708e-02 1.737885746372055618e+00 -3.288750909262429245e-02 5.833327176569302192e-02 -6.044678710401730874e-03
2.459186090582645701e+00 7.843315361975352618e-01 2.725500641390479761e-02 1.818808361382556305e+00 -3.368749033784129016e-02 5.786210092025650259e-02 -5.861270485392255924e-03
2.541158960268770084e+00 7.805100960214841344e-01 2.831769980638293438e-02 1.898814358814292502e+00 -3.355014144277455174e-02 5.805055445706974043e-02 -2.120696281899059690e-03
2.623131829954893579e+00 7.770898045517437014e-01 2.928916127124936430e-02 1.980099292165622860e+00 -3.366200325648049246e-02 5.812833702793343549e-02 -1.459854673925596331e-03
2.705104699641030841e+00 7.740212084770338175e-01 3.017721311172932852e-02 2.063569670568647485e+00 -3.237217184771359890e-02 5.940315455098011538e-02 -7.231487352413529983e-04
2.787077569327150783e+00 7.716510140639003534e-01 3.087389954999192332e-02 2.148809417090276508e+00 -3.321398419936710811e-02 5.741576640694117523e-02 -8.412905828725225632e-05
2.869050439013287157e+00 7.704109364012096117e-01 3.124215925614792777e-02 2.237900923021626465e+00 -3.355921056993713125e-02 5.821768023053973395e-02 -4.663089486880377631e-04
2.951023308699411540e+00 7.689038036970101686e-01 3.169321371995359460e-02 2.328542958119208528e+00 -3.425810832571647702e-02 5.838109065136472264e-02 -1.696801403597182319e-03
3.032996178385536812e+00 7.673619156828105359e-01 3.215864580992688904e-02 2.418460935080906538e+00 -3.518461315673119399e-02 5.951206109296576507e-02 -2.967340812133491702e-03
3.114969048071668745e+00 7.666908906750100616e-01 3.236246037455386970e-02 2.509148678985613223e+00 -3.507941235468751279e-02 5.940559279086425615e-02 -1.257455731406160451e-03
3.196941917757794016e+00 7.659024929636195633e-01 3.260290408888177893e-02 2.597504534743400484e+00 -3.529096965987497947e-02 6.285347003874720839e-02 -2.716196525439633358e-03
3.278914787443930834e+00 7.651109319366529160e-01 3.284537853753249914e-02 2.688023684588468853e+00 -3.584546917492680007e-02 6.477005019745656067e-02 -3.433170524739496791e-03
3.360887657130057882e+00 7.650312518571085185e-01 3.286984574633861067e-02 2.780542240889549710e+00 -3.566574577662490197e-02 6.704170649322671593e-02 -3.136832121923404521e-03
3.442860526816174271e+00 7.647475300343681281e-01 3.295705575943230770e-02 2.871054678682364525e+00 -3.505087070007890243e-02 6.863171510015327048e-02 -3.059432845191919007e-03
3.524833396502313754e+00 7.648747784206669786e-01 3.291792531366388719e-02 2.962975644636550054e+00 -3.469347121391683220e-02 6.928887947667360103e-02 6.275741994031995650e-04
3.606806266188442134e+00 7.653278867682973274e-01 3.277881359635609337e-02 3.056454809836633313e+00 -3.420786040657820826e-02 6.770911294588823071e-02 1.321868798366345171e-03
3.688779135874564741e+00 7.658275900329993835e-01 3.262580289436561864e-02 3.147173347730075843e+00 -3.417941932914265318e-02 6.844785755739578315e-02 2.642874935300893510e-03
3.770752005560693565e+00 7.665046610068760868e-01 3.241916079951273622e-02 3.240293323188970565e+00 -3.258533834693655429e-02 6.713085529608209256e-02 3.109426271929087091e-03
3.852724875246833491e+00 7.669276379679453859e-01 3.229046427349091530e-02 3.332283000820714047e+00 -3.147096148205897476e-02 6.736577299687744602e-02 3.049471638912500809e-03
3.934697744932945884e+00 7.681640042148019099e-01 3.191602569252488530e-02 3.428895146635257962e+00 -3.199076232046452889e-02 6.822980919105706143e-02 1.826346431847288357e-03
4.016670614619076041e+00 7.695906870203282901e-01 3.148716778924909310e-02 3.526289303741641845e+00 -3.159601140187203588e-02 6.999765817577360827e-02 2.893174356255678696e-03
4.098643484305213747e+00 7.712523693647062029e-01 3.099200102213484076e-02 3.625823010236436605e+00 -3.217018994349682415e-02 7.126315258543752806e-02 3.163811695372251414e-03
4.180616353991345235e+00 7.730345195441091777e-01 3.046609434584940379e-02 3.721668844604840487e+00 -3.226773017688690931e-02 7.142443354201927219e-02 3.805556618792593424e-03
4.262589223677375472e+00 7.744105449092739679e-01 3.006367114510749561e-02 3.814037091697716431e+00 -3.136880614048597610e-02 6.854350023965882777e-02 5.012953290652162608e-03
4.344562093363376398e+00 7.751429818887695111e-01 2.985075577455320595e-02 3.907040383597372823e+00 -3.041810608820551959e-02 6.781103777663897991e-02 3.257369923678607102e-03
4.426534963049389759e+00 7.763970896739370575e-01 2.948826585621844298e-02 4.000166882846710514e+00 -2.975720321300359336e-02 6.909779681703119569e-02 2.916888504425907587e-03
4.508507832735410226e+00 7.793327007856828414e-01 2.864993805649138081e-02 4.102210854771650261e+00 -2.999723950392980606e-02 6.876538050476643793e-02 1.003824915264558103e-03
4.590480702421425363e+00 7.815684924307614301e-01 2.802098312587661399e-02 4.200092986887405289e+00 -2.915012324879136252e-02 7.047177523186440307e-02 2.821072754781549317e-03
4.672453572107421849e+00 7.830640530887457151e-01 2.760483471486077645e-02 4.293499845964717565e+00 -2.948080895927309916e-02 6.820758530405690578e-02 3.345065561755366547e-03
4.754426441793436986e+00 7.856676974422660553e-01 2.688905018151124815e-02 4.390704720982300913e+00 -3.053679542054303295e-02 6.615361739280524456e-02 5.422711710082555453e-03
4.836399311479458341e+00 7.874304677366155136e-01 2.641067485482301302e-02 4.481610974655119151e+00 -3.149024363605459204e-02 6.782730740369485867e-02 3.952748649483934368e-03
4.918372181165472590e+00 7.895427924040171463e-01 2.584403725430270415e-02 4.575699057205262932e+00 -3.149343375624908542e-02 6.922770803482324042e-02 6.062084463341160280e-03
5.000345050851469075e+00 7.916247120032212647e-01 2.529255995338244856e-02 4.670426197686056824e+00 -3.041042488187266704e-02 6.890565660841593831e-02 6.610222553663798635e-03
5.082317920537483324e+00 7.941191011966334257e-01 2.464092867364092720e-02 4.763124395908356234e+00 -3.043882368000850464e-02 7.018413881788004849e-02 5.193357243522507723e-03
5.164290790223505567e+00 7.968532335100392272e-01 2.393799932937271113e-02 4.852242462009125568e+00 -2.965029687448780121e-02 6.796455322805053378e-02 2.675989769507731986e-03
5.246591551388270602e+00 7.994984337846634537e-01 2.326913948825207190e-02 4.943070876251701051e+00 -2.948315004537138337e-02 6.872528403579691858e-02 3.287479123533667506e-03
5.328564421074264423e+00 8.020435123432221314e-01 2.263593013853515412e-02 5.036571191329035635e+00 -2.858774099407683164e-02 6.991333078124027656e-02 1.755831355667037937e-03
5.410537290760280449e+00 8.047420958124512635e-01 2.197552658071100229e-02 5.125513280732741705e+00 -2.792787528706306907e-02 7.257640755808354716e-02 2.222195276420829962e-03
5.492510160446301803e+00 8.074093252900553797e-01 2.133384614291938819e-02 5.214365448233338363e+00 -2.776755502967294051e-02 7.358554963991206788e-02 2.800977916756596051e-03
5.574483030132317829e+00 8.096417490309799625e-01 2.080516333049542421e-02 5.297775671873347747e+00 -2.660508073856761302e-02 7.387302665930720047e-02 1.861492164639803708e-03
5.656455899818311650e+00 8.126483050231478877e-01 2.010515719857186578e-02 5.388471876651163228e+00 -2.738096714301347170e-02 7.449988960176651132e-02 1.953976932082875789e-03
5.738428769504330340e+00 8.142597791177671462e-01 1.973560404605545493e-02 5.465401188928560750e+00 -2.815527710747983692e-02 7.259773927786605796e-02 1.748520099864930930e-03
5.820401639190349918e+00 8.168936618283950679e-01 1.914001130246048565e-02 5.552897497665376214e+00 -2.842942260495403065e-02 7.333484271040210944e-02 7.259587101854449208e-04
5.902374508876363279e+00 8.198209068060329230e-01 1.849027571811409643e-02 5.638520941592973124e+00 -2.776462484727630978e-02 7.258571748210219943e-02 1.541226760075829890e-03
5.984347378562363318e+00 8.220092506974937541e-01 1.801288079688034838e-02 5.721914745434862226e+00 -2.759488797476060060e-02 7.289180608646807225e-02 3.111256609152425511e-04
6.066320248248374902e+00 8.252805059831391787e-01 1.731244916767230024e-02 5.804454775266604472e+00 -2.732596495183338067e-02 7.253695481047225946e-02 -8.522746330045771193e-04
6.148293117934391816e+00 8.278073920069922709e-01 1.678216201275742336e-02 5.885122503756797130e+00 -2.576080344363270574e-02 7.132720650245413796e-02 8.043942193960418579e-04
6.230265987620414947e+00 8.299115314152327727e-01 1.634770394404680416e-02 5.964545227610770439e+00 -2.479001403643685264e-02 7.116092831351825132e-02 5.132576827116325973e-04
6.312238857306406103e+00 8.329878908924975844e-01 1.572406455715180673e-02 6.044596379551525622e+00 -2.441969509979817834e-02 7.017261076505326711e-02 1.417234268302707380e-03
6.394211726992430123e+00 8.353521401523406054e-01 1.525405845116190040e-02 6.123719718115768984e+00 -2.574019376376966359e-02 7.225971819521004313e-02 1.196283147566232262e-03
6.476184596678446148e+00 8.384230000058644494e-01 1.465553258440580042e-02 6.205250865038530961e+00 -2.614911829174272964e-02 7.263730982796742786e-02 2.155670244293018262e-03
6.558157466364453292e+00 8.415237343699295547e-01 1.406479528243723132e-02 6.285391745921303119e+00 -2.531538773449559798e-02 7.206753746449598430e-02 2.332512021828365197e-03
6.640130336050463100e+00 8.444328851672724401e-01 1.352290392260011020e-02 6.364742999214406005e+00 -2.442446623853439941e-02 7.009806169398971609e-02 2.700345801399175582e-03
6.722103205736470244e+00 8.469943885841285658e-01 1.305559798441130459e-02 6.433852297451006841e+00 -2.462571910118915852e-02 6.797645039128888400e-02 4.017004106145594285e-03
6.804076075422481829e+00 8.490886050905358529e-01 1.268033914264027340e-02 6.503667575085210650e+00 -2.464273366502154824e-02 6.814511645028550890e-02 1.829592749020873647e-03
6.886048945108511177e+00 8.522980892057659963e-01 1.211703258899046731e-02 6.578814694108999106e+00 -2.414055178646911520e-02 6.930098564251725712e-02 2.765914666787339278e-03
6.968021814794499669e+00 8.549214742523211230e-01 1.166713149526404925e-02 6.648959615876250950e+00 -2.537114993514126560e-02 6.995055197805398473e-02 5.098704851029589591e-03
7.049994684480529905e+00 8.574486027370806784e-01 1.124264297453764216e-02 6.715163739268128040e+00 -2.453911100816794089e-02 7.016883072740263960e-02 5.231444153575512575e-03
7.131967554166541490e+00 8.601118555872497851e-01 1.080468914316792817e-02 6.784578426260559070e+00 -2.506428265242954118e-02 7.108828755218622730e-02 4.751238908273157716e-03
7.213940423852545969e+00 8.618951185080881983e-01 1.051680649360142716e-02 6.844225723978393461e+00 -2.492497495742157509e-02 7.135136619723708717e-02 5.125597645790088037e-03
7.295913293538561994e+00 8.636973099131551868e-01 1.023021722180458837e-02 6.903042217908582856e+00 -2.559174885657784088e-02 7.070129299072548668e-02 4.871978084922260963e-03
7.377886163224565585e+00 8.657559037821775938e-01 9.908180235987246176e-03 6.963387840189696476e+00 -2.501272211840475587e-02 7.037480328122341922e-02 4.894950497409985071e-03
7.459859032910572729e+00 8.679326610525791574e-01 9.573807816318363750e-03 7.022714773693552459e+00 -2.386934391849629411e-02 7.027636626765615402e-02 6.205016795370089065e-03
7.541831902596607407e+00 8.704426326457537222e-01 9.196056204402835998e-03 7.085351420571972092e+00 -2.450202686041524913e-02 7.179435215505651502e-02 6.463779336498588768e-03
7.623804772282594122e+00 8.713939364332786708e-01 9.055060175748363971e-03 7.131795645392108085e+00 -2.443761031723791846e-02 7.112834796010439331e-02 6.505726484174607395e-03
7.705777641968631464e+00 8.737160150667457881e-01 8.715896746014917262e-03 7.188009882419701846e+00 -2.469188784549836493e-02 7.148572330009131393e-02 4.066228844025466561e-03
7.787750511654636831e+00 8.757110188077683599e-01 8.430148484011801280e-03 7.241850102885093676e+00 -2.459477567576558166e-02 7.063151617588221687e-02 6.419341661089386641e-03
7.869723381340637758e+00 8.790089384237763648e-01 7.969150917175676918e-03 7.307573942864857841e+00 -2.445692795425884539e-02 7.202722867550398478e-02 5.756271478857979615e-03
7.951696251026660001e+00 8.811119486891024755e-01 7.682539786088654621e-03 7.354741116735890927e+00 -2.441615619883946015e-02 7.317697724496183276e-02 4.143606831023932159e-03
8.033669120712660927e+00 8.829315361447447330e-01 7.439153038870174872e-03 7.401944707565745851e+00 -2.510976913543033068e-02 7.323445941604769804e-02 5.093371293429944588e-03
8.115641990398664518e+00 8.853850794942778046e-01 7.117690032272597223e-03 7.457925248662591322e+00 -2.428547984678295149e-02 7.094546901305895381e-02 5.782326441686801675e-03
8.197614860084703636e+00 8.875151632907263277e-01 6.844835671244775543e-03 7.507715957509637938e+00 -2.422009945782337831e-02 7.212601015301056684e-02 4.441629369483561691e-03
8.279587729770689464e+00 8.900965868587511487e-01 6.521884442672210014e-03 7.565916544039903435e+00 -2.502643545256195284e-02 7.268377895276564860e-02 3.564590584666825230e-03
8.361560599456728582e+00 8.923733200719190517e-01 6.244033769223583663e-03 7.624637921963777210e+00 -2.646272719140239926e-02 7.407566061720273487e-02 6.824399543954304433e-03
8.443533469142732173e+00 8.948984569161979596e-01 5.943480019649227675e-03 7.671981373876374910e+00 -2.719546388501156362e-02 7.453022902451687803e-02 6.611786551622108807e-03
8.525506338828732211e+00 8.970683567229121858e-01 5.691570615650509701e-03 7.716088992157730253e+00 -2.792585911605399013e-02 7.345106905188261703e-02 6.521498969287475508e-03
8.607479208514758895e+00 8.999052891057151005e-01 5.371044628044899238e-03 7.772762579804330940e+00 -2.668273116366501677e-02 7.379091214870012183e-02 9.064924729441349582e-03
8.689452078200757157e+00 9.031050747588011962e-01 5.021445234331289864e-03 7.823917518712022456e+00 -2.713360574211394483e-02 7.412834418963125394e-02 9.543825851960681395e-03
8.771424947886757195e+00 9.047970879839465352e-01 4.841660577899128959e-03 7.866400675500344164e+00 -2.612435742379694628e-02 7.242492129070075835e-02 8.207853858003225089e-03
8.853397817572799866e+00 9.068659927666886666e-01 4.626580325995527376e-03 7.907081508016349680e+00 -2.516530098936601081e-02 7.214048767950263785e-02 7.899973615357915036e-03
8.935370687258783917e+00 9.090040781923957036e-01 4.409776546836746691e-03 7.950834684493250926e+00 -2.447835655104227057e-02 7.186419023947000773e-02 9.573015218963001199e-03
9.017343556944826588e+00 9.114212876039223810e-01 4.171330991609087380e-03 7.999978723844243689e+00 -2.501722913230140788e-02 7.207469890269922741e-02 1.044975156500170185e-02
9.099316426630828403e+00 9.135754253302412753e-01 3.964764491497504983e-03 8.043823497223080210e+00 -2.437320624478176226e-02 7.179068761199935977e-02 9.484738770934562219e-03
9.181289296316823112e+00 9.147674661120511752e-01 3.852847513204346597e-03 8.074553537581282470e+00 -2.413039922791538130e-02 7.092889535895899322e-02 1.032069227306397878e-02
9.263262166002855125e+00 9.171544530759401237e-01 3.633840968567822460e-03 8.111384203786528246e+00 -2.417590370099085076e-02 6.884374286886291161e-02 1.020479193537487776e-02
9.345235035688853387e+00 9.190908144730134399e-01 3.461157186274529951e-03 8.153024183338503761e+00 -2.398474073571068080e-02 6.854401056617048793e-02 8.322862141448578860e-03
9.427207905374851649e+00 9.199411432668985755e-01 3.386728962311527646e-03 8.184254088535936944e+00 -2.337659416833222370e-02 7.002098446359418527e-02 6.538896724508139885e-03
9.509180775060894319e+00 9.218739310264114639e-01 3.220730045606787217e-03 8.220955965906084018e+00 -2.246139995078718851e-02 7.132316582607882427e-02 5.319550455960282698e-03
9.591153644746878371e+00 9.239691978610883316e-01 3.045741405359098097e-03 8.255506398561475834e+00 -2.158673023121190221e-02 7.221589958035369572e-02 8.512047377610255580e-03
9.673126514432924594e+00 9.248115485667077751e-01 2.976842071690688485e-03 8.276984711555417817e+00 -2.217114032947365559e-02 7.225873912625067896e-02 1.015466896267012628e-02
9.755099384118922856e+00 9.262966395019701649e-01 2.857390102917981012e-03 8.306780580661563107e+00 -2.297977279761624636e-02 7.401530707668348141e-02 1.004184010166577282e-02
9.837072253804917565e+00 9.286127923975983078e-01 2.676219884496566781e-03 8.348919159475647334e+00 -2.284022362138234466e-02 7.456971108426259376e-02 9.499495600144441249e-03
9.919045123490953131e+00 9.306117476026183333e-01 2.524863567426746669e-03 8.378972509050433004e+00 -2.246220478281393471e-02 7.523969349636182302e-02 1.047604682688744494e-02
1.000101799317694784e+01 9.331005027785386208e-01 2.342866694846665321e-03 8.418800640310678318e+00 -2.315339044323979148e-02 7.421382040253668433e-02 1.134237917176333411e-02
1.008299086286294255e+01 9.355751437548925908e-01 2.168955550833503998e-03 8.456959376746429058e+00 -2.227460782434914632e-02 7.239539868727980221e-02 9.914168584641353671e-03
1.016496373254899233e+01 9.367750787293142034e-01 2.087148333768149011e-03 8.477456165772021990e+00 -2.154202114353388070e-02 7.326566714505577949e-02 8.409974790610902015e-03
1.024693660223497460e+01 9.386874417917534519e-01 1.960159818342910309e-03 8.509586692830197308e+00 -2.111255840255312280e-02 7.546076352503006124e-02 1.007085919587401811e-02
1.032890947192102082e+01 9.402791990313292825e-01 1.857626605102538631e-03 8.537008863542315140e+00 -2.101914392001108522e-02 7.581062992253824462e-02 1.248652556116166233e-02
1.041088234160701909e+01 9.421972121618995555e-01 1.737883742694540379e-03 8.569733470901057970e+00 -1.994754626631011288e-02 7.766209917405485219e-02 1.320578830608113569e-02
1.049285521129301202e+01 9.435054089446073267e-01 1.658590283902007523e-03 8.596525944334818092e+00 -2.140751120567631685e-02 7.819031210725296832e-02 1.397528861035071332e-02
1.057482808097904936e+01 9.451004710512260765e-01 1.564509618313260353e-03 8.624835316976733779e+00 -2.171928474755883964e-02 7.918637020786800651e-02 1.364436064481695278e-02
1.065680095066504229e+01 9.469433982361933344e-01 1.459355368477112391e-03 8.653737512447024827e+00 -2.220339116049306269e-02 8.053738961861056644e-02 1.212662494794867173e-02
1.073877382035103878e+01 9.485834118886921074e-01 1.368964520271333252e-03 8.681041617963549228e+00 -2.149360824833597416e-02 8.039701590328988956e-02 1.101683372983182189e-02
1.082074669003708678e+01 9.498624423552312068e-01 1.300544747764080522e-03 8.700749157107033227e+00 -2.217454355245281061e-02 8.519417967544268278e-02 1.337355004670536668e-02
1.090271955972306728e+01 9.511351543057633418e-01 1.234262748044133440e-03 8.723753052978912237e+00 -2.045451701667705402e-02 8.577923125884763522e-02 1.377392272791666365e-02
1.098469242940911883e+01 9.527027345286120941e-01 1.155084508640359664e-03 8.748297216304179003e+00 -2.092418078838665166e-02 8.579957917776460941e-02 1.360776995148299355e-02
1.106666529909511354e+01 9.546610101815168337e-01 1.059974857974016471e-03 8.772052379562733648e+00 -2.145185657387662162e-02 8.560836024560103397e-02 1.162582775795834890e-02
1.114863816878110647e+01 9.573205724626926427e-01 9.375396339159139392e-04 8.810026973343092038e+00 -2.002112960934392116e-02 8.691674299373815249e-02 1.222251159161184125e-02
1.123061103846714559e+01 9.586455015522190592e-01 8.794282628731969753e-04 8.828651732281629805e+00 -2.084473320501514446e-02 8.459957127217140882e-02 1.305190266839895141e-02
1.131258390815314208e+01 9.601532215574831719e-01 8.156230243421755399e-04 8.850286598090123746e+00 -2.052529671520503946e-02 8.410696101653800105e-02 1.390802040304084386e-02
1.139455677783912968e+01 9.604261883159340707e-01 8.043351886996355504e-04 8.862484595560642830e+00 -1.973453360495512274e-02 8.475206506343024859e-02 1.457562064199403352e-02
1.147652964752518301e+01 9.618918805491097901e-01 7.451054633919665382e-04 8.882048125194732080e+00 -1.948973324804832014e-02 8.396876508815165341e-02 1.231897867468935773e-02
1.155850251721117061e+01 9.631510435179666541e-01 6.960761496884321220e-04 8.902379069641236597e+00 -2.020111280753284638e-02 8.461237928932975605e-02 1.476870633878025856e-02
1.164047538689720973e+01 9.644167537880468100e-01 6.485143742804011513e-04 8.920845681759287160e+00 -2.058738772648909671e-02 8.506227706164574964e-02 1.356548073266759455e-02
1.172244825658320977e+01 9.657868383357551822e-01 5.989717040123798686e-04 8.939454436663108794e+00 -2.060178379712995431e-02 8.301946895552259065e-02 1.460209485435642711e-02
1.180442112626920803e+01 9.663651398849338880e-01 5.786644760699954926e-04 8.946667704675743238e+00 -1.910804312316961504e-02 8.264502858797011242e-02 1.326401410660247963e-02
1.188639399595523294e+01 9.673480761254372728e-01 5.449697942384659766e-04 8.965572638607056888e+00 -1.936940578048729558e-02 8.186450357149917256e-02 1.485869760584347492e-02
1.196836686564123298e+01 9.677532548895697584e-01 5.313810617446346196e-04 8.970906907746472925e+00 -1.914482805024314560e-02 8.212614910708222749e-02 1.293022754416324298e-02
1.205033973532723657e+01 9.690420770729994970e-01 4.893219151798772204e-04 8.989591308913963630e+00 -1.976296880920673862e-02 8.296868078168787020e-02 1.329502819495353289e-02
1.213231260501326680e+01 9.703802452565347680e-01 4.475241361859179368e-04 9.001662857235558590e+00 -1.970501350201166180e-02 8.192844300763410526e-02 1.757882685225199346e-02
1.221428547469925974e+01 9.709123774524478501e-01 4.314317079326321358e-04 9.012437666303137362e+00 -1.870343113321154549e-02 8.187699065992527780e-02 1.581248169389026445e-02
1.229625834438531307e+01 9.724197530681664148e-01 3.874760876236178764e-04 9.034859739303284343e+00 -1.860606046171664127e-02 8.153259634818342538e-02 1.510381698895754687e-02
1.237823121407129179e+01 9.738243693381137822e-01 3.486798918417056969e-04 9.053680179657783711e+00 -1.938281133851343582e-02 8.070629442210883187e-02 1.434960337117512259e-02
1.246020408375729538e+01 9.744611058267164116e-01 3.317785851732653335e-04 9.068266339198261861e+00 -1.980006219703397616e-02 7.983891652390850968e-02 1.617197605172811942e-02
1.254217695344333805e+01 9.756081580520080676e-01 3.024086404128170646e-04 9.080478789460181943e+00 -2.068641209746711548e-02 8.087720612298406053e-02 1.566376067496766736e-02
1.262414982312934342e+01 9.758810389417086339e-01 2.956252697121561357e-04 9.087204654899668554e+00 -2.033553890705247155e-02 8.360777507939580466e-02 1.251258092450837495e-02
1.270612269281531859e+01 9.762945213881653039e-01 2.854957613403520666e-04 9.092039137941045013e+00 -2.008422604755643812e-02 8.170386880078062131e-02 1.447478160205069309e-02
1.278809556250137369e+01 9.774281235560768888e-01 2.586442711453446064e-04 9.109391572635535894e+00 -2.088543091229122170e-02 8.380680646185065252e-02 1.322739171646190523e-02
1.287006843218737018e+01 9.792674908787483146e-01 2.179359694828818250e-04 9.137963934824416157e+00 -2.057676450671154164e-02 8.352351827917309235e-02 1.443756345781363991e-02
1.295204130187338976e+01 9.812465195203475821e-01 1.780763977900536033e-04 9.160451128305217239e+00 -1.885467081396878519e-02 8.498604981854433749e-02 1.340218744239162450e-02
1.303401417155940045e+01 9.820444949417481695e-01 1.631560645986677993e-04 9.178040297826550287e+00 -1.868800623122486917e-02 8.600617556823642040e-02 1.494861451642187471e-02
1.311598704124540760e+01 9.820789263808989977e-01 1.625271416759478671e-04 9.176287389599663058e+00 -1.908552168109360625e-02 8.712205733346709002e-02 1.266818945057790295e-02
1.319795991093141652e+01 9.836858781118295036e-01 1.345405674649281791e-04 9.196119735018374541e+00 -1.892933412596232989e-02 8.759250842179458485e-02 1.060616077711908946e-02
1.327993278061742366e+01 9.846079534878233730e-01 1.196872911985655263e-04 9.206832707857946829e+00 -1.835426720291553557e-02 8.662192819428782276e-02 1.100286643001399667e-02
1.336190565030343436e+01 9.850241447882103207e-01 1.132704233438776992e-04 9.209171015907720914e+00 -1.982150786658007716e-02 8.928310985653721554e-02 1.142063252829777879e-02
1.344387851998944683e+01 9.860116492290801338e-01 9.875904441849527038e-05 9.228666715377341845e+00 -2.116950174165790899e-02 8.799654599570831681e-02 9.319833450674020262e-03
1.352585138967544864e+01 9.866970363238508623e-01 8.927707173085781822e-05 9.235190157341079953e+00 -2.150156503322663351e-02 8.905332648571344378e-02 9.619941432815769244e-03
1.360782425936150553e+01 9.874267745173549438e-01 7.971186112793078593e-05 9.238377593532732135e+00 -2.104970396683077810e-02 8.607456593663329047e-02 1.205327480700250919e-02
1.368979712904747181e+01 9.882682883700675269e-01 6.935953326545930830e-05 9.238428397070622466e+00 -1.997643141386845969e-02 8.598295690141688485e-02 1.132839569336993590e-02
1.377176999873348251e+01 9.886624104514445399e-01 6.476041836243028038e-05 9.238884167119802981e+00 -1.947242785597196393e-02 8.281587245633130479e-02 1.324580148219300924e-02
1.385374286841953229e+01 9.896025158993053683e-01 5.443146675841725735e-05 9.250175640514349595e+00 -1.885238222940087763e-02 8.387543794731655566e-02 1.323960862667197987e-02
1.393571573810554298e+01 9.900861619195506780e-01 4.946931816757725586e-05 9.256539870702736650e+00 -1.832891434195937919e-02 8.239133997203000603e-02 1.415783137458541570e-02
1.401768860779150749e+01 9.909359870645912949e-01 4.132808700534409962e-05 9.267122327452641528e+00 -1.959589739502640496e-02 8.264081370855802522e-02 1.418665185071770439e-02
1.409966147747756438e+01 9.918821488133230391e-01 3.312916752902343720e-05 9.271678555546941425e+00 -1.952159766101585134e-02 8.111108141540043781e-02 1.457509375499410620e-02
1.418163434716356974e+01 9.918383079411275949e-01 3.348895077704902579e-05 9.266512411307926911e+00 -1.920424332827261327e-02 8.038098378403858713e-02 1.208316158402814727e-02
1.426360721684957689e+01 9.911585977392134428e-01 3.931711413919514175e-05 9.256170645899985061e+00 -1.924545991873260337e-02 7.697692839460823500e-02 1.011951553747091927e-02
1.434558008653558936e+01 9.925210743483231512e-01 2.810739421883236278e-05 9.268013072399194030e+00 -1.922834297436739823e-02 7.988101810993800123e-02 1.160237608912570960e-02
1.442755295622160538e+01 9.928454347586452844e-01 2.571663620990448373e-05 9.268530756614984156e+00 -1.941531936993573168e-02 8.016804733063721822e-02 9.078693069391831350e-03
1.450952582590759832e+01 9.933869022022230322e-01 2.196341560337187332e-05 9.277657260548826557e+00 -2.006471436224784022e-02 7.881456821199196716e-02 8.066250823897133312e-03
1.459149869559361434e+01 9.937486444330804192e-01 1.962154010388180575e-05 9.277966295327811252e+00 -1.983464726109013948e-02 7.988544495602648010e-02 9.359146099582563161e-03
1.467347156527963037e+01 9.941725481656439323e-01 1.704585228906943528e-05 9.284662325289859908e+00 -2.041854280636102095e-02 8.116467968223649299e-02 9.891782288897435493e-03
1.475544443496562863e+01 9.950803150306144484e-01 1.214148799842836024e-05 9.289603011902395124e+00 -2.018676840244735052e-02 8.059860106683325309e-02 1.017996417958987390e-02
1.483741730465163933e+01 9.952745366837338903e-01 1.120030011128158448e-05 9.291660181929069395e+00 -1.962546430812859080e-02 8.129688058037064236e-02 9.837372292763804996e-03
1.491939017433769799e+01 9.957000902098959161e-01 9.271198524799829921e-06 9.290316395837891150e+00 -1.956066200237202221e-02 8.031958084352741611e-02 5.505062490195693735e-03
1.500136304402365361e+01 9.967024274946584272e-01 5.448974437099497747e-06 9.301507480586087340e+00 -1.924994975031690467e-02 7.995637198374716537e-02 9.448928991354726276e-03
1.508333591370967142e+01 9.973658417250734765e-01 3.475499594342637555e-06 9.300190840553925753e+00 -1.855112430436381063e-02 7.903064762950032240e-02 1.140754015332613724e-02
1.516530878339572475e+01 9.986470484438869644e-01 9.160653111446245833e-07 9.312432124467818539e+00 -1.838407371301096008e-02 8.171464211079737527e-02 1.075859637721382316e-02
1.524728165308174077e+01 9.992519899044516318e-01 2.798991384793305531e-07 9.324090976989742430e+00 -1.941855866910569342e-02 8.228877308845453098e-02 1.019978176144014509e-02
1.532925452276769818e+01 9.995916305560482717e-01 8.340550899048728220e-08 9.323143373754767538e+00 -1.974737500415275557e-02 8.141077909883022434e-02 1.154648255666192343e-02
1.541122739245375683e+01 9.991493642187769808e-01 3.619959151589810867e-07 9.326004876139364796e+00 -2.009404556351568338e-02 8.079198004031606928e-02 1.215386030314534981e-02
1.549320026213976753e+01 9.999999895866524824e-01 5.421890320854788549e-17 9.325333877903290158e+00 -2.113536413493441457e-02 8.177111524276349519e-02 1.220718095260493741e-02
1.557517313182575869e+01 1.000630873527714293e+00 1.989170473825577906e-07 9.329302327429907393e+00 -1.996407051417440834e-02 8.067777354881600083e-02 1.220579934773942388e-02
1.565714600151178004e+01 1.000621272687523433e+00 1.929099804652079433e-07 9.326787501128936952e+00 -1.993679274059072595e-02 8.148016604980710953e-02 9.438386739484043442e-03
1.573911887119779962e+01 1.000693402561703138e+00 2.402924830888393537e-07 9.331037076121232232e+00 -2.099176500064671089e-02 8.154324866857114162e-02 7.683926416566152010e-03
1.582109174088378190e+01 1.000849275575045105e+00 3.604304457707459622e-07 9.337583645388095377e+00 -2.051632488436966328e-02 7.975098878950093173e-02 9.377372990582442600e-03
1.590306461056980503e+01 1.000674005944802492e+00 2.270399950049170612e-07 9.329746676494549362e+00 -2.125627803707543298e-02 8.002527304719778134e-02 1.029407564768457066e-02
1.598503748025582638e+01 1.001829413750593423e+00 1.671339265191642068e-06 9.339232356944487279e+00 -2.134554622434302329e-02 8.076997134838781456e-02 1.312451496664717235e-02
1.606701034994181398e+01 1.002921647259133575e+00 4.259716444400714341e-06 9.349470752055264455e+00 -2.210800408026391758e-02 8.189878063034146394e-02 1.459038620033816999e-02
1.614898321962783001e+01 1.004230751398409893e+00 8.924466087202251319e-06 9.356909074396208226e+00 -2.215617215871827986e-02 8.145139210202728686e-02 1.214496342562528496e-02
1.623095608931389222e+01 1.005279158373059811e+00 1.388590740035357957e-05 9.360420140515875786e+00 -2.183970274886683216e-02 8.159799343548540529e-02 1.212758838164850611e-02
1.631292895899983719e+01 1.005506965068221348e+00 1.510789175603825113e-05 9.366753859205253718e+00 -2.138362507970380591e-02 8.345817733444059472e-02 1.056842773402376541e-02
