-4.365154084352969477e+01 1.197791994122848536e+00 1.731213711491952356e-02 1.000000000000000000e+00 -8.897954092040693663e-04 1.863342358225294950e-03 1.958162540420986877e-03
-4.336053057122851584e+01 1.172913052579397375e+00 1.342260962860969409e-02 1.321277897190107353e+00 -1.000880813057761914e-02 6.516180950771077729e-02 1.246151661119913878e-02
-4.306952029892706690e+01 1.155147895791236445e+00 1.091951171086308348e-02 1.626868298728571638e+00 -1.660082669699949193e-02 9.331986549346518722e-02 1.519091393347803132e-02
-4.277851002662541191e+01 1.142579553657105729e+00 9.291081085302632658e-03 1.914018105638653156e+00 -2.110626262659242094e-02 1.198118783839501045e-01 1.236416294256277755e-02
-4.248749975432374271e+01 1.134984186803076556e+00 8.365468298857536844e-03 2.187904590967065577e+00 -2.118165910563943322e-02 1.368971352591062118e-01 9.524584362520639377e-03
-4.219648948202207350e+01 1.131610344079324593e+00 7.968642566493225332e-03 2.445331735466296674e+00 -2.087902174605642605e-02 1.479081531598554489e-01 8.516255557938551615e-03
-4.190547920972215223e+01 1.131445999605510400e+00 7.949539261385862865e-03 2.688569170748089210e+00 -1.820122936255040222e-02 1.582258013572565569e-01 5.494242646274921475e-03
-4.161446893742306941e+01 1.132532747289060504e+00 8.076253403535627040e-03 2.904189900720344220e+00 -1.501493249430102019e-02 1.679891645112471243e-01 1.040867299895747999e-03
-4.132345866512399368e+01 1.135386985646401170e+00 8.413436308846444778e-03 3.100086922106758625e+00 -1.276518255870386261e-02 1.775231332600088474e-01 -1.747463334298224834e-03
-4.103244839282490375e+01 1.139569758749482409e+00 8.918972183837220458e-03 3.283635693765202035e+00 -9.288148653316948694e-03 1.856546806328718546e-01 -3.929950739418383056e-03
-4.074143812052582803e+01 1.145316427381743551e+00 9.635472762852814732e-03 3.443882084354731976e+00 -6.091092921125505939e-03 1.973674109043947744e-01 -3.415321375088583699e-03
-4.045042784822674520e+01 1.149071489687128800e+00 1.011727370718476515e-02 3.577264755123153339e+00 -3.375811882550671262e-03 2.000125199764669348e-01 -5.007998749909375533e-03
-4.015941757592766947e+01 1.152731955795782248e+00 1.059721699446053433e-02 3.689758869746343262e+00 1.154011775912344616e-06 2.054589042623970740e-01 -1.015920603947016720e-02
-3.986840730362859375e+01 1.158742370726707049e+00 1.140711690507592579e-02 3.796993929248769550e+00 4.186599199626789107e-03 2.139670323159475196e-01 -1.139741912548482630e-02
-3.957739703132951092e+01 1.163394586642441553e+00 1.205248720804538709e-02 3.887977928988294529e+00 6.937163233007842718e-03 2.148224734374691303e-01 -1.093889526916740074e-02
-3.928638675903044231e+01 1.168386145366388629e+00 1.276271168820461432e-02 3.968413223658892708e+00 9.204732374407442741e-03 2.185658221984482508e-01 -1.176570322935061551e-02
-3.899537648673135948e+01 1.172470708710193987e+00 1.335746959423203539e-02 4.031850841676281050e+00 1.110693226426285284e-02 2.253837634572944670e-01 -1.372965653305492119e-02
-3.870436621443226954e+01 1.176401647131796180e+00 1.394131928903796780e-02 4.085711866915765711e+00 1.312708654448597502e-02 2.229519899308437247e-01 -1.305231595233955454e-02
-3.841335594213319382e+01 1.181295778743416403e+00 1.468382517675578813e-02 4.128590298995711727e+00 1.642308952343995987e-02 2.264646420698650797e-01 -1.239233866153476721e-02
-3.812234566983411810e+01 1.185993876232845912e+00 1.541273904935588912e-02 4.170025944433436216e+00 1.835811890063247798e-02 2.197257230121244520e-01 -1.675924356060928128e-02
-3.783133539753504238e+01 1.189873336066436860e+00 1.602647488847264157e-02 4.198052956927467605e+00 1.984511528437479799e-02 2.196083835324089129e-01 -1.452177864443582843e-02
-3.754032512523593823e+01 1.193998937269339367e+00 1.669081235850489175e-02 4.231590830501156475e+00 2.189324457307943728e-02 2.257452237873164291e-01 -1.449940517594304826e-02
-3.724931485292984235e+01 1.195651316279441101e+00 1.696024482988078841e-02 4.243976490722243256e+00 2.275787019796329108e-02 2.259863341786450264e-01 -1.651854328065128011e-02
-3.695830458062041401e+01 1.196229560448702545e+00 1.705498316392065061e-02 4.244370809838179603e+00 2.319942444287080227e-02 2.336545821622726671e-01 -1.955590878080360959e-02
-3.666729430831100700e+01 1.197609367331704533e+00 1.728199148575243482e-02 4.251485532413152413e+00 2.427098043755647819e-02 2.303521034003510604e-01 -2.097746991905603819e-02
-3.637628403600160709e+01 1.199954213994987473e+00 1.767081293313063628e-02 4.257342758801157423e+00 2.638824817020275770e-02 2.254923043278712902e-01 -1.764622452114661053e-02
-3.608527376369220008e+01 1.199509502531665772e+00 1.759677718817936887e-02 4.253824192385613046e+00 2.622661115510227167e-02 2.294927165573645567e-01 -1.518020647781521265e-02
-3.579426349138276464e+01 1.201293461231296211e+00 1.789460057817024441e-02 4.255424546619330783e+00 2.578947783814710196e-02 2.317449071692749274e-01 -1.705300884320380336e-02
-3.550325321907336473e+01 1.200285027403698024e+00 1.772597597741129571e-02 4.241256788917365128e+00 2.567990432930759848e-02 2.333046256159000131e-01 -1.520287226182204070e-02
-3.521224294676395772e+01 1.201532110112895735e+00 1.793460925447951104e-02 4.244377999708219384e+00 2.435250837572722205e-02 2.335529942440360829e-01 -1.846250607641115177e-02
-3.492123267445455070e+01 1.203151354617857161e+00 1.820711122683893457e-02 4.251457166473663563e+00 2.520463678854642162e-02 2.302315979873458263e-01 -1.671653142265385264e-02
-3.463022240214511527e+01 1.203659570745073681e+00 1.829301238995562073e-02 4.255885658330863741e+00 2.303581108092139090e-02 2.364735021335185039e-01 -1.926644960285323407e-02
-3.433921212983570825e+01 1.204763099431819473e+00 1.848014979901022037e-02 4.267295645359353351e+00 2.416596380813716000e-02 2.414054633243458425e-01 -1.938105094463003081e-02
-3.404820185752631545e+01 1.206421177854513305e+00 1.876290514941161836e-02 4.274798566066521310e+00 2.598893422900086514e-02 2.375051117497021247e-01 -1.944938179606019862e-02
-3.375719158521691554e+01 1.207491184864926126e+00 1.894637866588463893e-02 4.277795214763426834e+00 2.508265230683804151e-02 2.398746751557061796e-01 -1.620354921469838172e-02
-3.346618131290748721e+01 1.206833767884922359e+00 1.883355863046645706e-02 4.277892027174945433e+00 2.408812158919497459e-02 2.341441474907791365e-01 -1.406957038858435566e-02
-3.317517104059808730e+01 1.205814255948053582e+00 1.865918613165976070e-02 4.265644249622641659e+00 2.404968296559225477e-02 2.343590398603916103e-01 -1.527993327853395533e-02
-3.288416076828865187e+01 1.207983139628211022e+00 1.903099747440600842e-02 4.272674071056186129e+00 2.376120892739425755e-02 2.312452849388996201e-01 -1.670869220653223991e-02
-3.259315049597924485e+01 1.209116723673437255e+00 1.922661106541415088e-02 4.271128235722227551e+00 2.668580817452085446e-02 2.349812041404279739e-01 -1.750879748774090972e-02
-3.230214022366981652e+01 1.207855306600691625e+00 1.900899356624535796e-02 4.265426987174453011e+00 2.643745936341822603e-02 2.351361856756951363e-01 -1.526186541967654298e-02
-3.201112995136041661e+01 1.208217953233948538e+00 1.907144513339312231e-02 4.268298945193180316e+00 2.580500510465279576e-02 2.354645529155396377e-01 -1.709805284248649623e-02
-3.172011967905102381e+01 1.206918851850432128e+00 1.884814327069381235e-02 4.256074563806357958e+00 2.701209637082581730e-02 2.403633034012672698e-01 -1.638074306026244403e-02
-3.142910940674162390e+01 1.206119272857676172e+00 1.871127989260865099e-02 4.252762098052069284e+00 2.681393054177613061e-02 2.390830427807292546e-01 -1.440714183507111473e-02
-3.113809913443220267e+01 1.205296010420867869e+00 1.857082184416289361e-02 4.252516602518068289e+00 2.577117676894329426e-02 2.373720913487659401e-01 -1.836355262175027800e-02
-3.084708886212280632e+01 1.205182260105059022e+00 1.855145140083344635e-02 4.256408216907189512e+00 2.587066593932884143e-02 2.392485061681196290e-01 -2.084079514441132541e-02
-3.055607858981334601e+01 1.205917511697739419e+00 1.867681399259432662e-02 4.257119807754579988e+00 2.496928923872000425e-02 2.400212193339969491e-01 -1.933019828593994516e-02
-3.026506831750394610e+01 1.206745254810666967e+00 1.881839146571953614e-02 4.261693650422860635e+00 2.404232092180533936e-02 2.416361445293256360e-01 -2.011164994300668543e-02
-2.997405804519452843e+01 1.205916708177789065e+00 1.867667678705622891e-02 4.253479735035617715e+00 2.492422991396068752e-02 2.471364045386955643e-01 -1.807634554330482882e-02
-2.968304777288513208e+01 1.204823772049231412e+00 1.849046306383531069e-02 4.252143195607782644e+00 2.454277765738848219e-02 2.382904031666617239e-01 -1.872381721533121837e-02
-2.939203750057573217e+01 1.204879147039612519e+00 1.849987803984934343e-02 4.253694400911433249e+00 2.447305222994963780e-02 2.426321265855014564e-01 -1.971310792177545859e-02
-2.910102722826633581e+01 1.206774440642257584e+00 1.882339201169011544e-02 4.266903887754177838e+00 2.384848007484057647e-02 2.372974512709507544e-01 -1.765332172258485266e-02
-2.881001695595692169e+01 1.208274974475606722e+00 1.908127298912007386e-02 4.273456794418593496e+00 2.388068810249165119e-02 2.424520715501596868e-01 -1.877807061290735421e-02
-2.851900668364751823e+01 1.206126159332187475e+00 1.871245677022784215e-02 4.254546490612508336e+00 2.638352633416764584e-02 2.446880291146316944e-01 -1.827251820194405324e-02
-2.822799641133804371e+01 1.207660262248097860e+00 1.897544215166699355e-02 4.261517765556634529e+00 2.767842608373460855e-02 2.493042838394435856e-01 -1.895170953342095385e-02
-2.793698613902864736e+01 1.206218197461701447e+00 1.872818893678970809e-02 4.251103687435097811e+00 2.837537650624218782e-02 2.387067122928244467e-01 -1.253167192157486273e-02
-2.764597586671923679e+01 1.207032327924933979e+00 1.886760246901675320e-02 4.254501724231863236e+00 2.967416415306242672e-02 2.388771550223055262e-01 -1.538760342797675443e-02
-2.735496559440984043e+01 1.205872677517624281e+00 1.866915898363660786e-02 4.246994053889361354e+00 2.789393475252264706e-02 2.395672733172391489e-01 -1.960965584384734284e-02
-2.706395532210043342e+01 1.205967748080092106e+00 1.868539301819149845e-02 4.247817886897344408e+00 2.634438056110433024e-02 2.379610210505857526e-01 -1.935197187557586782e-02
-2.677294504979104417e+01 1.205090280480876075e+00 1.853579478384470569e-02 4.244555117834725166e+00 2.586960862827309554e-02 2.335130000320852495e-01 -1.744871474436488282e-02
-2.648193477748161584e+01 1.204175255371334519e+00 1.838035813802424423e-02 4.245332499226422307e+00 2.540402409154083468e-02 2.384163331113272055e-01 -1.978185632489891377e-02
-2.619092450517223725e+01 1.204112304889061624e+00 1.836968586648166091e-02 4.236872413005086102e+00 2.789271426396015136e-02 2.354267172637349859e-01 -1.794277475136638045e-02
-2.589991423286274852e+01 1.203546335330005768e+00 1.827385734820821672e-02 4.236255611636560836e+00 2.819144211244663245e-02 2.370078974786994641e-01 -1.841859632565593513e-02
-2.560890396055337348e+01 1.204193391951562164e+00 1.838343341918693974e-02 4.242608652956024962e+00 2.743061694647815768e-02 2.378167843576950991e-01 -1.921196229955530674e-02
-2.531789368824393804e+01 1.204189753324420575e+00 1.838281642682862427e-02 4.243696525225871596e+00 2.526634481510590252e-02 2.387713227389060555e-01 -2.080881506270804496e-02
-2.502688341593457011e+01 1.203398115453710560e+00 1.824879766901210676e-02 4.241809268296174551e+00 2.524475687570917198e-02 2.343448022478104020e-01 -1.993404887778707155e-02
-2.473587314362515244e+01 1.203258070877255115e+00 1.822513413394422077e-02 4.249658099405198897e+00 2.435041216104638986e-02 2.341099810536880488e-01 -1.923579450807361146e-02
-2.444486287131572411e+01 1.202952830278287033e+00 1.817360413071722469e-02 4.244235472545084598e+00 2.500810563610018564e-02 2.337348588787378501e-01 -1.818195969801859532e-02
-2.415385259900634907e+01 1.202795762122512269e+00 1.814711333992072295e-02 4.243777989083748814e+00 2.560313282376195168e-02 2.352744920480700219e-01 -1.809913017549014125e-02
-2.386284232669691363e+01 1.203684668273676595e+00 1.829725911691826301e-02 4.249545773418871519e+00 2.535682003102942422e-02 2.361200256886032411e-01 -1.871138282582689508e-02
-2.357183205438749241e+01 1.203344775398103472e+00 1.823978312554722092e-02 4.252084093580156932e+00 2.550605822676738424e-02 2.398101286131650023e-01 -1.735385669032745576e-02
-2.328082178207805697e+01 1.203613353456575608e+00 1.828519314767748649e-02 4.257452678944953384e+00 2.510935977932036642e-02 2.384033679126730809e-01 -1.590494780568060124e-02
-2.298981150976868904e+01 1.204352758550010227e+00 1.841046574731391994e-02 4.259335441736932459e+00 2.467631908130558938e-02 2.399095424444950830e-01 -1.759090696107181925e-02
-2.269880123745925360e+01 1.203093235001551742e+00 1.819729893271301857e-02 4.250152768532307945e+00 2.448139044528496733e-02 2.328945385075654462e-01 -1.708868574864675499e-02
-2.240779096514981461e+01 1.202756420347847577e+00 1.814048070784282651e-02 4.253976596172694968e+00 2.631046972470469508e-02 2.310178330169263827e-01 -1.517416646515080438e-02
-2.211678069284046089e+01 1.203171192961590030e+00 1.821046105472154397e-02 4.253042616639015172e+00 2.658394330960657873e-02 2.296145103377464081e-01 -1.561531889786431197e-02
-2.182577042053100769e+01 1.203292279346705129e+00 1.823091313841410099e-02 4.255616843677914041e+00 2.583151716021762911e-02 2.356150886499591424e-01 -1.946987480725922634e-02
-2.153476014822166107e+01 1.203477040040737522e+00 1.826213963795014772e-02 4.256908316287029592e+00 2.511591630219592655e-02 2.334153412149992946e-01 -1.855302224445841766e-02
-2.124374987591216168e+01 1.203842141237638552e+00 1.832391487580120604e-02 4.258284598476132388e+00 2.539225898803745135e-02 2.351391450720273502e-01 -1.895020205234470428e-02
-2.095273960360281507e+01 1.204408350664504024e+00 1.841989959871470628e-02 4.265279554403852202e+00 2.499976866669517683e-02 2.405040189702141173e-01 -1.819711523367752853e-02
-2.066172933129335831e+01 1.205429972266351513e+00 1.859364551253012143e-02 4.266738093731415660e+00 2.644887359590304687e-02 2.385504131200165689e-01 -1.657259224004424547e-02
-2.037071905898401525e+01 1.206208569668445474e+00 1.872654297609105400e-02 4.275330657452628635e+00 2.569852611076557311e-02 2.361334566417813419e-01 -1.652881302795818075e-02
-2.007970878667456560e+01 1.206425040736249343e+00 1.876356610165355598e-02 4.270000229944347581e+00 2.643815178177960287e-02 2.361345007958646491e-01 -1.512128572288365218e-02
-1.978869851436511240e+01 1.207391047042660537e+00 1.892917476147215616e-02 4.275320467910094457e+00 2.699709443605477141e-02 2.395830429279028340e-01 -1.802199444926615851e-02
-1.949768824205576578e+01 1.206790706519851542e+00 1.882617917493212278e-02 4.270580090362084746e+00 2.826164714261001493e-02 2.418589106252586607e-01 -2.004318593983792779e-02
-1.920667796974630903e+01 1.205096455242267606e+00 1.853684565894145320e-02 4.269144405797749897e+00 2.753301571453803040e-02 2.377901557588696368e-01 -1.741483593902746693e-02
-1.891566769743692333e+01 1.203405234104223398e+00 1.825000087943370874e-02 4.257770440119424293e+00 2.754766267529972293e-02 2.363313229028877749e-01 -1.740930892678289876e-02
-1.862465742515744438e+01 1.205120321810230655e+00 1.854090772783115182e-02 4.267575546174605883e+00 2.777418384477742946e-02 2.416908417664039022e-01 -1.990945481482435733e-02
-1.833364715288944069e+01 1.205898976439532921e+00 1.867364910630295305e-02 4.270694222240431159e+00 2.644592310791565176e-02 2.433381088301078132e-01 -1.963480862573723298e-02
-1.804263688062126647e+01 1.204103036164196672e+00 1.836811472970775738e-02 4.262932986225504983e+00 2.574568101039273124e-02 2.401721988720164069e-01 -1.820173242665236099e-02
-1.775162660835321660e+01 1.202188825123639004e+00 1.804490889939891485e-02 4.250160022360500278e+00 2.527373213726093540e-02 2.417644671036071058e-01 -1.565608896626529203e-02
-1.746061633608517383e+01 1.202616460566795054e+00 1.811689355435336379e-02 4.255874505579694045e+00 2.580054085278815634e-02 2.372326142860449738e-01 -1.853277538785824685e-02
-1.716960606381703514e+01 1.203523543902946802e+00 1.827000299252906634e-02 4.264557466011461351e+00 2.661456418090327181e-02 2.412944552848175772e-01 -1.873084224090424549e-02
-1.687859579154899592e+01 1.204179856850238650e+00 1.838113835412474861e-02 4.268492631929492909e+00 2.735112157798400001e-02 2.392180592138860029e-01 -1.615498884786715009e-02
-1.658758551928094249e+01 1.205849369324367482e+00 1.866517987789886868e-02 4.272373762586177293e+00 2.796524948210481545e-02 2.354098078261609994e-01 -1.925663208409493857e-02
-1.629657524701276472e+01 1.206558652496969142e+00 1.878643383933575883e-02 4.275637775216587499e+00 2.812742913856933202e-02 2.345528253347764769e-01 -2.095080550600194463e-02
-1.600556497474476814e+01 1.204893082802893645e+00 1.850224776123762793e-02 4.261307209883074876e+00 2.696248477278131994e-02 2.360831761922898842e-01 -1.930220614707650259e-02
-1.571455470247657793e+01 1.204708946049853902e+00 1.847094683020775174e-02 4.260977284436013868e+00 2.719189260898009081e-02 2.364035550981136435e-01 -1.891542312371786994e-02
-1.542354443020853694e+01 1.205572991602716026e+00 1.861802597646225466e-02 4.268013510767436181e+00 2.608024891453048985e-02 2.360854579455065327e-01 -2.010895849502516985e-02
-1.513253415794050127e+01 1.203891215383296798e+00 1.833222525039643336e-02 4.261757320762808554e+00 2.471310623859540936e-02 2.357322085278142076e-01 -2.016264103585149389e-02
-1.484152388567234482e+01 1.203814549972561876e+00 1.831924321149536183e-02 4.256245503261979479e+00 2.628686914312264311e-02 2.332255055178912850e-01 -1.969355719258390758e-02
-1.455051361340431448e+01 1.203631660575228857e+00 1.828829024944678139e-02 4.256001129157236385e+00 2.691974828467455505e-02 2.369792711069748370e-01 -1.834296647786549939e-02
-1.425950334113627349e+01 1.204559367108425594e+00 1.844553748898841716e-02 4.256140775506326968e+00 2.888435916996994271e-02 2.353722294595048947e-01 -1.733801839284503446e-02
-1.396849306886807796e+01 1.204063554500709454e+00 1.836142287706155063e-02 4.252301390298101502e+00 2.814873097852910178e-02 2.365831270623653670e-01 -1.620455823810344753e-02
-1.367748279660008670e+01 1.204250387831801827e+00 1.839309925109522403e-02 4.251055852318397221e+00 2.762078640344166336e-02 2.390804507497837628e-01 -2.075103525797226955e-02
-1.338647252433189294e+01 1.204501869042327478e+00 1.843577425440576234e-02 4.256477795067207914e+00 2.724876919443118203e-02 2.414179954813296114e-01 -1.989106112067009352e-02
-1.309546225206385728e+01 1.205146857696876239e+00 1.854542457287647328e-02 4.261405708712198148e+00 2.519630187416782921e-02 2.416761466467699238e-01 -1.814596891084988006e-02
-1.280445197979582694e+01 1.204337219404202353e+00 1.840782917174157984e-02 4.261578998314071498e+00 2.442652016688359046e-02 2.418981169662197395e-01 -1.590106274629461691e-02
-1.251344170752766516e+01 1.204928100279291314e+00 1.850820293488356083e-02 4.266076804561786062e+00 2.482396647814976223e-02 2.426716242436023629e-01 -1.640547174406699338e-02
-1.222243143525963482e+01 1.205663499660154070e+00 1.863346212966485171e-02 4.271356372164171411e+00 2.433595397147192765e-02 2.445354034780869434e-01 -1.712166237641721267e-02
-1.193142116299159916e+01 1.206321703309327864e+00 1.874588824695172518e-02 4.274550467379590657e+00 2.661478049734138443e-02 2.384242266235463981e-01 -1.763117454773924578e-02
-1.164041089072340363e+01 1.205425929639154736e+00 1.859295657162673976e-02 4.273142822157413256e+00 2.668947261282780467e-02 2.390816347074925241e-01 -1.654820319691371541e-02
-1.134940061845540704e+01 1.203249043077121661e+00 1.822360915819981608e-02 4.257539929926223543e+00 2.687789151862897408e-02 2.423034983795349095e-01 -1.798262416312311832e-02
-1.105839034618720618e+01 1.202600620468337267e+00 1.811422490605940627e-02 4.253819222546733059e+00 2.869983332571693357e-02 2.391618883184440381e-01 -1.943804358818870121e-02
-1.076738007391918828e+01 1.203631515836584009e+00 1.828826576241901480e-02 4.264173944564721985e+00 2.913257267548286303e-02 2.341348831303178002e-01 -1.727491284405591535e-02
-1.047636980165114728e+01 1.202275318131657222e+00 1.805945822025661895e-02 4.258385935691767266e+00 2.699401354162116878e-02 2.355420162360125913e-01 -1.933798401425685515e-02
-1.018535952938298017e+01 1.201307722299784997e+00 1.789699028940947012e-02 4.245203291220239095e+00 2.612898262992158216e-02 2.363302789950865179e-01 -1.928438464297574026e-02
-9.894349257114933849e+00 1.203089999883439898e+00 1.819675281855145932e-02 4.254829411783552118e+00 2.561934234758432224e-02 2.386106162240548001e-01 -1.908982872169513734e-02
-9.603338984846924831e+00 1.201265132375664901e+00 1.788985396166350994e-02 4.245915358160466724e+00 2.368580067068299516e-02 2.380855110789961149e-01 -1.973020952335944808e-02
-9.312328712578723966e+00 1.202329692227186664e+00 1.806860734511148148e-02 4.259360605734833882e+00 2.326936488813963547e-02 2.414002908993392593e-01 -1.930209966567734622e-02
-9.021318440310700737e+00 1.201148165670193002e+00 1.787026159695093153e-02 4.256292905442479402e+00 2.332209744104463134e-02 2.384418373301506744e-01 -1.826725782751193253e-02
-8.730308168042549610e+00 1.202186935556539771e+00 1.804459110583869763e-02 4.263703920460566898e+00 2.405456011471982652e-02 2.432278906045074462e-01 -1.725258137193468391e-02
-8.439297895774497960e+00 1.204930534804844688e+00 1.850861698876452022e-02 4.279550530344538473e+00 2.377718040158747700e-02 2.349744425096916278e-01 -1.764958057984792467e-02
-8.148287623506439203e+00 1.204700437658801748e+00 1.846950107542630337e-02 4.275941338598771679e+00 2.532901538747171083e-02 2.352221531605098448e-01 -1.927459499713275737e-02
-7.857277351238332486e+00 1.204627009899079892e+00 1.845702622587780395e-02 4.272889280593036965e+00 2.660284672695608504e-02 2.379726692003877875e-01 -1.936143998468856098e-02
-7.566267078970275506e+00 1.204996276133076361e+00 1.851979954122789929e-02 4.270834394097372311e+00 2.685245403797660232e-02 2.379063318764526591e-01 -1.808535757681103279e-02
-7.275256806702206980e+00 1.204826602695584059e+00 1.849094428524042377e-02 4.267931416834398028e+00 2.667567506770882058e-02 2.415312926718964359e-01 -1.747982989903281922e-02
-6.984246534434088716e+00 1.205268938168243764e+00 1.856621092587545929e-02 4.276316945914484080e+00 2.488616524568222632e-02 2.404900154973599047e-01 -2.071363576437921725e-02
-6.693236262166047723e+00 1.203180624875848981e+00 1.821205378753654180e-02 4.270146804533179186e+00 2.478421134761824018e-02 2.349721937314776798e-01 -1.870387190669921956e-02
-6.402225989897836200e+00 1.202928515335520476e+00 1.816950210727166781e-02 4.262859283938526644e+00 2.634251268168465165e-02 2.381003284734188041e-01 -1.802696358069402760e-02
-6.111215717629867150e+00 1.203872026777735416e+00 1.832897559200874493e-02 4.266453129919708154e+00 2.666265680923139356e-02 2.404612468321528362e-01 -1.823221672297221235e-02
-5.820205445361793295e+00 1.201851701176904985e+00 1.798824940012797025e-02 4.254695092514740651e+00 2.833117685308692707e-02 2.383900465986858452e-01 -1.763707564580592815e-02
-5.529195173093609306e+00 1.200970258437032756e+00 1.784047964495924510e-02 4.251540554426422425e+00 2.692379793822216594e-02 2.415639600672815912e-01 -1.935966383041219652e-02
-5.238184900825529233e+00 1.201346295865174607e+00 1.790345472456117415e-02 4.246701896899914175e+00 2.535318088658613384e-02 2.401331988147283880e-01 -1.931054413628068012e-02
-4.947174628557577059e+00 1.201583985539938171e+00 1.794331121425221665e-02 4.247912645606767512e+00 2.668060991287706310e-02 2.396809209751046277e-01 -2.015350233407846650e-02
-4.656164356289359318e+00 1.202752473016370116e+00 1.813981528605887461e-02 4.258101184881412316e+00 2.660571701773336781e-02 2.427414401334513638e-01 -2.063598613795286987e-02
-4.365154084021307668e+00 1.202966983186233296e+00 1.817599196830060881e-02 4.260857884481987767e+00 2.685997614479418774e-02 2.452509656843886998e-01 -2.353516136641473078e-02
-4.074143811753216937e+00 1.202351248009605467e+00 1.807223494249857176e-02 4.260676296453808298e+00 2.785357044869203602e-02 2.394198621763235779e-01 -2.213103963888909259e-02
-3.783133539485137753e+00 1.203076700666396270e+00 1.819450787887000320e-02 4.265909993284068946e+00 2.609367168401409767e-02 2.392113111780929668e-01 -2.110745487356445113e-02
-3.492123267217052796e+00 1.204721745343345640e+00 1.847312179361390583e-02 4.277481336946901358e+00 2.542399890868980716e-02 2.407739766237871892e-01 -1.739971548676006244e-02
-3.201112994949000701e+00 1.206334422373301907e+00 1.874806369151912899e-02 4.284853719902216973e+00 2.493772240553471242e-02 2.397558139822447143e-01 -1.722056290210245352e-02
-2.910102722680915743e+00 1.206690628634437434e+00 1.880903367769418133e-02 4.282995518491265585e+00 2.509540910548158435e-02 2.404497690193932169e-01 -1.689442376359422127e-02
-2.619092450412819684e+00 1.206912325151080267e+00 1.884702432264953598e-02 4.277358981892962042e+00 2.536456338815032407e-02 2.393422006915658651e-01 -1.864260556225455848e-02
-2.328082178144762260e+00 1.206404279580296945e+00 1.876001391757337045e-02 4.274133467578996814e+00 2.522805137857677543e-02 2.474620201477116810e-01 -1.999575154556204257e-02
-2.037071905876688405e+00 1.206449686223896700e+00 1.876778327002445734e-02 4.269147383569410259e+00 2.718378655715869216e-02 2.496086916532133104e-01 -2.035959308405480006e-02
-1.746061633608471331e+00 1.206502779104992040e+00 1.877686958085636459e-02 4.267383733999031037e+00 2.801707671308090522e-02 2.466677417786290738e-01 -1.813337864879620981e-02
-1.455051361340546023e+00 1.206932535801964912e+00 1.885048936472391579e-02 4.266287949523397849e+00 2.613821084313813423e-02 2.457899516230441506e-01 -1.892833309187780602e-02
-1.164041089072444635e+00 1.206545751280751144e+00 1.878422525307438251e-02 4.267564469630097612e+00 2.587748560642372589e-02 2.501477640479013442e-01 -1.875079446749678205e-02
-8.730308168042438810e-01 1.207293729257441051e+00 1.891246193655835017e-02 4.270408072735788707e+00 2.683941723531975410e-02 2.447761807474284623e-01 -2.009284852852348882e-02
-5.820205445361423813e-01 1.208547404412761539e+00 1.912825819298505370e-02 4.271317645656290907e+00 2.863951104838093759e-02 2.452284403810532920e-01 -1.905497319491992331e-02
-2.910102722682227361e-01 1.207607917358561433e+00 1.896644225378540938e-02 4.265244087476658841e+00 2.658562826012719413e-02 2.482944462264099206e-01 -1.931584963657256848e-02
0.000000000000000000e+00 1.206495429740706449e+00 1.877561169584221479e-02 4.260535906999912470e+00 2.579520212900814069e-02 2.466472416389522970e-01 -1.655793629029740643e-02
