-3.634685368806268002e+01 1.203724957405627682e+00 1.830407730854818893e-02 1.000000000000000000e+00 -1.759337409508421291e-04 -3.002585190456952290e-04 -3.939220178834612596e-04
-3.610454133013531930e+01 1.105228632671009681e+00 5.176411709097453184e-03 1.453379789301778580e+00 5.899946253636371984e-03 5.929724439775481415e-02 4.128753986785806823e-02
-3.586222897220800121e+01 1.048529592539474864e+00 1.140797887431856117e-03 1.954731168406251607e+00 9.165520490169354675e-03 9.436385490275871202e-02 5.564964279403967345e-02
-3.561991661428069023e+01 1.018621151305122874e+00 1.712509776140187789e-04 2.486939335978656906e+00 1.055307961501913278e-02 1.166637511631948981e-01 6.235503604927784826e-02
-3.537760425635337924e+01 1.005439813837383012e+00 1.474234770732548577e-05 3.034209149106219972e+00 1.037706322163456547e-02 1.319394609343141345e-01 5.750468705645651879e-02
-3.513529189842606115e+01 1.004572134080722989e+00 1.042045462134894712e-05 3.590646010866290538e+00 1.313473396590343623e-02 1.451137028386745020e-01 5.201027175681254000e-02
-3.489297954049744277e+01 1.010908861406121462e+00 5.907240840015599848e-05 4.135793695351835275e+00 1.782087635453936253e-02 1.520098751417016114e-01 4.857591577792093329e-02
-3.465066718256795042e+01 1.022028117447701723e+00 2.391138648948250289e-04 4.641762269027288390e+00 2.502189197378642746e-02 1.598709353195047478e-01 4.140540032036054557e-02
-3.440835482463845096e+01 1.036782674887797517e+00 6.603385892053267869e-04 5.114546850337980288e+00 3.165093909232199326e-02 1.667539216002157099e-01 3.625931336388475701e-02
-3.416604246670895861e+01 1.054036364689605376e+00 1.409413562560253574e-03 5.550883565689008314e+00 4.256056803627051438e-02 1.715240471885794427e-01 3.406255758489080271e-02
-3.392373010877946626e+01 1.070803579437934250e+00 2.394204009630640506e-03 5.928109141130136983e+00 5.317831571689426301e-02 1.788499286630248486e-01 2.613899373114751679e-02
-3.368141775085078393e+01 1.088404453480866785e+00 3.691633793755033643e-03 6.269168156431972783e+00 6.029787197344387006e-02 1.878736475251931992e-01 2.165729201370900775e-02
-3.343910539292565431e+01 1.103799594287879327e+00 5.041189824132805142e-03 6.537431369730085429e+00 6.977494856371325993e-02 1.926360458977967594e-01 1.752858663755501797e-02
-3.319679303500053180e+01 1.117922720117889401e+00 6.450471103367549919e-03 6.757899427693120131e+00 7.777289712271563682e-02 1.986521854039388080e-01 1.217813207427883085e-02
-3.295448067707538797e+01 1.132676731388301716e+00 8.093110982434717493e-03 6.947907706600967792e+00 8.631099184106962030e-02 1.992742528825510451e-01 9.837888516563236124e-03
-3.271216831915026546e+01 1.145876817330611086e+00 9.706694055750114680e-03 7.095438120277652416e+00 9.448276931928577260e-02 2.064601355385527748e-01 7.439762843264652488e-03
-3.246985596122512163e+01 1.157714522900693321e+00 1.126670013491026801e-02 7.207833590385558153e+00 1.002571268273135807e-01 2.116126914622202815e-01 5.670368856412282520e-03
-3.222754360329998491e+01 1.167150759596767173e+00 1.258522903474654231e-02 7.284047679260247321e+00 1.068393229221145935e-01 2.202675137135570171e-01 5.387596812545457706e-03
-3.198523124537486240e+01 1.176868349262001123e+00 1.401138003339363891e-02 7.348795967266516627e+00 1.109055778062934539e-01 2.240222688847064714e-01 3.344623876018584189e-03
-3.174291888744973633e+01 1.185120205014128736e+00 1.527599674111609906e-02 7.397111389437108109e+00 1.138873257877617978e-01 2.282219987708097308e-01 -1.602415308624582804e-04
-3.150060652952459961e+01 1.192944053406679972e+00 1.651980711000311519e-02 7.438990511001127182e+00 1.175119421453744706e-01 2.383506781303305899e-01 -9.335942426620069635e-04
-3.125829417159945223e+01 1.197941736982072625e+00 1.733687204235642709e-02 7.449038451634827140e+00 1.204090063497271212e-01 2.411440210847237697e-01 -1.820776955777366835e-03
-3.101598181367103280e+01 1.202678998059020010e+00 1.812743120430132526e-02 7.451913112003423656e+00 1.204877971216358062e-01 2.372983569747021682e-01 8.612130918759708029e-04
-3.077366945573717771e+01 1.206446541345712609e+00 1.876724511661215233e-02 7.448188644676871917e+00 1.219640962422524344e-01 2.376208330033803828e-01 -3.231814142853894900e-05
-3.053135709780330131e+01 1.210226844958155468e+00 1.941902774875042814e-02 7.450899357081753216e+00 1.206782490215870529e-01 2.388149730127965276e-01 1.707131712255829372e-03
-3.028904473986946044e+01 1.211427523066584744e+00 1.962808771161017596e-02 7.441223321553511738e+00 1.225393297119184016e-01 2.418160344140499463e-01 3.015635769320313092e-04
-3.004673238193558049e+01 1.214524242911496854e+00 2.017181242255458584e-02 7.435670732998654664e+00 1.221283906254421181e-01 2.431715463347148831e-01 -1.350672192510327205e-04
-2.980442002400172896e+01 1.216357047421319004e+00 2.049668245247684983e-02 7.429674458100435253e+00 1.214027690616302779e-01 2.456590292135744369e-01 1.729594760229418143e-03
-2.956210766606788454e+01 1.216851916716986226e+00 2.058478906578994905e-02 7.414588322983288293e+00 1.245962938612776016e-01 2.474599924198483403e-01 2.580823232919003847e-03
-2.931979530813400814e+01 1.217565899241393801e+00 2.071219804460583402e-02 7.402901649846239884e+00 1.232878362369729114e-01 2.466411013632024973e-01 -4.021739724287298518e-04
-2.907748295020015661e+01 1.218182852643404646e+00 2.082256930038564602e-02 7.380435969101771576e+00 1.256191988335645382e-01 2.477090666307814326e-01 7.829228814466681740e-04
-2.883517059226631574e+01 1.219389051033185289e+00 2.103909556077199206e-02 7.374324959798312484e+00 1.251909550879613531e-01 2.475575382076307118e-01 3.859252404473723151e-04
-2.859285823433243223e+01 1.218596654176530070e+00 2.089674097701818556e-02 7.369721255809762006e+00 1.252780178144807521e-01 2.479413027231126554e-01 2.197788347174412047e-03
-2.835054587639858070e+01 1.218401595932008474e+00 2.086176347521312424e-02 7.357661776251209318e+00 1.253206561120564777e-01 2.501309154114663147e-01 2.677564696766573590e-03
-2.810823351846471851e+01 1.218323931805638694e+00 2.084784401397860032e-02 7.346016580633711435e+00 1.243744469169183742e-01 2.506488310141329334e-01 3.708460432029531302e-03
-2.786592116053085988e+01 1.218552389328189545e+00 2.088880123441000380e-02 7.344704459390904994e+00 1.240061771614713176e-01 2.512882119017328386e-01 3.949678027824079715e-03
-2.762360880259700124e+01 1.217680138386681543e+00 2.073261574959031628e-02 7.343694659051269724e+00 1.250954701076137099e-01 2.501012786889995620e-01 4.443127862281738040e-03
-2.738129644466315682e+01 1.218932131481759606e+00 2.095695810126310676e-02 7.350832875032209834e+00 1.220376258797056940e-01 2.504644463167861601e-01 2.518602076291942375e-03
-2.713898408672929108e+01 1.217112961010744510e+00 2.063133207635561850e-02 7.317256393725239505e+00 1.242161703028302339e-01 2.493476774426967857e-01 1.627858270032356215e-04
-2.689667172879542889e+01 1.215387571298096381e+00 2.032455664895729819e-02 7.313914890975767413e+00 1.212781710277037045e-01 2.473970019470686788e-01 1.078591633237937402e-03
-2.665435937086157736e+01 1.214002468197271201e+00 2.007974245060542562e-02 7.295848389516495835e+00 1.225560343046775691e-01 2.496478720175857591e-01 -2.370789968794677609e-03
-2.641204701292771873e+01 1.214285271549849332e+00 2.012962171496476826e-02 7.295063004558992148e+00 1.220086887568757883e-01 2.498172682685147472e-01 4.121567004070991833e-04
-2.616973465499383522e+01 1.215740933657780243e+00 2.038722079054863801e-02 7.301902137780419189e+00 1.229020359075619351e-01 2.475513384913954062e-01 9.558711572096290597e-04
-2.592742229706001567e+01 1.216251490529767221e+00 2.047791049978492373e-02 7.306416553610529441e+00 1.218059724283370726e-01 2.464516902194973380e-01 1.224468262634024161e-03
-2.568510993913929852e+01 1.217469140928572058e+00 2.069491153508587478e-02 7.321329197732080907e+00 1.229002044200047522e-01 2.463155081940373581e-01 -1.154404669270738806e-03
-2.544279758122291923e+01 1.217234980932798027e+00 2.065310345131091130e-02 7.334227524317964431e+00 1.193208928111401806e-01 2.496455791318197281e-01 -1.110073918959556503e-03
-2.520048522330647955e+01 1.217248849005059252e+00 2.065557849471660878e-02 7.324498170051811030e+00 1.199275403498323705e-01 2.485755777258472909e-01 1.243216106271691863e-03
-2.495817286539010382e+01 1.216293591201044411e+00 2.048539666660947889e-02 7.322633181305620909e+00 1.193179967863839536e-01 2.505452936648437934e-01 1.268082640943825161e-03
-2.471586050747366059e+01 1.216140585562614618e+00 2.045819557417169476e-02 7.318311773615979732e+00 1.183715188167599464e-01 2.491828411961544143e-01 3.763360455208000083e-03
-2.447354814955728486e+01 1.216592933961080814e+00 2.053865909494850817e-02 7.312212504997029683e+00 1.213809525867323713e-01 2.460811349567738338e-01 3.978669254714251209e-03
-2.423123579164084518e+01 1.215082573193527749e+00 2.027053723413793640e-02 7.301159902013733216e+00 1.221647085852486103e-01 2.451858001794350872e-01 5.032565372147444066e-03
-2.398892343372446945e+01 1.214540376275633493e+00 2.017466218442764969e-02 7.297844884211124317e+00 1.189286481736095552e-01 2.408091574550371428e-01 5.633893824788346189e-03
-2.374661107580802977e+01 1.216187192855269661e+00 2.046647966624967618e-02 7.317892379577406459e+00 1.174700047936835245e-01 2.492203400941346292e-01 2.220883183121013897e-03
-2.350429871789165759e+01 1.215645537942156462e+00 2.037029529493061819e-02 7.303647460976650407e+00 1.207430954284608449e-01 2.488146030862086744e-01 3.047151740849994746e-03
-2.326198635997521080e+01 1.216422234456460139e+00 2.050827890038933732e-02 7.298568300229684169e+00 1.210050758365802531e-01 2.484999123788029229e-01 6.769628347260991420e-04
-2.301967400205884218e+01 1.215656827735960510e+00 2.037229805478651956e-02 7.287374528428053999e+00 1.214170858804248382e-01 2.452452051907023367e-01 1.267278053481409776e-03
-2.277736164414239539e+01 1.217808717275128627e+00 2.075560689267150205e-02 7.305180232835587262e+00 1.210456601399782228e-01 2.445032061695990300e-01 3.652230681921680815e-03
-2.253504928622601966e+01 1.217553531095095787e+00 2.070998804180093633e-02 7.302200933032953145e+00 1.207240879284522533e-01 2.444790745119685971e-01 1.088402210250070208e-03
-2.229273692830957998e+01 1.218766722579609274e+00 2.092725825286123609e-02 7.322450124176903330e+00 1.185801946235502807e-01 2.471678187785632252e-01 1.681284898476853584e-03
-2.205042457039319359e+01 1.218306920894233647e+00 2.084479575217759728e-02 7.309074603882359966e+00 1.170783017497408762e-01 2.486996396081606886e-01 -3.990197202122658252e-04
-2.180811221247677167e+01 1.216470110541223448e+00 2.051679764583763665e-02 7.289601830468967592e+00 1.191964635321856453e-01 2.458379355211547102e-01 3.963466170893967071e-03
-2.156579985456038528e+01 1.215663116703250113e+00 2.037341372737749845e-02 7.286735312351083849e+00 1.190637705261430174e-01 2.458214356527723410e-01 4.650927253478810003e-03
-2.132348749664394205e+01 1.216132409105495471e+00 2.045674242248504693e-02 7.290559865396280870e+00 1.183498247736472359e-01 2.476920909571603546e-01 1.947957972668424914e-03
-2.108117513872755566e+01 1.217208244860462640e+00 2.064833221434583810e-02 7.301943857911627589e+00 1.204621050667313009e-01 2.480052126351552644e-01 2.414794862700213405e-03
-2.083886278081114440e+01 1.216523276172156498e+00 2.052625939230323660e-02 7.306574722032066482e+00 1.196578190563454824e-01 2.445415345283817876e-01 2.793803275534326776e-03
-2.059655042289475446e+01 1.217038570985911061e+00 2.061806398569820953e-02 7.309579824391238212e+00 1.212423510767009494e-01 2.413856452423355503e-01 3.014563372949930105e-03
-2.035423806497830768e+01 1.216597390377141652e+00 2.053945248800925771e-02 7.312248740423637372e+00 1.190965734089394906e-01 2.440908193554999217e-01 1.528914613743707039e-03
-2.011192570706191418e+01 1.215235963669251573e+00 2.029769695154684528e-02 7.299293551949111780e+00 1.225638937236855908e-01 2.439007978002751542e-01 1.431092849376936968e-03
-1.986961334914551358e+01 1.215456921105894983e+00 2.033684825493828341e-02 7.300286279874402595e+00 1.211036376374954870e-01 2.451948110395598679e-01 2.781811942972031108e-03
-1.962730099122912364e+01 1.214985014024948295e+00 2.025327144434763138e-02 7.300967257269196153e+00 1.201947947199613204e-01 2.443668943122894177e-01 1.725734559129170516e-03
-1.938498863331266975e+01 1.213732425999795250e+00 2.003216457510723081e-02 7.287834589839341959e+00 1.195129567067456516e-01 2.418415303593618726e-01 1.010207802758351708e-03
-1.914267627539627270e+01 1.212143471756299329e+00 1.975321507851615643e-02 7.267856445079839744e+00 1.176877434274614109e-01 2.424428341153694322e-01 4.820228783621794051e-04
-1.890036391747988631e+01 1.212976054706791151e+00 1.989916549472031670e-02 7.272470170697298286e+00 1.197583907150869265e-01 2.479009228048165980e-01 8.657671983053705309e-04
-1.865805155956348926e+01 1.214910946796692093e+00 2.024016750791407526e-02 7.299682845354006133e+00 1.198084187316344473e-01 2.501873548966242478e-01 1.190190599326146370e-04
-1.841573920164703893e+01 1.215988265818807701e+00 2.043113214145170220e-02 7.308366628931449505e+00 1.208694255838278914e-01 2.518449334750196278e-01 -2.870281964487653398e-04
-1.817342684373063477e+01 1.216323059801669659e+00 2.049063736382500389e-02 7.324325072367314782e+00 1.209506869015955083e-01 2.499176257395297474e-01 1.053104571273641909e-03
-1.793111448581425904e+01 1.216821386027354235e+00 2.057934858822477175e-02 7.323592252966764526e+00 1.215621380443576288e-01 2.477606082041714231e-01 2.080283776061875398e-03
-1.768880212789785844e+01 1.217095182796234187e+00 2.062816084157778618e-02 7.335997668518957404e+00 1.185428258706488353e-01 2.480677891841290283e-01 -4.804313559978679119e-05
-1.744648976998140100e+01 1.216226681988398006e+00 2.047349970886655490e-02 7.322264891656641517e+00 1.179601698584086117e-01 2.465399884095457184e-01 1.839847805591462385e-03
-1.720417741206499684e+01 1.215155949363583510e+00 2.028352742199729386e-02 7.308236904170808401e+00 1.190317284908051360e-01 2.469440982009814822e-01 -2.689701091262989424e-03
-1.696186505414862822e+01 1.214452054632151334e+00 2.015906340528811347e-02 7.302603757409576346e+00 1.183625044742086241e-01 2.496890836297963878e-01 9.960817474012162269e-04
-1.671955269623222406e+01 1.214899937745639757e+00 2.023822010945572347e-02 7.307475880328362372e+00 1.177091494050171300e-01 2.524236765801786686e-01 1.392161279276594738e-03
-1.647724033831577017e+01 1.213972050896541699e+00 2.007438085000118333e-02 7.298239865152875261e+00 1.197329414045373436e-01 2.520511583008270273e-01 2.105936386577356156e-03
-1.623492798039935892e+01 1.213696111014967327e+00 2.002577012905265574e-02 7.293332591254015895e+00 1.216550872211063367e-01 2.540851535908499881e-01 1.133987547929031720e-03
-1.599261562248300272e+01 1.213182514425478864e+00 1.993543046866805279e-02 7.286132236164981180e+00 1.230407949218894070e-01 2.519419499014785568e-01 1.179201532443873227e-03
-1.575030326456659147e+01 1.214867342734897493e+00 2.023245483751689999e-02 7.304019638373248746e+00 1.189070356271552109e-01 2.540391956374007942e-01 2.650839801059878906e-03
-1.550799090665013580e+01 1.215175577270208640e+00 2.028700287665408108e-02 7.318565003776983602e+00 1.200257578311765966e-01 2.479509816073782180e-01 4.445643759136664003e-04
-1.526567854873372099e+01 1.214279512425687324e+00 2.012860541191258124e-02 7.303126774218428707e+00 1.206786767436589386e-01 2.429270986015579226e-01 1.227095070375287074e-03
-1.502336619081737368e+01 1.214155247420747541e+00 2.010668205279581011e-02 7.303365010603070751e+00 1.193966137568494845e-01 2.400611344689761728e-01 6.976901684838710026e-04
-1.478105383290096064e+01 1.214257800326669079e+00 2.012477411621146905e-02 7.311456989156382313e+00 1.205883461843644949e-01 2.435182787876012667e-01 -8.322321432255186001e-04
-1.453874147498449965e+01 1.212953129490455417e+00 1.989514043135340304e-02 7.297867972148336158e+00 1.218886312335940025e-01 2.446448462100944132e-01 3.650335998614550204e-03
-1.429642911706808839e+01 1.210845963154749905e+00 1.952670472968612292e-02 7.270360295683704344e+00 1.218640090203303578e-01 2.401733724749669230e-01 3.935057575645779793e-03
-1.405411675915174463e+01 1.211140545222207265e+00 1.957803022416826355e-02 7.271068042807923959e+00 1.210913147268401907e-01 2.406159041914806562e-01 2.636568101958043295e-03
-1.381180440123532627e+01 1.211701170000805350e+00 1.967587215972607662e-02 7.279906839603166979e+00 1.190810542960876739e-01 2.405750608661904322e-01 3.947152124857665652e-03
-1.356949204331886705e+01 1.211263950042151816e+00 1.959954882296968681e-02 7.283193084916107729e+00 1.202152276329001013e-01 2.418501143848253987e-01 3.894510872253378365e-03
-1.332717968540245046e+01 1.211586659565846436e+00 1.965587004824984052e-02 7.281669586479094569e+00 1.220190214285539754e-01 2.444380073566805589e-01 4.297920157599990562e-03
-1.308486732748611203e+01 1.212511184371381612e+00 1.981761636060341836e-02 7.295835013958269499e+00 1.218489587558326537e-01 2.469285431604965886e-01 3.035043342451129375e-03
-1.284255496956969367e+01 1.213165832696552870e+00 1.993249922115669648e-02 7.302054018468655983e+00 1.211027650421802465e-01 2.465576019868294944e-01 1.047839305762601281e-03
-1.260024261165323445e+01 1.212955373788670244e+00 1.989553445515615526e-02 7.297815176919073110e+00 1.196010352897335371e-01 2.499702347251471224e-01 -2.121994550157602105e-05
-1.235793025373681253e+01 1.213021588718621091e+00 1.990716112562174178e-02 7.296485883669325823e+00 1.202536485263432237e-01 2.470482270183031737e-01 1.516019776557522240e-03
-1.211561789582048299e+01 1.213020939136835841e+00 1.990704705117224416e-02 7.303493347319013118e+00 1.216005396397535077e-01 2.462755820765642478e-01 1.264748703646355592e-03
-1.187330553790406107e+01 1.216848328023232950e+00 2.058414953864914909e-02 7.334621939581425387e+00 1.205699679615600678e-01 2.494866294602704482e-01 2.245690344789063025e-03
-1.163099317998760185e+01 1.216761276345164733e+00 2.056863906254619012e-02 7.332817691434351026e+00 1.215873466240464801e-01 2.502771322664971154e-01 1.839737606257068128e-03
-1.138868082207117460e+01 1.216577177662357068e+00 2.053585404747407250e-02 7.318695324999043628e+00 1.224761603956337347e-01 2.458895767955562583e-01 3.932597288160528774e-03
-1.114636846415485394e+01 1.215035092512283033e+00 2.026213341071028684e-02 7.298861378426426683e+00 1.201767119105127402e-01 2.496952148637474611e-01 1.343421920390334067e-03
-1.090405610623842847e+01 1.216171638365741270e+00 2.046371481065928366e-02 7.308672142752145717e+00 1.178036391482828876e-01 2.500742949512409496e-01 1.428170423281206400e-03
-1.066174374832196747e+01 1.215898467096371949e+00 2.041518449214460573e-02 7.312006361225356521e+00 1.186267169309005304e-01 2.510748946101110102e-01 1.009004312815159387e-03
-1.041943139040553667e+01 1.215805886855976681e+00 2.039874857438422895e-02 7.315909128988584698e+00 1.191744694932222598e-01 2.532343769305907544e-01 3.009299369889506613e-03
-1.017711903248922134e+01 1.215981116610222568e+00 2.042986229026047540e-02 7.313739561593334493e+00 1.194068498314576066e-01 2.508376016993109081e-01 4.476785772687474712e-04
-9.934806674572794094e+00 1.214581141034180467e+00 2.018186356768827960e-02 7.287446926637613842e+00 1.220692095917747383e-01 2.461692554365555452e-01 2.190449582250365672e-03
-9.692494316656331321e+00 1.215137194026815637e+00 2.028020671443805933e-02 7.303000189090958827e+00 1.207103911653512746e-01 2.502961390025560950e-01 6.842683954765471557e-04
-9.450181958739904076e+00 1.215383595245664416e+00 2.032385202946537794e-02 7.306352846115695243e+00 1.180104880162702041e-01 2.500302493606729182e-01 3.820568163328021995e-03
-9.207869600823583411e+00 1.215312987729267435e+00 2.031134104137338747e-02 7.314360164632676131e+00 1.214693718341783857e-01 2.496016577015279791e-01 1.162576855452495100e-03
-8.965557242907152613e+00 1.215305829724037112e+00 2.031007289857558740e-02 7.322034823579095963e+00 1.201968089877783197e-01 2.483681665095052171e-01 2.135118894333717411e-03
-8.723244884990707604e+00 1.216101694206617179e+00 2.045128405531815297e-02 7.313195302999715430e+00 1.220520406251747181e-01 2.477971948158732840e-01 6.695529479785300008e-04
-8.480932527074280358e+00 1.216189177517368325e+00 2.046683245745628543e-02 7.325687059984581140e+00 1.212868540639193971e-01 2.512269431872431458e-01 1.522733759430159239e-03
-8.238620169157956141e+00 1.215126951872903316e+00 2.027839340060030859e-02 7.310134213329466668e+00 1.216169462334371620e-01 2.513057001653667411e-01 3.584184825072722516e-04
-7.996307811241528896e+00 1.215584007213698747e+00 2.035938152988836514e-02 7.315109784073391630e+00 1.225209199928391085e-01 2.523220633817617742e-01 -5.054804597516926543e-04
-7.753995453325068787e+00 1.217683800138632533e+00 2.073327035185573708e-02 7.319970421362274493e+00 1.226456372224340313e-01 2.548529767002262747e-01 2.246564622521851498e-04
-7.511683095408632660e+00 1.219701994826509317e+00 2.109543245492148666e-02 7.336892522130796124e+00 1.204293153026383956e-01 2.535710412917491774e-01 1.527790506402877321e-03
-7.269370737492304002e+00 1.219364684181985625e+00 2.103471174504542573e-02 7.325908476069319164e+00 1.197465158461405305e-01 2.509480819487501790e-01 -7.907389164273248994e-04
-7.027058379575872316e+00 1.219635594462725736e+00 2.108347339855803915e-02 7.328877229931785919e+00 1.212151897914273690e-01 2.523051916010263240e-01 -1.151306533251017505e-03
-6.784746021659459281e+00 1.217489293315827448e+00 2.069851137099382177e-02 7.306336321336915240e+00 1.216946499036558327e-01 2.511799402049584296e-01 -1.366224635908818092e-03
-6.542433663743023153e+00 1.218189462527105249e+00 2.082375317948140236e-02 7.314400769771171262e+00 1.209079813545823612e-01 2.522684370177412649e-01 -1.820219614623430583e-03
-6.300121305826693607e+00 1.218135593109653803e+00 2.081410562588642543e-02 7.317857433070873441e+00 1.208997222431505703e-01 2.476451779385736574e-01 2.509579907317704837e-05
-6.057808947910262809e+00 1.217103446521911714e+00 2.062963487837946031e-02 7.311190357602611378e+00 1.222483003543707591e-01 2.504352409767147680e-01 6.643438338675388940e-04
-5.815496589993802701e+00 1.216602414575950419e+00 2.054034698172882423e-02 7.305116735602107170e+00 1.227950291157778318e-01 2.542434636672322168e-01 1.281352632228267494e-03
-5.573184232077366573e+00 1.216163304829732228e+00 2.046223356777901459e-02 7.304759314106843426e+00 1.207396718152475568e-01 2.538525816217900855e-01 1.249622610140775939e-03
-5.330871874161028146e+00 1.214874112389247474e+00 2.023365216701256131e-02 7.295866317345062413e+00 1.222603307711649795e-01 2.494124663503071437e-01 4.569411653349345764e-03
-5.088559516244587577e+00 1.214602147247457520e+00 2.018557490381142627e-02 7.284008434899483575e+00 1.228498339536051032e-01 2.461976208614889694e-01 3.595906237980896116e-03
-4.846247158328211846e+00 1.214736169128546539e+00 2.020926066553696554e-02 7.295167289999450411e+00 1.214970352266507431e-01 2.512900814228691271e-01 2.100921082124929150e-04
-4.603934800411775718e+00 1.216022346655130759e+00 2.043718609651817841e-02 7.315485171742931669e+00 1.240550940721494300e-01 2.460611118324851909e-01 1.413747519160485355e-03
-4.361622442495427521e+00 1.214982987458254948e+00 2.025291285574459810e-02 7.303007143289289793e+00 1.220297726763496377e-01 2.432838093167843108e-01 3.089527404390629388e-03
-4.119310084578996722e+00 1.216345353989492839e+00 2.049460255317275825e-02 7.320932394275399879e+00 1.201112131521340359e-01 2.463367994613004097e-01 3.164445938640742060e-03
-3.876997726662532173e+00 1.215524644498027884e+00 2.034885473575548387e-02 7.299624419272458198e+00 1.235032227355211815e-01 2.439730705404195565e-01 4.012237784492469345e-03
-3.634685368746096046e+00 1.216290113519824079e+00 2.048477823435443379e-02 7.303773677575358114e+00 1.218864249538435945e-01 2.474024849514227797e-01 4.136426195502238869e-03
-3.392373010829748292e+00 1.217086537964238824e+00 2.062661887451783249e-02 7.309487353996393821e+00 1.209952690865731956e-01 2.524211461349776253e-01 3.441958306552531793e-03
-3.150060652913307280e+00 1.217734347256264060e+00 2.074230745799879316e-02 7.311392948955224291e+00 1.212916699107123158e-01 2.518443031663966103e-01 5.351355866496581432e-03
-2.907748294996955085e+00 1.218230438676474403e+00 2.083109296809618205e-02 7.319423818845527840e+00 1.208537207993739260e-01 2.585381097017034890e-01 2.066321808218285353e-04
-2.665435937080523399e+00 1.219056077328176446e+00 2.097922515688371847e-02 7.325267237379511798e+00 1.192887887586912554e-01 2.592197067027197654e-01 -5.490898427558232712e-05
-2.423123579164171204e+00 1.219806127640275850e+00 2.111419329318953153e-02 7.331031401897870836e+00 1.199238034463991909e-01 2.555823430286024434e-01 2.267724848060634780e-03
-2.180811221247730192e+00 1.219798120304375288e+00 2.111275041208310332e-02 7.318042557184591068e+00 1.224278885944370399e-01 2.555905712693840037e-01 2.342021133416848436e-03
-1.938498863331266087e+00 1.219856110606747812e+00 2.112320094291858519e-02 7.322788508753716563e+00 1.228172532922227750e-01 2.586214354560205098e-01 7.763018705054691335e-05
-1.696186505414825296e+00 1.218273289865495768e+00 2.083876983045937492e-02 7.302491408439480303e+00 1.233860670700493850e-01 2.528671816232385683e-01 3.686583777882064105e-03
-1.453874147498472880e+00 1.217740644854276688e+00 2.074343349971702333e-02 7.296073208903305130e+00 1.217754278024043013e-01 2.495180604576653360e-01 1.217390272164302649e-03
-1.211561789582032089e+00 1.218562906747226116e+00 2.089068761407508745e-02 7.301647883348641344e+00 1.213967332322452991e-01 2.498518274061020950e-01 1.747339838690084059e-03
-9.692494316657028763e-01 1.216700283487874179e+00 2.055777467928626701e-02 7.287895725900318311e+00 1.237645818690701893e-01 2.484716569365329475e-01 4.148421608693217584e-03
-7.269370737492619750e-01 1.214747862120072908e+00 2.021132775182907237e-02 7.269734553881329830e+00 1.228560368149964194e-01 2.503805113375134339e-01 3.418851052849300985e-03
-4.846247158329049509e-01 1.215249433946369750e+00 2.030008279496997581e-02 7.272923470818297709e+00 1.238847224596488911e-01 2.479021344225260381e-01 3.641527516146490871e-03
-2.423123579164641050e-01 1.214826876785647825e+00 2.022529838781519929e-02 7.267455700125490026e+00 1.234664666408876732e-01 2.463248781139894816e-01 4.303045777252154265e-03
0.000000000000000000e+00 1.216535506778445797e+00 2.052843631113121514e-02 7.285865544060729171e+00 1.221503866727159660e-01 2.432705795673977545e-01 5.027756672653165351e-03
