-3.204295146733857536e+01 2.004691713852504442e+00 3.092014235931043187e-01 1.000000000000000000e+00 -6.217183004014203724e-04 1.437767016501445615e-04 -1.256013289887476488e-03
-3.196232289400790094e+01 1.929370197703041967e+00 2.721765704746559322e-01 1.059550998747849082e+00 -6.822930809607529075e-03 1.017494207730275727e-02 -6.466032103522910759e-03
-3.188201555005304400e+01 1.855811496224569757e+00 2.374894315527632527e-01 1.119159728421875721e+00 -1.299111804383299394e-02 2.067408394557829904e-02 -4.807750940617671817e-03
-3.180170820609819415e+01 1.790716713248180936e+00 2.081007750709201742e-01 1.183845263932164382e+00 -1.730432341696832091e-02 2.915812909339027606e-02 -5.967626602347531409e-03
-3.172140086214333721e+01 1.730981416166602394e+00 1.822928759246708053e-01 1.252246323071956935e+00 -2.086817505622936414e-02 3.437872109912062935e-02 -4.513665578219277184e-03
-3.164109351818848737e+01 1.677420154410244280e+00 1.601631636464311281e-01 1.324003513404833354e+00 -2.467628957752751248e-02 4.216540684879276080e-02 -3.943209869901560111e-03
-3.156078617423363042e+01 1.629440245396302167e+00 1.412036972878991659e-01 1.399003620841647866e+00 -2.713659666074237642e-02 4.628248930870643846e-02 -3.156374197362188209e-03
-3.148047883027876992e+01 1.585598695042486961e+00 1.246366334547342469e-01 1.477816999180636248e+00 -2.813293037404683561e-02 5.158834986240723453e-02 -4.409345470322467014e-03
-3.140049271569971978e+01 1.547373903360522274e+00 1.108146652005105315e-01 1.561545307858941856e+00 -2.935853657200222788e-02 5.953784321905294247e-02 7.779873955259742268e-04
-3.132018537174485573e+01 1.512178545055035572e+00 9.862718891536137455e-02 1.649556118142217143e+00 -3.075545976149390154e-02 6.119617189948438341e-02 1.525142689453397099e-03
-3.123987802778998457e+01 1.480770714250123410e+00 8.820800914711657281e-02 1.742245108611460314e+00 -3.202854146195593943e-02 6.430793814047740253e-02 -2.659896873487597058e-03
-3.115957068383512052e+01 1.452584875343342574e+00 7.924023333529112145e-02 1.838248531310392231e+00 -3.326337577711082488e-02 6.606709681675018708e-02 -5.074806650786110179e-03
-3.107926333988025291e+01 1.426400397740247072e+00 7.124633133147956210e-02 1.939875724634064103e+00 -3.357846767602162136e-02 6.931579766029376255e-02 -7.917229898210052796e-03
-3.099895599592538531e+01 1.402935161663134700e+00 6.436857567832976468e-02 2.042045260622390668e+00 -3.342386704522462559e-02 6.984009954870624981e-02 -9.286019400950589961e-03
-3.091864865197054613e+01 1.382150504979324568e+00 5.850988181572674973e-02 2.150838521181778429e+00 -3.426664056531398411e-02 6.685041066349177441e-02 -8.839400946956043822e-03
-3.083834130801571405e+01 1.362493630330987360e+00 5.317705777308434634e-02 2.260742881385758629e+00 -3.490719095275403305e-02 6.811649058257736311e-02 -7.335665651062851095e-03
-3.075803396406087131e+01 1.345719416012450154e+00 4.879066416328187161e-02 2.377481635491450973e+00 -3.561330821177257494e-02 6.769271958917519316e-02 -6.496630990042750672e-03
-3.067772662010603568e+01 1.331472722645667517e+00 4.518708276791510992e-02 2.501186273427330242e+00 -3.622693114253026925e-02 6.812174789390455787e-02 -5.076783739137146097e-03
-3.059709804677537193e+01 1.317299906857925418e+00 4.171579031108879621e-02 2.625294853357077685e+00 -3.588230787820294310e-02 6.805021271646813363e-02 -3.402202511528255088e-03
-3.051679070282053274e+01 1.305234418659561690e+00 3.885176285989710987e-02 2.755813163111442421e+00 -3.603425538229843711e-02 6.668705213101094875e-02 -4.038106841549193686e-03
-3.043648335886569711e+01 1.294928109355454326e+00 3.647292975614518928e-02 2.891567126251299413e+00 -3.572357274369122870e-02 6.667026050225778600e-02 -3.356876538785608100e-03
-3.035617601491085438e+01 1.286619057285329770e+00 3.460116527114226459e-02 3.035834508438358892e+00 -3.634701252652463438e-02 6.965523178879744204e-02 -4.063107106249318201e-03
-3.027586867095601519e+01 1.278398059144868704e+00 3.279028130695782473e-02 3.177321505156069481e+00 -3.728909412325227823e-02 7.009130223640018531e-02 -2.600551213436332835e-03
-3.019556132700117601e+01 1.270866878489858909e+00 3.116762938407041661e-02 3.323163848832566103e+00 -3.832107879606529155e-02 6.945193163058940855e-02 -4.085165304598003047e-03
-3.011525398304634038e+01 1.265462668342505426e+00 3.002486730638478929e-02 3.478021989028067473e+00 -3.874736430644851876e-02 6.816430835467202076e-02 -4.421110314005093425e-03
-3.003494663909149409e+01 1.261081879162213149e+00 2.911189235861996738e-02 3.638548673202608441e+00 -3.817263693012414028e-02 6.833873075004764930e-02 -4.307984182587587356e-03
-2.995463929513663359e+01 1.257188426672700254e+00 2.831060641116547871e-02 3.801047317330092046e+00 -3.908745560011937792e-02 6.934448358348944963e-02 -7.009077551908881936e-04
-2.987433195118174112e+01 1.253974997095618216e+00 2.765649360390484701e-02 3.965735454282811379e+00 -3.860001423157514988e-02 7.126342656101750106e-02 3.559181818136248005e-04
-2.979402460722683799e+01 1.252611100424736224e+00 2.738084744780489022e-02 4.141187003984790671e+00 -3.884370206839154321e-02 7.322174296917299818e-02 -5.539884177603760385e-04
-2.971403849264777008e+01 1.252236151351037607e+00 2.730527716954642137e-02 4.319556197444729406e+00 -3.778189017816414169e-02 7.339655349019601205e-02 -2.951498675551544816e-04
-2.963373114869286695e+01 1.250188042193005611e+00 2.689406843841393724e-02 4.492066474305960178e+00 -3.673006399384193960e-02 7.174747622900679023e-02 1.008031598953513901e-03
-2.955342380473797448e+01 1.249947330979027438e+00 2.684591576930892010e-02 4.677049360859732552e+00 -3.732382102062966472e-02 7.007179423435551391e-02 1.885468989449412655e-04
-2.947311646078308200e+01 1.250265210240030678e+00 2.690951323828413844e-02 4.866241872502914845e+00 -3.504085303377516003e-02 7.127100739228627024e-02 6.245301451300977035e-04
-2.939280911682817887e+01 1.250606596926393532e+00 2.697788578013540772e-02 5.053618022650140595e+00 -3.531846291252074138e-02 6.887791340087102976e-02 2.886100105086128985e-03
-2.931250177287328640e+01 1.251676999223223063e+00 2.719274767078025401e-02 5.246920289121617564e+00 -3.647847129206317068e-02 6.952055580201754736e-02 4.614078255777765911e-03
-2.923219442891838682e+01 1.252490075642986644e+00 2.735644533583003746e-02 5.441054083239262873e+00 -3.618915516827823226e-02 6.733724380938038712e-02 4.370520267518267221e-03
-2.915188708496349435e+01 1.255039544217320335e+00 2.787246279347160849e-02 5.646583687182626932e+00 -3.530400863672236711e-02 6.642441331703458074e-02 4.581937802776189610e-03
-2.907157974100859832e+01 1.256500355159422488e+00 2.816999450023477403e-02 5.847773182356935884e+00 -3.608576684189117312e-02 6.547201276173966744e-02 3.451499202535670760e-03
-2.899127239705369874e+01 1.259940672349185720e+00 2.887603793150728126e-02 6.064063828015761715e+00 -3.549875750839161237e-02 6.473224867615109956e-02 4.527886519887825562e-03
-2.891096505309880627e+01 1.260907086509685415e+00 2.907571462882727054e-02 6.263554192146083111e+00 -3.552931706696277336e-02 6.345104763103258383e-02 5.478561339471468145e-03
-2.883065770914389958e+01 1.262423727078034075e+00 2.939026093128382922e-02 6.469312162973050562e+00 -3.495959188033216647e-02 6.370542744999561913e-02 3.603378111260371539e-03
-2.875035036518900711e+01 1.265876385156891715e+00 3.011170825837083953e-02 6.686637768570608209e+00 -3.423758263347716213e-02 6.234080554741136537e-02 4.852469354075501437e-03
-2.867004302123412174e+01 1.269406310992931886e+00 3.085699148048087759e-02 6.906060356940256995e+00 -3.386102124970653132e-02 6.498130338855993837e-02 3.810676651616118522e-03
-2.858973567727921505e+01 1.273365474738267666e+00 3.170209916541807948e-02 7.130333047115583689e+00 -3.371264333543014247e-02 6.616669173178391095e-02 5.396484600755473149e-03
-2.850942833332431903e+01 1.277490961022618166e+00 3.259299347238278632e-02 7.356689129545041617e+00 -3.300751250450016661e-02 6.637337498575938965e-02 5.752886741194260939e-03
-2.842912098936942655e+01 1.283672064972313231e+00 3.394729343686767042e-02 7.600256093229122101e+00 -3.254268400346276013e-02 6.617212419002375945e-02 3.094045302272482346e-03
-2.834881364541453408e+01 1.289306824688976283e+00 3.520209593941125981e-02 7.839816331204636946e+00 -3.167261839032926851e-02 6.783863957069179162e-02 2.486881011368006177e-03
-2.826850630145962384e+01 1.294226299897516697e+00 3.631323510806006016e-02 8.077151928289733718e+00 -3.094762190920522307e-02 6.771095527581214024e-02 4.659405868631017085e-03
-2.818819895750474558e+01 1.299946595257293502e+00 3.762341220494491711e-02 8.319785785778256226e+00 -2.976803086240636248e-02 6.909712281734382844e-02 4.771155794365721653e-03
-2.810789161354984600e+01 1.306533509968923479e+00 3.915605566342206245e-02 8.570207661455052417e+00 -3.030936946573615023e-02 7.053507967492350650e-02 5.848616104397055294e-03
-2.802758426959493931e+01 1.311591741991523508e+00 4.035027215631875608e-02 8.812151067058739073e+00 -2.951516127305540971e-02 7.004661763175834555e-02 6.521347648970099269e-03
-2.794727692564003974e+01 1.318183986994357237e+00 4.192896506148846569e-02 9.065484288521890477e+00 -3.050729584831698635e-02 6.731237469318451794e-02 8.526012572656812075e-03
-2.786696958168523963e+01 1.325280650195328702e+00 4.365640171785251100e-02 9.321370481240426997e+00 -2.973542248886701031e-02 6.758050988324504349e-02 1.055434344536116884e-02
-2.778666223773046795e+01 1.332195715022250093e+00 4.536722049779057242e-02 9.577754878548317308e+00 -3.077212672567143995e-02 6.896333577776297963e-02 1.109190956757659385e-02
-2.770635489377568561e+01 1.338386080695430636e+00 4.692161001761779859e-02 9.832756201024603016e+00 -2.916722788432689686e-02 6.948766886223739503e-02 1.114939059428672607e-02
-2.762604754982089261e+01 1.344286514330200077e+00 4.842311464372628382e-02 1.008471475004831497e+01 -2.866751863679840515e-02 6.790159737878689872e-02 1.230142912610282351e-02
-2.754574020586610672e+01 1.349707618602688619e+00 4.981962842175174933e-02 1.033441248860961537e+01 -2.956550404185034203e-02 6.894119189496809852e-02 1.260943124693623962e-02
-2.746543286191134214e+01 1.356057938853882039e+00 5.147602248013372073e-02 1.059087504910445787e+01 -2.866265725487330066e-02 7.228469109235058365e-02 1.379388199726544299e-02
-2.738512551795655980e+01 1.363268227597079996e+00 5.338330216954467744e-02 1.084820007103433603e+01 -2.790917368247112368e-02 7.055984779841006915e-02 1.204909141454815237e-02
-2.730481817400176681e+01 1.369890050336377119e+00 5.515956894588858184e-02 1.111029916576617005e+01 -2.689962650841806746e-02 7.038681417485738445e-02 1.351098476123592518e-02
-2.722451083004698091e+01 1.377280864924621540e+00 5.716969725894133214e-02 1.138007231261217278e+01 -2.524762492576924575e-02 6.957653362420844478e-02 1.403893144123618229e-02
-2.714420348609221634e+01 1.384646099677025122e+00 5.920151638836479435e-02 1.165655777837048568e+01 -2.490463157292751445e-02 7.091209322408674465e-02 1.296799749620335465e-02
-2.706389614213743045e+01 1.392493602039067691e+00 6.139750381626857267e-02 1.193673436874961524e+01 -2.475615668651056506e-02 7.165815189191913903e-02 1.076343625113948023e-02
-2.698358879818263745e+01 1.399489538733042382e+00 6.338198379079434952e-02 1.220132557756782354e+01 -2.351731862992575972e-02 7.177111541581693288e-02 1.070876549708480938e-02
-2.690296022485202698e+01 1.407968101642016245e+00 6.582049924659116868e-02 1.248376991322325047e+01 -2.357273662825837626e-02 7.248061317541254489e-02 1.353397998617543972e-02
-2.682265288089726241e+01 1.415661456795501705e+00 6.806457429312118279e-02 1.275772696009314977e+01 -2.273052300466176998e-02 7.067456691088158660e-02 1.490327604869193592e-02
-2.674234553694247651e+01 1.422426852452576496e+00 7.006238858233176936e-02 1.301709473255019667e+01 -2.134068007004159134e-02 7.175594995845599455e-02 1.654483098378550787e-02
-2.666203819298768352e+01 1.429247190583154747e+00 7.209932508124711203e-02 1.328622381362127491e+01 -2.199362936798295726e-02 7.102283151704552600e-02 1.823850789361432245e-02
-2.658173084903289762e+01 1.436996897681121377e+00 7.444144947235276089e-02 1.356020513522261162e+01 -2.194133691790766880e-02 7.381859466835800909e-02 2.079923727165868333e-02
-2.650142350507813660e+01 1.444582775994930346e+00 7.676223245858454503e-02 1.382916723567287320e+01 -2.065040629546604709e-02 7.409398094719348016e-02 2.044577013647940963e-02
-2.642111616112334715e+01 1.452866692927439196e+00 7.932805864083247727e-02 1.410895007011268021e+01 -2.006872975307726070e-02 7.395659764369658107e-02 1.860538638508581200e-02
-2.634080881716855771e+01 1.460658472519845708e+00 8.177112989816198718e-02 1.438244509174515073e+01 -1.888862138406009750e-02 7.304100294228466073e-02 1.905945975670065781e-02
-2.626050147321377537e+01 1.469047909477102731e+00 8.443339914998615470e-02 1.466590172647343771e+01 -1.818585410612123116e-02 7.171264460260437512e-02 2.014967394726550551e-02
-2.618019412925900014e+01 1.476848030090154085e+00 8.693792276876866065e-02 1.493839642648313060e+01 -1.810209238037376392e-02 7.235363389554887170e-02 1.868712511644944618e-02
-2.609988678530422135e+01 1.484943164300192686e+00 8.956666597649076689e-02 1.521311275885512693e+01 -1.834911038730773283e-02 7.156473472855648388e-02 2.163612923607238434e-02
-2.601957944134943546e+01 1.491059446478046224e+00 9.157254128363662149e-02 1.546458221297541158e+01 -1.729198089730606125e-02 6.966093115538672664e-02 2.179659115902789213e-02
-2.593927209739463891e+01 1.497270191130283923e+00 9.362661358188051342e-02 1.571687528848316973e+01 -1.671974662966113634e-02 6.777679028835879860e-02 2.125970794516686760e-02
-2.585896475343987788e+01 1.504528178063136545e+00 9.604883196270197487e-02 1.597048408846126932e+01 -1.573260435906725582e-02 6.796910287043765597e-02 2.231434938708813653e-02
-2.577865740948508133e+01 1.511757316934303708e+00 9.848455673229550289e-02 1.622563310910087253e+01 -1.511006003077457888e-02 7.109333621286538507e-02 2.643262554859995839e-02
-2.569835006553029899e+01 1.519440621019152005e+00 1.010983663815807065e-01 1.647814937118048562e+01 -1.456101851181066352e-02 7.272451649086666969e-02 2.748953435431779682e-02
-2.561804272157552020e+01 1.527012209310527613e+00 1.036991874867909669e-01 1.673524887983327858e+01 -1.381219740560688143e-02 7.244667229707965617e-02 2.638725470007986448e-02
-2.553773537762073786e+01 1.533161157492904270e+00 1.058294375623847206e-01 1.698263933480140508e+01 -1.285839496289814705e-02 7.188596500976580927e-02 2.608441091955436900e-02
-2.545742803366596263e+01 1.540350202522918988e+00 1.083404077141434940e-01 1.723632139930476725e+01 -1.272553271005370454e-02 7.062203273272729676e-02 2.599774063602149424e-02
-2.537712068971118029e+01 1.548094168400808712e+00 1.110695627832186672e-01 1.748283515633291074e+01 -1.262735268992722266e-02 6.913655437523394398e-02 2.634528660487366059e-02
-2.529681334575638019e+01 1.554364766308822476e+00 1.132978145530674774e-01 1.772166559412446674e+01 -1.347709831855796285e-02 6.810583365486973240e-02 2.646176807892585206e-02
-2.521650600180161916e+01 1.561288676042629442e+00 1.157771214065409504e-01 1.796590757473444100e+01 -1.317236938876571381e-02 6.807201565993624415e-02 2.861769835172504189e-02
-2.513619865784681906e+01 1.568772452387542149e+00 1.184790163130935436e-01 1.822037684308612171e+01 -1.320778623553819919e-02 6.891662541097857975e-02 2.698760999221690160e-02
-2.505589131389204027e+01 1.576006648835512891e+00 1.211124386044651891e-01 1.846958381555234396e+01 -1.233772823836679425e-02 6.929571954298462122e-02 3.032269032856767244e-02
-2.497558396993726504e+01 1.583627998718596164e+00 1.239095822015914283e-01 1.871522944549532852e+01 -1.141535416065242448e-02 7.070630886082737709e-02 3.086875375490652842e-02
-2.489527662598247559e+01 1.591780446880262101e+00 1.269272792196555755e-01 1.896836018946827807e+01 -1.055655732925472184e-02 7.109133699670391882e-02 3.173913917267687235e-02
-2.481496928202770391e+01 1.599973707386593391e+00 1.299865111592583000e-01 1.920937335077858776e+01 -8.274976745482255647e-03 6.986986669316501419e-02 3.101399937152238273e-02
-2.473466193807292868e+01 1.605666259825367481e+00 1.321274742238555677e-01 1.942050432691577910e+01 -7.403098286690320239e-03 6.924840034135350264e-02 3.100182642161537078e-02
-2.465435459411812147e+01 1.612016001911673380e+00 1.345304311322923496e-01 1.963884093244901052e+01 -7.062886314533164261e-03 6.614164561199398218e-02 2.971083425552682039e-02
-2.457404725016336755e+01 1.618608693642860530e+00 1.370417444899292292e-01 1.985836367642164646e+01 -5.669345599528099154e-03 6.693424473436443423e-02 3.031484814012485804e-02
-2.449373990620856034e+01 1.627442700158525879e+00 1.404328129535966641e-01 2.011380335624575011e+01 -5.593551720203200454e-03 6.779811986610961849e-02 3.172421434753260744e-02
-2.441343256225378511e+01 1.634208741238386775e+00 1.430500043438314162e-01 2.034265965482801164e+01 -5.217902174820853063e-03 6.685560232655798907e-02 3.046493449915865792e-02
-2.433312521829901343e+01 1.639912376276268624e+00 1.452695649673829692e-01 2.054156599154954321e+01 -4.193739698632273707e-03 6.585968758255629496e-02 3.106666299362203024e-02
-2.425281787434422043e+01 1.646411637352947377e+00 1.478134829172167430e-01 2.076659024276584731e+01 -3.067152350308109850e-03 6.797999014709338317e-02 3.187359253086774480e-02
-2.417251053038944875e+01 1.653444986255192761e+00 1.505840044574606740e-01 2.099255928926858061e+01 -2.798169820168976227e-03 6.778865391114302641e-02 3.375416181763075257e-02
-2.409220318643467351e+01 1.658958461046234900e+00 1.527684887009843617e-01 2.118499827034506922e+01 -2.492943380955354570e-03 6.983718951602833902e-02 3.256329121961579198e-02
-2.401189584247986630e+01 1.666462717381863134e+00 1.557594706745213387e-01 2.140326366548678649e+01 -2.347821797014176814e-03 7.160742846476371437e-02 3.332643614991999403e-02
-2.393158849852510883e+01 1.672555493755623290e+00 1.582028011628812125e-01 2.160082802939201230e+01 -8.088810825074310186e-04 6.959441665059735993e-02 3.262588068684526416e-02
-2.385128115457029807e+01 1.677716255233935083e+00 1.602827584874689792e-01 2.177341160793603692e+01 -1.596190031360023061e-05 6.738883016481558852e-02 3.335915401633390842e-02
-2.377097381061552639e+01 1.683012986948681622e+00 1.624273552227372130e-01 2.194988637776686247e+01 4.128568570218516171e-04 6.532386591911711060e-02 3.631581687334801967e-02
-2.369066646666075826e+01 1.689845906336739922e+00 1.652085612412801385e-01 2.215470827308381274e+01 9.458790314248122439e-04 6.687291194360642232e-02 3.638150302879671061e-02
-2.361035912270595816e+01 1.695544390467424556e+00 1.675405268833766170e-01 2.232989827558797202e+01 2.414777032301016358e-03 6.863557827196188621e-02 3.642700289607750386e-02
-2.353005177875118648e+01 1.703779498375489476e+00 1.709304807033753537e-01 2.254810228375762193e+01 2.900576633918209354e-03 6.877347708944749061e-02 3.578104748575992172e-02
-2.344974443479641835e+01 1.708151654001744957e+00 1.727397721778528572e-01 2.271325169175780445e+01 3.829049215799348177e-03 6.922482658493986363e-02 3.726419025045674127e-02
-2.336943709084160403e+01 1.715185133672178397e+00 1.756641092173429897e-01 2.290234826129587731e+01 4.644514286777486067e-03 7.070892170965221990e-02 3.757709806391587581e-02
-2.328912974688685011e+01 1.722017132056683275e+00 1.785207771710854985e-01 2.309802889115523428e+01 5.389180403878424987e-03 7.022932413756122205e-02 3.667308510597334231e-02
-2.320882240293203580e+01 1.727739508578450378e+00 1.809255969105442174e-01 2.327820395568962653e+01 6.334331807907790483e-03 6.948634815538883014e-02 3.527708151340615966e-02
-2.312851505897726767e+01 1.733609887793909676e+00 1.834040129511564921e-01 2.344792544672404233e+01 7.195914140476615019e-03 7.040437723569144268e-02 3.307254380589987747e-02
-2.304820771502249954e+01 1.737769694509108120e+00 1.851671882362970756e-01 2.359899037642452768e+01 7.492828718531582312e-03 6.988759093128661670e-02 3.607901567440215118e-02
-2.296790037106769589e+01 1.741411313382644988e+00 1.867154292745649702e-01 2.372004152497598284e+01 7.797916986719949026e-03 6.811178381526222791e-02 3.787455340061198633e-02
-2.288759302711293131e+01 1.746117724602161969e+00 1.887228441414919855e-01 2.387156983476284466e+01 8.406407036822979850e-03 6.753694478281051239e-02 3.630499632817819206e-02
-2.280728568315816318e+01 1.750404511048238687e+00 1.905576006532473388e-01 2.401296713688537920e+01 9.654956472987974436e-03 6.637836809230861224e-02 3.821000858699770408e-02
-2.272697833920334531e+01 1.755913663503797295e+00 1.929243360691792475e-01 2.417376372564794451e+01 1.100021479286245572e-02 6.575792925863906124e-02 3.863207477116054056e-02
-2.264667099524859495e+01 1.760924858463753795e+00 1.950856996705417901e-01 2.432957688674290964e+01 1.145841322228392800e-02 6.657971479928212477e-02 3.916445654355601991e-02
-2.256636365129378063e+01 1.765542821814377383e+00 1.970846309420529741e-01 2.447034254579037693e+01 1.161766066419588420e-02 6.709806896301852286e-02 3.959795797020110308e-02
-2.248605630733901251e+01 1.769906420924173052e+00 1.989797452704439307e-01 2.461414746125863218e+01 1.261475337270432859e-02 6.591286245669916721e-02 3.974638743746734815e-02
-2.240574896338424438e+01 1.774854218354715796e+00 2.011359293046166563e-01 2.476910172660804932e+01 1.335631611404464701e-02 6.736097447713225439e-02 4.115067427810248368e-02
-2.232544161942944072e+01 1.779033926094473639e+00 2.029634472753134578e-01 2.488341047261600991e+01 1.317092155442574353e-02 6.808422294171485867e-02 4.249788605748211490e-02
-2.224513427547467259e+01 1.784817900866839446e+00 2.055015071603542021e-01 2.504276430224730277e+01 1.294931077466968637e-02 6.915135912931068274e-02 4.361965809947028483e-02
-2.216482693151990802e+01 1.790537172724448789e+00 2.080215013976258742e-01 2.521101181893475029e+01 1.377132196247633951e-02 6.758974940599755954e-02 4.282739376059367664e-02
-2.208451958756509015e+01 1.795551120640054732e+00 2.102391148269386889e-01 2.533751644187180929e+01 1.564045923514760864e-02 6.718113901682962186e-02 4.134298310284675870e-02
-2.200421224361033623e+01 1.800325173593299022e+00 2.123578730105096790e-01 2.546150758846883022e+01 1.672377743141988463e-02 6.640180749778515357e-02 4.272099643281933312e-02
-2.192390489965552192e+01 1.805289505455445642e+00 2.145685356977941050e-01 2.558920761233984820e+01 1.748443702265047722e-02 6.666326622119106426e-02 4.284559360433726205e-02
-2.184359755570075379e+01 1.809964840948085518e+00 2.166574207495772786e-01 2.570127486127070071e+01 1.794889954620888448e-02 6.736488316260125231e-02 4.269877890308833301e-02
-2.176329021174598566e+01 1.815493831126683499e+00 2.191363171524179920e-01 2.584197605160688127e+01 1.831854863413090104e-02 6.882590685024804478e-02 4.042408875722083156e-02
-2.168298286779118200e+01 1.819527904572422417e+00 2.209508302240009714e-01 2.597333574069199713e+01 1.837807372928698321e-02 6.985647756569809963e-02 4.129463967273058755e-02
-2.160267552383641387e+01 1.824201881144066562e+00 2.230593151647652927e-01 2.608240231115317798e+01 1.833052568309904984e-02 7.068577542099832578e-02 4.332658620239259600e-02
-2.152236817988165285e+01 1.828180143104738198e+00 2.248591283719703071e-01 2.618755505453139065e+01 1.881880960161642219e-02 7.312988454665803051e-02 4.226717873327752450e-02
-2.144206083592683143e+01 1.831255865992322596e+00 2.262538689419546500e-01 2.626374502827952639e+01 1.969845426750526513e-02 7.315766992052866180e-02 4.474369898918997140e-02
-2.136175349197207751e+01 1.834168649665806505e+00 2.275773227715558455e-01 2.633662157868731768e+01 1.918418638724068287e-02 7.278457764045141720e-02 4.729726084542928283e-02
-2.128144614801725609e+01 1.837574111995327275e+00 2.291278276451470530e-01 2.642490965025911720e+01 1.906563819879058402e-02 7.276776210828202196e-02 4.855270192829336251e-02
-2.120113880406249507e+01 1.842603482929006109e+00 2.314239750128693762e-01 2.654507692000591490e+01 1.955290207304186817e-02 7.353035611188682430e-02 4.988994073909684690e-02
-2.112083146010773049e+01 1.847211360232043242e+00 2.335342312187675962e-01 2.665802331626824540e+01 1.998370986099310548e-02 7.400933312491252136e-02 5.158479696297992717e-02
-2.104052411615292328e+01 1.852083342634753604e+00 2.357722060006465226e-01 2.677542736062057216e+01 1.969510389912067228e-02 7.564481898161895534e-02 5.175993779359261415e-02
-2.096021677219815516e+01 1.856909704910287839e+00 2.379960478951554936e-01 2.688951168247757550e+01 2.029166930053639961e-02 7.564520229578737542e-02 5.390283758475677284e-02
-2.087990942824339768e+01 1.861621589299595092e+00 2.401736591866407977e-01 2.699460299815626030e+01 2.148200314595938645e-02 7.601497672809683082e-02 5.295398595118987195e-02
-2.079960208428857626e+01 1.865000016627226254e+00 2.417389546160446656e-01 2.707662163997080285e+01 2.283864236677858248e-02 7.781031267129695506e-02 5.203571074029878646e-02
-2.071929474033381524e+01 1.867125994178710613e+00 2.427256470655342335e-01 2.712748308337838310e+01 2.297709409535803743e-02 7.813049045966448392e-02 5.010590764785807782e-02
-2.063898739637900803e+01 1.869725563861133644e+00 2.439339010580551248e-01 2.719303519270770408e+01 2.357336683664031096e-02 7.761194987387569355e-02 5.007844679526595594e-02
-2.055868005242423990e+01 1.872871271905405921e+00 2.453985790993156169e-01 2.729402162030955381e+01 2.363246118037500704e-02 7.786133532939133739e-02 4.970551672656450121e-02
-2.047837270846946467e+01 1.875676555879708163e+00 2.467071317382406592e-01 2.734615880240076891e+01 2.293905510241028498e-02 7.738333050313890571e-02 4.886680416633407825e-02
-2.039806536451467522e+01 1.880503614796472212e+00 2.489639936172222123e-01 2.745308270648395066e+01 2.249487795746136706e-02 7.754448457943809159e-02 4.697279720307696860e-02
-2.031775802055989999e+01 1.881944619168910204e+00 2.496390050226936497e-01 2.750006704538320079e+01 2.221209170300932415e-02 7.770435428759674135e-02 4.919289362162254653e-02
-2.023745067660512831e+01 1.885179737398095856e+00 2.511565696389526092e-01 2.757256571402943734e+01 2.239339535805835377e-02 7.821650945602791338e-02 4.873368136356553970e-02
-2.015714333265033176e+01 1.886593636666338947e+00 2.518207423492887509e-01 2.760961045264924962e+01 2.327923496138807266e-02 7.900203776805370115e-02 4.918194289050244888e-02
-2.007683598869556363e+01 1.889232362871928528e+00 2.530617735151777792e-01 2.766941826405201255e+01 2.221584430906999030e-02 7.924616217047095179e-02 5.044557711864104677e-02
-1.999652864474074221e+01 1.890970229179295803e+00 2.538801830540351467e-01 2.769689713101949735e+01 2.320103717593767836e-02 7.870793572208886757e-02 4.932978573421439861e-02
-1.991622130078599540e+01 1.894218332731832488e+00 2.554120686181370337e-01 2.776049424036321156e+01 2.372423216224021914e-02 7.763716231900619213e-02 4.586205378386168374e-02
-1.983591395683121661e+01 1.897207494651773851e+00 2.568244292631162162e-01 2.781870004266263052e+01 2.466508396130987282e-02 7.573814340738396766e-02 4.807311122151856214e-02
-1.975560661287640585e+01 1.898546619962661053e+00 2.574579633655059707e-01 2.784899285452794260e+01 2.425006538129868827e-02 7.615510622529508833e-02 4.884428970658630242e-02
-1.967529926892162706e+01 1.901313721069044060e+00 2.587686416841211701e-01 2.790695261503656965e+01 2.553538704514745836e-02 7.647765024754844820e-02 4.752815451705583172e-02
-1.959499192496688025e+01 1.903152723129732271e+00 2.596408841579435078e-01 2.794105193511251883e+01 2.671964358664410955e-02 7.611739104449148641e-02 4.703677767175461905e-02
-1.951468458101205883e+01 1.905089955938696233e+00 2.605607275097117093e-01 2.797893187901583190e+01 2.781445298688492787e-02 7.631064699985393163e-02 4.781142950762129473e-02
-1.943437723705728715e+01 1.906452167016247756e+00 2.612081564378831988e-01 2.802587931305314584e+01 2.703121340219409585e-02 7.587129180340998480e-02 4.980231035889177982e-02
-1.935406989310250125e+01 1.909159466197611232e+00 2.624963910519230170e-01 2.807041726654549052e+01 2.667245535366505327e-02 7.630723647462091253e-02 5.282767184999043186e-02
-1.927376254914772247e+01 1.912919272226567768e+00 2.642887822267994125e-01 2.813155727903228254e+01 2.728369728573416461e-02 7.699380568115919699e-02 5.194631292995433719e-02
-1.919345520519294013e+01 1.915043056113168829e+00 2.653029501233022946e-01 2.817650142371376276e+01 2.720609373134441969e-02 7.603020339754731904e-02 5.207230584348666175e-02
-1.911314786123816845e+01 1.917661182038382206e+00 2.665548728824157498e-01 2.823197116484862690e+01 2.632402762531037277e-02 7.681736751430910670e-02 5.039055590256008577e-02
-1.903284051728338611e+01 1.919300791420583963e+00 2.673398428424174078e-01 2.827611051120690533e+01 2.602647508363626835e-02 7.511046231660334360e-02 4.849341462834914213e-02
-1.895253317332860732e+01 1.920483829287166433e+00 2.679066805723380185e-01 2.830377377523314308e+01 2.603718340860772598e-02 7.418470331599839873e-02 4.704135204009769755e-02
-1.887222582937382853e+01 1.923309739082293746e+00 2.692622146805306871e-01 2.833728461822657962e+01 2.584294295517079038e-02 7.568041103202960418e-02 4.858010430721360767e-02
-1.879191848541905330e+01 1.926047520296841453e+00 2.705775341739627970e-01 2.838126318432885498e+01 2.630405383521123089e-02 7.473829093147557612e-02 4.895741962148528886e-02
-1.871161114146422833e+01 1.929971447049028122e+00 2.724662385167853085e-01 2.845377934834670342e+01 2.778518266994405364e-02 7.590430340125006725e-02 4.984144359314809924e-02
-1.863130379750948862e+01 1.931659610844213004e+00 2.732800754395068310e-01 2.846498966640679384e+01 2.658233832126639246e-02 7.332301324773771167e-02 5.244972449273389153e-02
-1.855099645355470628e+01 1.935273400814583322e+00 2.750247919030333055e-01 2.851348766142881530e+01 2.793331101874371378e-02 7.285394829659419536e-02 5.178616634474608044e-02
-1.847068910959988841e+01 1.935805143061785749e+00 2.752818085178210250e-01 2.850838537845135079e+01 2.663676356785977389e-02 7.327573851513687064e-02 5.054072180591329122e-02
-1.839038176564510607e+01 1.937155309727544017e+00 2.759347479658410540e-01 2.853991009746809482e+01 2.764173075118897191e-02 7.363927189659057182e-02 4.710888786374698572e-02
-1.831007442169036992e+01 1.936288188945447075e+00 2.755153532429363006e-01 2.852900600818153620e+01 2.829526538510271361e-02 7.569539450590039020e-02 5.252215846575574582e-02
-1.822976707773554494e+01 1.939775995044689338e+00 2.772034951080284415e-01 2.858010924569345690e+01 2.844135944450995254e-02 7.854779516391788285e-02 5.316106650624279062e-02
-1.814945973378076616e+01 1.942166491474408341e+00 2.783623933158850816e-01 2.859231877349553841e+01 2.991592411371018709e-02 7.741874973341757171e-02 5.246558078972052286e-02
-1.806915238982599092e+01 1.944039291724083851e+00 2.792713740978678416e-01 2.861945754530048802e+01 2.986398326177047008e-02 7.753899007713702107e-02 4.962541232165008920e-02
-1.798884504587120858e+01 1.945924395987511657e+00 2.801872639611965310e-01 2.865565757284950976e+01 2.917191410977412747e-02 7.943613676906262355e-02 5.041137846751882895e-02
-1.790853770191641914e+01 1.947573017502514325e+00 2.809890265016334876e-01 2.868341328853053440e+01 2.923910413749404580e-02 7.929029839728796158e-02 5.147097682579145767e-02
-1.782823035796165811e+01 1.948887859303679360e+00 2.816289779894383116e-01 2.870846929966114658e+01 3.112231785292735378e-02 7.820725705150988194e-02 5.268752772545814284e-02
-1.774792301400686867e+01 1.951528807023924061e+00 2.829157380165423508e-01 2.875200773783199892e+01 3.007626155091601416e-02 7.763403526406020827e-02 5.162844109037423301e-02
-1.766761567005208278e+01 1.952692252611181178e+00 2.834831898811465134e-01 2.877674219792897148e+01 3.039201604028561599e-02 7.688076084220464568e-02 5.341254615691568008e-02
-1.758730832609731465e+01 1.954172552648258732e+00 2.842056955323403189e-01 2.881319838608720119e+01 2.982247811615985553e-02 7.826686292250215060e-02 5.342568834993177002e-02
-1.750700098214253941e+01 1.954673517418078044e+00 2.844503366897265240e-01 2.881743736425515579e+01 3.031792107876988412e-02 7.742626685231064620e-02 5.321974493327638611e-02
-1.742669363818770734e+01 1.958635415998821294e+00 2.863874015546625795e-01 2.887464689097825499e+01 3.041482947442180826e-02 7.651574016658363453e-02 4.879789043124814485e-02
-1.734638629423298184e+01 1.959282486326540340e+00 2.867041585119977087e-01 2.890484440405905886e+01 3.023408708853982454e-02 7.506005604106094631e-02 4.930902082306266171e-02
-1.726607895027819239e+01 1.960482903714492409e+00 2.872920813723283118e-01 2.891929745956613473e+01 2.947321336549403245e-02 7.658333554662200005e-02 4.763961218451006480e-02
-1.718577160632337097e+01 1.962636846754256759e+00 2.883479476807171427e-01 2.893591088797922239e+01 2.889894967521335414e-02 7.656207415495927537e-02 4.777002623676831344e-02
-1.710546426236858153e+01 1.964626275048654946e+00 2.893242386309308189e-01 2.895972753964131385e+01 2.923041414859556958e-02 7.834001656221417642e-02 4.630841641865444253e-02
-1.702515691841385603e+01 1.966017336143430994e+00 2.900074964800042343e-01 2.897329625897360472e+01 3.043276621511428748e-02 7.791345973371199829e-02 4.765876251112090983e-02
-1.694484957445902751e+01 1.969191992808351221e+00 2.915686901302535494e-01 2.901099741831998458e+01 3.025913329693457818e-02 7.768075187710379859e-02 4.675817889021569723e-02
-1.686454223050424517e+01 1.970483975325105552e+00 2.922047899939570481e-01 2.904369198345214897e+01 2.984509275736178108e-02 7.872114651489535431e-02 4.417116744158864489e-02
-1.678423488654948414e+01 1.971872063472551062e+00 2.928886859318983182e-01 2.905011507147623462e+01 3.047931188157531127e-02 7.958191253763435835e-02 4.268754954419435449e-02
-1.670392754259469470e+01 1.973494342200677210e+00 2.936885929699215581e-01 2.904951429437052468e+01 3.083119625971916800e-02 7.983858643062133331e-02 4.545197492426886199e-02
-1.662362019863990170e+01 1.975331333801319866e+00 2.945951855689971088e-01 2.905574070771208639e+01 3.057870063058038337e-02 7.897830897269678130e-02 4.337574632603536512e-02
-1.654331285468515134e+01 1.975174942310602422e+00 2.945179694952355653e-01 2.905747517512424238e+01 3.069113121281349249e-02 7.762955159173784425e-02 4.715148464724452232e-02
-1.646300551073035479e+01 1.976178525085690474e+00 2.950135831377473927e-01 2.905708169658432993e+01 3.020879659167598555e-02 7.709958627442753398e-02 4.888301367589224788e-02
-1.638269816677556534e+01 1.977125571000298399e+00 2.954815128954869641e-01 2.906142259813774231e+01 3.073352313813017267e-02 7.773845036683231513e-02 4.933734744018573870e-02
-1.630239082282080787e+01 1.978420352180532360e+00 2.961216278164365834e-01 2.906089384832290179e+01 3.013612280898234769e-02 7.704679277246211100e-02 4.982731144958849751e-02
-1.622208347886602198e+01 1.978982320653666527e+00 2.963995875477921649e-01 2.905573319921051123e+01 3.049788113550751245e-02 7.627645062230188622e-02 4.898512687851609010e-02
-1.614177613491118990e+01 1.979078380262266457e+00 2.964471084320634553e-01 2.905206159204943717e+01 2.912151865164562883e-02 7.632319732512893307e-02 4.776052257549368713e-02
-1.606146879095647506e+01 1.980459813218421683e+00 2.971307665747415783e-01 2.905877957603655304e+01 3.023723360587224351e-02 7.584481165516515633e-02 5.006343961804189668e-02
-1.598116144700168029e+01 1.982233238118789931e+00 2.980091309716648151e-01 2.906210015713370609e+01 3.029670284181940412e-02 7.695299556498370885e-02 5.130886296441694583e-02
-1.590085410304685531e+01 1.982944704594310492e+00 2.983617401684278692e-01 2.904842111229767809e+01 3.079001915525382549e-02 7.887967876898976938e-02 5.111032210996394043e-02
-1.582054675909205876e+01 1.981693734258525019e+00 2.977418338737120029e-01 2.900891940285952231e+01 3.222199252500521083e-02 8.028641748670475864e-02 5.209911264830256045e-02
-1.574023941513734393e+01 1.982341161719824774e+00 2.980626105945183291e-01 2.899383286058231946e+01 3.142215874564784073e-02 8.134349553023537127e-02 5.309752380511513492e-02
-1.565993207118251362e+01 1.982449961598820032e+00 2.981165274415260580e-01 2.898005698138979724e+01 3.247212718499866563e-02 8.324487420120353642e-02 5.270453504609066281e-02
-1.557962472722772240e+01 1.982803095874571042e+00 2.982915473464834433e-01 2.896029798116096643e+01 3.290976305288086101e-02 7.995120668673988407e-02 5.391823324613492785e-02
-1.549931738327297559e+01 1.983715868929869730e+00 2.987440815477593326e-01 2.897081977400640440e+01 3.355259828291676932e-02 8.198672961175747231e-02 5.400273800177675387e-02
-1.541901003931817904e+01 1.984656789778987740e+00 2.992107924636516758e-01 2.897264531496501050e+01 3.293106028977145494e-02 8.150317360856253190e-02 5.551990155840384050e-02
-1.533870269536338249e+01 1.986207784714253188e+00 2.999805998338194168e-01 2.898390857300044487e+01 3.176575219456790472e-02 8.038882387436827037e-02 5.600290773878800060e-02
-1.525839535140864101e+01 1.988221471008050800e+00 3.009809650510342216e-01 2.899580955332410426e+01 3.156883999806400776e-02 8.309099178881902692e-02 5.494172430939653351e-02
-1.517808800745383913e+01 1.990250701578275327e+00 3.019900900841746560e-01 2.902283858668718253e+01 3.139180903798064609e-02 8.542403495296674310e-02 5.511207306317995880e-02
-1.509778066349904257e+01 1.989976563091801154e+00 3.018537017655570365e-01 2.900078764823227573e+01 3.221465303141526904e-02 8.330937729672933945e-02 5.605838966039839583e-02
-1.501747331954429754e+01 1.990575100476971171e+00 3.021515082770850347e-01 2.900099255964788725e+01 3.372488560609339381e-02 8.338377849213288173e-02 5.422797878553867190e-02
-1.493716597558950809e+01 1.991030584484383859e+00 3.023781981519597650e-01 2.896991886372168779e+01 3.511592761900293042e-02 8.262375590222244270e-02 5.638630485497733713e-02
-1.485685863163467424e+01 1.991606471927808153e+00 3.026648865349218509e-01 2.896515943254641101e+01 3.319804518999339149e-02 8.039608177294438329e-02 5.385320476021462910e-02
-1.477655128767996473e+01 1.991324151842038814e+00 3.025243314523174964e-01 2.896510320201234379e+01 3.263309039405124651e-02 8.152754770669852491e-02 5.280770261647906721e-02
-1.469624394372516463e+01 1.993202603051682509e+00 3.034599096612967672e-01 2.895615363675007714e+01 3.346093874319343991e-02 8.161869353389070159e-02 5.418166820627620672e-02
-1.461593659977033965e+01 1.993429693700406125e+00 3.035730742531055348e-01 2.893978224006554711e+01 3.517879113405074365e-02 8.328057600299182406e-02 5.312422043859794940e-02
-1.453562925581553955e+01 1.992634031272916717e+00 3.031766339620169948e-01 2.891645072403708738e+01 3.565592722950125526e-02 8.070031420934345445e-02 5.342455119632706639e-02
-1.445532191186083359e+01 1.994077561124615983e+00 3.038959930873778026e-01 2.894498920580148749e+01 3.528987883836041256e-02 8.254504816321843463e-02 5.267831452577827200e-02
-1.437501456790599619e+01 1.994127130919972180e+00 3.039207046825228575e-01 2.894220182143153508e+01 3.598762209648846688e-02 8.299929111789942915e-02 5.014010859565347367e-02
-1.429470722395120319e+01 1.995325487998162339e+00 3.045182990853777527e-01 2.897142556095651855e+01 3.582501386799170212e-02 8.426871345808770175e-02 5.381658335248345332e-02
-1.421439987999646171e+01 1.997261237589305294e+00 3.054843766939869809e-01 2.898703827780641262e+01 3.571861705154127237e-02 8.403181283673623325e-02 5.529955715685858086e-02
-1.413409253604166516e+01 1.997618165515745670e+00 3.056626119033892808e-01 2.898154225940367112e+01 3.376258519120486912e-02 8.538886987058134925e-02 5.482058957437922764e-02
-1.405378519208685972e+01 1.997420969664181589e+00 3.055641364122780868e-01 2.897633029318111042e+01 3.274887262177719055e-02 8.703789587323587651e-02 5.505302783037475250e-02
-1.397347784813212890e+01 1.997925500874903060e+00 3.058161081931110026e-01 2.897425657103546470e+01 3.379056908139121962e-02 8.648587229735874016e-02 5.517820227901414770e-02
-1.389317050417732524e+01 1.997168923537545604e+00 3.054382840295353230e-01 2.894070167055469511e+01 3.457310676058296395e-02 8.791197013027890472e-02 5.788819865748802418e-02
-1.381286316022252514e+01 1.997264422378672188e+00 3.054859669063562100e-01 2.894547495734545350e+01 3.361769584164001068e-02 8.751770404488552757e-02 5.743267876454934834e-02
-1.373255581626778898e+01 1.997538984508801629e+00 3.056230693907426854e-01 2.893208132946668343e+01 3.342744038960754338e-02 8.808318521308219906e-02 5.840737957297146427e-02
-1.365224847231299243e+01 1.997044753005789097e+00 3.053762887051422181e-01 2.891636671038783035e+01 3.194385746050604213e-02 8.960317728508088164e-02 6.062486764196448052e-02
-1.357194112835815680e+01 1.997526947640785311e+00 3.056170583897437343e-01 2.892000810609603434e+01 3.127098321367720313e-02 8.733294098182009524e-02 5.739102693037097247e-02
-1.349163378440345440e+01 1.997645092502463138e+00 3.056760594345721005e-01 2.891901751734906867e+01 3.136872779611826756e-02 8.662637564484407249e-02 5.575824515825961170e-02
-1.341132644044865074e+01 1.999229636995062842e+00 3.064677121390356751e-01 2.894382492490503012e+01 3.201907009395842801e-02 8.781772531676496074e-02 5.383506524952152289e-02
-1.333101909649382399e+01 1.999037922046689619e+00 3.063718961997653478e-01 2.893749823453770276e+01 3.310832733361879915e-02 8.843948788438733832e-02 5.335971697161368682e-02
-1.325071175253902034e+01 1.998723797179196460e+00 3.062149217030053494e-01 2.892234444903296975e+01 3.442064715147542808e-02 8.782411695976795329e-02 5.311188696741193233e-02
-1.317040440858431793e+01 1.999638641596114486e+00 3.066721565625653012e-01 2.892942202226848991e+01 3.302416697397902307e-02 8.680344023209798920e-02 5.633111260719071700e-02
-1.309009706462948053e+01 1.999506155979605460e+00 3.066059279201162058e-01 2.889779562800472590e+01 3.296341132901074722e-02 8.644469969840297419e-02 5.763978933014507477e-02
-1.300978972067468398e+01 1.999830558477549980e+00 3.067681022678361291e-01 2.889725749869375804e+01 3.387792838534593731e-02 8.735306828875287477e-02 5.773188738556353505e-02
-1.292948237671995315e+01 1.999516320221288668e+00 3.066110087986807509e-01 2.887512511386363911e+01 3.402108178850415249e-02 8.800219699931596806e-02 5.474254640163508240e-02
-1.284917503276514950e+01 2.000594590422086316e+00 3.071501588345623146e-01 2.886036611188483292e+01 3.371605624698837539e-02 8.600268933123751680e-02 5.373958627361017509e-02
-1.276886768881034229e+01 2.000111767387619199e+00 3.069087046952997389e-01 2.884812420862452242e+01 3.283686051872907602e-02 8.739056971224209991e-02 5.195085534855774234e-02
-1.268856034485561857e+01 2.000914103670642596e+00 3.073099756917514469e-01 2.884692839668135633e+01 3.439354334041074684e-02 8.649808083971027850e-02 5.292166348341617588e-02
-1.260825300090080958e+01 2.002539536252932351e+00 3.081233930402971222e-01 2.885972837143009784e+01 3.402118624320719931e-02 8.691252219614527263e-02 5.412156314150586012e-02
-1.252794565694600593e+01 2.002933467283977809e+00 3.083206276851891969e-01 2.885755643219092903e+01 3.421460811467526980e-02 8.724470662892482020e-02 5.531047817381488929e-02
-1.244763831299127865e+01 2.002813407730373196e+00 3.082605117862320387e-01 2.885100848461758716e+01 3.347545642927159809e-02 8.874654722894932679e-02 5.546539178825811434e-02
-1.236733096903647855e+01 2.002471357809454844e+00 3.080892611676218085e-01 2.886072309815092041e+01 3.340778669006209262e-02 9.011563963347928030e-02 5.706710989004475099e-02
-1.228702362508164114e+01 2.005441327081604275e+00 3.095771772867826899e-01 2.889829901497084208e+01 3.402868996796915707e-02 8.976503111865845319e-02 5.666952851735844454e-02
-1.220671628112694229e+01 2.006191028618988792e+00 3.099531149895790039e-01 2.888805522379775326e+01 3.354591016128534442e-02 8.783260690456552722e-02 5.654029158667012167e-02
-1.212640893717213864e+01 2.005824792272965507e+00 3.097694483857453829e-01 2.888019858843490084e+01 3.302372898977307125e-02 8.897670899853972470e-02 5.456659569398247811e-02
-1.204610159321730478e+01 2.005852166459572317e+00 3.097831753186531811e-01 2.887989243469579748e+01 3.261757182939989397e-02 9.084376960217158126e-02 5.322516705749787830e-02
-1.196579424926250113e+01 2.004737864665511182e+00 3.092245532695104826e-01 2.885671311806877526e+01 3.277004774951814553e-02 9.088679175114461328e-02 5.471502558272661049e-02
-1.188548690530780405e+01 2.003730478808806836e+00 3.087197962433682052e-01 2.884529520665754987e+01 3.374860578574070263e-02 8.926210038432152993e-02 5.464223607515864695e-02
-1.180517956135296664e+01 2.004606535139597412e+00 3.091587354646486707e-01 2.885327926021719591e+01 3.325764909179761142e-02 8.962011717945793376e-02 5.296885646453985269e-02
-1.172487221739816299e+01 2.002931140394423881e+00 3.083194625371226127e-01 2.880998693952599865e+01 3.471242581104903163e-02 9.102443672326930579e-02 5.458564680380803558e-02
-1.164456487344343927e+01 2.001608094578533947e+00 3.076571898021777107e-01 2.877937184173620011e+01 3.513152757837684215e-02 9.066816193230956000e-02 5.453917530842779249e-02
-1.156425752948863384e+01 2.000285844111874045e+00 3.069957517083756748e-01 2.876373483645051365e+01 3.437049746319049970e-02 9.000443319599511771e-02 5.579245943033081523e-02
-1.148395018553382307e+01 1.998805271097780611e+00 3.062556334821758819e-01 2.872422609119696091e+01 3.570055619732484531e-02 8.778398900887886269e-02 5.698294265945806625e-02
-1.140364284157910646e+01 1.999796416915965214e+00 3.067510330791478612e-01 2.872595480913624755e+01 3.495577817475389176e-02 8.643358883180653207e-02 5.831122270755893094e-02
-1.132333549762429570e+01 2.001291534043577958e+00 3.074987948796454873e-01 2.875078663616888974e+01 3.407120672102451064e-02 8.641902480501832684e-02 5.703544310988208771e-02
-1.124302815366948671e+01 2.001495322599506910e+00 3.076007600992821667e-01 2.875942725873881400e+01 3.388956593621880731e-02 8.468860796759480891e-02 5.374322266643891122e-02
-1.116272080971476655e+01 2.000700229825449927e+00 3.072029956287036789e-01 2.875447632341483128e+01 3.379789477502138928e-02 8.507704400002728817e-02 5.115411225672752971e-02
-1.108241346575996289e+01 1.999562552481405353e+00 3.066341196042873252e-01 2.870724655086739929e+01 3.416910955729634408e-02 8.417894176048551502e-02 4.964722113805688369e-02
-1.100210612180512548e+01 1.998263326480156143e+00 3.059848599028838212e-01 2.868810432709621949e+01 3.376355874679674851e-02 8.438450432677184476e-02 4.961813150924956201e-02
-1.092179877785043551e+01 1.999345727792740446e+00 3.065257368571127072e-01 2.872416056035878285e+01 3.278008722114669066e-02 8.602435917205079885e-02 5.042635254356286206e-02
-1.084149143389562120e+01 1.997799251889994965e+00 3.057530512410688850e-01 2.869597145601600019e+01 3.232878172571982539e-02 8.507374185046995274e-02 5.315778119271958452e-02
-1.076118408994079445e+01 1.996183963697171437e+00 3.049466238739930724e-01 2.867024373500079548e+01 3.290148640809576613e-02 8.490796338360738493e-02 5.346918643923666975e-02
-1.068087674598598014e+01 1.996975168588073446e+00 3.053415485892020387e-01 2.868766089548600817e+01 3.143347041417145910e-02 8.411442294397108999e-02 5.434494778268014747e-02
-1.060056940203128484e+01 1.996351401224335076e+00 3.050301861129210979e-01 2.867147878840886932e+01 3.001794209741091152e-02 8.494329700770814062e-02 5.354314452812189429e-02
-1.052026205807645809e+01 1.996252219163933805e+00 3.049806869511252350e-01 2.865976545448330270e+01 3.075258596591133597e-02 8.256712161350993062e-02 5.377098223355865347e-02
-1.043995471412165443e+01 1.996375442213779161e+00 3.050421847110937890e-01 2.867475402749378688e+01 3.055621142199777332e-02 8.222201945007812096e-02 5.433115518711048586e-02
-1.035964737016692716e+01 1.996861319303853577e+00 3.052847117964028190e-01 2.865735991304307007e+01 3.038281826286784795e-02 8.365566105502456051e-02 5.186330976965499578e-02
-1.027934002621211995e+01 1.996136027548909508e+00 3.049227019071441003e-01 2.864112172549157975e+01 3.036809697911494604e-02 8.438342538348109212e-02 5.255418484455907924e-02
-1.019903268225730741e+01 1.996179484601812826e+00 3.049443886100975387e-01 2.862762518374425014e+01 3.027983817415833001e-02 8.493607611879661068e-02 5.637357460154626687e-02
-1.011872533830258369e+01 1.996831902579481843e+00 3.052700266614336577e-01 2.862702774197084565e+01 3.059794901727790409e-02 8.455296834744992218e-02 5.391293548090794752e-02
-1.003841799434776938e+01 1.997261853879398252e+00 3.054846844165344244e-01 2.862145032023307323e+01 3.215248317780309423e-02 8.507751463974269623e-02 5.389704487798664678e-02
-9.958110650392979935e+00 1.997541529874198973e+00 3.056243405062779583e-01 2.863902831196420351e+01 3.151578055729001293e-02 8.541597806353924682e-02 5.399914973783673244e-02
-9.877803306438256215e+00 1.998659050495051215e+00 3.061825695562953031e-01 2.866076783928433613e+01 3.000185499729124058e-02 8.428231450511758371e-02 5.431929601857884982e-02
-9.797495962483449006e+00 1.999722987281274067e+00 3.067143226735833395e-01 2.867328634055771985e+01 2.989106087732709693e-02 8.370598222717610948e-02 5.412130169486667475e-02
-9.717188618528611599e+00 2.001096251754955091e+00 3.074010954836502441e-01 2.868823697790562122e+01 2.994183934577319961e-02 8.191299614169038346e-02 5.370384228327293452e-02
-9.636881274573905642e+00 2.001795858745522683e+00 3.077511517102310412e-01 2.870164722830815762e+01 3.051716461613698111e-02 8.229524324131499979e-02 5.238277106903568847e-02
-9.556573930619091328e+00 2.002104358271205697e+00 3.079055517281479304e-01 2.868711470783540207e+01 3.109315876690309233e-02 7.839218139844905675e-02 5.397135663332620209e-02
-9.476266586664294778e+00 2.003716943813209639e+00 3.087130161688815821e-01 2.872718095358779422e+01 3.006501854565166165e-02 8.007229904872877058e-02 5.106392724110589421e-02
-9.395959242709478687e+00 2.002137309118429354e+00 3.079220446040693560e-01 2.868813415963559876e+01 3.072415686433594903e-02 8.101435075941970654e-02 5.095688790130518259e-02
-9.315651898754772731e+00 2.003177418324377790e+00 3.084427892656029790e-01 2.870007241226634420e+01 3.027639412531479834e-02 8.162028153476541537e-02 5.054033701273016876e-02
-9.235344554799937100e+00 2.004479116411661099e+00 3.090948817183833963e-01 2.872548467893785684e+01 3.074610283854894988e-02 8.320753637737882125e-02 5.060927800049706132e-02
-9.155037210845128115e+00 2.004620066784954968e+00 3.091655168577999158e-01 2.871009755544272579e+01 3.217588566136206363e-02 8.227180376459715394e-02 5.095160470976216327e-02
-9.074729866890393737e+00 2.003739755176314752e+00 3.087244430730547995e-01 2.869088370175564506e+01 3.300878750792029387e-02 8.282639551728808447e-02 4.866539922594324136e-02
-8.994422522935622055e+00 2.002597712077728076e+00 3.081525182627325998e-01 2.867312883869221096e+01 3.209166655193387840e-02 8.134192892040351119e-02 4.917940837101228424e-02
-8.914115178980807741e+00 2.002081397698272536e+00 3.078940594408202669e-01 2.864492242014800993e+01 3.204550844461834247e-02 7.997571086895480241e-02 4.896223856837569194e-02
-8.833807835026080468e+00 2.002406291432377028e+00 3.080566883560320601e-01 2.864943033461225852e+01 3.139085494389218245e-02 8.147800590263294673e-02 4.934148904267493529e-02
-8.753500491071266154e+00 2.002239431737944830e+00 3.079731617232803753e-01 2.864762959794684605e+01 3.150638742152509636e-02 8.224887418276941031e-02 4.995608624755944888e-02
-8.673193147116457169e+00 2.003866973871455848e+00 3.087881731557721166e-01 2.865550426490450420e+01 3.307672516101689553e-02 8.087003750212824749e-02 5.091001913188983319e-02
-8.592885803161719238e+00 2.004698811441866901e+00 3.092049806995341710e-01 2.867061861051056937e+01 3.209280050957994540e-02 8.224347472206144927e-02 5.135688396346006768e-02
-8.512578459206908477e+00 2.004829270404203001e+00 3.092703651894040950e-01 2.869016664149115670e+01 3.206997670361164815e-02 8.408658177444096327e-02 5.152756705054198361e-02
-8.432271115252119031e+00 2.003205808480584604e+00 3.084570069602152742e-01 2.865555395313154463e+01 3.209879518226849832e-02 8.613831460991212829e-02 5.068081541198243140e-02
-8.351963771297409522e+00 2.005381616280916823e+00 3.095472413235961229e-01 2.867568987459119967e+01 3.123463950543811304e-02 8.560917956637262294e-02 5.033811780920980500e-02
-8.271656427342589879e+00 2.005254280436264747e+00 3.094834045588775728e-01 2.867920651933067333e+01 3.035956927008388873e-02 8.393042663408671611e-02 5.078928978903227837e-02
-8.191349083387764907e+00 2.003878722760346509e+00 3.087940589536485314e-01 2.864554840363275545e+01 2.974290444791979557e-02 8.378266212749788111e-02 5.128340468277274578e-02
-8.111041739432945263e+00 2.004680283099814275e+00 3.091956948569388741e-01 2.864472584168489888e+01 3.017045451501703876e-02 8.334963677980254670e-02 5.057544920829475793e-02
-8.030734395478228649e+00 2.004664991325428414e+00 3.091880311481544075e-01 2.863305677642341962e+01 3.031889051199911089e-02 8.178839267059925811e-02 5.001013545994508619e-02
-7.950427051523450750e+00 2.003395489380308092e+00 3.085520036696418611e-01 2.861240807081815163e+01 3.054522337626370057e-02 8.383850093974333506e-02 5.005054457240811633e-02
-7.870119707568635548e+00 2.003515440949469095e+00 3.086120828975991159e-01 2.861379707170107523e+01 3.085564887273744769e-02 8.154640463255419247e-02 5.114375858750495191e-02
-7.789812363613897617e+00 2.005141430506853339e+00 3.094268333299111662e-01 2.864885823110822116e+01 3.116579939430669938e-02 8.233402952742853442e-02 5.167875811301961275e-02
-7.709505019659089520e+00 2.006066935368037818e+00 3.098908788037042505e-01 2.865280564853118506e+01 3.015141391740232962e-02 7.989717564643708525e-02 5.434332808881211369e-02
-7.629197675704274317e+00 2.005196419308802991e+00 3.094543986059573593e-01 2.862330091564811241e+01 3.067373251173858076e-02 7.896641528043396585e-02 5.492915819551771189e-02
-7.548890331749536386e+00 2.003737493580153295e+00 3.087233101651034595e-01 2.859479005325077949e+01 2.998912466805449262e-02 8.083133445820060714e-02 5.309308861363160048e-02
-7.468582987794717631e+00 2.004213447232781942e+00 3.089617590868136698e-01 2.858417775196418731e+01 3.030638749905497503e-02 8.171961262545295035e-02 5.251278290926102155e-02
-7.388275643839968154e+00 2.003470156650847933e+00 3.085894012749896831e-01 2.857171010580974269e+01 3.009999786861425330e-02 8.108513750667840914e-02 5.209846360013940803e-02
-7.307968299885230223e+00 2.003376890695076185e+00 3.085426886089674969e-01 2.857786236007163794e+01 3.018242739455013687e-02 8.400911324712000139e-02 5.178718198147359147e-02
-7.227660955930418574e+00 2.002471462077755948e+00 3.080893133661153360e-01 2.856671569973168090e+01 3.107716566642060654e-02 8.462637475202380855e-02 5.390337031111078897e-02
-7.147353611975581167e+00 2.003149304361483640e+00 3.084287100856112351e-01 2.858399628549130966e+01 3.134785819783207639e-02 8.489943889882686778e-02 5.232119753884854896e-02
-7.067046268020861000e+00 2.003848331469828548e+00 3.087788340105924734e-01 2.858915280552684379e+01 3.153628189165558204e-02 8.397574997226335547e-02 5.101784173251930343e-02
-6.986738924066042244e+00 2.004028151130602176e+00 3.088689205362882273e-01 2.858648249034501632e+01 3.144616602760690049e-02 8.233913094551363610e-02 5.107704328909596497e-02
-6.906431580111282109e+00 2.003832026458089555e+00 3.087706658811808502e-01 2.857566084433082665e+01 3.142874172016933004e-02 8.203989236346073688e-02 5.211160388587132708e-02
-6.826124236156463354e+00 2.003000165539689625e+00 3.083540262101358564e-01 2.854839869811086928e+01 3.121466871087966513e-02 8.300435835668215634e-02 5.040208082039428217e-02
-6.745816892201743187e+00 2.002982108414058882e+00 3.083449841646507261e-01 2.855017061184341642e+01 2.969721163647338902e-02 8.131706742992390879e-02 4.994141153723523352e-02
-6.665509548246906668e+00 2.002405006145790978e+00 3.080560449406806178e-01 2.853995056975608691e+01 3.183719011016325484e-02 8.044248986213808905e-02 5.092727883216060375e-02
-6.585202204292095018e+00 2.002412592897710564e+00 3.080598428798855259e-01 2.854152109029564244e+01 3.125851167024511212e-02 8.016544192728393414e-02 5.091938215806319362e-02
-6.504894860337345541e+00 2.001980721367595528e+00 3.078436702074481834e-01 2.852964084613167017e+01 2.952901074826879205e-02 7.853173006201343009e-02 5.061609006195966903e-02
-6.424587516382614716e+00 2.000199730711126556e+00 3.069526897818306566e-01 2.848048537241555067e+01 2.943678149472815642e-02 7.958511990736122366e-02 5.088321527624552892e-02
-6.344280172427795961e+00 1.999624954937284427e+00 3.066653144932451891e-01 2.846193358760839232e+01 3.130725275944699210e-02 8.023920933301330327e-02 4.984865944939212423e-02
-6.263972828473058030e+00 1.998623285664683946e+00 3.061646992989706106e-01 2.843827588873572054e+01 3.145232576282103870e-02 7.925013371327366274e-02 4.918840675006305729e-02
-6.183665484518235722e+00 2.000027123333306900e+00 3.068663811986667156e-01 2.846175006872717717e+01 3.125374338787786921e-02 7.953497516661815758e-02 5.245938167394409435e-02
-6.103358140563420520e+00 2.000601941574670306e+00 3.071538355100116302e-01 2.846121282255489149e+01 3.208694698464543971e-02 7.955708948953273130e-02 5.018348753992582512e-02
-6.023050796608674595e+00 2.000147042105051121e+00 3.069263431951203547e-01 2.843046340378584702e+01 3.191611436416952330e-02 8.036111705902557190e-02 5.232679085248943818e-02
-5.942743452653855840e+00 2.000880617135949890e+00 3.072932249154021189e-01 2.844815160372840879e+01 3.069540204735037719e-02 8.164858223280832550e-02 5.176191592184961610e-02
-5.862436108699106363e+00 2.001706656052979927e+00 3.077065113439152455e-01 2.846211727636699607e+01 3.177933955141695743e-02 8.172535632386430937e-02 5.266732515418725419e-02
-5.782128764744382643e+00 2.001030820043440350e+00 3.073683622398986071e-01 2.846801338392832648e+01 3.159558320815041704e-02 8.307287987641290283e-02 5.173443733216665646e-02
-5.701821420789563888e+00 2.001529201817410897e+00 3.076177125071214435e-01 2.847572213893045756e+01 3.284303553520248609e-02 8.379130849917633406e-02 5.299219055990894711e-02
-5.621514076834730922e+00 1.999752759874717345e+00 3.067292070190030806e-01 2.845572849761122214e+01 3.386288268054074568e-02 8.439130006016579144e-02 5.192119945183836655e-02
-5.541206732879912167e+00 1.998119240861823576e+00 3.059128823052259527e-01 2.843281659649010962e+01 3.426061070473835485e-02 8.378853187102106026e-02 5.243594160072226340e-02
-5.460899388925181341e+00 1.995984035833823000e+00 3.048468560557825446e-01 2.838777437420981542e+01 3.440085036827163212e-02 8.421289888282405822e-02 5.510480266035663877e-02
-5.380592044970438970e+00 1.997551628104373922e+00 3.056293834199554915e-01 2.841507660296000637e+01 3.381344580210593476e-02 8.557569920828371479e-02 5.248183314598906662e-02
-5.300284701015627320e+00 1.998239281500407749e+00 3.059728479340488860e-01 2.843971389279688822e+01 3.212822897491300622e-02 8.466643467746985674e-02 4.998254981264037972e-02
-5.219977357060875178e+00 1.998156438127115520e+00 3.059314636049134117e-01 2.843295019938149437e+01 3.193949706298166574e-02 8.217137331446788817e-02 4.987833813595546339e-02
-5.139670013106059976e+00 1.997136098667662285e+00 3.054218949950233686e-01 2.842407421193053452e+01 3.227281738524431787e-02 8.108350089187105203e-02 5.130516764917780054e-02
-5.059362669151237668e+00 1.997747394216403460e+00 3.057271513040213939e-01 2.844875814400715086e+01 3.045222233824036728e-02 8.070034591534178126e-02 5.058058192642981427e-02
-4.979055325196491744e+00 1.998759956904878399e+00 3.062329901853415581e-01 2.847017593213336184e+01 3.181839180778973236e-02 8.044638920485143452e-02 5.311067347941225703e-02
-4.898747981241669436e+00 1.999506844588408105e+00 3.066062721395395041e-01 2.849272592910483226e+01 3.279884047233603411e-02 8.162816683900177284e-02 5.005277583811679198e-02
-4.818440637286956374e+00 1.998491920606005667e+00 3.060990641739803619e-01 2.850652614518352124e+01 3.261231989914546020e-02 7.968736333072770628e-02 4.970934287887546210e-02
-4.738133293332203344e+00 1.996902206801837165e+00 3.053051236213939479e-01 2.847135841160120151e+01 3.305938667732537251e-02 8.097932705383356633e-02 5.139318384564039305e-02
-4.657825949377388142e+00 1.997585415713095447e+00 3.056462566608585396e-01 2.848449454393838565e+01 3.248817182231043127e-02 8.103129329729298613e-02 5.228320032162819819e-02
-4.577518605422551623e+00 1.996536665025318458e+00 3.051226530220094713e-01 2.845984397579876202e+01 3.293967366971471689e-02 8.093996037022126167e-02 5.165287390045764787e-02
-4.497211261467817245e+00 1.997673020236780284e+00 3.056900069382645357e-01 2.848425716751946979e+01 3.297460417384205644e-02 8.193479042180959460e-02 4.983654677091395313e-02
-4.416903917512994937e+00 1.996106719264366225e+00 3.049080762390661281e-01 2.845806666703640886e+01 3.178551412601817588e-02 8.186155865858585345e-02 5.036354399885135946e-02
-4.336596573558270329e+00 1.995478985945227768e+00 3.045948712155341909e-01 2.845187846709373503e+01 3.044113974963999492e-02 8.230566840386194238e-02 5.197272055456236828e-02
-4.256289229603448021e+00 1.997149118681261326e+00 3.054283956876973072e-01 2.848965722555545810e+01 3.029290962287757918e-02 8.193968410230353938e-02 5.460223032980152102e-02
-4.175981885648713643e+00 1.999451568925862510e+00 3.065786415069409188e-01 2.851985708780265227e+01 3.158039860128650927e-02 8.206786081793721044e-02 5.381275771489101717e-02
-4.095674541693877124e+00 1.998996712089361250e+00 3.063513013501590887e-01 2.851076302610436386e+01 3.048981126430975325e-02 8.100717326215153835e-02 5.566244527943876169e-02
-4.015367197739061922e+00 1.998755485431747303e+00 3.062307558383432493e-01 2.849228032325092386e+01 3.176417520078806539e-02 7.865090708702716926e-02 5.566429939372415786e-02
-3.935059853784301342e+00 1.998639791849558867e+00 3.061729467405229776e-01 2.849536863123717723e+01 3.200826738103865893e-02 7.876476138187565867e-02 5.510488208389544007e-02
-3.854752509829603380e+00 1.999285381316307619e+00 3.064955739484013231e-01 2.852096500566472770e+01 3.186510577932315930e-02 7.932683530685087636e-02 5.325080079965015950e-02
-3.774445165874781072e+00 1.998522234120889474e+00 3.061142096090370135e-01 2.849841205253808241e+01 3.287024393764324121e-02 7.915195426781698740e-02 5.482818051453874214e-02
-3.694137821920028042e+00 1.995852051382581482e+00 3.047809987943383980e-01 2.843941881609087829e+01 3.309822303258749127e-02 7.771768872593008692e-02 5.438636488634763372e-02
-3.613830477965205734e+00 1.995435279917559646e+00 3.045730679523748208e-01 2.841667934188791023e+01 3.388716829481405735e-02 7.750041427093652679e-02 5.309951351951631981e-02
-3.533523134010386979e+00 1.994781859534002555e+00 3.042471587626007778e-01 2.842117804756399124e+01 3.242552149001556860e-02 7.933976224491749718e-02 5.302033204310564740e-02
-3.453215790055630396e+00 1.994318449742669364e+00 3.040160869710617497e-01 2.839653563419649274e+01 3.180907846874640732e-02 7.922076325103551142e-02 5.042543927648458768e-02
-3.372908446100811641e+00 1.994342333376501575e+00 3.040279948390260945e-01 2.839187550934753546e+01 3.283537366317024891e-02 7.972437855464177547e-02 5.162708458410267959e-02
-3.292601102146095027e+00 1.994724978370958635e+00 3.042187929852218087e-01 2.839509147574455739e+01 3.274081419614804922e-02 7.976352260071813138e-02 5.158148761345767580e-02
-3.212293758191356652e+00 1.994032003879488757e+00 3.038732823786290949e-01 2.837053729983255224e+01 3.157594364778871371e-02 8.161015626832432424e-02 5.426639055285081142e-02
-3.131986414236534344e+00 1.994605558408107493e+00 3.041592426981399866e-01 2.838457496335819386e+01 3.020714219598361755e-02 8.129250560300858852e-02 5.489462303307932750e-02
-3.051679070281700934e+00 1.994768030084222321e+00 3.042402621499390447e-01 2.837531373618302766e+01 3.046888561763976336e-02 8.187738692143495256e-02 5.536201401558235591e-02
-2.971371726326878626e+00 1.995214686356958422e+00 3.044630295959083188e-01 2.837541146303021833e+01 2.971091309909701730e-02 8.227502743560513587e-02 5.328933198117841163e-02
-2.891064382372140251e+00 1.994813259121623661e+00 3.042628176112808225e-01 2.836819669125647891e+01 3.106568062589732879e-02 8.268439357249640631e-02 5.337134119942033711e-02
-2.810757038417424081e+00 1.995263172070169233e+00 3.044872146038235527e-01 2.837597295493971217e+01 3.035113026104612616e-02 8.342302760671252426e-02 5.233762950367935873e-02
-2.730449694462608878e+00 1.994971688898830031e+00 3.043418296858522165e-01 2.837187848724293104e+01 3.044094361217969044e-02 8.276697807262081708e-02 5.021443186798776881e-02
-2.650142350507848743e+00 1.993958103348041799e+00 3.038364433891962424e-01 2.835868622097181557e+01 2.912898761938604100e-02 8.328492280752587684e-02 4.789681344780242350e-02
-2.569835006553029988e+00 1.995562167997491310e+00 3.046363688806581482e-01 2.839851425607479740e+01 2.898771140706960653e-02 8.385905898084269894e-02 4.643221266660683272e-02
-2.489527662598203683e+00 1.995383382647589299e+00 3.045471790152110003e-01 2.840755946973247603e+01 2.787004900524404916e-02 8.438904440655722872e-02 4.732622850119838631e-02
-2.409220318643451098e+00 1.997484890191154827e+00 3.055960559213445338e-01 2.844753270476336837e+01 2.729838191878251885e-02 8.283196005445490895e-02 4.836769053175373617e-02
-2.328912974688624793e+00 1.999698500107619958e+00 3.067020808577799462e-01 2.848182430740176230e+01 2.792140742827843927e-02 8.389850553948159650e-02 4.863921877562131513e-02
-2.248605630733941485e+00 2.000371501026046772e+00 3.070385872025686025e-01 2.849569388081743426e+01 2.852352618995891709e-02 8.498027671345695366e-02 4.830861963390595953e-02
-2.168298286779173800e+00 1.999163107598264322e+00 3.064344608122289149e-01 2.846232852363316468e+01 2.885231050288801502e-02 8.285303763225521090e-02 5.299788408709261295e-02
-2.087990942824358598e+00 1.999325049178476643e+00 3.065154009869343055e-01 2.846484676163911587e+01 2.831321358741638664e-02 8.241816237082839891e-02 5.122636800956338610e-02
-2.007683598869518082e+00 1.999581060526083309e+00 3.066433716449458169e-01 2.847612703868184880e+01 2.848051928544357431e-02 8.208319468616133430e-02 4.958622669871263350e-02
-1.927376254914772380e+00 1.999483271063731138e+00 3.065944883537693455e-01 2.848627404431539034e+01 2.823112017769141210e-02 8.177357067605402208e-02 5.054920952724092920e-02
-1.847068910959950072e+00 1.998675835740084450e+00 3.061909565832602320e-01 2.849041590494350373e+01 2.851397020357456652e-02 8.357223548355553755e-02 5.020323093463042313e-02
-1.766761567005255440e+00 1.999499813192813003e+00 3.066027573150316154e-01 2.851905778845522477e+01 2.847196527101679767e-02 8.127930469075730913e-02 4.998703606716183717e-02
-1.686454223050433132e+00 1.997419047021775862e+00 3.055631763327774086e-01 2.848647479664293414e+01 3.112937170750752769e-02 8.175227053900449570e-02 5.062641650853721281e-02
-1.606146879095687430e+00 1.997764751261373428e+00 3.057358200785829094e-01 2.849914521752390684e+01 3.120701088273979476e-02 8.259405964321298033e-02 4.872837460427269923e-02
-1.525839535140846914e+00 1.997157002378515012e+00 3.054323319172232987e-01 2.847975124152575432e+01 3.008768139435396421e-02 8.289763744222292119e-02 4.792080992581603666e-02
-1.445532191186024606e+00 1.996677494784494300e+00 3.051929482425415063e-01 2.847628818139028795e+01 3.092062043004460692e-02 8.112250843502549769e-02 5.198967945675512375e-02
-1.365224847231264249e+00 1.998261261303271752e+00 3.059838282123894526e-01 2.850136029052601572e+01 3.067721383650025974e-02 8.060545159968007800e-02 5.265891632595764982e-02
-1.284917503276584272e+00 1.997837927812820658e+00 3.057723680874382399e-01 2.849442845124706380e+01 2.907677992565988259e-02 8.198475231875920755e-02 5.107223513501006618e-02
-1.204610159321761964e+00 1.999624941522375687e+00 3.066653077870488131e-01 2.850898264413387295e+01 2.922674424286601097e-02 8.171398776993638036e-02 5.328367403085323278e-02
-1.124302815367001607e+00 2.000263779620634619e+00 3.069847179470683862e-01 2.849706640981711914e+01 2.994775418554940574e-02 8.167881039386984399e-02 5.628280331954922666e-02
-1.043995471412175746e+00 1.997894994300123850e+00 3.058008708601891446e-01 2.844146285019097320e+01 2.904340573817937657e-02 8.173648261341964760e-02 5.626549967765630961e-02
-9.636881274573569911e-01 1.997084747321954845e+00 3.053962564717612738e-01 2.843259380275745585e+01 2.942119971149361607e-02 8.279376227479616490e-02 5.718297103198591302e-02
-8.833807835025894173e-01 1.997578570827469591e+00 3.056428383607990851e-01 2.843378760975803843e+01 3.030692726202017032e-02 8.334338769786608925e-02 5.742379447814310867e-02
-8.030734395477671095e-01 1.996290488094063287e+00 3.049997856767326931e-01 2.839564265113139996e+01 3.061749617973454074e-02 8.238379410681584414e-02 5.669603027943805745e-02
-7.227660955930761411e-01 1.995861065056151684e+00 3.047854962748319796e-01 2.838845468260452520e+01 3.083730955314414185e-02 8.169017338593588529e-02 5.674061350213589761e-02
-6.424587516383341024e-01 1.994935981073205244e+00 3.043240209338798907e-01 2.837649149604904153e+01 3.067982111781389354e-02 8.159254229924614576e-02 5.767857807369857620e-02
-5.621514076835044671e-01 1.995182432764778468e+00 3.044469416089139457e-01 2.837991787252964926e+01 2.932305175943345638e-02 8.117878248386983797e-02 5.859498067261848658e-02
-4.818440637286711681e-01 1.994469564483244639e+00 3.040914319589660408e-01 2.838203686733688969e+01 2.990432216966865120e-02 8.032187458004519387e-02 5.731873672987321949e-02
-4.015367197738415328e-01 1.995521090812265141e+00 3.046158761746642352e-01 2.843155616292842325e+01 3.081639033356171897e-02 8.138742800413367728e-02 5.756790029981803669e-02
-3.212293758190958859e-01 1.994695591542105406e+00 3.042041385358400518e-01 2.842513090931763742e+01 2.946144973317537177e-02 8.020084262824525578e-02 5.912800426159754708e-02
-2.409220318644086367e-01 1.994243880263706359e+00 3.039789091499454088e-01 2.839987108274632988e+01 3.000378697864663699e-02 8.046631491964358063e-02 5.576750664907862559e-02
-1.606146879095899371e-01 1.991446956937300339e+00 3.025854683813969936e-01 2.836092925786839203e+01 3.113334313914926932e-02 8.024089786098988208e-02 5.753147404194747239e-02
-8.030734395482234944e-02 1.992443897064581249e+00 3.030819228354374451e-01 2.838920420146629908e+01 3.051072210270316595e-02 8.122061399221598699e-02 5.309344827089329533e-02
0.000000000000000000e+00 1.991425886220003605e+00 3.025749783269165993e-01 2.837900083882541935e+01 3.206824210348278165e-02 8.166827184304693843e-02 5.509869671119781848e-02
