0.000000000000000000e+00 1.997272596591945781e+00 3.054900484234125413e-01 6.075206146100553894e+01 1.450225258942911544e-01 6.862640267854493159e-02 1.390382439556631100e-01
1.858497980833765384e-01 1.953636933471546433e+00 2.839442039362937154e-01 5.374446351238191966e+01 1.166646909188325809e-01 7.183214135357998686e-02 1.249074626253774828e-01
3.716995961664619208e-01 1.906976996532441460e+00 2.614577326337719221e-01 4.839051647785812094e+01 9.605812930797125171e-02 7.507937978771817011e-02 1.173014916253182771e-01
5.575493942495469701e-01 1.860145569398777621e+00 2.394908216184433725e-01 4.415810998447978619e+01 8.105052874834157983e-02 7.838937437143683740e-02 1.129471561698258408e-01
7.433991923326316309e-01 1.811907378853290451e+00 2.175272879620695488e-01 4.071379726213059058e+01 6.904167178628033141e-02 8.210901397463177265e-02 1.084460223361396192e-01
9.292489904157162917e-01 1.765359646699819818e+00 1.970052112364059083e-01 3.798191556032250560e+01 6.027853773208837612e-02 8.630065749932888663e-02 1.042308913518982111e-01
1.115098788498800841e+00 1.719451482023768296e+00 1.774461478598096109e-01 3.573821569380351093e+01 5.076918107228874794e-02 9.042911652860771698e-02 1.002348940087030710e-01
1.300948586581882838e+00 1.674985349883177266e+00 1.591809309827986185e-01 3.382986434388055130e+01 4.647434506203655669e-02 9.437628985979083784e-02 9.662677580146740441e-02
1.486798384664970163e+00 1.631131666161100613e+00 1.418576185204687978e-01 3.216365962780343324e+01 4.318129534537010900e-02 9.657123132921771602e-02 9.635556818849623506e-02
1.672648182748050161e+00 1.588878904481564991e+00 1.258502284643878699e-01 3.072994278438058657e+01 3.786231719064434009e-02 9.926802816600582835e-02 9.483729675318729180e-02
1.858497980831139262e+00 1.547580068514784468e+00 1.108876037178401219e-01 2.949859117088420746e+01 3.352646169707665380e-02 9.968339455097285917e-02 9.123638978777429132e-02
2.044347778914219926e+00 1.507289288276087103e+00 9.697642403098949426e-02 2.841415238708525237e+01 3.177992340488240697e-02 1.015110617340040516e-01 9.084035386203868911e-02
2.230197576997308140e+00 1.470607808433098240e+00 8.493201797518051821e-02 2.749151404261355225e+01 2.776858800998930135e-02 1.028058948628476771e-01 8.843987012352715060e-02
2.416047375080387027e+00 1.436652766937408954e+00 7.433682652222739495e-02 2.669165272895535423e+01 2.537492290293136624e-02 1.026408995394839929e-01 8.545525546923078697e-02
2.601897173163471688e+00 1.404838934677741902e+00 6.491627570342478615e-02 2.598993549091067834e+01 2.510549249770724356e-02 1.042431389257882784e-01 8.449833618855681627e-02
2.787746971246561678e+00 1.375706666550203572e+00 5.673912814400466909e-02 2.539950802209224534e+01 2.362846981491600537e-02 1.073196430163541465e-01 8.289563529609896009e-02
2.973596769329645895e+00 1.348000210769957130e+00 4.937804192231909362e-02 2.483898551460691095e+01 2.374801436241823563e-02 1.084696700160116961e-01 8.105836018676340626e-02
3.159446567412723006e+00 1.322128573433014154e+00 4.288557997545461298e-02 2.434495025529475143e+01 2.115716819766194287e-02 1.091139160183154100e-01 7.866555869705567361e-02
3.345296365495806334e+00 1.297795556389501392e+00 3.712845714674173347e-02 2.390144057732452509e+01 1.934939528417023089e-02 1.081027562602455000e-01 7.693244469275486996e-02
3.531146163578902097e+00 1.275483860231385824e+00 3.215825539153821522e-02 2.352672515558922584e+01 1.964391173295410367e-02 1.063188761476768635e-01 7.449617415348401550e-02
3.716995961661984094e+00 1.254011628047255522e+00 2.766391311456184443e-02 2.316612225346060328e+01 1.697135675457708132e-02 1.064277098169830599e-01 7.364028012507813081e-02
3.902845759745062093e+00 1.234563691882931913e+00 2.384607014791706447e-02 2.283742660973495120e+01 1.607961885086720694e-02 1.067168154506669409e-01 7.355762117077413453e-02
4.088695557828142313e+00 1.216007858764470706e+00 2.043461244165004076e-02 2.256459236737623542e+01 1.497679659037118478e-02 1.055750387315528699e-01 7.305502217425111078e-02
4.274545355911240740e+00 1.199432795690361653e+00 1.758402089823876691e-02 2.230698241116229852e+01 1.378333457242679125e-02 1.058543250446876832e-01 7.459050899413501023e-02
4.460395153994316075e+00 1.183303933801080676e+00 1.499346396564307793e-02 2.206878770390602895e+01 1.208030230708213859e-02 1.033862141958663133e-01 7.304490606393353180e-02
4.646244952077399404e+00 1.167937532495103570e+00 1.269813197212790734e-02 2.184417936087226764e+01 1.290398227792153782e-02 1.043755732646622775e-01 7.414005571839038522e-02
4.832094750160488061e+00 1.154240299466423592e+00 1.079792128441162125e-02 2.164557341890443354e+01 1.291094046106618792e-02 1.056542176966089597e-01 7.094321001391304393e-02
5.017944548243570502e+00 1.141482603512604221e+00 9.154656665021215778e-03 2.149226199442430385e+01 1.237888853699423315e-02 1.060896839578981260e-01 6.846614546167829884e-02
5.203794346326660047e+00 1.129531946544638288e+00 7.728606225302525612e-03 2.134135997452882449e+01 1.459826275421382928e-02 1.045540375493968499e-01 6.781722206286835974e-02
5.389644144409748705e+00 1.118972449865438090e+00 6.561641155590922092e-03 2.120895895790122410e+01 1.253354172402516495e-02 1.035619148770252074e-01 6.762167611185569693e-02
5.575493942492815158e+00 1.109286561962610884e+00 5.569490252945522024e-03 2.109654754630879481e+01 1.177438562142798378e-02 1.022357233251820624e-01 6.654866852497058616e-02
5.761343740575919803e+00 1.099725305607880843e+00 4.664879163983975952e-03 2.097446726198080924e+01 1.208961666378824233e-02 9.892064911677968253e-02 6.919369995828142383e-02
5.947193538658982703e+00 1.091492929588790739e+00 3.946510303429767719e-03 2.087357874228366228e+01 1.106587513654108852e-02 9.582572104890552112e-02 6.769781485593336090e-02
6.133043336742074025e+00 1.083805176682755667e+00 3.327016125430362625e-03 2.078046546837629194e+01 1.250531695512039146e-02 9.468810941591350450e-02 6.604687239147803701e-02
6.318893134825168900e+00 1.077557303026049906e+00 2.860579981676630856e-03 2.072142701232939999e+01 1.119712071189675993e-02 9.458637290400728759e-02 6.564283331912151853e-02
6.504742932908240682e+00 1.071121765233327583e+00 2.415287201961310859e-03 2.064761628533992877e+01 1.132898926815078915e-02 9.249055115335334809e-02 6.403162825809256831e-02
6.690592730991335557e+00 1.066732354553931117e+00 2.132252918167321099e-03 2.059632154564259920e+01 1.029947031272401316e-02 9.243513763460745047e-02 6.465781794579740505e-02
6.876442529074430432e+00 1.061714499107977439e+00 1.829445662020846852e-03 2.052215223547431222e+01 1.010375350408104084e-02 9.233442254876060573e-02 6.353048902554203625e-02
7.062292327157489780e+00 1.057291055033474647e+00 1.581026510142927166e-03 2.046972774081852009e+01 1.102709415690766165e-02 9.272603862084893844e-02 6.298778172760419181e-02
7.248142125240597089e+00 1.052222730378997939e+00 1.317917580601395133e-03 2.040912825112096840e+01 1.068805751085939032e-02 9.109415284853451811e-02 6.377731501678386705e-02
7.433991923323653772e+00 1.047464943708630525e+00 1.092038081100525637e-03 2.037058345418539673e+01 1.013409880075212197e-02 8.851078932987790915e-02 6.264531654072472144e-02
7.619841721406750423e+00 1.043905103538871337e+00 9.365152032246790159e-04 2.033530488620623089e+01 1.042114106841399331e-02 9.017011743580168048e-02 6.327964206562275429e-02
7.805691519489848851e+00 1.040045733806431283e+00 7.810468061375391846e-04 2.029941908123147343e+01 1.169394367461075446e-02 8.926817766771039109e-02 6.357313900922693939e-02
7.991541317572913528e+00 1.036274183957179629e+00 6.424188058727908768e-04 2.026530361031281302e+01 1.120038893483734158e-02 8.838916919190205335e-02 6.166424899785002967e-02
8.177391115656005738e+00 1.032532756631531434e+00 5.179857306052831900e-04 2.022312883982523246e+01 1.229375066762270624e-02 8.682663018574313107e-02 6.059523239951387225e-02
8.363240913739110383e+00 1.030299214872102631e+00 4.499549416493615894e-04 2.018088098912947004e+01 1.212392645347028577e-02 8.804966679506621985e-02 6.033018924525317128e-02
8.549090711822165289e+00 1.027949073323943807e+00 3.834470862434241623e-04 2.017121711430794306e+01 1.177285973796177339e-02 8.839121307036455766e-02 6.053705795861368671e-02
8.734940509905261052e+00 1.025309279647298455e+00 3.149763288847196030e-04 2.015080432722529835e+01 1.231459562753858296e-02 8.761102181811285250e-02 6.009591169700655849e-02
8.920790307988339052e+00 1.023649106915001106e+00 2.753080504515302562e-04 2.014150202475473606e+01 1.040008576329144729e-02 8.549990874996266088e-02 5.934132329465881955e-02
9.106640106071425933e+00 1.022758778825159753e+00 2.551174852166472606e-04 2.015258427196232205e+01 1.035383754922014447e-02 8.484004464098586495e-02 6.125716010437574216e-02
9.292489904154512814e+00 1.020556016595258297e+00 2.084235108353663102e-04 2.011567686636460905e+01 1.200098368454097925e-02 8.415324992540895721e-02 6.014315108626532708e-02
9.478339702237603248e+00 1.018645027382934831e+00 1.716877247554746133e-04 2.008924211391571291e+01 1.250051708750894892e-02 8.459455315247130236e-02 6.122000144299628160e-02
9.664189500320688353e+00 1.017180114993502471e+00 1.459093864478074043e-04 2.006274964186766141e+01 1.392861038360319881e-02 8.229556177797704708e-02 6.299361065565714513e-02
9.850039298403769905e+00 1.016507782384667768e+00 1.347722680279730967e-04 2.008315522881012072e+01 1.208837670382258145e-02 8.028801318448160196e-02 5.970852953771300931e-02
1.003588909648686212e+01 1.014900261647316837e+00 1.099183687073099908e-04 2.005117676136192273e+01 1.234418694331149494e-02 7.973214616880994199e-02 6.020883508530944922e-02
1.022173889456994900e+01 1.013660569638364928e+00 9.246445502021811980e-05 2.004575389537343355e+01 1.097056968343703559e-02 8.094559254360983447e-02 6.095630294303022723e-02
1.040758869265300035e+01 1.012371407168132675e+00 7.590050146906966722e-05 2.003228648291757352e+01 1.180292492779840864e-02 8.076696315803719162e-02 6.397149256069563361e-02
1.059343849073612631e+01 1.011692056958234831e+00 6.782394227282384502e-05 2.003312085913352547e+01 1.149823927963550090e-02 8.079389039595960553e-02 6.306151594931731774e-02
1.077928828881920431e+01 1.011191652773363758e+00 6.216317015532435430e-05 2.001751433220419329e+01 1.226472284202603097e-02 7.953012465323866520e-02 6.412804572072719478e-02
1.096513808690226099e+01 1.010650304974257008e+00 5.631500292506939898e-05 2.002586010093097713e+01 1.178031738309284239e-02 8.134225145141885105e-02 6.059379961096261757e-02
1.115098788498533544e+01 1.010339695728138310e+00 5.308901793719608686e-05 2.003720472700882027e+01 1.240549790319864926e-02 8.074033832913560249e-02 6.198350047570086452e-02
1.133683768306846851e+01 1.009131828340702253e+00 4.144303503488683260e-05 2.002030394208881248e+01 1.343857723688665975e-02 8.179698047774017211e-02 6.209608938569711328e-02
1.152268748115151631e+01 1.008920504811889440e+00 3.955265729909361594e-05 2.002553013877889398e+01 1.162550743290328113e-02 8.362918622581816397e-02 6.174632297587647617e-02
1.170853727923459786e+01 1.008085715692601081e+00 3.251424940320726820e-05 2.001252344052663545e+01 1.249609657807456212e-02 8.472106526066350285e-02 6.239763568965697726e-02
1.189438707732342060e+01 1.007373980193709828e+00 2.705487196450872406e-05 2.000022506916979026e+01 1.145770037906617550e-02 8.362976768782549863e-02 6.257500279878691618e-02
1.208023687542619484e+01 1.007262933099812408e+00 2.624808318325237005e-05 2.000711704318074879e+01 1.035440717651060771e-02 8.285930034315777681e-02 6.307778217877228755e-02
1.226608667352902948e+01 1.006972181673945865e+00 2.419327049099466442e-05 1.999870794872100177e+01 1.065113499651171997e-02 8.251414855961694550e-02 6.295407181454606982e-02
1.245193647163180195e+01 1.005968075344273016e+00 1.773842049315396685e-05 1.998247840094949979e+01 9.289652121726743941e-03 8.297682836471149959e-02 6.247872252194957426e-02
1.263778626973463837e+01 1.004557723034672057e+00 1.035496816691790917e-05 1.995581222012040001e+01 9.803650378373503227e-03 8.172504927869699010e-02 6.210566683535258953e-02
1.282363606783740728e+01 1.003988926029048656e+00 7.934671885626368160e-06 1.995357901646076115e+01 1.014732001096526649e-02 7.943510990376237424e-02 6.196144170577569388e-02
1.300948586594024547e+01 1.002773032012192145e+00 3.837760086364966350e-06 1.992994215190732277e+01 1.016148293889940733e-02 8.034532981905660731e-02 5.983580305108397723e-02
1.319533566404301439e+01 1.002490401986719126e+00 3.095912049365118907e-06 1.995296002343318520e+01 1.048202528547811235e-02 8.004890418675200681e-02 6.005346777705867362e-02
1.338118546214585081e+01 1.001766289463406512e+00 1.558054853479208871e-06 1.994139716175302368e+01 1.048702055298282414e-02 7.938882505934520550e-02 6.082674420009413080e-02
1.356703526024861972e+01 1.001642663546996825e+00 1.347696092007886343e-06 1.993394002112443530e+01 1.100075068203231789e-02 7.927319636391326474e-02 6.057038110392710256e-02
1.375288505835145969e+01 1.000948368430290891e+00 4.494172201617617837e-07 1.993770519060574387e+01 1.076274644363528314e-02 8.071449062488372794e-02 5.686462055638170920e-02
1.393873485645422683e+01 1.000576210869877469e+00 1.659457398497108174e-07 1.991384687931622111e+01 1.115886667085439106e-02 7.936908410844566164e-02 5.648917681953290887e-02
1.412458465455706680e+01 1.000735396251349663e+00 2.702713270194686754e-07 1.991607737508762455e+01 1.013037216962234949e-02 8.139253203327079245e-02 5.724182974091359538e-02
1.431043445265983038e+01 1.000828966164086342e+00 3.434026842337022795e-07 1.992457754196475506e+01 9.316234970210302349e-03 7.986426147232986161e-02 6.053294162212021629e-02
1.449628425076267568e+01 1.000393209185717058e+00 7.728647269584533464e-08 1.990641740408224081e+01 1.051227397257579153e-02 7.884897096761699087e-02 5.864641691692074749e-02
1.468213404886543749e+01 9.999442855615138237e-01 1.552106978030642730e-09 1.988932756248591005e+01 1.182277733836968950e-02 7.880844012827012413e-02 5.888015565437930421e-02
1.486798384696828101e+01 1.000404371846024931e+00 8.173626110929152824e-08 1.990648824535700356e+01 1.192022657340406459e-02 7.954315854598242863e-02 6.033657459645235671e-02
1.505383364507104282e+01 1.000611249614572706e+00 1.867369542715886788e-07 1.991359256148997048e+01 1.167265081981723115e-02 7.905356060784204941e-02 6.253320057964600887e-02
1.523968344317388812e+01 1.000790988052417507e+00 3.126661835866273095e-07 1.990950336526165643e+01 1.139646687529765473e-02 7.919306087960512053e-02 6.109802376669408452e-02
1.542553324127665171e+01 9.999241175216718736e-01 2.879220914475417309e-09 1.989313026300520093e+01 1.160113862823804534e-02 7.783793637639885299e-02 6.120715802618979101e-02
1.561138303937949523e+01 9.997872424515987788e-01 2.263609792492395252e-08 1.991037742835986180e+01 1.046092475089624788e-02 8.022307221159780122e-02 5.925037098242462441e-02
1.579723283748226415e+01 1.001075515004896666e+00 5.779519027027980871e-07 1.993216884401014255e+01 1.060551913185986406e-02 7.985867345393496408e-02 5.764620624023002182e-02
1.598308263558509523e+01 1.001339413477784879e+00 8.962140540409984507e-07 1.994093594794509983e+01 9.339478434448759969e-03 8.109528951692805687e-02 5.789260254649415682e-02
1.616893243368786415e+01 1.002165205554355953e+00 2.340679453799628107e-06 1.996395118908587918e+01 9.201986283807344486e-03 8.071131154679957176e-02 5.925141537400438474e-02
1.635478223179070767e+01 1.002254121609693183e+00 2.536720779434432915e-06 1.997775178209867164e+01 8.878159709007061445e-03 8.236243150230232457e-02 5.672376863545378761e-02
1.654063202989348369e+01 1.002367518884431208e+00 2.798157244230260049e-06 1.997986095179762600e+01 8.085402205359564637e-03 8.212592992853907925e-02 5.961792765735267341e-02
1.672648182799629879e+01 1.002796484879964645e+00 3.902889287816201092e-06 1.996136353934668151e+01 9.156581513063857466e-03 8.007788318391595439e-02 5.980632036219198089e-02
1.691233162609907836e+01 1.002731486383374948e+00 3.723729594737670845e-06 1.996308925204879969e+01 7.617140477363142613e-03 8.060942733222344059e-02 6.048078216942173735e-02
1.709818142420192189e+01 1.002056284988107171e+00 2.111260236408764313e-06 1.996786620732429895e+01 9.115590227649700977e-03 8.197869564964768707e-02 6.052784495491704553e-02
1.728403122230469791e+01 1.000894017023697735e+00 3.993951929890044231e-07 1.994001414759606305e+01 9.344168272371024958e-03 8.215222874412750342e-02 6.111218998460055118e-02
1.746988102040750590e+01 1.000463203817644420e+00 1.072457718509002046e-07 1.991525660828731148e+01 9.743917820674881727e-03 8.076739316777802047e-02 6.122810435022959380e-02
1.765573081851028547e+01 1.000120708921778956e+00 7.284735682692587873e-09 1.990851522199488244e+01 1.062600433845943375e-02 8.210456699371457279e-02 6.332624856249177703e-02
1.784158061661313610e+01 9.990826447979211933e-01 4.210277911071043377e-07 1.990576062740967700e+01 1.005640683734949220e-02 8.234907807138450164e-02 6.029378238858480732e-02
1.802743041471591923e+01 9.988249808540506924e-01 6.908762449099863784e-07 1.991880743112859520e+01 9.538466067008794999e-03 8.291105188566742779e-02 6.187933156497694293e-02
1.821328021281871301e+01 9.993245973257960379e-01 2.281871374144091996e-07 1.992382104511357355e+01 1.037991545419145352e-02 8.075008999675292731e-02 6.260419081622610460e-02
1.839913001092149969e+01 1.000171241642189290e+00 1.466017641194050126e-08 1.993598383403482543e+01 1.018759970137009772e-02 8.028091609474699575e-02 6.135639850415643831e-02
1.858497980902435387e+01 1.000791129985446393e+00 3.127783722413693401e-07 1.994593016652820339e+01 9.941787371427179484e-03 8.064324440784803594e-02 6.127004431403666046e-02
1.877082960712713700e+01 1.000999850733600427e+00 4.995178103026076677e-07 1.995751953132654677e+01 1.050166179079535522e-02 8.056607591717215855e-02 5.997314893655213142e-02
1.895667940522992367e+01 1.001072314721977774e+00 5.745187582166522144e-07 1.995307160865171525e+01 1.029565719876697656e-02 8.188969621602265603e-02 6.141948364684420708e-02
1.914252920333271035e+01 1.000204331773623556e+00 2.087289357425182318e-08 1.994693132474889197e+01 1.139856334675959371e-02 8.030999060194790595e-02 6.191890581347050254e-02
1.932837900143556453e+01 1.000102096622607961e+00 5.211505458923388831e-09 1.993376908162336392e+01 1.045945004630327753e-02 7.763566851453457263e-02 6.092525223012973390e-02
1.951422879953835476e+01 9.998534109343402143e-01 1.074522718686691386e-08 1.993774529256146266e+01 1.040100222717853934e-02 7.674301863661733836e-02 5.982937268871509062e-02
1.970007859764113434e+01 9.997515158048224659e-01 3.087731274858300859e-08 1.993612199881123459e+01 1.121968323555741671e-02 7.809686307205519762e-02 5.991935924833982630e-02
1.988592839574392457e+01 9.999239959156084323e-01 2.888456779369472788e-09 1.993091446657850696e+01 1.176369268747051548e-02 7.924370376397492366e-02 6.029742185180074487e-02
2.007177819384677875e+01 9.994965811421177015e-01 1.267578165377444485e-07 1.992520608526553616e+01 9.992796972562882629e-03 8.091033374333637951e-02 6.094981686571815382e-02
2.025762799194957253e+01 9.999191464249271855e-01 3.268826499750105731e-09 1.992510225253708356e+01 9.911486794096707395e-03 7.992806672061965323e-02 5.995251784777695658e-02
2.044347779005234145e+01 1.000203143030937269e+00 2.063075156088882423e-08 1.992798077882310537e+01 1.031809733336343411e-02 7.947342147905939180e-02 6.088619398968986990e-02
2.062932758815513523e+01 1.000054987171835386e+00 1.511739115975989454e-09 1.992571266463859203e+01 1.064677437217487199e-02 7.988089534815281945e-02 6.060782990718501656e-02
2.081517738625798941e+01 1.000579930522964123e+00 1.680947200331838268e-07 1.993744962056860714e+01 1.031270522942969760e-02 7.963459293841579356e-02 5.861437396968166569e-02
2.100102718436078675e+01 1.000544683103617105e+00 1.482859982079171024e-07 1.995060343018090521e+01 9.727110111561689323e-03 7.883146268409335633e-02 5.828646094941054151e-02
2.118687698246355211e+01 1.000403813872519532e+00 8.151087907540049624e-08 1.993552743620504231e+01 1.102626456460686216e-02 7.985462972105232538e-02 6.068362339617126150e-02
2.137272678056634945e+01 1.000252748084269117e+00 3.193541608736234425e-08 1.994084399708056665e+01 1.105374254764860883e-02 8.132053369511149654e-02 5.894140386302262197e-02
2.155857657866920363e+01 1.000461226992393371e+00 1.063324749074026805e-07 1.995208844603083875e+01 1.249805779365257934e-02 8.158171988326495816e-02 6.135236233852690152e-02
2.174442637677200452e+01 9.996393600300118587e-01 6.504623329436735879e-08 1.992923307039719560e+01 1.259161892619551151e-02 7.981666303307191623e-02 5.968947862745464100e-02
2.193027617487476277e+01 9.997411117562318150e-01 3.351734633680889322e-08 1.993691822701119776e+01 1.203519437952974523e-02 8.159127674867638902e-02 5.999150396398947316e-02
2.211612597297756011e+01 1.000193610692978963e+00 1.874013139704618428e-08 1.995357614243520317e+01 1.205746848648982586e-02 8.115936378766884507e-02 6.133920727612104939e-02
2.230197577108041784e+01 9.992896334128715807e-01 2.524298963095875092e-07 1.993322758851997989e+01 1.164840486327429342e-02 8.182340104373114764e-02 5.997244658357761549e-02
2.248782556918322229e+01 9.996191175637386683e-01 7.255413877582227861e-08 1.993602219895783634e+01 1.098777822184105780e-02 8.211147761768028408e-02 6.043648408896047652e-02
2.267367536728596633e+01 9.990566866511443322e-01 4.452000345081226843e-07 1.991865580609935193e+01 1.119295228663395175e-02 8.060077159415120207e-02 6.031181249950186285e-02
2.285952516538877433e+01 9.985533710184102407e-01 1.047377938573562997e-06 1.991382351276397955e+01 1.063295352088803290e-02 8.150553547479039151e-02 5.878576353241264651e-02
2.304537496349162851e+01 9.982450162948298678e-01 1.541788042028202632e-06 1.991187309597149024e+01 1.080796975459400941e-02 8.142562480524238866e-02 6.175079022789754096e-02
2.323122476159443650e+01 9.981157758488036214e-01 1.777383335969419387e-06 1.990130298760898597e+01 1.266452883461427308e-02 8.185896268473033532e-02 6.184385309216534898e-02
2.341707455969717699e+01 9.985076382854203292e-01 1.114680886320391917e-06 1.992340974897186356e+01 1.240799428418787147e-02 8.043337518308012191e-02 5.973202075681852130e-02
2.360292435779998854e+01 9.986454414956622561e-01 9.182436743577441357e-07 1.991214228446763457e+01 1.084783249177014193e-02 8.144624328495879417e-02 5.979306789800618860e-02
2.378877415590283917e+01 9.987058808753206396e-01 8.380952958957077481e-07 1.988713505982808627e+01 1.172964718606754435e-02 8.064359757222236413e-02 5.994304173504286237e-02
2.397462395400564716e+01 9.989956153279141438e-01 5.047322766374602587e-07 1.988652997322224181e+01 1.113940895343723016e-02 8.036829973474320099e-02 5.842822099431297517e-02
2.416047375210838410e+01 9.996680638754921189e-01 5.510298949589062176e-08 1.989633435536719475e+01 1.070902026617069625e-02 8.069506197883610787e-02 5.658688584079459016e-02
2.434632355021119565e+01 9.999428056368192541e-01 1.635659957141284010e-09 1.988755566525693652e+01 1.120879798094767330e-02 8.025349324980765586e-02 6.054067131889349918e-02
2.453217334831405694e+01 1.000943611149350820e+00 4.449211342254797211e-07 1.988673666576737276e+01 1.142137964860984005e-02 7.866025959029093739e-02 6.278176311616326388e-02
2.471802314641686493e+01 1.000622660937848796e+00 1.937728893943065078e-07 1.987624080348117772e+01 1.094867192629468342e-02 7.762296063336168728e-02 6.050569431788579283e-02
2.490387294451959477e+01 1.000704955243408856e+00 2.483642306815329534e-07 1.990270660469180086e+01 1.179878519996846974e-02 7.751734921898074948e-02 6.042835184885454042e-02
2.508972274262240987e+01 1.000531529571197842e+00 1.412118059109694970e-07 1.989353251725243510e+01 1.168064910801476855e-02 7.866697609986796069e-02 5.827829032281293259e-02
2.527557254072527115e+01 1.001285384648719079e+00 8.253996192928228504e-07 1.990798810826190746e+01 1.085594616880389968e-02 7.865642350692098050e-02 5.678091900467378828e-02
2.546142233882807915e+01 1.000251920409522599e+00 3.172661809045787193e-08 1.988867791996083412e+01 1.014552420704705783e-02 8.128289775223022928e-02 5.913971838306669726e-02
2.564727213693080898e+01 1.000653860549138408e+00 2.136736720767746026e-07 1.991311854672553139e+01 1.085623907683953317e-02 8.154078295057232140e-02 6.081629183916631431e-02
2.583312193503362053e+01 1.000581013114770101e+00 1.687227695028195931e-07 1.990599092143433779e+01 1.159685212328764696e-02 8.066895993986573921e-02 5.886201010089513186e-02
2.601897173313648182e+01 9.999554435371876826e-01 9.926686758219139921e-10 1.990725463720079347e+01 9.932599177714175262e-03 8.236726143033244740e-02 5.876706056888059138e-02
2.620482153123929692e+01 9.994965247169224076e-01 1.267862379456582284e-07 1.990390440394102001e+01 8.960627595399535752e-03 8.244068656195344125e-02 5.834100230706917856e-02
2.639067132934201609e+01 9.996946477063461955e-01 4.662950414544486319e-08 1.991630586465289809e+01 1.076226793578050067e-02 8.256078880768984163e-02 5.719414993008913733e-02
2.657652112744483475e+01 1.000114446731718676e+00 6.548527566927852921e-09 1.991710458656204707e+01 9.547384023817859916e-03 8.241943982715645156e-02 5.671226891662076164e-02
2.676237092554769603e+01 1.000207364111982411e+00 2.149696572099489729e-08 1.992234208372876836e+01 8.265006849102647657e-03 8.350598461033156839e-02 5.705493064867553366e-02
2.694822072365050758e+01 1.001259430840100384e+00 7.924177600356595297e-07 1.995246047115807642e+01 8.271470360976383718e-03 8.316538704521764247e-02 5.919249400090476759e-02
2.713407052175322320e+01 1.001624828628908670e+00 1.318605890825944732e-06 1.996863400943360034e+01 8.770593467448642433e-03 8.089124478475877289e-02 5.787231764739664969e-02
2.731992031985604541e+01 1.001483011465572615e+00 1.098575504253785501e-06 1.995456768216541477e+01 9.105389183107420042e-03 8.248116422708187678e-02 5.897605316362809075e-02
2.750577011795890670e+01 1.000953810020532186e+00 4.545877403698203589e-07 1.992931575922419185e+01 1.107768065236430788e-02 8.294482790643301073e-02 6.073561783418381793e-02
2.769161991606172535e+01 1.001066368970423337e+00 5.681675089464367084e-07 1.992859230960727146e+01 1.146407033281429851e-02 8.431789448577990675e-02 6.233964398876934432e-02
2.787746971416443387e+01 1.001224141359922548e+00 7.486501277648421188e-07 1.992692910697004294e+01 1.185617203849238105e-02 8.335975230490869081e-02 5.908795331472340567e-02
