0.000000000000000000e+00 1.198390802960304979e+00 1.741114364125789793e-02 4.263561291353298088e+00 2.197730643709841850e-02 2.491487849942621846e-01 -1.933220154421740056e-02
9.002857085122287217e-02 1.187444397093025072e+00 1.564096476323065255e-02 4.133570959669304656e+00 2.260813483618660802e-02 2.589258393587466345e-01 -1.885998224524965475e-02
1.796984621372997859e-01 1.177174352891564579e+00 1.405740228623261756e-02 4.014455860895502326e+00 2.104871545788820561e-02 2.657913142347023694e-01 -1.850423587934752270e-02
2.693683534233766164e-01 1.168264836610490853e+00 1.274523423355161666e-02 3.913245639742954030e+00 2.058988010487849615e-02 2.666168790232381069e-01 -1.881242874271796608e-02
3.590382447094545570e-01 1.158457949353301375e+00 1.136818261569086386e-02 3.811157085447097081e+00 1.892150548874250299e-02 2.696950534754625761e-01 -1.549080820021117924e-02
4.487081359955303883e-01 1.148164059902471168e+00 9.999862892950905913e-03 3.716369775051179491e+00 1.755572980324023730e-02 2.727731946781278838e-01 -1.165415281476587205e-02
5.383780272816086621e-01 1.138646455711105343e+00 8.806218278651828379e-03 3.631433613319483555e+00 1.817744569853358555e-02 2.717661010441166369e-01 -1.113132865732955300e-02
6.280479185676958176e-01 1.129672073088135997e+00 7.744683287248615988e-03 3.558508968146520068e+00 1.614022568040045236e-02 2.736745140079765992e-01 -9.662628345133837671e-03
7.173591302886414001e-01 1.122395870169103693e+00 6.930299834206690712e-03 3.498000867118144175e+00 1.370808346523727690e-02 2.732059026554469194e-01 -1.052911729566086141e-02
8.070290215747356610e-01 1.114935624727547037e+00 6.138957152594326505e-03 3.430795631299602189e+00 1.148167089361975916e-02 2.717354091470391420e-01 -9.381811538040636667e-03
8.966989128608281456e-01 1.107182766335617297e+00 5.364025662537311168e-03 3.373477330864589341e+00 9.127051419235683236e-03 2.769975430285573914e-01 -7.820457206033117059e-03
9.863688041469214074e-01 1.099343297395883434e+00 4.630298235808599783e-03 3.318176045677334596e+00 8.098995953000976203e-03 2.694945255929287464e-01 -5.498368852499543186e-03
1.076038695433013226e+00 1.093339281475689484e+00 4.102707388439361114e-03 3.279687331434154363e+00 6.584884382974378822e-03 2.706914113730876092e-01 -3.939665176698794666e-03
1.165708586719102380e+00 1.086671643512546082e+00 3.552156893006364058e-03 3.234622933828647628e+00 6.058636645711058463e-03 2.682813779012592770e-01 -3.645466515362950650e-03
1.255378478005164888e+00 1.080061085581346836e+00 3.043485321246625075e-03 3.196558917206744344e+00 5.790292446875180792e-03 2.661173215558680916e-01 -5.118200507284366256e-03
1.345048369291220514e+00 1.075601055736691736e+00 2.721428791789673451e-03 3.172786369022233544e+00 5.265193896052158297e-03 2.668228553926746405e-01 -5.452783077620280971e-03
1.434718260577281912e+00 1.071715329473293288e+00 2.454852954022285205e-03 3.148539902369812182e+00 3.048882172017534052e-03 2.589493674375266119e-01 -4.553228193239386608e-03
1.524388151863342200e+00 1.066340929712898955e+00 2.107833606961775907e-03 3.121373286503092093e+00 1.800479418639166964e-03 2.606620687579466189e-01 -5.267157743279998056e-03
1.614416722714551611e+00 1.061677429002777284e+00 1.827291489873997254e-03 3.099537370978138640e+00 9.070127095852331374e-04 2.606267320736627702e-01 -6.254298465039104596e-03
1.704086614000615008e+00 1.057511155155895555e+00 1.592974662459833990e-03 3.081491614117626732e+00 8.815652491646153253e-04 2.602687208739798419e-01 -5.812526466739524784e-03
1.793756505286668190e+00 1.053611970668364428e+00 1.387737603775029971e-03 3.061031313329321435e+00 1.071813270037548331e-03 2.558941898965402806e-01 -6.870107148031071205e-03
1.883426396572734030e+00 1.049880195450356268e+00 1.204137361864782152e-03 3.044201890996152571e+00 1.126092718012771179e-03 2.543994340762044115e-01 -5.379702327638537923e-03
1.973096287858792319e+00 1.047001220293667823e+00 1.071122891460295212e-03 3.031568346212021758e+00 6.750263452089889015e-04 2.512504222861325909e-01 -2.705894216810823556e-03
2.062766179144857936e+00 1.043202436375804565e+00 9.071887053388530409e-04 3.013483473932125012e+00 4.187758662260699055e-04 2.555099210754261385e-01 -2.869561040090276224e-03
2.152436070430915560e+00 1.040004934114145074e+00 7.794766315940143686e-04 3.006847063628908412e+00 -2.943342451865305206e-04 2.495217746420065885e-01 -5.102366971518834888e-04
2.242105961716983842e+00 1.037542092364196700e+00 6.875491110166567776e-04 2.998157549340471739e+00 -9.855098651795667422e-04 2.438551962244682458e-01 5.553369862911716965e-04
2.331775853003070331e+00 1.035025068837711837e+00 5.994213144670385018e-04 2.989408998647241855e+00 -1.547711669246842848e-03 2.408942662531052270e-01 3.445068490576008767e-04
2.421445744289186575e+00 1.033143404405901133e+00 5.374006644401005395e-04 2.983599796653038538e+00 -1.885650522607634685e-03 2.349661693476561564e-01 -8.972873838346184707e-04
2.511115635575318805e+00 1.031208315769690742e+00 4.770789917056296459e-04 2.979562071132737522e+00 -3.639329700177646072e-03 2.346927041815863868e-01 -6.963802860839829164e-04
2.600426847296290145e+00 1.029590535083988456e+00 4.293506353317474988e-04 2.976968689992963935e+00 -6.098556429956643841e-03 2.378398258431365098e-01 -1.036811706170124225e-03
2.690096738582423708e+00 1.027699181757310232e+00 3.766822970113978264e-04 2.972170103956322862e+00 -5.483260993434919614e-03 2.416597749946447493e-01 1.925665716839907110e-03
2.779766629868544392e+00 1.024623250984395550e+00 2.982659759873593219e-04 2.958514469383807910e+00 -5.255962666420906614e-03 2.377315737909818927e-01 9.465343588529584852e-04
2.869436521154662856e+00 1.024001695625048169e+00 2.835131252669972901e-04 2.960175590314631400e+00 -5.836738220325174940e-03 2.435385790971931197e-01 1.455556081636378857e-03
2.959106412440797307e+00 1.022323450463355154e+00 2.455210202964470956e-04 2.954766782991370189e+00 -5.141650091719066583e-03 2.406060679038204697e-01 2.064178763338225808e-03
3.048776303726913994e+00 1.021049026531892112e+00 2.184703514712567352e-04 2.955957583484478235e+00 -5.465091066079788389e-03 2.344829865101844824e-01 3.313251681520852469e-03
3.138446195013046225e+00 1.018151667380726932e+00 1.627747104331160599e-04 2.941645838377122679e+00 -3.496449737558852099e-03 2.319198062556422357e-01 2.978465649286409379e-03
3.228116086299166909e+00 1.017534848937996950e+00 1.519616193741239740e-04 2.948151992485616102e+00 -5.199655610410038563e-03 2.375831790340628413e-01 2.970008022458067200e-03
3.317785977585289370e+00 1.015208185586419010e+00 1.144851724966759049e-04 2.943365118866217767e+00 -5.989943653699592030e-03 2.386302007013692272e-01 2.403976499255829763e-03
3.407455868871416271e+00 1.013792177381517945e+00 9.424649098344756171e-05 2.945070862412006552e+00 -7.033356448652982977e-03 2.357370142659101775e-01 9.463539735030590191e-04
3.497125760157538732e+00 1.011537130006278318e+00 6.604518851106161437e-05 2.936895465399071092e+00 -6.847628762156809587e-03 2.379902247036104757e-01 -1.061088300883977851e-03
3.586795651443672739e+00 1.010337296107330030e+00 5.306446332502441632e-05 2.933836617856026674e+00 -6.589436482561701267e-03 2.317055020983830593e-01 -9.301751643227218697e-04
3.676465542729796532e+00 1.010286608821387766e+00 5.254711334091478891e-05 2.936885337079310432e+00 -6.470585394925062322e-03 2.280644472751869878e-01 3.252545776272153244e-03
3.766135434015907446e+00 1.008645107761251047e+00 3.715495858519664296e-05 2.935751906436447012e+00 -7.737424274566176777e-03 2.262183132130356766e-01 6.016551530441527481e-04
3.855805325302044562e+00 1.007248592397321563e+00 2.614477999202027142e-05 2.933257273864097847e+00 -7.042433503045178282e-03 2.253151330984206058e-01 -1.151374474691981833e-03
3.945475216588169687e+00 1.005923850919582696e+00 1.747701799117724192e-05 2.930410542280873720e+00 -8.234263970215077028e-03 2.218122711765815602e-01 -1.996660783667051318e-03
4.035145107874287262e+00 1.005973897706635256e+00 1.777297938964413765e-05 2.934809697462052558e+00 -7.500352340422023097e-03 2.230330904720487228e-01 -3.246853702370983055e-03
4.124814999160412832e+00 1.004950024246013651e+00 1.221108980309620201e-05 2.932448019373133263e+00 -7.264771105095360962e-03 2.194455361674215177e-01 -1.418795881473036095e-03
4.214484890446549947e+00 1.003682940764287101e+00 6.765420329893009899e-06 2.929204260058407616e+00 -7.728367522937532562e-03 2.169085901918968717e-01 -1.309696086506233551e-03
4.304154781732657753e+00 1.002729730824634125e+00 3.718948905127427568e-06 2.930937721463701795e+00 -8.064811355573204416e-03 2.205772542423118654e-01 1.408803887701092243e-03
4.393824673018784210e+00 1.002492118144999944e+00 3.100176821300461294e-06 2.938353771256512648e+00 -6.933379258241505368e-03 2.183024620196362953e-01 4.004774424929707748e-03
4.483494564304919550e+00 1.001301877597978063e+00 8.467078464113528269e-07 2.935994939337686294e+00 -7.231560650633905851e-03 2.147452621208588708e-01 4.385387870540191288e-03
4.573164455591046895e+00 9.997027603343994206e-01 4.418446520384209167e-08 2.934732682278354154e+00 -5.445723868573111408e-03 2.212633728110191822e-01 2.815662285969806455e-03
4.662834346877065883e+00 9.995395268635506314e-01 1.060503114916691580e-07 2.937631769405902649e+00 -5.442362836355075541e-03 2.183762888682347636e-01 1.346380388676289390e-03
4.752504238163049344e+00 9.988292725400582661e-01 6.858367302482910877e-07 2.939930240539820439e+00 -4.917228948438034757e-03 2.194416295060185595e-01 2.434006287117308504e-03
4.842174129449047904e+00 9.983760687916437560e-01 1.320005543761597344e-06 2.940562062217229933e+00 -6.280070790195121586e-03 2.193583719781105890e-01 1.513066022251998615e-03
4.931844020735056233e+00 9.991679627984380030e-01 3.463350748285874692e-07 2.949507538423062680e+00 -6.760040347557685035e-03 2.180220491848591513e-01 1.822879631286244864e-04
5.021513912021056569e+00 9.985602241308287885e-01 1.037473215562611725e-06 2.951745789234417661e+00 -6.961756804315426261e-03 2.126638375281159898e-01 -5.681370962246190645e-05
5.111183803307037365e+00 9.975595424625497420e-01 2.982770367223469554e-06 2.950651741031965258e+00 -7.577750554240967641e-03 2.095970113412655156e-01 -6.681488987027461466e-04
5.200853694593036813e+00 9.965446169693619183e-01 5.983623728498307232e-06 2.946651900757081055e+00 -6.209276784581143661e-03 2.163720962758168553e-01 -1.059009602224034825e-03
5.290523585879045143e+00 9.975544075391510335e-01 2.995345835650475852e-06 2.956380586395146892e+00 -6.608849496569777458e-03 2.180887101926334004e-01 -2.080559567373666333e-03
5.380193477165047256e+00 9.979261240371594122e-01 2.153458607107548717e-06 2.962363984201696887e+00 -7.689183818205198515e-03 2.125517439105483741e-01 -3.685995075299319801e-04
5.469863368451026275e+00 9.975227928824293988e-01 3.073354157353755389e-06 2.961364296104207927e+00 -7.423673891904536762e-03 2.111800471536170454e-01 9.476908673026174755e-04
5.559533259737026611e+00 9.990835527621508838e-01 4.201945135638924037e-07 2.969073459209865540e+00 -5.560356715387617874e-03 2.162049799449397847e-01 2.182053631584779418e-04
5.649203151023034941e+00 9.988179012913818156e-01 6.992297718480880442e-07 2.972752134172629290e+00 -4.628898456385743647e-03 2.222295541390658657e-01 -7.154010858071624315e-04
5.739231721874186398e+00 9.981167348162177655e-01 1.775573476904285936e-06 2.973219682713126755e+00 -5.279402995168736359e-03 2.239792671173072292e-01 -1.659886672401145137e-03
5.828901613160163642e+00 9.984981559981035426e-01 1.128898130513082687e-06 2.974285304733143676e+00 -4.356280576156317669e-03 2.216721032342544306e-01 -5.787283938832421364e-04
5.918571504446164866e+00 9.995233282734348190e-01 1.136440828356671297e-07 2.983591394086425819e+00 -6.075981875696895469e-03 2.184468786503129811e-01 6.405640610183072027e-04
6.008241395732172307e+00 9.990964232848025262e-01 4.084715155602391262e-07 2.985509520714912934e+00 -6.057494536444585007e-03 2.203097915982613619e-01 1.017598885289322519e-03
6.097911287018175308e+00 9.976263350094582982e-01 2.821608663791316807e-06 2.978525888233825469e+00 -6.256850120329814254e-03 2.208486141151021487e-01 -5.320879161613833872e-05
6.187581178304152552e+00 9.972490865627129386e-01 3.790715919991735627e-06 2.976736643008499605e+00 -5.515420948498383179e-03 2.198025700282385531e-01 9.863743764694542834e-04
6.277251069590158217e+00 9.972060485409748321e-01 3.910367661012510015e-06 2.977407937956940476e+00 -6.853077260542668990e-03 2.202387785979343648e-01 1.666577830354219010e-03
6.366920960876162994e+00 9.979387387502046680e-01 2.127322784663786270e-06 2.984303073132158257e+00 -7.524286281131554489e-03 2.191590410099715780e-01 1.615061986788445328e-03
6.456590852162160665e+00 9.979538221768862183e-01 2.096281907067176764e-06 2.984228845125781682e+00 -7.184400507534913043e-03 2.124195616990031954e-01 3.942276869355979332e-03
6.546260743448146791e+00 9.984240354616072954e-01 1.243138379478179317e-06 2.986902759493105908e+00 -6.854929582316707931e-03 2.090091815968081745e-01 4.159409227275379269e-03
6.635930634734143574e+00 9.981817096396501388e-01 1.655096518932315519e-06 2.986844152663601815e+00 -6.963477404386669151e-03 2.117626525459917197e-01 9.132723309391422130e-04
6.725600526020143910e+00 9.982211053405805057e-01 1.584112029031671531e-06 2.989349680223928551e+00 -6.466181487778426690e-03 2.103494599039861523e-01 7.016063973957675694e-04
6.815270417306155792e+00 9.988108565932700689e-01 7.075920287714573820e-07 2.991521465791165291e+00 -6.803979692864253748e-03 2.085921514603696902e-01 1.485001126854054070e-03
6.904940308592130371e+00 9.998427338232506179e-01 1.236762186407466477e-08 2.997668637490213062e+00 -6.647733797367082371e-03 2.117798500542692475e-01 -1.268271587969526000e-03
6.994610199878142254e+00 9.994429235031794256e-01 1.552247623765176318e-07 2.998752926954413756e+00 -8.364235738688110058e-03 2.102025915695981406e-01 -2.257840428534230181e-04
7.084280091164142590e+00 9.981932822281968098e-01 1.634083068041518316e-06 2.991199658573254094e+00 -7.063469416022559455e-03 2.081817545294135652e-01 7.075246512215094003e-04
7.173949982450134932e+00 9.983245566541414373e-01 1.405124893352066584e-06 2.990928164887876495e+00 -6.417253338903553157e-03 2.080350113371314535e-01 9.694996020900292777e-04
7.263619873736130828e+00 9.984183825982477778e-01 1.252077181620450327e-06 2.992142368178931644e+00 -7.084541184631554592e-03 2.125043091620819891e-01 2.209518901968904239e-03
7.353289765022122282e+00 9.966562498467061992e-01 5.602825663010135154e-06 2.987906681129048003e+00 -5.947046852990209818e-03 2.138509065158070710e-01 -1.425047636943854842e-04
7.442959656308117289e+00 9.963178943148054412e-01 6.795637771450646625e-06 2.987544634913748887e+00 -6.223220631458352414e-03 2.140404801299363169e-01 1.069071176424235461e-03
7.532629547594135389e+00 9.964658400748823697e-01 6.259896523752150194e-06 2.984830262002641454e+00 -6.618059436538456346e-03 2.129700535873504941e-01 2.544356165247610956e-03
7.622299438880107303e+00 9.962105505330017818e-01 7.198154079692941493e-06 2.982304856769981249e+00 -7.114221434375954910e-03 2.102801273964101381e-01 4.384262935018931953e-03
7.711969330166126291e+00 9.964793942196438215e-01 6.211916622245877706e-06 2.980062196340393044e+00 -6.917009229204055046e-03 2.049206203984274277e-01 4.332847896694872782e-03
7.801639221452121298e+00 9.968027991228048945e-01 5.121966943075813988e-06 2.982197975751877728e+00 -7.223112851779403369e-03 2.068274508830299507e-01 4.167525274519068984e-03
7.891309112738109199e+00 9.971098262900067732e-01 4.184616828248159670e-06 2.981526354444381965e+00 -7.979100568649704836e-03 2.054426104648470752e-01 6.128030826025143707e-03
7.980979004024113976e+00 9.977552688228834565e-01 2.523185651597762563e-06 2.986753277607570478e+00 -8.873990859102386455e-03 2.062346180756738923e-01 4.547209618117307312e-03
8.070648895310100102e+00 9.965475957362355253e-01 5.973299726509933433e-06 2.980751590901244974e+00 -9.797089372101788762e-03 2.050894582058740423e-01 6.327255902570832688e-03
8.160318786596093332e+00 9.964049321899076661e-01 6.477786327158726459e-06 2.984650004109574262e+00 -8.176210160541387204e-03 2.105427989630713759e-01 7.047945242797612649e-03
8.249988677882114985e+00 9.955938363749667896e-01 9.735747668885436079e-06 2.981991322235818753e+00 -7.161764646552928534e-03 2.139114782029742368e-01 7.518921642332670151e-03
8.339658569168085123e+00 9.955025401295094500e-01 1.014399888849600723e-05 2.985034665198787351e+00 -8.576581805948694723e-03 2.105960372834377314e-01 7.691694424198985622e-03
8.429328460454110328e+00 9.970231084211674810e-01 4.439755038273401899e-06 2.995527667649548587e+00 -8.084911479280122715e-03 2.044155299467134423e-01 6.553793345542179537e-03
8.518998351740100006e+00 9.976250112550547611e-01 2.824759169768945033e-06 2.993244178114169429e+00 -7.903396849999969748e-03 2.033529606551936209e-01 6.757597593648769635e-03
8.608668243026084355e+00 9.986900395276929743e-01 8.587482522718400263e-07 2.993567695795819716e+00 -7.429057983507578525e-03 2.041662941822280919e-01 6.092975865358677551e-03
8.698338134312095349e+00 9.981859388564164881e-01 1.647401542555519335e-06 2.990221035183051157e+00 -6.868190293867842966e-03 2.064460922871096116e-01 2.236049194373809085e-03
8.788008025598079698e+00 9.998344300671647700e-01 1.370821446251293228e-08 3.001538976775662171e+00 -6.298580522549791436e-03 2.037861728178148035e-01 2.730737402023875136e-03
8.877677916884067599e+00 9.991447571344104217e-01 3.659288331299848790e-07 2.999338280154907110e+00 -6.748645967555909689e-03 2.042404040933164244e-01 4.508110837867285495e-05
8.967347808170096357e+00 9.985695783550710969e-01 1.024029687119809920e-06 2.997542499150579687e+00 -8.488761404318413001e-03 2.089670100933518071e-01 -1.735935301847438836e-03
9.057017699456062942e+00 9.988199990122340610e-01 6.967493294269665877e-07 2.996280933284980907e+00 -7.532827035444441405e-03 2.101224618017415169e-01 -3.505833072551389675e-03
9.146687590742091700e+00 9.986028502856725275e-01 9.769237072640782338e-07 2.991564299868231025e+00 -8.049106337018155019e-03 2.122025316157416241e-01 -7.761070198658237768e-04
9.236357482028079602e+00 9.985324523934011598e-01 1.077902700240664438e-06 2.995417522844319613e+00 -1.066998145954676201e-02 2.145694779972846522e-01 -2.877514887182652825e-04
9.326027373314060398e+00 9.974369969224373689e-01 3.290115307253739518e-06 2.986097246130251293e+00 -9.872730123379969136e-03 2.177801326031730822e-01 -2.066644110677078473e-03
9.415697264600076721e+00 9.955837434278415055e-01 9.780467045822187344e-06 2.979214848105461222e+00 -1.128380719381471414e-02 2.168667722516787744e-01 -2.218187418512088636e-03
9.505367155886059294e+00 9.959063175132636392e-01 8.402056224266797602e-06 2.981298025351260872e+00 -1.147569413402140838e-02 2.158375808611704416e-01 -1.374226653079391115e-04
9.595037047172045419e+00 9.974524434684649554e-01 3.250543943925272850e-06 2.991468967481074603e+00 -1.066668088947206501e-02 2.189906166037366708e-01 3.217188660114067632e-04
9.684706938458075953e+00 9.972098037388247294e-01 3.899853514979529506e-06 2.991949541679809865e+00 -1.203222471823152048e-02 2.156785502439888536e-01 6.528269511360851622e-04
9.774376829744040762e+00 9.977372414223939501e-01 2.563906588195705161e-06 2.996980230718521376e+00 -1.188706272259768340e-02 2.167171968747877153e-01 1.220866750271307677e-03
9.864046721030073073e+00 9.973724067423170858e-01 3.458182289870718323e-06 2.994361545547602699e+00 -1.058091272446022753e-02 2.156755927263167560e-01 1.638623458622763323e-03
9.953716612316059198e+00 9.971380916492781354e-01 4.103090018904315822e-06 2.994074833093874233e+00 -9.276012290666973276e-03 2.148842838918173515e-01 1.360119569737147129e-03
1.004338650360203822e+01 9.967616934098868509e-01 5.254661990100432944e-06 2.991830169038973253e+00 -1.071345456057781233e-02 2.147155414041785060e-01 -5.677593496251542773e-04
1.013305639488805809e+01 9.951909678314665442e-01 1.160060192058678941e-05 2.982365630526776279e+00 -1.090603297800038680e-02 2.177449178003441066e-01 -1.178833862720585245e-04
1.022272628617403889e+01 9.947340268565276755e-01 1.391410560774332394e-05 2.980551443815461887e+00 -1.036590362563537954e-02 2.173889105439658631e-01 1.669811178463785845e-03
1.031239617746001969e+01 9.968381988290855311e-01 5.009054531857591586e-06 2.988959040081579754e+00 -1.000490394403447288e-02 2.158313297401159292e-01 3.010856343519299066e-03
1.040206606874605555e+01 9.969559566759250702e-01 4.642523635282284206e-06 2.987048058829350872e+00 -9.380684593253653045e-03 2.196265052247120819e-01 2.649990286086306625e-03
1.049173596003202036e+01 9.970097288976254024e-01 4.479793392948502873e-06 2.987259970315424340e+00 -8.173566787733376957e-03 2.208582791263768164e-01 2.317988955576032357e-03
1.058140585131805622e+01 9.959732574409900785e-01 8.129157840796805146e-06 2.984125834194911064e+00 -9.617740677262068966e-03 2.275235425412809320e-01 -1.539054154065636537e-03
1.067107574260403702e+01 9.951511940356215780e-01 1.179359833102834598e-05 2.978264149037502584e+00 -9.135442900187237814e-03 2.261555394327883772e-01 -1.912933619712999791e-03
1.076074563389001426e+01 9.949431960070008740e-01 1.282890040939840132e-05 2.980392369896275984e+00 -9.081299651823379268e-03 2.243979107595053812e-01 -1.935054781013705386e-03
1.085041552517603769e+01 9.956617324263293822e-01 9.437587848653596068e-06 2.983195256829023201e+00 -8.023743788781892081e-03 2.234580838248381718e-01 -1.234397442180120786e-03
1.094008541646201671e+01 9.957565395236961381e-01 9.029030348944519502e-06 2.983397484198219818e+00 -7.887930400132385153e-03 2.249943402081992228e-01 -1.906472111657988612e-03
1.102975530774799573e+01 9.957703090230697329e-01 8.970446627539277462e-06 2.984917180266218661e+00 -8.909113896439013053e-03 2.217068248113589768e-01 -2.802423982494474299e-03
1.111942519903403337e+01 9.964060786072684861e-01 6.473650670548586339e-06 2.988081180359397404e+00 -9.383293311705594511e-03 2.211706002925761250e-01 -2.128805703146874166e-03
1.120909509031999818e+01 9.960506019562851421e-01 7.819467370140040230e-06 2.985556304501800984e+00 -8.443473387750023013e-03 2.189044553267375792e-01 -1.951638387173584323e-03
1.129876498160603404e+01 9.965579640442479015e-01 5.937434250341544484e-06 2.985343301692356732e+00 -8.535048285792129485e-03 2.158308465127235787e-01 1.748477370870060699e-04
1.138843487289201661e+01 9.979330951903375713e-01 2.138995654600486102e-06 2.988629715383824603e+00 -9.121236331055920105e-03 2.173612999077086660e-01 3.650003177993989961e-03
1.147810476417799208e+01 9.978546637536436226e-01 2.304530389942750779e-06 2.991032363200106126e+00 -9.099952816459698154e-03 2.186119519170219849e-01 1.596908638773228938e-03
1.156777465546401906e+01 9.976656715630302097e-01 2.728792050854175755e-06 2.989815061961598186e+00 -8.336095132609961170e-03 2.266364857749053052e-01 3.038146212717293248e-03
1.165744454674999631e+01 9.977396877864360691e-01 2.558361508929723332e-06 2.988918019508769230e+00 -7.169957789961781992e-03 2.225333246670966880e-01 3.210398339063709125e-03
1.174711443803597355e+01 9.986053296185265493e-01 9.734579437257247919e-07 2.985438667566449045e+00 -6.521420024194981950e-03 2.205837735590032711e-01 5.180915357038259547e-03
1.183678432932201297e+01 9.980282764429178055e-01 1.946405829760487760e-06 2.981525238276971912e+00 -7.018112807018544834e-03 2.191327196770506691e-01 3.781826039822205714e-03
1.192645422060797777e+01 9.971849262761655064e-01 3.969771919410270550e-06 2.980908936667328923e+00 -6.898081779046983525e-03 2.184557936308796355e-01 1.212609478293326078e-03
1.201612411189401719e+01 9.970553259115430000e-01 4.344082778238132769e-06 2.977821696876760349e+00 -5.484461008391463242e-03 2.169166493808608043e-01 -1.302206300857905409e-03
1.210579400317999088e+01 9.966533040125057363e-01 5.612713211596443569e-06 2.978813091779987765e+00 -7.826479284922976606e-03 2.193758630383484398e-01 -1.068231207074120653e-03
1.219546389446597168e+01 9.963055415184067787e-01 6.841367031656855197e-06 2.975360626795592989e+00 -8.244138798006133209e-03 2.182267406062487758e-01 -2.191437391648402150e-03
1.228513378575199688e+01 9.965885684055338922e-01 5.832200641891441967e-06 2.978029625187604168e+00 -7.536052985909288786e-03 2.198536417486112449e-01 -1.139543018562684182e-03
1.237480367703798123e+01 9.971349214744903433e-01 4.112193862405855160e-06 2.982695654762093529e+00 -8.630385214434588975e-03 2.232637967723524186e-01 1.959753555733352408e-03
1.246447356832394959e+01 9.980684519496249019e-01 1.867844543994865228e-06 2.990911968283933575e+00 -7.162434857510162345e-03 2.252760470226463640e-01 2.358585562303621048e-03
1.255414345960999078e+01 9.978870610796386487e-01 2.235404844924682166e-06 2.991173947826657020e+00 -7.330634362241810267e-03 2.253966312538174255e-01 1.107021884041162673e-03
1.264381335089596448e+01 9.985078051397184851e-01 1.114431521151686838e-06 2.994147098980160404e+00 -7.443128895520239804e-03 2.222873530529195785e-01 1.616698873468307412e-03
1.273348324218198790e+01 9.982524614485822623e-01 1.528726759917426944e-06 2.991303290227815381e+00 -7.400975591494278645e-03 2.239188868026815993e-01 4.709115924349400670e-03
1.282315313346797403e+01 9.980933554948255848e-01 1.819960347421286859e-06 2.991084762751441861e+00 -6.313729328881894504e-03 2.131609345849108939e-01 6.546841271219116902e-03
1.291282302475395838e+01 9.967696893474130571e-01 5.228716745452402503e-06 2.987579208793363694e+00 -5.951243969475204267e-03 2.083803262602907935e-01 6.213779794993253523e-03
1.300249291603996582e+01 9.965175515273602125e-01 6.077838290625449391e-06 2.982994298107132902e+00 -6.164169334155774824e-03 2.090414872814647662e-01 4.153751146642296194e-03
1.309216280732595372e+01 9.960419816033889706e-01 7.853685016891674697e-06 2.987294466869243159e+00 -6.222072567042879164e-03 2.085294761070114744e-01 1.123735785762516306e-03
1.318183269861193985e+01 9.968385911444095360e-01 5.007810251840463106e-06 2.984561935081706530e+00 -6.468440872664693760e-03 2.111663472265183361e-01 2.373256702465157460e-03
1.327150258989795439e+01 9.971662958304541302e-01 4.022540584124566221e-06 2.982057898076383662e+00 -6.563783630537948360e-03 2.117314803950397506e-01 2.964087134762431047e-03
1.336117248118393519e+01 9.972502543373368278e-01 3.787495297161679042e-06 2.986254574205839951e+00 -7.371462307688295482e-03 2.131752027879936784e-01 2.766815952492411926e-03
1.345084237246997816e+01 9.949266138011351179e-01 1.291331844476949903e-05 2.978255234826628239e+00 -6.175507196476801193e-03 2.122972995321397716e-01 1.800856239021441079e-03
1.354051226375593586e+01 9.937785941382011323e-01 1.943359021111274593e-05 2.973515377384548408e+00 -7.167798178259271458e-03 2.117009971921733347e-01 1.187024894003156942e-03
1.363018215504192732e+01 9.933757810535450705e-01 2.203751311339804952e-05 2.970478813938350449e+00 -6.431028118451722481e-03 2.134120283778561666e-01 2.320492549860171238e-03
1.371985204632795785e+01 9.945907485004291670e-01 1.468297409632814132e-05 2.975934159972964732e+00 -5.880138391316074194e-03 2.133295064899766724e-01 2.768604161204472978e-03
1.380952193761395108e+01 9.954339725121562621e-01 1.045614434534193615e-05 2.981309408255526705e+00 -6.697473626170117288e-03 2.164495261955078631e-01 3.687324183820492752e-03
1.389919182889990523e+01 9.952004656373085734e-01 1.155475149240345334e-05 2.974611886506302039e+00 -4.945765999663898072e-03 2.134599438568391960e-01 4.026506246367614686e-03
1.398886172018594998e+01 9.953913327453525195e-01 1.065264921009442117e-05 2.976126955162571974e+00 -5.111512040777406105e-03 2.214842531028358152e-01 1.712710445131604311e-04
1.407853161147193255e+01 9.955611908992368919e-01 9.880763172121290183e-06 2.978194767871037207e+00 -5.757498583062899827e-03 2.111170718107638899e-01 5.728424905268127143e-03
1.416820150275793644e+01 9.953146364735475649e-01 1.101072197315887402e-05 2.974055886766536094e+00 -5.089374459490024830e-03 2.088356829451862018e-01 5.724690871129577488e-03
1.425787139404393145e+01 9.953349767836374706e-01 1.091518041428356928e-05 2.974480987248523167e+00 -5.193784375432354376e-03 2.115959607203014015e-01 3.379624032578824096e-03
1.434754128532992645e+01 9.945047597771110581e-01 1.515437600984985422e-05 2.971921334081931487e+00 -5.875961357974409521e-03 2.109684029518904547e-01 1.910315525235617472e-03
1.443721117661591613e+01 9.945968608745237027e-01 1.464974979104721742e-05 2.973688944392014033e+00 -6.723195591925217561e-03 2.179196530984857105e-01 1.622783807686987208e-03
1.452688106790191114e+01 9.944815794711707735e-01 1.528273286319214996e-05 2.975174439050083830e+00 -7.497119463691919068e-03 2.195964517458696141e-01 -1.157081334830977089e-03
1.461655095918790614e+01 9.949562439745401887e-01 1.276267003766460434e-05 2.976572643344315594e+00 -8.161624017624595495e-03 2.242550941038394252e-01 -1.489789511296728524e-03
1.470622085047390115e+01 9.945369620735484695e-01 1.497696307619506007e-05 2.973800414617928656e+00 -8.098076394097630457e-03 2.233613738788479131e-01 -3.536576663224920772e-03
1.479589074175989083e+01 9.962858997191667010e-01 6.914396264910867285e-06 2.979081714309701034e+00 -6.997672118737362744e-03 2.229657894743702906e-01 -6.002072021209240750e-03
1.488556063304593735e+01 9.965773880176891364e-01 5.870535261106105129e-06 2.979236422351867475e+00 -7.323873334508135442e-03 2.227821785548293188e-01 -4.142084954814908432e-03
1.497523052433188262e+01 9.977197547100641328e-01 2.603718121490985332e-06 2.983605170838059095e+00 -7.535908696508659792e-03 2.202095679366034287e-01 -4.378314933498710093e-03
1.506490041561788118e+01 9.972444168379581697e-01 3.803608327741184875e-06 2.984515786210279131e+00 -7.229023099499321328e-03 2.194030473592374630e-01 -2.878000024787788925e-03
1.515457030690391882e+01 9.972208098928064812e-01 3.869119167161910039e-06 2.986265029428652351e+00 -7.580384190099045787e-03 2.186117305298714009e-01 -7.505352090440121178e-05
1.524424019818991738e+01 9.959843450493369721e-01 8.084392352879568588e-06 2.981623719510020809e+00 -6.661413924468373091e-03 2.194959287059851383e-01 2.123162857114580101e-04
1.533391008947586087e+01 9.956429897579605059e-01 9.519430023669818441e-06 2.981052864106257250e+00 -6.223381943289435329e-03 2.219214913781985266e-01 -1.637129165532800112e-03
1.542357998076190739e+01 9.965327900646427928e-01 6.024702337591603812e-06 2.978006986263574518e+00 -4.954193400311617153e-03 2.258567106661455992e-01 -3.362565453153940672e-03
1.551324987204790062e+01 9.968887880316000816e-01 4.849881908982386219e-06 2.978340252440483837e+00 -4.809926296689558296e-03 2.228835771418566092e-01 -3.635731981164315278e-03
1.560291976333388675e+01 9.974173491304215711e-01 3.340796069991724265e-06 2.981815494756793417e+00 -4.343784080282487962e-03 2.231062038715908580e-01 -1.861047970537154121e-03
1.569258965461988886e+01 9.985033927428027534e-01 1.121035280446294052e-06 2.990685940539065779e+00 -6.627154986470006059e-03 2.247699224536021390e-01 -2.555516396177897210e-03
1.578225954590589275e+01 9.978798918611822000e-01 2.250610848371532857e-06 2.987784283342568958e+00 -6.999893560153010869e-03 2.240968213199454051e-01 -3.025886693259495150e-03
1.587192943719186466e+01 9.976765952717698838e-01 2.703292806164464546e-06 2.984404412873400858e+00 -6.214725832794824358e-03 2.226463394347135138e-01 -2.260810366480718852e-03
1.596159932847786855e+01 9.976964858765768884e-01 2.657169995077569846e-06 2.986415832084354349e+00 -7.788368118135696044e-03 2.234492495847008042e-01 -3.165745935260546717e-03
1.605126921976387067e+01 9.981613055112757982e-01 1.692473657619389393e-06 2.985628683841838438e+00 -6.664878916021970030e-03 2.207228398514603229e-01 -1.909889709086786151e-03
1.614093911104985324e+01 9.984542986060859215e-01 1.195828821281413878e-06 2.984121596003163290e+00 -6.453761953966879149e-03 2.197890447438848593e-01 -1.647646253727754742e-03
1.623060900233584647e+01 9.986023338002527616e-01 9.776464580770524021e-07 2.984241289367820293e+00 -5.506090321649191599e-03 2.175643593463824355e-01 -7.734447316745307263e-04
1.632027889362189654e+01 9.988116419025807602e-01 7.066573806740420599e-07 2.982772752803413585e+00 -5.559462139706441118e-03 2.196312295520339852e-01 -2.505098193998528486e-03
1.640994878490782938e+01 9.989185613945030795e-01 5.851766551893868712e-07 2.982925839926452660e+00 -6.269464238188844282e-03 2.191574817144583409e-01 -3.179702961005358586e-03
1.649961867619383682e+01 9.992584574553075027e-01 2.750786695590329983e-07 2.988089477931523241e+00 -5.725252479849110218e-03 2.138691925260726157e-01 -3.234552630101994474e-04
1.658928856747987979e+01 9.993588057538974612e-01 2.056529443060202758e-07 2.990550688003867918e+00 -7.015370875707784004e-03 2.113310982005952576e-01 6.341634304199928124e-04
1.667895845876588368e+01 9.998798510436168741e-01 7.218464059710496920e-09 2.991815458454594623e+00 -6.744068110561222268e-03 2.117008176434939659e-01 1.852196598437927432e-03
1.676862835005181651e+01 9.997918658206632614e-01 2.166292421953899122e-08 2.990356324679838806e+00 -6.302608784186941419e-03 2.137217267876741766e-01 1.833521954999639547e-03
1.685829824133786659e+01 1.000071647850823808e+00 2.566584671043745970e-09 2.987746000004871672e+00 -5.812721682169159562e-03 2.169041991214716025e-01 8.414840859194849419e-04
1.694796813262386692e+01 1.000034033457631200e+00 5.791249794510054151e-10 2.989180339513169304e+00 -5.555622217741128591e-03 2.181724594228135194e-01 6.098247540667012462e-04
1.703763802390983528e+01 9.996165215602506038e-01 7.354665984955982908e-08 2.992645461355665226e+00 -5.490212965175852826e-03 2.219341040204271531e-01 1.360601767458082889e-03
1.712730791519584628e+01 9.992735231689008346e-01 2.640121666207207937e-07 2.994344117992090659e+00 -4.840430646068563832e-03 2.233660356015690907e-01 2.783604358610222099e-03
1.721697780648185372e+01 1.000069239576434121e+00 2.396948830540065849e-09 2.995174691620433816e+00 -5.102226772485133656e-03 2.273089543224038334e-01 -7.741771754451354411e-04
1.730664769776781498e+01 1.000595581159500869e+00 1.772880693129462795e-07 2.996885256634080896e+00 -5.602927123831500343e-03 2.272699860009937955e-01 2.887146542098539609e-04
1.739631758905382597e+01 1.001398758738361483e+00 9.773517240499376285e-07 2.998860720582070094e+00 -5.775778708681749210e-03 2.277702086822419036e-01 -1.276364677226488097e-03
1.748598748033983696e+01 1.001398481460066270e+00 9.769644586901833627e-07 2.998829855176610604e+00 -5.408042970423096972e-03 2.215763755349790531e-01 2.776524539764557969e-04
1.757565737162580177e+01 1.000819884141596505e+00 3.359214042720701232e-07 2.999844774648956491e+00 -4.807463490197065765e-03 2.240641542638456274e-01 -1.365563438888804833e-03
1.766532726291180566e+01 1.000931000560484119e+00 4.331122241740597775e-07 2.999117377935048623e+00 -5.195683662687284807e-03 2.203611604723044737e-01 4.549075215155940020e-04
1.775499715419785929e+01 1.001207265995820883e+00 7.281595963749311340e-07 2.999855639793234552e+00 -4.838694268646641546e-03 2.129274157005479340e-01 1.640111003420310345e-03
1.784466704548378146e+01 1.001508246553218573e+00 1.136261467836203326e-06 3.002751085704059353e+00 -3.935460201515374699e-03 2.141175843548899504e-01 1.754527621896935291e-03
