0.000000000000000000e+00 1.989057411080561000e+00 3.013965473313946486e-01 6.116961093383540771e+01 1.429514396446678048e-01 7.527124281934746697e-02 1.382116494570570231e-01
6.257549907936341138e-02 1.974169800072136827e+00 2.940218444865809744e-01 5.843925606583414378e+01 1.328612114167476987e-01 7.562588716002842382e-02 1.341380811260494410e-01
1.249016933815170621e-01 1.959936451713812700e+00 2.870244015920040415e-01 5.614980769306524166e+01 1.240221541559644453e-01 7.723836383692921082e-02 1.283495429405939747e-01
1.872278876836706574e-01 1.945235762468704888e+00 2.798525781073294416e-01 5.398593910598795276e+01 1.172959880115215514e-01 7.878078322008025269e-02 1.275433685652733740e-01
2.495540819858250159e-01 1.931113021614006664e+00 2.730164897851575789e-01 5.200981388620395762e+01 1.083824329673433728e-01 8.058282453841540682e-02 1.224631452452425856e-01
3.118802762879779311e-01 1.916945191704806817e+00 2.662123187100060573e-01 5.028591386741205582e+01 1.022916080860798993e-01 8.326067105186289730e-02 1.234050287351926012e-01
3.742064705901325117e-01 1.901951920618924152e+00 2.590712351438693162e-01 4.862974465081574493e+01 9.525468480739193722e-02 8.487452984495064134e-02 1.203376299282756939e-01
4.365326648922932540e-01 1.886751816716592423e+00 2.518950816527564252e-01 4.703465020207142544e+01 8.836196510957464167e-02 8.406291496467389879e-02 1.194011319139729327e-01
4.986095544172473026e-01 1.871022495416262643e+00 2.445374249917444676e-01 4.566881326695200016e+01 8.353397246121430086e-02 8.562496404321352783e-02 1.158100890602211108e-01
5.609357487194130965e-01 1.855637913494574187e+00 2.374093878750137554e-01 4.431974341067778767e+01 8.013610364780571205e-02 8.638538595151469546e-02 1.159463387219509534e-01
6.232619430215774470e-01 1.840010490337926186e+00 2.302392174626720633e-01 4.310680188739535623e+01 7.493274177435366168e-02 8.773322383122382495e-02 1.144005193694195427e-01
6.855881373237425747e-01 1.824190922607861420e+00 2.230543639511236576e-01 4.189222186040642981e+01 7.198304139943700886e-02 8.952800666473814672e-02 1.173777568975276908e-01
7.479143316259064811e-01 1.808107611667483239e+00 2.158268317411369264e-01 4.082248555982664584e+01 6.755136286998890405e-02 9.038877599718693479e-02 1.127756223608140235e-01
8.102405259280687222e-01 1.792578449922821449e+00 2.089233917415508346e-01 3.986682106422559713e+01 6.384619233193959686e-02 9.175843302548342129e-02 1.094071536628547919e-01
8.725667202302124226e-01 1.776840722274074302e+00 2.020038100540739734e-01 3.886658439389785258e+01 6.169306185761305739e-02 9.273591920315192583e-02 1.100197017087824192e-01
9.348929145323511269e-01 1.760904297670209173e+00 1.950768150785580080e-01 3.797479850670965362e+01 5.896710040178189394e-02 9.302936222611547790e-02 1.061373909591914050e-01
9.972191088344941612e-01 1.745037172340529352e+00 1.882613147121511288e-01 3.716907727954764340e+01 5.555546893700641364e-02 9.405412952865617460e-02 1.012691612445474482e-01
1.059545303136636196e+00 1.729232417318940618e+00 1.815547966795413304e-01 3.639760794560093160e+01 5.132118295643426503e-02 9.424686283959562982e-02 9.850287167839455460e-02
1.122120802215990309e+00 1.713731244087321581e+00 1.750582366220022612e-01 3.568416687371076534e+01 4.774365246033734911e-02 9.640607104435883201e-02 9.557203623502941170e-02
1.184446996518134565e+00 1.696870988452445772e+00 1.680850283946669910e-01 3.495238173782157531e+01 4.425146341346949952e-02 9.657310366053577233e-02 9.324676138964718697e-02
1.246773190820271715e+00 1.681046496599679418e+00 1.616299824726408207e-01 3.427682393062501376e+01 4.241628481324278416e-02 9.720364857293686822e-02 9.169560903892674808e-02
1.309099385122417525e+00 1.664703236450032042e+00 1.550563652699608053e-01 3.366401663838122715e+01 4.139451012190871471e-02 9.822504972728524075e-02 9.045205294827191045e-02
1.371425579424558228e+00 1.648182525769430695e+00 1.485093444870830837e-01 3.303412023257628505e+01 4.236928497296517382e-02 9.872659498121784394e-02 9.039741307682062910e-02
1.433751773726704037e+00 1.634055673026247879e+00 1.429906055493704309e-01 3.253317355513868847e+01 4.112283815915533658e-02 1.000032454045442221e-01 8.811829797228545869e-02
1.496077968028844296e+00 1.620610673707175486e+00 1.378076364156027855e-01 3.205624765362656348e+01 3.893855220272045975e-02 1.003970123064800296e-01 8.768095631640425436e-02
1.558404162330991882e+00 1.607294385890597033e+00 1.327421261858411361e-01 3.156895193136031708e+01 3.860586721355056816e-02 9.994389525741625979e-02 9.027214518241573338e-02
1.620730356633152347e+00 1.591991603361343932e+00 1.270057902235742775e-01 3.105966459331035523e+01 3.796038152408102995e-02 1.000643627227195548e-01 8.847852828924683555e-02
1.683056550935333240e+00 1.578541465412006239e+00 1.220401678706671267e-01 3.061158861710755730e+01 3.796797360457131870e-02 1.008009693128529283e-01 8.896683300494669100e-02
1.745382745237525457e+00 1.563805347904175358e+00 1.166831713883588195e-01 3.017025280387772668e+01 3.632378681117608837e-02 1.000818928773679062e-01 8.799587489645903371e-02
1.807459634762497380e+00 1.550504720074605380e+00 1.119242162934584450e-01 2.978929533780013372e+01 3.534916888313571759e-02 1.004764066585810828e-01 8.855571115793985093e-02
1.869785829064690263e+00 1.537332935321069183e+00 1.072838804802299095e-01 2.942879074218091162e+01 3.315895608086929375e-02 1.008835311244470206e-01 9.200555975177694690e-02
1.932112023366874265e+00 1.524925359641558398e+00 1.029798952773431919e-01 2.908295265110173489e+01 3.353116224960588088e-02 1.024776450653591409e-01 9.176795521164070324e-02
1.994438217669056934e+00 1.510516913200273592e+00 9.806499433113247122e-02 2.870194891204220866e+01 3.123603863876495829e-02 1.021257219946385270e-01 9.176148295238459318e-02
2.056764411971250706e+00 1.497728712447329968e+00 9.377894358775068495e-02 2.837377695098159336e+01 3.040462864014671293e-02 1.047793785398264677e-01 8.843125013629028752e-02
2.119090606273431820e+00 1.486242161837697751e+00 8.999126661330963950e-02 2.806743437488276882e+01 3.075015926469128538e-02 1.083182018728908041e-01 8.785996172942552029e-02
2.181416800575624038e+00 1.475504042558636542e+00 8.650438737255505828e-02 2.777504083847067662e+01 3.136679395205855397e-02 1.098372240634335750e-01 8.909939914252743010e-02
2.243742994877808261e+00 1.461694263750835221e+00 8.209804621373972822e-02 2.745282338319068671e+01 2.892550697105261345e-02 1.096529816860228185e-01 8.811835999534016473e-02
2.306069189179993373e+00 1.449419801402174635e+00 7.825646200986574597e-02 2.717007849026513355e+01 2.598901817472751979e-02 1.107240470539245930e-01 8.658130981879427757e-02
2.368395383482181593e+00 1.438042518800984881e+00 7.475969192744352787e-02 2.691223313042162246e+01 2.597340005209331643e-02 1.113865457147178578e-01 8.512310685738601335e-02
2.430721577784367149e+00 1.426606954305160047e+00 7.130808871448657271e-02 2.667066016471922296e+01 2.456051999435353642e-02 1.109422865447019096e-01 8.292374641296593185e-02
2.493047772086560254e+00 1.416174032994158560e+00 6.821514061789746286e-02 2.645056259394142728e+01 2.367167433427069465e-02 1.109665212344321944e-01 8.600621831626514835e-02
2.555373966388746698e+00 1.405386173958307117e+00 6.507405202901128671e-02 2.621765010949193453e+01 2.078875373537757143e-02 1.091186412769160202e-01 8.361049211925163094e-02
2.617700160690923816e+00 1.394419424651853978e+00 6.194127905199087181e-02 2.598090221143726808e+01 2.175773886925780332e-02 1.083799416326976378e-01 8.309771053740201696e-02
2.680026354993119586e+00 1.384737696964710496e+00 5.922696373480340615e-02 2.577098333076751402e+01 2.264739844063596436e-02 1.073750537934384380e-01 8.353978696045943897e-02
2.742352549295306474e+00 1.374125842930243646e+00 5.630806458299891792e-02 2.556261856373921759e+01 2.131383517562870228e-02 1.093052324717195822e-01 8.352712700155157100e-02
2.804678743597488477e+00 1.364846837951176228e+00 5.380462223906284924e-02 2.540231476492925466e+01 2.069529639488854045e-02 1.095288595702774287e-01 8.219730221055490671e-02
2.867004937899675809e+00 1.355851568900982018e+00 5.142184783663339420e-02 2.522167826653047484e+01 2.057874296541144579e-02 1.088691625459180662e-01 8.264258212702263462e-02
2.929331132201871579e+00 1.347308549562759694e+00 4.919961410237522204e-02 2.506032859867355711e+01 1.811115120029123046e-02 1.077291720522889351e-01 8.009965165333823855e-02
2.991657326504046477e+00 1.338399299439015255e+00 4.692495218037318061e-02 2.488834183442316217e+01 1.838070334146045884e-02 1.086910762286683457e-01 8.154240943524111718e-02
3.053983520806234697e+00 1.330231091288452072e+00 4.487841129960734587e-02 2.474240660093990840e+01 1.949392711316888169e-02 1.099467775574685530e-01 8.071065302052379820e-02
3.116309715108428691e+00 1.322924850370289507e+00 4.307976929199280880e-02 2.460043618797946152e+01 1.892818504332834106e-02 1.104515799079100330e-01 8.183035667618768216e-02
3.178635909410617799e+00 1.313618904453505154e+00 4.083305350919252952e-02 2.443963622191651197e+01 1.832880071362718785e-02 1.107340720810259804e-01 8.008612645308157973e-02
3.240962103712730968e+00 1.304944917850623165e+00 3.878408651035586407e-02 2.426995938410710707e+01 1.702852422499642748e-02 1.097071569417878978e-01 8.075037231055846865e-02
3.303288298014819713e+00 1.296554301249047247e+00 3.684409317615927604e-02 2.411520123441697905e+01 1.626313527882091922e-02 1.099045688149382777e-01 8.024017403337793675e-02
3.365614492316918671e+00 1.288739411809890045e+00 3.507487135502285192e-02 2.398692793949700430e+01 1.621881432769436623e-02 1.092060940418671799e-01 7.899773556448992651e-02
3.427940686619024735e+00 1.281785646347864072e+00 3.353150436605575879e-02 2.387842641940062904e+01 1.534282959902140767e-02 1.102181313023138792e-01 7.827019719890654370e-02
3.490266880921125026e+00 1.274481052646637247e+00 3.194197442241550333e-02 2.377884890573552923e+01 1.618411699065972625e-02 1.073207437364564198e-01 7.599111742997108343e-02
3.552593075223212438e+00 1.267305593276002673e+00 3.041252664241694825e-02 2.364309566023547404e+01 1.600344612074949824e-02 1.066566571353180087e-01 7.671473518105581535e-02
3.614919269525311840e+00 1.260505975980037219e+00 2.899276738547201804e-02 2.354147163922933217e+01 1.625567809184893728e-02 1.092363075927110933e-01 7.473469414673904188e-02
3.677245463827418348e+00 1.253844911844801180e+00 2.763015204733793029e-02 2.339945639623798002e+01 1.705234183242508930e-02 1.094829486181213146e-01 7.390227370767760151e-02
3.739571658129519527e+00 1.247410758887388171e+00 2.634074876468395221e-02 2.331912555175581758e+01 1.617529849483831383e-02 1.093328621243954413e-01 7.439133674365919213e-02
3.801897852431604719e+00 1.240665280897642164e+00 2.501752830146802831e-02 2.319992225819475351e+01 1.459432924389387348e-02 1.089271910446610314e-01 7.374898194244440541e-02
3.864224046733705453e+00 1.234875578553751518e+00 2.390535965936391172e-02 2.310313550653540204e+01 1.339949639801160317e-02 1.082269436102100413e-01 7.573486616462286880e-02
3.926550241035811517e+00 1.229358456914772857e+00 2.286600334456487249e-02 2.301572029977095468e+01 1.403372901087866428e-02 1.065758674196375100e-01 7.441803190450284322e-02
3.989125740115125218e+00 1.223665108554205849e+00 2.181456602288892044e-02 2.291765770170028560e+01 1.547454504493305481e-02 1.046213747959936491e-01 7.414935599430069746e-02
4.051451934417209522e+00 1.217868935613018788e+00 2.076637834432773499e-02 2.280455301623150888e+01 1.633029113490578471e-02 1.045006179118477263e-01 7.626985373731190454e-02
4.113778128719310700e+00 1.211295814085241673e+00 1.960510677151977577e-02 2.271028126870114150e+01 1.661167233777583949e-02 1.035379397549101022e-01 7.512225559612241421e-02
4.176104323021416320e+00 1.205278753275209835e+00 1.856788256652391889e-02 2.262697622352116511e+01 1.627447349711624511e-02 1.021505103511587548e-01 7.520051616104528325e-02
4.238430517323518387e+00 1.199958490066236338e+00 1.767152548205502827e-02 2.256908883896301887e+01 1.564762031177245258e-02 1.021180769443219422e-01 7.472194573253217176e-02
4.300756711625602691e+00 1.195310128164906782e+00 1.690445497439660438e-02 2.248519805453774723e+01 1.563853070443855034e-02 1.026652321604785700e-01 7.746037572475686361e-02
4.363082905927706534e+00 1.189477399992294737e+00 1.596334899804688345e-02 2.240171698580253690e+01 1.568271582137617873e-02 1.031178846838021745e-01 7.565154027545548110e-02
4.425409100229810377e+00 1.183856826910377302e+00 1.507922097795183491e-02 2.231483704803941848e+01 1.498522169587009761e-02 1.026769960055673170e-01 7.293615376873391343e-02
4.487735294531908892e+00 1.178822965486426622e+00 1.430651170587088350e-02 2.224512727230104048e+01 1.353582400700118274e-02 1.034870659854106173e-01 7.271616009760202559e-02
4.550061488833999412e+00 1.173611186080428581e+00 1.352570685417603391e-02 2.217021670375860509e+01 1.335866919199582038e-02 1.036745329296471785e-01 7.170955893116869040e-02
4.612387683136097039e+00 1.168993916064346328e+00 1.285043798116031200e-02 2.210243673900036043e+01 1.483337342343054970e-02 1.034082446067805527e-01 7.039911605676490991e-02
4.674713877438198217e+00 1.164147942790272339e+00 1.215850294029871548e-02 2.202476146409776803e+01 1.466491765033571190e-02 1.039515963522929659e-01 7.227179066279938724e-02
4.737040071740306502e+00 1.160254374241396658e+00 1.161510502411788881e-02 2.196864221099655978e+01 1.491329502782372078e-02 1.053116528132131968e-01 7.046751387903245345e-02
4.799366266042389029e+00 1.155468420917195482e+00 1.096259992468986977e-02 2.191187212848353028e+01 1.463473085568886382e-02 1.057017246003838368e-01 7.144555405943397997e-02
4.861692460344497313e+00 1.150678218829609190e+00 1.032669478787540118e-02 2.185654467161980463e+01 1.393663626484963752e-02 1.079228052830802365e-01 7.176351723373763924e-02
4.924018654646597604e+00 1.146438471943194370e+00 9.778316056806846124e-03 2.179144576052991766e+01 1.602941448286561432e-02 1.059979309907356504e-01 7.295555705350521836e-02
4.986344848948692565e+00 1.142714173222939111e+00 9.307886853805985572e-03 2.172925616476484123e+01 1.496321969680758888e-02 1.055251357331035561e-01 7.436205530183787049e-02
5.048671043250790191e+00 1.139599902095264961e+00 8.922664365143384568e-03 2.168345025512726565e+01 1.539733427910331201e-02 1.070831093146555751e-01 7.192796893556277493e-02
5.110997237552884265e+00 1.135274812724894389e+00 8.400065350431196176e-03 2.161391060117797736e+01 1.511516947188039015e-02 1.076496117219291754e-01 7.015458096726343018e-02
5.173323431854981003e+00 1.131494307128413812e+00 7.955152310407664906e-03 2.157473348274141500e+01 1.478787487947928574e-02 1.049128085836425750e-01 7.074502803063643930e-02
5.235649626157093728e+00 1.127792091878693892e+00 7.530271501432539427e-03 2.153437950539933965e+01 1.379944949670268255e-02 1.036453069166450164e-01 6.911346640950913334e-02
5.297975820459174479e+00 1.123866755079442337e+00 7.091555937980040247e-03 2.149309158045365109e+01 1.399951453258074970e-02 1.027751142879307494e-01 6.864829982709676204e-02
5.360302014761287204e+00 1.120751651793294501e+00 6.752073912465975103e-03 2.143828015534589326e+01 1.443700073209898058e-02 1.024316004683993309e-01 6.847400970097024253e-02
5.422628209063384830e+00 1.117739328918196939e+00 6.431139762527959824e-03 2.140161307085753606e+01 1.236962189376816963e-02 1.027602473390662879e-01 6.537256928107598730e-02
5.484954403365476239e+00 1.114323848957762042e+00 6.076041479504690201e-03 2.134486340979259822e+01 1.308662467243467027e-02 1.027133983381260940e-01 6.499804842995013376e-02
5.547280597667580082e+00 1.112314866487305931e+00 5.871557423327108949e-03 2.131959766498652797e+01 1.319575854220724279e-02 1.010058868844687791e-01 6.703100314671840698e-02
5.609606791969670603e+00 1.109001797719380233e+00 5.541468325069853762e-03 2.129379933187546925e+01 1.206607368909900363e-02 1.002190518194996938e-01 6.537182547141690003e-02
5.671932986271765564e+00 1.106555458688670779e+00 5.303458614498143819e-03 2.128290711281812619e+01 1.092284977812430814e-02 9.848133858619395609e-02 6.401405732132163517e-02
5.734259180573880954e+00 1.103565519360891090e+00 5.019200271166548988e-03 2.124357401461569594e+01 1.024016029849701692e-02 9.605284150550875977e-02 6.246288042333048712e-02
5.796585374875959928e+00 1.100949692377316991e+00 4.776528344369590506e-03 2.122923987385303946e+01 1.048503993589248139e-02 9.641214341705253710e-02 6.158546666276432796e-02
5.858911569178077983e+00 1.097584155805976458e+00 4.472613228648850137e-03 2.118434080439681821e+01 1.123613601326325234e-02 9.515541784810328807e-02 6.283605457839751274e-02
5.921237763480171168e+00 1.096430550794173175e+00 4.370601093267242887e-03 2.116678783981717515e+01 1.138515829847117598e-02 9.688006748247718347e-02 6.425094274984312348e-02
5.983563957782260800e+00 1.092840759251369809e+00 4.060252115307111387e-03 2.109614876974498543e+01 9.125864636758093326e-03 9.519682638087698101e-02 6.342236404251404280e-02
6.045890152084368196e+00 1.089638280993361796e+00 3.792492127136823377e-03 2.104622141589615936e+01 8.549931350310353839e-03 9.326350984978974690e-02 6.289600266616587887e-02
6.108216346386457829e+00 1.086348270160251150e+00 3.526409303501093495e-03 2.100360219402768180e+01 7.856666163548780418e-03 9.143963815293901232e-02 6.189068364523540172e-02
6.170542540688550126e+00 1.084157065233626760e+00 3.354278585350478625e-03 2.097830990880085267e+01 9.184572657498057957e-03 8.931607437686633899e-02 6.431925242378272456e-02
6.232868734990669068e+00 1.081614199283314148e+00 3.159645027314972321e-03 2.095178401306367277e+01 8.726510117234978492e-03 8.812834119921156284e-02 6.387167033648179226e-02
6.295194929292747155e+00 1.079140970294085733e+00 2.975643530532742775e-03 2.090585289589640183e+01 9.324401322006861670e-03 8.946520810929428635e-02 6.323352303815993336e-02
6.357521123594866985e+00 1.077030725231236774e+00 2.822798929805872548e-03 2.088033556589221007e+01 8.785740760175443642e-03 8.964918380711450752e-02 6.525283303835359427e-02
6.419847317896958394e+00 1.074558042954395276e+00 2.648588742051857792e-03 2.085141212438817604e+01 1.054593747335174671e-02 8.856378300354730837e-02 6.464406541429335018e-02
6.482173512199045362e+00 1.071657498245154772e+00 2.450984552513524317e-03 2.081934126400294716e+01 1.122356717933974124e-02 8.832959155878594704e-02 6.570202553757277519e-02
6.544499706501157199e+00 1.069685014403689127e+00 2.320788329868581079e-03 2.079383171564778721e+01 1.210675601461579792e-02 8.694997564020448544e-02 6.786248786764398355e-02
6.606825900803245055e+00 1.067300786147089120e+00 2.167954634023860905e-03 2.077801515582490666e+01 1.160175919138795898e-02 8.598511645017728466e-02 6.817918843886322522e-02
6.669152095105334688e+00 1.065189249469572053e+00 2.036767062324515432e-03 2.073972544581188160e+01 1.126831411445333893e-02 8.632616787903994726e-02 6.582334532016802242e-02
6.731478289407457183e+00 1.063152420727796033e+00 1.913944320722504866e-03 2.071598066319124953e+01 1.049401013656957316e-02 8.510566315651578451e-02 6.454862503920079375e-02
6.793804483709533493e+00 1.061358087294897112e+00 1.808784796610521384e-03 2.069549387707608190e+01 9.866313725312153907e-03 8.667341094388145151e-02 6.336557823671816470e-02
6.856130678011655988e+00 1.059759125493860976e+00 1.717483292959988417e-03 2.066527113889313227e+01 1.011413743292237204e-02 8.655069025717039566e-02 6.355953780950497622e-02
6.918456872313745620e+00 1.057641141139283869e+00 1.600051308511422909e-03 2.064636778750859492e+01 9.895023900722596522e-03 8.761690588329187901e-02 6.380084155796036938e-02
6.980783066615830812e+00 1.056509807423818614e+00 1.538966455099322062e-03 2.061984894231667198e+01 1.027416535737692496e-02 8.766966538200851589e-02 6.443966567445784388e-02
7.043109260917945313e+00 1.054873930826977890e+00 1.452667885731520614e-03 2.062381851724466131e+01 1.024590631781538246e-02 8.803803783344366085e-02 6.186622982448495428e-02
7.105435455220032281e+00 1.053397989705317617e+00 1.376870026812554437e-03 2.061485125419019226e+01 9.648792738840205815e-03 9.072787360414209801e-02 6.201684444417102093e-02
7.167761649522119249e+00 1.052702642829559609e+00 1.341840032671390293e-03 2.061068195170343031e+01 1.025903240488318206e-02 9.335777621933137593e-02 6.161349468968536219e-02
7.230087843824244409e+00 1.051228824720628285e+00 1.269035571508508875e-03 2.059150579604095554e+01 9.619109651284296278e-03 9.349045764010123494e-02 6.453117699572820387e-02
7.292414038126319831e+00 1.049924028733606240e+00 1.206220768862960313e-03 2.058700324174453655e+01 1.039838389462598676e-02 9.383473115546119014e-02 6.373190083792494576e-02
7.354740232428444990e+00 1.048435851541091202e+00 1.136463224961574425e-03 2.055736481008956318e+01 1.057843009497430771e-02 9.479384889295999761e-02 6.450064469221422625e-02
7.417066426730531958e+00 1.046603296310054887e+00 1.053331817619788946e-03 2.053873720785787427e+01 1.200347717244956008e-02 9.536194686844870483e-02 6.465232701536839655e-02
7.479392621032616262e+00 1.044599898589489761e+00 9.659586501437125716e-04 2.049421991202611792e+01 1.406742898278240568e-02 9.553670103639688715e-02 6.447440160339916460e-02
7.541718815334733428e+00 1.042559439925245801e+00 8.807501449533683413e-04 2.046013305613706734e+01 1.233485980366410585e-02 9.281362420787109269e-02 6.811142501175510011e-02
7.604045009636818619e+00 1.041232697814143737e+00 8.274001984080389671e-04 2.041797694958694365e+01 1.109240659766857172e-02 9.063340317627127662e-02 6.808852438142611041e-02
7.666371203938904699e+00 1.039275897447890840e+00 7.516792448661047121e-04 2.037709115900391765e+01 1.108086842424383690e-02 9.128654155329415931e-02 6.718687426427871756e-02
7.728697398241030747e+00 1.037731364091852404e+00 6.944142959666929626e-04 2.037382642484121575e+01 1.132572954904774443e-02 9.121099261687687365e-02 6.652418748648597502e-02
7.791023592543107057e+00 1.036759618646791781e+00 6.595208538510838325e-04 2.037564031938399722e+01 1.155036151810158451e-02 9.062842225548661812e-02 6.486193204032753012e-02
7.853349786845232217e+00 1.036325759174095307e+00 6.442254052631754546e-04 2.036446432318799182e+01 1.199348292341251287e-02 8.989525463483825918e-02 6.402630577567286485e-02
7.915675981147319185e+00 1.035498820340247095e+00 6.155577049247740185e-04 2.036466474434509166e+01 1.131605013771181875e-02 8.663889587122483582e-02 6.434482833029210591e-02
7.978002175449403488e+00 1.032981592047153452e+00 5.322219646978418317e-04 2.031308353298767244e+01 1.058612706117389134e-02 8.434765069964493545e-02 6.443938485236712366e-02
8.040328369751520654e+00 1.032109514400637362e+00 5.047343661784969848e-04 2.030585251791318413e+01 9.985935059204730999e-03 8.441518741716352858e-02 6.216123578470390126e-02
8.102654564053604958e+00 1.030702666007634827e+00 4.618963513259022324e-04 2.029356393541290515e+01 9.428628162622115089e-03 8.451868532521983335e-02 6.249412705700633369e-02
8.164980758355689261e+00 1.030977268153012716e+00 4.701117094515379347e-04 2.031718040160991379e+01 9.562689051347722166e-03 8.592978468019969729e-02 6.276458849164201492e-02
8.227306952657817973e+00 1.029610623748294262e+00 4.299281758988367230e-04 2.030302191818229929e+01 9.076803644040854976e-03 8.611654100859400529e-02 6.248603548895748788e-02
8.289633146959893395e+00 1.029028142334341034e+00 4.133366490827253270e-04 2.028363356565049713e+01 9.730375637054431218e-03 8.528609489880260852e-02 6.397004405296996543e-02
8.351959341262022107e+00 1.027480644154755263e+00 3.708147495273157734e-04 2.025770984761020443e+01 9.817488884877592289e-03 8.495245315128267805e-02 6.333776827853369873e-02
8.414285535564102858e+00 1.026524650499879066e+00 3.456791858104137083e-04 2.024121236101314736e+01 9.750514371154617513e-03 8.441435637504486611e-02 6.277277018625586347e-02
8.476611729866190714e+00 1.025583154898069393e+00 3.217724800541818531e-04 2.024029380893071561e+01 1.070815632005464764e-02 8.577140025387812450e-02 6.202017999407280491e-02
8.538937924168308768e+00 1.024726946358338164e+00 3.007630538402507325e-04 2.022520156413965964e+01 9.923267536906452829e-03 8.774770393360256659e-02 6.177005262115744383e-02
8.601264118470396625e+00 1.023490408164026810e+00 2.716536920291320878e-04 2.023578364234862192e+01 9.302717522647519291e-03 8.824142152766921432e-02 6.216485903227526866e-02
8.663590312772475599e+00 1.021576744556664362e+00 2.294828259830003492e-04 2.021850712058725108e+01 8.160502748005418056e-03 8.786071861562533281e-02 6.156569717759780014e-02
8.725916507074604311e+00 1.021268857902254634e+00 2.230253705008261589e-04 2.021897153328537300e+01 8.416583539514717674e-03 8.606000150244326463e-02 6.219872768526842760e-02
8.788242701376685062e+00 1.020351114090613631e+00 2.043165272140011479e-04 2.022432357141487458e+01 8.613833250666945093e-03 8.581454228295525011e-02 6.224244998095680714e-02
8.850568895678803116e+00 1.019646965963635132e+00 1.905103783265277295e-04 2.020572082615213461e+01 9.206158646968208917e-03 8.702354218177617284e-02 6.262035941302725173e-02
8.912895089980892749e+00 1.018944154250354783e+00 1.772059764003318383e-04 2.021148934829334465e+01 8.995408824631229497e-03 8.844337909881419546e-02 6.200121337209555522e-02
8.975221284282982381e+00 1.018378484111865712e+00 1.668432225873962838e-04 2.019107211359654741e+01 8.726409995088153446e-03 8.749880222125866469e-02 6.189974988733901173e-02
9.037547478585088001e+00 1.017009349741235136e+00 1.430392645298400600e-04 2.017617680475403930e+01 9.120511877905546419e-03 8.748820159205919489e-02 6.423650524038525267e-02
9.099873672887179410e+00 1.016387666610318208e+00 1.328286058238994927e-04 2.015299246874937467e+01 1.119064768899202637e-02 8.700670107382953156e-02 6.334330272857136013e-02
9.162199867189270819e+00 1.015891165315070843e+00 1.249426495013375438e-04 2.012526261142417283e+01 8.937576756496243280e-03 8.783345043125059814e-02 6.151809801767248176e-02
9.224526061491379991e+00 1.015447901723812274e+00 1.181040800293121223e-04 2.011823065552282941e+01 1.082599493911890094e-02 8.658607676103814710e-02 6.099729147848022975e-02
9.286852255793466071e+00 1.015010400880528962e+00 1.115412663452875625e-04 2.011341956045566803e+01 1.079592919171896634e-02 8.574409676385100210e-02 6.180816718089907763e-02
9.349178450095596560e+00 1.014275153417323105e+00 1.009306033391624280e-04 2.011421156828030021e+01 1.040060205946295550e-02 8.607484704526388586e-02 6.319261017200585029e-02
9.411504644397668429e+00 1.013873707315031458e+00 9.535890189347508150e-05 2.012939888730157278e+01 1.092581633215455872e-02 8.677552810284366869e-02 5.841025000387441157e-02
9.473830838699761614e+00 1.013466243976179681e+00 8.986400851993155137e-05 2.013522633142002505e+01 1.009306968471231254e-02 8.607556354294015888e-02 5.855120687866913198e-02
9.536157033001883221e+00 1.013372414763523910e+00 8.862155635267626730e-05 2.014503949105412062e+01 1.054650635354470456e-02 8.570800310781473419e-02 5.979818568527622141e-02
9.598483227303978182e+00 1.012709905136722766e+00 8.009290940255882341e-05 2.013137765375907406e+01 9.732248917097986729e-03 8.614490838897095881e-02 5.959267040077825817e-02
9.660809421606046499e+00 1.012404468594030549e+00 7.630505279966094678e-05 2.014313793326137869e+01 9.201703946686311253e-03 8.765788091765823464e-02 6.206136573032882547e-02
9.723135615908178764e+00 1.011989773052121677e+00 7.130791763226319857e-05 2.015130589583383980e+01 8.731565535522985491e-03 8.600571288253881785e-02 6.292021294567970435e-02
9.785461810210266620e+00 1.010573212559613410e+00 5.550550703064920099e-05 2.014776815939710275e+01 1.034228785335210635e-02 8.534002803230446299e-02 6.267931634900923699e-02
9.847788004512368687e+00 1.010022014351821040e+00 4.988734824914499433e-05 2.013099656558155459e+01 1.108496741121323126e-02 8.498353172842407210e-02 6.447090952767439709e-02
9.910114198814465425e+00 1.008495832015175564e+00 3.588646713866688875e-05 2.011204176864114856e+01 1.038955976201763089e-02 8.405077015720285871e-02 6.231868326030774036e-02
9.972440393116562163e+00 1.008028138693476405e+00 3.205406341392873226e-05 2.012627703873576834e+01 9.575046961380513644e-03 8.472451252329177285e-02 6.215490205458509831e-02
1.003476658741865535e+01 1.008848468859383063e+00 3.891829087807920085e-05 2.017116803948728787e+01 7.513765921721969089e-03 8.468119951371119725e-02 6.145659160133691568e-02
1.009709278172075209e+01 1.008248896750324253e+00 3.383620192387061520e-05 2.016623393872847458e+01 8.004990644442617348e-03 8.172575968179125738e-02 6.158047381667953318e-02
1.015941897602284882e+01 1.007918308005474328e+00 3.118528587389528262e-05 2.015966860179045739e+01 7.976682457347502447e-03 8.201641000271249482e-02 6.198099671370207314e-02
1.022174517032494556e+01 1.007877849823705096e+00 3.086824795745651828e-05 2.015509956364442701e+01 9.550952557128242551e-03 8.299102402464596240e-02 6.149983950713291264e-02
1.028407136462703875e+01 1.006986483394431753e+00 2.429239513001765771e-05 2.013258359140395015e+01 9.696881755717187690e-03 8.077685894534855637e-02 6.078096164931316020e-02
1.034639755892917101e+01 1.006054467215620418e+00 1.825464226599612938e-05 2.009934487108947465e+01 9.513151155173309170e-03 7.973219973212666845e-02 5.982419361671974245e-02
1.040872375323123400e+01 1.005154367082853994e+00 1.323827953003935826e-05 2.008076266911402286e+01 7.840524241872766364e-03 8.007467563951220502e-02 5.937763891861731758e-02
1.047104994753333251e+01 1.005756312196025348e+00 1.650425955745330603e-05 2.009504943716746084e+01 7.339327788462678484e-03 7.998410218211109146e-02 5.946934221250424479e-02
1.053337614183545945e+01 1.004518319715647090e+00 1.017696285987145649e-05 2.006083955587430978e+01 8.229101803213755006e-03 7.941322522068629264e-02 6.000169925333005694e-02
1.059570233613755974e+01 1.003928743578069938e+00 7.697359004642072289e-06 2.005858310009085343e+01 6.874773004356280783e-03 8.024507594145045830e-02 6.153776738618645797e-02
1.065802853043961917e+01 1.003322196175482794e+00 5.506301741446239378e-06 2.004616642016228667e+01 6.355463423035948717e-03 8.058643998278515463e-02 6.287372474023796010e-02
1.072035472474175144e+01 1.003414543239649293e+00 5.816316485506272532e-06 2.004002291482033016e+01 7.013726861762968785e-03 8.040431863176955574e-02 6.077772842835409833e-02
1.078268091904384640e+01 1.003741798402362662e+00 6.983113461006985184e-06 2.003686795518123631e+01 6.898475828728877456e-03 7.987453979634563661e-02 5.985935551504322633e-02
1.084500711334593781e+01 1.003414018702174948e+00 5.814531661081298597e-06 2.004045174177091582e+01 6.188580410953507284e-03 7.898338075217620213e-02 5.911178487180340779e-02
1.090733330764803988e+01 1.003803096422751562e+00 7.213487924818441643e-06 2.007330351998898266e+01 7.398423045688479367e-03 7.803229049514716353e-02 5.488920248384652339e-02
1.096965950195014194e+01 1.003812543073936414e+00 7.249322617634834653e-06 2.008519895868535343e+01 7.915893912968931592e-03 7.972094432009722842e-02 5.450051240536655378e-02
1.103198569625222270e+01 1.004118584894236665e+00 8.458154965954381432e-06 2.008181741638095730e+01 7.155483542585300283e-03 7.937844044851356806e-02 5.501828695640559319e-02
1.109431189055432654e+01 1.003655093385254160e+00 6.663621324808077784e-06 2.007000452748890851e+01 7.889431132327795124e-03 7.781438924416579639e-02 5.540154045317668280e-02
1.115663808485642861e+01 1.003873634139037740e+00 7.483202155243035003e-06 2.009715949134356450e+01 9.796742141694176134e-03 7.551215561198031112e-02 5.586697990425673610e-02
1.121896427915851646e+01 1.003441694489090930e+00 5.909076202914760600e-06 2.009325074691124513e+01 9.216525839907549478e-03 7.417901393837159074e-02 5.474179751956645412e-02
1.128129047346061320e+01 1.003568646877164516e+00 6.352511506001450731e-06 2.011795851962353865e+01 8.632955989633822255e-03 7.367322126723814535e-02 5.326280353264253170e-02
1.134361666776274546e+01 1.002996583818110077e+00 4.480808109835841130e-06 2.012439987656556184e+01 1.033530263511005937e-02 7.246082602378473014e-02 5.312026250132655114e-02
1.140594286206480135e+01 1.002596146625240658e+00 3.364167326721113210e-06 2.013149530678960275e+01 1.040161408147680794e-02 7.098037523578490382e-02 5.302689674561857774e-02
1.146826905636690519e+01 1.002239981875463926e+00 2.505019300093943441e-06 2.012599187732957162e+01 1.065450361388942981e-02 7.239618144648911346e-02 5.296496582245177609e-02
1.153059525066903390e+01 1.002093601504231213e+00 2.188529555745798161e-06 2.011917088822601229e+01 9.451813857346438516e-03 7.285682258131372102e-02 5.342379999837919280e-02
1.159292144497113775e+01 1.001106121637205693e+00 6.113017969116511102e-07 2.010292956354192739e+01 8.869206559339313720e-03 7.207962574307097414e-02 5.469554264596810517e-02
1.165524763927319185e+01 1.000562086088573777e+00 1.579112151234079650e-07 2.009911497974366767e+01 9.251292123813635929e-03 7.307575006158817388e-02 5.688722219502080624e-02
1.171757383357532589e+01 1.000184596657559322e+00 1.703586651393839031e-08 2.008422808496542444e+01 9.944821027086043000e-03 7.450918609891749034e-02 5.734017719082849102e-02
1.177990002787742618e+01 9.998824646901508517e-01 6.907815810818862881e-09 2.008614396060369600e+01 1.074607319519289492e-02 7.427285323895578550e-02 5.900544686818116891e-02
1.184222622217950693e+01 9.988571532349467264e-01 6.535473479622917747e-07 2.006146432520034750e+01 9.572670929254989067e-03 7.313377999077279312e-02 5.942067134903124964e-02
1.190455241648161255e+01 9.988747835365537897e-01 6.335313293154981595e-07 2.006756071940981201e+01 9.751742205480992340e-03 7.307631168027076130e-02 6.033089533070668670e-02
1.196687861078371817e+01 9.986116218277569789e-01 9.646899809725301145e-07 2.005860622831588458e+01 1.038873093167433023e-02 7.073876940130059687e-02 5.939686747181067289e-02
1.202920480508579182e+01 9.988782133329986435e-01 6.296736134881603109e-07 2.004751827830499167e+01 1.193187687110659062e-02 7.217437729568822180e-02 5.960541539360639240e-02
1.209153099938789921e+01 9.989171436839675566e-01 5.867124890444452151e-07 2.004625527629161041e+01 1.293029453036933368e-02 7.138706579122322538e-02 5.599838797986027294e-02
1.215385719369000661e+01 9.976948138854084824e-01 2.661031746954180266e-06 2.002596900072521180e+01 1.169553270784258643e-02 7.113831275310628088e-02 5.409666628936579680e-02
1.221618338799208381e+01 9.972973396061355356e-01 3.658780383040873690e-06 2.003178387920210923e+01 1.023207876841035133e-02 6.972698556712725315e-02 5.393368233115654331e-02
1.227850958229418588e+01 9.979286663122240997e-01 2.148178532031166238e-06 2.002970581100538183e+01 1.038391573799147746e-02 7.078895063117800202e-02 5.398218801886445206e-02
1.234083577659632347e+01 9.968889172667784182e-01 4.849478584497898814e-06 2.001802186218204582e+01 1.165564439625335971e-02 7.142821362915970085e-02 5.281613348501053989e-02
1.240316197089836869e+01 9.973794230504400282e-01 3.439722460049296493e-06 2.002643862232937622e+01 1.003986744238075796e-02 7.138005117867245175e-02 5.155923294899599635e-02
