0.000000000000000000e+00 1.530133788828188957e+00 1.047786135682655662e-01 5.474922797454633699e-02 4.360146106869584870e-03 2.733198018416451228e-02 7.329807371994051524e-02
6.230654443223734157e-02 1.347908019832934512e+00 4.935424421620249191e-02 9.396457906085094181e-02 2.865683540879122686e-03 1.272238545264439864e-02 5.214661802024055798e-02
1.243648556197235883e-01 1.203192947933446444e+00 1.821413482973222031e-02 1.394759098548375986e-01 4.277579819083633487e-03 1.567173075423328524e-02 4.266289813352076160e-02
1.864231668072098003e-01 1.087172119349423483e+00 3.592180277623882589e-03 1.910905338096877959e-01 2.142613089964421139e-03 9.033007101068489531e-03 3.674606215025494338e-02
2.484814779946967478e-01 9.924042586635136720e-01 2.899455999173881221e-05 2.497061741289166859e-01 3.249450954803498933e-03 9.142726285411696338e-03 2.848237495417824117e-02
3.105397891821822798e-01 9.155319721148666989e-01 3.781964473867388543e-03 3.151283938403781071e-01 3.025424544244397027e-03 9.622833361994188872e-03 2.639697770064286866e-02
3.725981003696694493e-01 8.504571387563247820e-01 1.243840252067018870e-02 3.872324945029419485e-01 3.627185739078270157e-03 1.101359267233366010e-02 2.838025219055588869e-02
4.346564115571627807e-01 7.973662701373027684e-01 2.380741486957746456e-02 4.679567165227513370e-01 4.484992263061717520e-03 1.443129732241795783e-02 2.935174695860603283e-02
4.964664894999080702e-01 7.531300098015168976e-01 3.664742010814708850e-02 5.561149271676232297e-01 4.515351820220411469e-03 1.917451012373689104e-02 2.728737812656046105e-02
5.585248006874063975e-01 7.153086857725713399e-01 5.034978687532509767e-02 6.530664897036585481e-01 4.193127575387939170e-03 2.287715170523371006e-02 2.457614503307618131e-02
6.205831118749033370e-01 6.837730952135177009e-01 6.390224375236358556e-02 7.575443517075246547e-01 4.898652144428209711e-03 2.592819389770024616e-02 2.374831904304239294e-02
6.826414230624009427e-01 6.574449931983555873e-01 7.683917216313118637e-02 8.713021484708075581e-01 3.663844847863971608e-03 3.116071094563295507e-02 2.572476589056617302e-02
7.446997342498974382e-01 6.349326483292196954e-01 8.916899966729718852e-02 9.924620562970821736e-01 1.924471997950691999e-03 3.027283995934045013e-02 2.504779606571533659e-02
8.067580454373922683e-01 6.166163449797888996e-01 1.001246006228269647e-01 1.123056446984641354e+00 2.273634845858429811e-03 3.034002038697444434e-02 2.264213414633072657e-02
8.688163566248685576e-01 6.009057136359520213e-01 1.102229528595211061e-01 1.260517875256531806e+00 4.365294035888581635e-03 3.175675970627420130e-02 1.979594821495576917e-02
9.308746678123399620e-01 5.873645640662229495e-01 1.194741528549799758e-01 1.406506442202799523e+00 4.817274950973495992e-03 3.305689101490691395e-02 2.120311228760385011e-02
9.929329789998155853e-01 5.770696772744470238e-01 1.268619391977964250e-01 1.565109415960022510e+00 4.692390620788799115e-03 3.392586525709895967e-02 1.991818225140051801e-02
1.054991290187290431e+00 5.683887126670370549e-01 1.333384537039147277e-01 1.728961649560680991e+00 6.732664618827583977e-03 3.641472534565710906e-02 1.995240420448449875e-02
1.117297834619518371e+00 5.620611555800543169e-01 1.382057728306193001e-01 1.906997678876649616e+00 4.593410860202884645e-03 3.768928552933799303e-02 2.017163965104891085e-02
1.179356145806995215e+00 5.567802549811977642e-01 1.423648871717626552e-01 2.090626588754974424e+00 4.432813094959924330e-03 4.044467002034121683e-02 2.023581967823963323e-02
1.241414456994464954e+00 5.529839211689169254e-01 1.454102746953354064e-01 2.281775628379231424e+00 4.938521907266525332e-03 3.796058822723241688e-02 2.170343368867191230e-02
1.303472768181943797e+00 5.500255009742323065e-01 1.478161373969999470e-01 2.481954316650331283e+00 5.345547533307718271e-03 3.968149350080623500e-02 2.236998025119169703e-02
1.365531079369417089e+00 5.483953552125555575e-01 1.491541562496305762e-01 2.693635048910854923e+00 5.519097670680942792e-03 4.031326925104904840e-02 1.976769164523436290e-02
1.427589390556895266e+00 5.473548271727349812e-01 1.500128354731294911e-01 2.911635232726886624e+00 3.727408172399086089e-03 4.125833269461742780e-02 2.022461246143988575e-02
1.489647701744368335e+00 5.471367652469020237e-01 1.501932451851393235e-01 3.133214622770132518e+00 3.455516721413936024e-03 4.259097683890225583e-02 2.286453732556900306e-02
1.551706012931848511e+00 5.473854707520195984e-01 1.499874957669705688e-01 3.360960300432505932e+00 1.781922928594809139e-03 4.237675458579324289e-02 2.114437389298333761e-02
1.613764324119341564e+00 5.484493581523814942e-01 1.491096895716308435e-01 3.595104184246586509e+00 2.877221875719208205e-03 4.287494925715080313e-02 2.180705824128088832e-02
1.675822635306855046e+00 5.500210096165036866e-01 1.478198117989649729e-01 3.833877158872920798e+00 2.732003882335048983e-03 4.019610691189543644e-02 2.126073686418303299e-02
1.737880946494379630e+00 5.522615456714509152e-01 1.459950759690025190e-01 4.079104697751215092e+00 2.341038269759209041e-03 3.803995014017294563e-02 2.046859073009434440e-02
1.799691024437142683e+00 5.550985857277533908e-01 1.437081347962433364e-01 4.329586842837194638e+00 2.521077349003156710e-03 3.668067115225356889e-02 2.186208341398842778e-02
1.861749335624667934e+00 5.582963946497407903e-01 1.411616790656982090e-01 4.589152418208543693e+00 3.369284425916676661e-03 3.924264530154105562e-02 2.125592255238550887e-02
1.923807646812184524e+00 5.616795139472486875e-01 1.385033655760425919e-01 4.850799932115073432e+00 4.524723767426605363e-03 4.032870411324338683e-02 2.174889676853862530e-02
1.985865957999699782e+00 5.653972134848875841e-01 1.356239756157040510e-01 5.116216287177087096e+00 3.931853544750463399e-03 4.203298222199507855e-02 2.346343616384680142e-02
2.047924269187225921e+00 5.691272161474273394e-01 1.327785075266937342e-01 5.379468280420111270e+00 4.663871583248345443e-03 4.205046539246987819e-02 2.317863393046564260e-02
2.109982580374739403e+00 5.738794103918756218e-01 1.292154015509944243e-01 5.659314530800321208e+00 2.249619225762004154e-03 4.354387497362610659e-02 2.577812053104157342e-02
2.172040891562263987e+00 5.781976144394611605e-01 1.260371896876057995e-01 5.934976743820729261e+00 2.097037518482882876e-03 4.238834119325948779e-02 2.507340440320599689e-02
2.234099202749780577e+00 5.827378731736008177e-01 1.227556841113058850e-01 6.208610817300336926e+00 2.780825655112678738e-03 4.362314518091613830e-02 2.562052761701034964e-02
2.296157513937298500e+00 5.873433411588389053e-01 1.194890630276440602e-01 6.476588271877831815e+00 3.093185966626904419e-03 4.327737870348837695e-02 2.712409820868485685e-02
2.358215825124819087e+00 5.928346436039029221e-01 1.156744096843831393e-01 6.762715243374979757e+00 3.012502842054771632e-03 4.360473346902334069e-02 2.884540632830661852e-02
2.420274136312337010e+00 5.985308980832397818e-01 1.118080275298435344e-01 7.054860884919103015e+00 3.430167669100406616e-03 4.478862659854444123e-02 3.070916222340343976e-02
2.482332447499862926e+00 6.030247483500630334e-01 1.088217894073105763e-01 7.330541027741235283e+00 4.467495113158934626e-03 4.404550291182371402e-02 3.164731991995244076e-02
2.544390758687381293e+00 6.082890736788197916e-01 1.053941335557520564e-01 7.611100562661563984e+00 4.773690374027370412e-03 4.419094443757187740e-02 3.268785506848485151e-02
2.606449069874891222e+00 6.137430764716147458e-01 1.019219571066290464e-01 7.889156362127142330e+00 4.008683358032532305e-03 4.568826229206566364e-02 3.510093994028905956e-02
2.668507381062419359e+00 6.194937462676682882e-01 9.834641903758484238e-02 8.171074569259907605e+00 3.795438259657394481e-03 4.359235488405199116e-02 3.364665208367346311e-02
2.730565692249939058e+00 6.253290954686232528e-01 9.480631054481636344e-02 8.449902083529593710e+00 4.063180624264980424e-03 4.485012100650792588e-02 3.532084855319737871e-02
2.792624003437452984e+00 6.314400347041797534e-01 9.119233332579546047e-02 8.726065681660617912e+00 3.456936248982255249e-03 4.517213893767158678e-02 3.527599009657543527e-02
2.854682314624973127e+00 6.371071029056916135e-01 8.792460401935342507e-02 9.003870325086092308e+00 1.456060894003010633e-03 4.640892758321472217e-02 3.093462406705209736e-02
2.916740625812501264e+00 6.427957889022279936e-01 8.472398522132784660e-02 9.279492212506916360e+00 1.521451329341600919e-03 4.689895973941413110e-02 3.080466496604159984e-02
2.978798937000008529e+00 6.490372388332779074e-01 8.130242396963127671e-02 9.560153981176625848e+00 2.206372344156549894e-03 4.713762411071071440e-02 3.235060450220969552e-02
3.040857248187529116e+00 6.546838160595864764e-01 7.828669952815470179e-02 9.833171026873305465e+00 1.443204837080811582e-03 4.895325159898245709e-02 3.438672545731517871e-02
3.102915559375055921e+00 6.612731457856417805e-01 7.486143912938786338e-02 1.010339682259149541e+01 2.552407524062149172e-03 4.847468055327427972e-02 3.605394260057635109e-02
3.164973870562577396e+00 6.667471282655266229e-01 7.209155125814259435e-02 1.035117711610672941e+01 8.662816790497185771e-04 4.812739355987764867e-02 3.507069660302516295e-02
3.227032181750023376e+00 6.729730357202392543e-01 6.902305165489636130e-02 1.062345811531461770e+01 7.062789903491539919e-04 4.870309717990396053e-02 3.716273404968004762e-02
3.289090492937444488e+00 6.791671510833312553e-01 6.605516036728392715e-02 1.088175915398315396e+01 -5.311442852692748861e-04 5.041163980703102648e-02 3.792371078624270919e-02
3.351148804124876701e+00 6.857035951322292266e-01 6.301341682739503014e-02 1.115390505140868704e+01 1.053176909968756014e-03 5.152456160927267048e-02 3.884341606115812584e-02
3.413207115312315576e+00 6.919852654376204004e-01 6.017588174898280684e-02 1.139836310794449759e+01 6.259281165902242251e-04 5.232903351181291546e-02 4.177474885271190846e-02
3.475265426499748678e+00 6.977661488937293432e-01 5.763741148687262505e-02 1.164873813159565863e+01 1.122505755595478751e-03 5.182132384648584916e-02 4.243387160120068446e-02
3.537323737687168901e+00 7.031576331279569825e-01 5.533181623453115039e-02 1.188705552246505981e+01 1.913900833451453965e-04 4.993847768510134566e-02 4.198707106391443705e-02
3.599382048874601114e+00 7.085412189806894467e-01 5.308826271110211881e-02 1.211369869961390755e+01 2.240184706149872561e-04 4.941356290201601859e-02 4.236388837868321905e-02
3.661440360062040433e+00 7.142746823198649064e-01 5.076236381253840246e-02 1.235090227632252358e+01 -2.624762769944399571e-04 4.997630849932704900e-02 4.348858920862943428e-02
3.723498671249474423e+00 7.202384995001662737e-01 4.841137201735457030e-02 1.258190797933707472e+01 1.159135912510902500e-03 5.160108393633344032e-02 4.290702371211096294e-02
3.785556982436892870e+00 7.256512750500921927e-01 4.633699200296276244e-02 1.280660419391414173e+01 4.777299194340023283e-04 5.138076998723395405e-02 4.222464775176261453e-02
3.847615293624325972e+00 7.310688642642488855e-01 4.431648237382451727e-02 1.301502880921191618e+01 7.308656696095927119e-05 5.380408147763514337e-02 4.018233522124913665e-02
3.909673604811764847e+00 7.362676054021964900e-01 4.242923744338278347e-02 1.321323413547840531e+01 -2.429939759854971145e-04 5.254858070385869800e-02 4.156316041066340089e-02
3.971980149243953040e+00 7.418005242117355902e-01 4.047543146333454356e-02 1.341819712839815359e+01 -4.373324850452298043e-04 5.168544928615483036e-02 4.172663427393787788e-02
4.034038460431370154e+00 7.468563609807706838e-01 3.873876116344859843e-02 1.361460640772427766e+01 -4.444413357549559110e-04 5.265190977794523969e-02 4.317496351877097432e-02
4.096096771618803700e+00 7.522419208026130955e-01 3.693922437532359826e-02 1.380346307429027064e+01 1.313036470739770111e-05 5.335325711800954079e-02 4.471993268509539404e-02
4.158155082806242575e+00 7.575517599429928417e-01 3.521517391824457999e-02 1.398614630074058773e+01 -2.262763433031011974e-04 5.349098814755306325e-02 4.435978628332856721e-02
4.220213393993677897e+00 7.628318202342965204e-01 3.354951131787831109e-02 1.417312635896911921e+01 -9.224711432981991645e-04 5.543763392927878592e-02 4.457349681704755873e-02
4.282271705181094568e+00 7.674548315502938145e-01 3.213048420315889331e-02 1.434751026496480364e+01 1.065273651579479110e-04 5.478402022236834867e-02 4.507552611312114210e-02
4.344330016368531666e+00 7.726208177003281996e-01 3.058770182192960263e-02 1.451745705487100935e+01 1.755639063603192619e-03 5.559605513851066660e-02 4.641431993675181750e-02
4.406388327555967876e+00 7.776699638266180159e-01 2.912301965308367047e-02 1.469063969449199725e+01 1.670051368102518606e-03 5.457999095374816562e-02 4.786698943295766839e-02
4.468446638743399646e+00 7.832009820438491365e-01 2.756691592404530988e-02 1.487195346731820855e+01 2.715521501084559083e-03 5.555995236064553700e-02 4.847610267905104464e-02
4.530504949930823422e+00 7.883336509713492202e-01 2.616751477215642496e-02 1.504204227709715802e+01 3.328458543806166615e-03 5.625498465453422636e-02 4.616500317692438099e-02
4.592563261118253415e+00 7.920926436052766473e-01 2.516956336485517975e-02 1.518702587265583581e+01 2.455514075569865690e-03 5.614301863742225673e-02 4.591069947244771909e-02
4.654621572305686961e+00 7.969435892312943803e-01 2.391497080984800183e-02 1.534191523489612052e+01 3.355068326812071875e-03 5.564898752519129022e-02 4.418491696623071813e-02
4.716679883493127612e+00 8.007593326865456440e-01 2.295416831564975335e-02 1.547963313746864245e+01 2.617315371244355402e-03 5.553526211309063598e-02 4.396509523886451415e-02
4.778738194680543394e+00 8.051165064452668885e-01 2.188478997756290734e-02 1.561935029700671151e+01 2.562606931980435793e-03 5.752462613460891661e-02 4.241482991924648560e-02
4.840796505867984934e+00 8.091709181090737113e-01 2.091603150786108811e-02 1.574515036346014440e+01 4.248786402160071793e-03 5.848459207007264404e-02 4.281820350045342088e-02
4.902854817055417591e+00 8.136779671315418350e-01 1.986857616301493379e-02 1.587874519188458855e+01 2.971277414636861337e-03 5.860171847830764058e-02 4.384760969424055660e-02
4.964913128242845808e+00 8.180513905868532776e-01 1.888151026132597887e-02 1.602346653948294630e+01 2.302487355112950093e-03 6.016077250520053543e-02 4.404014112883283122e-02
5.026971439430275801e+00 8.221085921777007144e-01 1.799137755691307405e-02 1.614576925196367441e+01 2.849449628280086369e-03 6.007210293698866943e-02 4.523992510007105589e-02
5.089029750617703129e+00 8.253078482207255595e-01 1.730666111263395868e-02 1.625137525384972648e+01 3.681083396714233003e-03 6.034812705272063482e-02 4.648137708878904290e-02
5.151088061805133123e+00 8.299118532466144282e-01 1.634763798551702729e-02 1.639136436709966560e+01 3.066316236357633472e-03 6.063722594564696644e-02 4.579222009921775360e-02
5.213146372992578215e+00 8.338452770040861717e-01 1.555269001804093776e-02 1.650666647776028384e+01 3.647426716116569743e-03 6.074667359655747112e-02 4.763273033046251659e-02
5.275204684179991332e+00 8.379994438224672715e-01 1.473728601908130820e-02 1.661302185668495568e+01 3.540014001136739755e-03 6.192505601274014837e-02 4.798140982394563658e-02
5.337262995367437313e+00 8.419047558575802892e-01 1.399314355424427503e-02 1.671611138997705837e+01 4.281813740169723020e-03 6.384335318089873201e-02 4.808695967146348754e-02
5.399321306554867306e+00 8.457966921457785725e-01 1.327295701491146285e-02 1.682449261682064900e+01 4.812527689456574768e-03 6.392918309536625709e-02 5.159617578349516565e-02
5.461379617742291970e+00 8.496879800195303867e-01 1.257405923848062268e-02 1.694838474469164424e+01 4.637331763034747978e-03 6.548741577167976891e-02 5.092406044681867250e-02
5.523437928929728180e+00 8.533539073046091383e-01 1.193482764930323126e-02 1.703618573784600443e+01 4.796197506661111810e-03 6.477848874565129977e-02 5.108901201581970281e-02
5.585496240117152844e+00 8.569131256894926274e-01 1.133186146946316142e-02 1.714338705597634416e+01 5.696075591734624938e-03 6.360137444174852883e-02 5.218633775500939459e-02
5.647554551304580173e+00 8.604153315328515461e-01 1.075539420433282989e-02 1.723247968238415950e+01 7.334632118631648559e-03 6.584776672802368502e-02 5.107325048134599838e-02
5.709612862492027929e+00 8.645750163996256399e-01 1.009221970310764105e-02 1.734194530776332499e+01 7.644099627472942214e-03 6.720214436222843313e-02 5.073983641010589712e-02
5.771671173679440159e+00 8.691589959377447050e-01 9.388202135235418355e-03 1.745748365502956290e+01 7.801253727998902661e-03 6.757232982901027751e-02 5.279829104051252109e-02
5.833729484866890580e+00 8.729016536738585241e-01 8.834036456801586112e-03 1.754696036600592279e+01 7.347468051025754163e-03 6.502621049770558603e-02 5.216905233182415197e-02
5.895787796054317020e+00 8.759420689226141699e-01 8.397390522013825631e-03 1.761125965894625267e+01 5.991079266712465330e-03 6.808346296142317455e-02 5.226313962978765271e-02
5.957846107241739908e+00 8.796437774274248333e-01 7.882029268216489415e-03 1.768685982941433465e+01 6.039531100481574342e-03 6.943049771508565116e-02 5.167309318826204118e-02
6.019904418429179671e+00 8.825528315148359892e-01 7.489457742212130009e-03 1.775853731895393750e+01 6.144421346582233136e-03 6.902469522895410270e-02 5.132835378555455214e-02
6.081962729616601671e+00 8.865253583344209209e-01 6.970907209243801250e-03 1.784600846869031798e+01 5.467555837499387360e-03 6.870819837257079177e-02 5.418261634638117663e-02
6.144021040804027223e+00 8.896810164775635910e-01 6.573305429350931317e-03 1.792842170636343724e+01 5.704582441914241020e-03 6.906182739603339282e-02 5.460317489879484149e-02
6.206079351991479420e+00 8.929974914818546994e-01 6.168998682306400805e-03 1.800979811833340349e+01 6.937763407102730435e-03 6.904659364432648438e-02 5.479481011887878811e-02
6.268137663178889873e+00 8.965007907040346558e-01 5.756894651373481442e-03 1.807702011791116092e+01 7.387866291781071404e-03 7.005412976310446127e-02 5.383736548051046983e-02
6.330195974366342071e+00 8.990874031347281248e-01 5.462429751782557630e-03 1.814463801189905112e+01 6.736264007648767524e-03 7.120368396924708909e-02 5.383420151063614267e-02
6.392254285553766735e+00 9.011378323227191567e-01 5.234888345571453439e-03 1.819622798172248324e+01 5.575691579059985532e-03 7.232361974823213469e-02 5.449436968457802011e-02
6.454312596741186958e+00 9.037829191767394743e-01 4.949000257451721674e-03 1.825105238354653991e+01 5.074074558305413651e-03 7.174562621946649343e-02 5.231475166686942735e-02
6.516370907928631162e+00 9.064592310010128884e-01 4.668454874607805283e-03 1.831509647727958878e+01 6.260852905219267510e-03 7.137154282727707633e-02 5.512743359730189197e-02
6.578429219116052273e+00 9.088032530780417728e-01 4.429904568402462384e-03 1.836266325996366788e+01 6.782408091480851726e-03 7.050964110088049630e-02 5.258364554262574125e-02
6.640487530303475161e+00 9.119222783317363357e-01 4.122791998550701109e-03 1.841369958581673671e+01 6.980767489548217637e-03 7.239854702474234072e-02 5.163639626242412517e-02
6.702545841490930023e+00 9.139424543358033448e-01 3.930124091161571465e-03 1.846999247437994285e+01 8.214134291809848526e-03 7.252557322369784787e-02 4.927926959725718870e-02
6.764604152678338700e+00 9.165007840646701709e-01 3.693140268591660336e-03 1.852025577105548848e+01 9.608423500642233883e-03 7.326791123811983442e-02 5.247350865915798024e-02
6.826662463865793562e+00 9.192496081324138535e-01 3.447193223808264761e-03 1.857250267295496826e+01 1.012568749344336209e-02 7.459529173400977764e-02 5.277069466683501769e-02
6.888720775053216450e+00 9.207532155463642454e-01 3.316446897326713605e-03 1.861307206137857762e+01 8.499826048122067351e-03 7.370329238427472673e-02 5.209132012099614711e-02
6.950779086240634896e+00 9.236687485893914085e-01 3.070517402955177944e-03 1.867038605738362378e+01 9.285290313659145395e-03 7.312474390696750703e-02 5.240628993586678858e-02
7.012837397428081765e+00 9.259571042841387989e-01 2.884473360307393541e-03 1.872114966540898351e+01 7.345264443001554497e-03 7.089565118682777944e-02 5.225086333732280319e-02
7.074895708615501988e+00 9.273906360174438701e-01 2.771040119889905951e-03 1.875014359099656858e+01 7.121448093174073332e-03 7.104597372807605615e-02 5.401732576439938205e-02
7.136954019802921323e+00 9.290482010576154304e-01 2.642857687479599482e-03 1.879891068081966665e+01 8.836586970514186817e-03 7.365298800050391892e-02 5.478907668403588255e-02
7.199012330990379738e+00 9.312802374848960785e-01 2.475277517957091833e-03 1.883825767063649081e+01 6.081917338664421212e-03 7.439497390231850082e-02 5.400769012653938023e-02
7.261070642177788415e+00 9.328165279098658003e-01 2.363272852977091332e-03 1.885876141493961455e+01 4.717863269974531537e-03 7.484946441156418995e-02 5.417112046884298843e-02
7.323128953365245941e+00 9.344665452701015340e-01 2.245997601399873922e-03 1.888132529432181528e+01 5.691855262275795704e-03 7.519159637864220036e-02 5.576824932371968885e-02
7.385187264552666164e+00 9.363457076859553752e-01 2.116232563548467449e-03 1.892001019563177167e+01 6.535586132752568833e-03 7.686287487143425579e-02 5.753979782457893655e-02
7.447245575740082835e+00 9.383261431138147923e-01 1.983832975777491403e-03 1.895266835356159518e+01 6.753892413176304857e-03 7.659163222184131592e-02 5.725176405053693240e-02
7.509303886927532368e+00 9.406598850385803345e-01 1.833529686980736595e-03 1.899339303858551276e+01 6.424465956979127750e-03 7.726280864036678964e-02 5.463239262707973026e-02
7.571362198114950814e+00 9.418902591088577081e-01 1.756768062320515633e-03 1.901109257243419748e+01 5.497060147671206654e-03 7.790641574960457949e-02 5.408447038526544709e-02
7.633420509302369261e+00 9.432885514551597739e-01 1.671601550613174836e-03 1.904103772293852970e+01 5.881860592761074640e-03 7.819158345053667247e-02 5.541217000432165779e-02
7.695478820489829452e+00 9.446750502937431015e-01 1.589323039296777762e-03 1.906996415247904153e+01 5.810190228450791070e-03 7.998226327431083582e-02 5.681433544970903443e-02
7.757537131677237241e+00 9.465661794876935042e-01 1.480570045324446082e-03 1.909691596419679271e+01 5.405078355003728463e-03 8.276198811950685741e-02 5.694369554302407266e-02
7.819595442864695656e+00 9.481025968481656685e-01 1.395154907750648099e-03 1.912175353706158631e+01 7.051842408362109758e-03 7.999213790806625202e-02 5.488795989661436614e-02
7.881653754052115879e+00 9.496325765329453050e-01 1.312707276300104087e-03 1.914251888434624504e+01 5.841818085188312491e-03 8.033499546920400136e-02 5.534521694262396763e-02
7.943712065239532549e+00 9.511166154101303727e-01 1.235215379167715899e-03 1.916229094713798631e+01 5.578839957868343170e-03 8.002971411232744081e-02 5.584239841751295619e-02
8.005770376426983859e+00 9.526251364226399065e-01 1.158940211430599387e-03 1.919071618943972624e+01 5.341796407876923426e-03 8.196779637387879847e-02 5.747671100452222959e-02
8.067828687614401417e+00 9.533445094769708028e-01 1.123450154444018134e-03 1.921536765940534153e+01 5.831679116145632377e-03 8.114639494382291929e-02 5.822632772960142922e-02
8.129886998801817199e+00 9.556073318079858492e-01 1.015522902449730869e-03 1.924586817467541522e+01 6.298414880800078282e-03 8.001974314475943095e-02 5.836798185500205460e-02
8.191945309989279167e+00 9.568292316095690087e-01 9.595764306185097792e-04 1.926360776579824474e+01 6.429522383252661392e-03 8.108202919709722734e-02 5.721921724058622039e-02
8.254003621176687844e+00 9.572664208611690873e-01 9.399554296710618817e-04 1.928152368541276473e+01 6.749373824697296916e-03 7.938251564199566568e-02 5.882806218032756579e-02
8.316061932364148035e+00 9.586462892949739745e-01 8.793942811950589133e-04 1.931354666443534285e+01 7.325717699310409746e-03 8.170121598104185257e-02 5.895880402167596318e-02
8.378120243551562041e+00 9.598758497174492144e-01 8.271758116622229817e-04 1.934141378648517673e+01 8.021688640533946105e-03 8.276623981050798551e-02 5.773411383009487835e-02
8.440178554738981376e+00 9.613996956548910289e-01 7.647357417164823978e-04 1.937958309155244407e+01 9.275177900640800555e-03 8.143375455692079823e-02 5.891807812257177784e-02
8.502236865926432685e+00 9.629255124688846923e-01 7.047321056989561128e-04 1.940767839220683300e+01 9.451072541566331309e-03 7.980843820133819155e-02 5.703429903524362410e-02
8.564295177113853796e+00 9.644400685458970335e-01 6.476544421470040169e-04 1.942579058833674210e+01 7.632707033376211377e-03 7.932856551386389954e-02 5.539490955437969405e-02
8.626353488301266026e+00 9.662775260850702264e-01 5.817180318084674839e-04 1.944706446695370161e+01 7.254706825379291478e-03 7.636871271262903049e-02 5.622365638172320546e-02
8.688411799488727993e+00 9.677520224684685868e-01 5.314221283632680759e-04 1.947375185822156496e+01 8.223638749152708746e-03 7.714633657947628231e-02 5.457859928748521466e-02
8.750470110676141999e+00 9.694927536990886052e-01 4.750322924767895472e-04 1.952051691371912412e+01 7.919244196230338165e-03 7.715654843789412909e-02 5.280789898606534638e-02
8.812528421863591532e+00 9.711008878525458909e-01 4.258029596963634755e-04 1.956522789628111170e+01 6.888642513979395011e-03 7.929441967669666191e-02 5.347523094965118268e-02
8.874586733051014420e+00 9.724659083282988226e-01 3.861681358488210092e-04 1.960799193712150412e+01 6.528026864736059809e-03 8.018625133721883624e-02 5.482639810765364830e-02
8.936645044238437308e+00 9.738682514067811269e-01 3.475013917032948596e-04 1.962814297928684937e+01 7.321672526495859486e-03 8.042354892899822305e-02 5.596005408741037274e-02
8.998703355425876182e+00 9.741257173266238967e-01 3.406277648385497292e-04 1.962244356864766459e+01 7.172296695245633513e-03 8.133971782244044102e-02 5.646433198769661849e-02
9.060761666613299070e+00 9.748790509264130266e-01 3.209169374657726281e-04 1.961971313216027468e+01 7.807704586699521811e-03 8.022615087747882179e-02 5.716729584149913418e-02
9.122819977800723734e+00 9.759984591047506930e-01 2.927304611576343751e-04 1.965962183714856693e+01 6.399390597231837362e-03 7.866618385632138943e-02 6.117842646579683269e-02
9.184878288988166162e+00 9.765962758486943507e-01 2.782165950455071923e-04 1.965168849305954879e+01 7.987525666695232535e-03 8.002588145543836073e-02 6.015948104445252576e-02
9.246936600175585497e+00 9.775221260205018137e-01 2.564780842015390583e-04 1.966845856865800357e+01 7.714172946079325167e-03 7.958496067044971978e-02 5.884628437902113957e-02
9.308994911363047464e+00 9.783808865554887158e-01 2.371167648350797075e-04 1.967460548792131547e+01 7.872496277972745177e-03 7.922603848788895009e-02 5.904822464746846411e-02
9.371053222550452588e+00 9.791617175288320762e-01 2.201811780777190863e-04 1.969070168481774630e+01 8.324119919021311792e-03 7.810642450199432874e-02 6.045044247071631321e-02
9.433111533737879029e+00 9.803185588721929911e-01 1.962589366256047019e-04 1.969864365845235099e+01 9.413448373559687998e-03 7.836141325797833790e-02 5.989773575222323565e-02
9.495169844925333891e+00 9.807785137961878563e-01 1.871346509892159171e-04 1.970737892356337184e+01 9.461650567259304034e-03 7.810221346200407755e-02 6.058096455235362221e-02
9.557228156112762107e+00 9.812065824186063656e-01 1.788404997690867804e-04 1.971081090562073257e+01 8.966049507677480157e-03 7.903398835844471781e-02 6.062533244867559373e-02
9.619286467300163679e+00 9.816393144463428921e-01 1.706494418589853124e-04 1.971995833970050782e+01 9.051346921332746251e-03 8.089441621504522839e-02 6.053714055086634183e-02
9.681344778487627423e+00 9.817622333097597576e-01 1.683581935511928307e-04 1.971583795065503608e+01 9.849942704154714124e-03 7.889865349310445919e-02 6.075613586735126304e-02
9.743403089675048534e+00 9.827859302590065127e-01 1.498846723709222617e-04 1.971066810218546550e+01 1.008345225842160499e-02 7.947417296670916675e-02 5.973578470958077619e-02
9.805461400862483856e+00 9.836967452144609325e-01 1.343604009960870649e-04 1.972634986580632344e+01 9.692355130754694986e-03 7.786059332106400055e-02 5.893507991601954626e-02
9.867519712049913849e+00 9.845338100390627067e-01 1.208491862877067446e-04 1.974561218326086731e+01 1.114696787353714955e-02 7.667568225169869855e-02 5.980380421247801642e-02
9.929578023237343842e+00 9.852082128248447201e-01 1.104893947310465335e-04 1.975833957094069149e+01 1.133766075555155822e-02 7.676672400737276358e-02 6.171174362706056959e-02
9.991636334424768506e+00 9.865028788280220118e-01 9.191412770039389390e-05 1.976713943863052236e+01 1.172759828165299487e-02 7.639080773521061962e-02 6.235331940161741027e-02
1.005369464561219850e+01 9.869089670871157294e-01 8.644281734460253219e-05 1.976713779576818553e+01 1.186281603156471957e-02 7.869269591857074031e-02 5.911423795125139713e-02
1.011575295679962849e+01 9.871923800423419992e-01 8.272466090274155359e-05 1.977455203927712546e+01 1.036578647650496059e-02 7.725128476882317519e-02 6.062176686727797220e-02
1.017781126798705849e+01 9.883935927148153056e-01 6.788008548433942246e-05 1.978430936146672892e+01 1.083535369924986183e-02 7.897857239533236096e-02 6.003137629341377679e-02
1.023986957917448315e+01 9.884199735648292462e-01 6.757065932301575817e-05 1.976976784869528458e+01 1.051899892273164619e-02 7.886250630035700204e-02 6.065786280943036290e-02
1.030192789036194867e+01 9.891892980144618708e-01 5.886023675187763982e-05 1.980322343313066824e+01 1.151275287800278269e-02 7.904677468903741067e-02 5.978486469511540280e-02
1.036398620154934491e+01 9.900667524956412446e-01 4.966385895072665535e-05 1.980269073961998672e+01 1.063127935441345213e-02 7.806868817508626213e-02 6.024241592127165673e-02
1.042604451273677668e+01 9.904938331170686228e-01 4.547201020031407803e-05 1.979409755463436582e+01 1.014500155426216292e-02 7.650639539933173916e-02 6.043014160649453487e-02
1.048810282392423510e+01 9.909325514683193781e-01 4.135951814228204515e-05 1.980781263930338199e+01 8.291641445027897114e-03 7.699737031934912601e-02 5.908403777192682699e-02
1.055016113511166864e+01 9.910628137686027239e-01 4.017620280449309134e-05 1.981567468505615892e+01 8.605176013459340384e-03 7.595466864371011595e-02 5.850098595826182940e-02
1.061221944629906133e+01 9.913579445544284940e-01 3.755910966253203642e-05 1.980600068583199302e+01 1.041470926689813496e-02 7.726114632082768663e-02 5.986477118414084558e-02
1.067427775748652508e+01 9.918461311601767250e-01 3.342460576108430281e-05 1.981330333519371223e+01 1.006575913984284268e-02 7.623454859491614333e-02 6.017280554683678007e-02
1.073633606867395507e+01 9.924985613567952614e-01 2.827729320135051461e-05 1.982989299246608539e+01 1.083363155590341340e-02 7.593471935849233079e-02 5.943700415242835627e-02
1.079839437986137796e+01 9.926491824707728284e-01 2.715039272011606636e-05 1.985018082343231427e+01 1.169454160171401642e-02 7.829190676370041679e-02 6.010100395719281119e-02
1.086045269104881328e+01 9.933040716275077786e-01 2.251830531550813586e-05 1.983889349065018592e+01 1.011434243674477068e-02 7.856877036763558475e-02 6.112292703956494905e-02
1.092251100223624860e+01 9.937226604458616608e-01 1.978533892505428271e-05 1.982937491911212646e+01 1.068403201172162323e-02 7.761924725770763533e-02 6.073916506542403199e-02
1.098456931342366261e+01 9.936974896222103837e-01 1.994466365912075240e-05 1.980275212373076599e+01 1.054073827259381646e-02 7.816075631324551076e-02 6.040646561705573930e-02
1.104662762461109793e+01 9.940978390734285242e-01 1.748659153527620802e-05 1.981173430982835271e+01 1.136441468168185830e-02 7.718192257529837841e-02 5.703626731045437215e-02
1.110868593579853325e+01 9.949793088039470268e-01 1.264601562642967553e-05 1.980871643913115676e+01 1.075698523856761374e-02 7.801334698359496667e-02 5.846852777341702417e-02
1.117074424698595259e+01 9.949238725461817534e-01 1.292730060311209767e-05 1.978870768091335108e+01 1.050169073531964127e-02 7.855877140155353988e-02 5.695774695770287888e-02
1.123280255817338258e+01 9.954031632784011707e-01 1.059794440780737618e-05 1.980646384579874208e+01 8.859179344987234972e-03 7.853410907770427829e-02 5.797240922965298665e-02
1.129486086936084988e+01 9.965920022651543198e-01 5.820452101212500451e-06 1.981235852491061422e+01 9.971303515205247325e-03 7.532276366031340209e-02 5.708491483980981246e-02
1.135691918054823724e+01 9.970076028803948054e-01 4.486172101660773626e-06 1.981235804464954953e+01 1.070203583694285393e-02 7.689178046262327981e-02 5.916244797092781726e-02
1.141897749173567256e+01 9.983234194758261459e-01 1.407034017495778846e-06 1.983318339217682436e+01 1.066388157564463791e-02 7.759504048251239516e-02 5.972675101870409536e-02
1.148103580292313630e+01 9.992829243666701000e-01 2.572217042527561240e-07 1.984938557071676613e+01 1.056728377752756340e-02 7.624884814385246568e-02 6.203205726930180464e-02
1.154309411411057162e+01 9.988201660379768532e-01 6.965520200255103517e-07 1.983340312976488562e+01 1.079147367569030687e-02 7.797803059196288522e-02 6.316814117419139452e-02
1.160515242529796076e+01 9.987877626385638363e-01 7.353540527417403577e-07 1.983699294395545110e+01 1.087888650937082410e-02 7.611020769169045408e-02 6.356281589932849529e-02
1.166721073648542628e+01 9.996186977476685387e-01 7.271418845988591659e-08 1.987104398329374177e+01 1.050926783735680985e-02 7.688250570748966783e-02 6.516679528179442071e-02
1.172926904767285805e+01 1.000368463190504764e+00 6.786589116841625774e-08 1.989465552957801719e+01 1.013386272061915852e-02 7.773400756878064144e-02 6.408423304044737201e-02
1.179132735886027206e+01 1.000454521953483278e+00 1.032638138370907399e-07 1.989188805387664871e+01 9.793668387465162550e-03 7.790498497890384344e-02 6.252284889292082648e-02
1.185338567004771093e+01 1.000573771980203031e+00 1.645442050720452576e-07 1.989312498763572634e+01 1.060551366152144397e-02 7.787371697416292649e-02 6.206784827475722577e-02
1.191544398123514981e+01 1.001564506356318329e+00 1.222565095013910044e-06 1.993624889629956698e+01 1.088794538816045994e-02 7.708944595558335500e-02 6.023134612975904190e-02
1.197750229242255671e+01 1.001667254753540792e+00 1.388326291737939852e-06 1.991815371649106936e+01 1.141491957824606121e-02 7.705793138747128734e-02 6.032887497845126901e-02
1.203956060360999736e+01 1.001553782531389380e+00 1.205871131362357476e-06 1.990341816377432949e+01 8.468631736418607420e-03 7.897487825190978306e-02 6.018354822493997974e-02
1.210161891479743623e+01 1.002100736734310882e+00 2.203462023986444557e-06 1.993019682180729291e+01 9.085278070084704116e-03 7.970051133769855134e-02 5.996198507596082333e-02
1.216367722598484669e+01 1.002103524692448122e+00 2.209310382399014283e-06 1.992042994194844141e+01 7.648518212236626694e-03 7.962963242126909480e-02 5.658524885270525134e-02
1.222573553717228201e+01 1.003359387101995015e+00 5.630135171828115626e-06 1.994869769121395109e+01 8.446784764164201251e-03 7.866199761557095271e-02 5.884383099260660083e-02
1.228779384835975108e+01 1.003630666346588374e+00 6.574959542894436015e-06 1.994997268642967114e+01 8.131516876422719212e-03 8.060202075436062596e-02 5.960110780564922828e-02
1.234985215954712956e+01 1.003863773122380065e+00 7.445199824132522209e-06 1.995305916017452219e+01 6.748285841787152704e-03 8.063418283829049127e-02 5.825383282699440890e-02
