0.000000000000000000e+00 1.099086746828539685e+00 4.607142012016826604e-03 2.443207986543068921e-01 1.841297319182941261e-02 3.708598921223624223e-02 1.155352367445634382e-01
7.481741578268225057e-02 1.051189505183081074e+00 1.267120138551271202e-03 3.636415543816685636e-01 2.007237105152158765e-02 2.018987697074801566e-02 8.989324511183291455e-02
1.493367542116472713e-01 1.010906546166826958e+00 5.904742694604059317e-05 4.867787453666362341e-01 2.033736501164700242e-02 1.366606773513721895e-02 8.310835277569739166e-02
2.238560926406122642e-01 9.773903729243103022e-01 2.595167973233440672e-04 6.124100267157702726e-01 2.071290731587834000e-02 1.639610062172297197e-02 7.984454544975698453e-02
2.983754310695780898e-01 9.506293165967202308e-01 1.260391776955617493e-03 7.428096570805418075e-01 2.284922974107761115e-02 3.013042575041620028e-02 8.361359292251066555e-02
3.728947694985422223e-01 9.278299605000457362e-01 2.736755704834600844e-03 8.767183669708314975e-01 2.304220289062216404e-02 3.597562423800904075e-02 8.032244980126082567e-02
4.474141079275084087e-01 9.094930210157272654e-01 4.360975498784946947e-03 1.012263709409792156e+00 2.190670403487566045e-02 4.272308371108699682e-02 7.570017247970195484e-02
5.219334463564818671e-01 8.945169642613081118e-01 5.988375397582568205e-03 1.151180870525826849e+00 2.019615710017955493e-02 5.289563270352383439e-02 6.931393423288170763e-02
5.961547074317418149e-01 8.824191625460331423e-01 7.507257430711733459e-03 1.295787596656295504e+00 1.957374343199531908e-02 6.370211788871066316e-02 7.043745924189787067e-02
6.706740458607213240e-01 8.738486900230898469e-01 8.696731880677377458e-03 1.444759574619515430e+00 1.936902272353879101e-02 7.395843060649234801e-02 7.016146467616567184e-02
7.451933842896992788e-01 8.654110354226280943e-01 9.961734878057626474e-03 1.588735407772499997e+00 1.838140068614150038e-02 8.177092637041198653e-02 6.852988736633752742e-02
8.197127227186778997e-01 8.599763753652543974e-01 1.082673598267741566e-02 1.737841763025245623e+00 1.620282953388426858e-02 8.674922284460206967e-02 6.555160948702447310e-02
8.942320611476552994e-01 8.549381673886082833e-01 1.166429889285178212e-02 1.880785720976734909e+00 1.491177379449496257e-02 9.191186651785972217e-02 6.526407109617651803e-02
9.687513995766304786e-01 8.517199728019543281e-01 1.221744939897731475e-02 2.025263548069074382e+00 1.335000312101103891e-02 9.424359299895826436e-02 6.056196445512701532e-02
1.043270738005583675e+00 8.513912291592042880e-01 1.227475646912770668e-02 2.176091628034925840e+00 1.258199827187991317e-02 1.038687124470153988e-01 6.344626913223944120e-02
1.117790076434530766e+00 8.510773098862517427e-01 1.232961849146571587e-02 2.321045591753552628e+00 1.104398362344621853e-02 1.074891581817083580e-01 6.257396344724966419e-02
1.192309414863483186e+00 8.514657117002001341e-01 1.226175950523250568e-02 2.462398527948681526e+00 1.088029244544914259e-02 1.091413777981362077e-01 6.142756135280710850e-02
1.266828753292434273e+00 8.525558536671733467e-01 1.207240813966553583e-02 2.602986722876160730e+00 1.012907645898064417e-02 1.160961446796235502e-01 6.047720641562767674e-02
1.341646169075105366e+00 8.523875366155925226e-01 1.210153700105395802e-02 2.731164102924499293e+00 9.621811904582500130e-03 1.176354773295912592e-01 5.677445295799257025e-02
1.416165507504059118e+00 8.544384669478024552e-01 1.174925656074179980e-02 2.869450862650750000e+00 1.028771842684324429e-02 1.216638767890333983e-01 5.485606028234193965e-02
1.490684845933004432e+00 8.578907313923812561e-01 1.116927168613068844e-02 3.001746453310611074e+00 1.020438451807275347e-02 1.231317506130343992e-01 5.401455150025014779e-02
1.565204184361960182e+00 8.613108732989286365e-01 1.061065227800159216e-02 3.129660981794843533e+00 1.074546893710400311e-02 1.281352772942528639e-01 4.982017152992757048e-02
1.639723522790909715e+00 8.638414957951867645e-01 1.020747674375679925e-02 3.243623752998695764e+00 1.108713251352123376e-02 1.290777244212227559e-01 4.856788551634252937e-02
1.714242861219865244e+00 8.662739448855655278e-01 9.828031742083881417e-03 3.354121757679267457e+00 1.193674932388720522e-02 1.364672126957013343e-01 4.506090433404669887e-02
1.788762199648814333e+00 8.702817461067716698e-01 9.220019767371412378e-03 3.464067045774726683e+00 1.130400645854564082e-02 1.410302715303163035e-01 4.460896164967257521e-02
1.863281538077772082e+00 8.744445501744927407e-01 8.610944170297701872e-03 3.573705887176816365e+00 1.124587084646420584e-02 1.458485531238601085e-01 4.305304125714421587e-02
1.937800876506745373e+00 8.787597262954864874e-01 8.003493883434548151e-03 3.676390811059718100e+00 1.243749518413185713e-02 1.478679585016497156e-01 4.177909286098586972e-02
2.012320214935742868e+00 8.830930593291879127e-01 7.417753306715776929e-03 3.775339466890668572e+00 1.364877292383810323e-02 1.487193379502956825e-01 4.022146840530764489e-02
2.086839553364753908e+00 8.869286483841521962e-01 6.919389798330316532e-03 3.868501137811413582e+00 1.459717157818964800e-02 1.517508231819572617e-01 4.141065214359173491e-02
2.161060814440035394e+00 8.897751693231135128e-01 6.561636230627901356e-03 3.949825366777838909e+00 1.623032100376253437e-02 1.545036545667371752e-01 4.219329753606419070e-02
2.235580152869047321e+00 8.929235241285774505e-01 6.177865175176891488e-03 4.026610413984234249e+00 1.884426485733510515e-02 1.566092351937896643e-01 4.231104771620924909e-02
2.310099491298048591e+00 8.965767078657057576e-01 5.748133753365594623e-03 4.107277972518853737e+00 1.894629713940126220e-02 1.556245868740369076e-01 4.271173419605840682e-02
2.384618829727048528e+00 9.019026390761106793e-01 5.151342761461022435e-03 4.184968071764922470e+00 2.005553399458280539e-02 1.577633180547395042e-01 4.196232202249473159e-02
2.459138168156061344e+00 9.066111240411874883e-01 4.652794526567166633e-03 4.260179678877107357e+00 2.116408967194015334e-02 1.605737114913569630e-01 4.179884982218060735e-02
2.533657506585059060e+00 9.101418160867690288e-01 4.296665846498196051e-03 4.323455188659202086e+00 2.095536284690437470e-02 1.636139882781363630e-01 4.037878170292082125e-02
2.608176845014070544e+00 9.148117306428162898e-01 3.848724381000562245e-03 4.389828711389461624e+00 2.094611992069783657e-02 1.683473715703197315e-01 3.978461008016405398e-02
2.682696183443071813e+00 9.189435411351861704e-01 3.474134757461097567e-03 4.438353181492257882e+00 2.155894788272004828e-02 1.723736106061702911e-01 3.802065331015556937e-02
2.757215521872074415e+00 9.220441764386334560e-01 3.206319304156324268e-03 4.484930772079216865e+00 2.264727256834635910e-02 1.722753771609444873e-01 4.013249681935185387e-02
2.831734860301081014e+00 9.263194150329447929e-01 2.855578206918715778e-03 4.540629481689022029e+00 2.402581578699264017e-02 1.788881409220773600e-01 4.056382424316651997e-02
2.906254198730084060e+00 9.299947814002043067e-01 2.571085648413462543e-03 4.579993331493573905e+00 2.634516791816765569e-02 1.773418132502687095e-01 4.184554839921007796e-02
2.980773537159096431e+00 9.327798208793934842e-01 2.365917347287582739e-03 4.617083166582103715e+00 2.595610149425444518e-02 1.792094245130146646e-01 4.078093309838193292e-02
3.055292875588100365e+00 9.359483951900744447e-01 2.143332558455682268e-03 4.649339626287009253e+00 2.741872732005988869e-02 1.766524281375944083e-01 4.063156786403274157e-02
3.129812214017093641e+00 9.389390688437084798e-01 1.943760133312599780e-03 4.688257205330454092e+00 2.837565130704130731e-02 1.771530562065405101e-01 4.018079186887588139e-02
3.204331552446108677e+00 9.415085910650276002e-01 1.780397121671134508e-03 4.714275485652255959e+00 2.992164644463921053e-02 1.764579887093995492e-01 3.847081679402458709e-02
3.278850890875113944e+00 9.435690084965691060e-01 1.654784383913351919e-03 4.745490694942978038e+00 3.291458884556363457e-02 1.793489873289804137e-01 3.621300565413913819e-02
3.353370229304112549e+00 9.469217931212513539e-01 1.460566148817975252e-03 4.777939950923647316e+00 3.188502133134605426e-02 1.785777753801674750e-01 4.068150801090855695e-02
3.427889567733118259e+00 9.504870876372997213e-01 1.267789594063997716e-03 4.809034315909553214e+00 3.264463002984767381e-02 1.826296257400678025e-01 3.899087114885830402e-02
3.502408906162133295e+00 9.541616442096302331e-01 1.083827721666458244e-03 4.837908874232620171e+00 3.153041891259710655e-02 1.849933406958998439e-01 3.918607211800011203e-02
3.576928244591123907e+00 9.571714702054394674e-01 9.441990661674254381e-04 4.871435480173522237e+00 3.116942766201144521e-02 1.896350304094995831e-01 3.637621157553963536e-02
3.651447583020130061e+00 9.603905172046931504e-01 8.058056861739021359e-04 4.896916898005001961e+00 3.158853422064085426e-02 1.912868105406094477e-01 3.280942099474571522e-02
3.725966921449143765e+00 9.634986089837783707e-01 6.828438242351200782e-04 4.925086092836982843e+00 3.264199930113439313e-02 1.910857834774677133e-01 3.457832689755099831e-02
3.800486259878150808e+00 9.664269248808436963e-01 5.765160597341958959e-04 4.938094755188886076e+00 3.612279686339317508e-02 1.921981381457195381e-01 3.183161205695617807e-02
3.875005598307067700e+00 9.677539374241764802e-01 5.313583190892159913e-04 4.943584054662893301e+00 3.689575936803699691e-02 1.946071318929125382e-01 3.176509711304665445e-02
3.949524936735954839e+00 9.695539153269339128e-01 4.731096956434692469e-04 4.964669506393795118e+00 3.362010264511186564e-02 1.956695819877168896e-01 3.104480542218004263e-02
4.024044275164854412e+00 9.719774582897742210e-01 4.001241402920505119e-04 4.971358977845293126e+00 3.545634345069482302e-02 2.009847703845346056e-01 3.129602775498908224e-02
4.098563613593762867e+00 9.747278889039875382e-01 3.248241442681473745e-04 4.986217755560835130e+00 3.616539221742442328e-02 2.007944555413676557e-01 3.083730426733423749e-02
4.173082952022664216e+00 9.759161856591052064e-01 2.947572649261431810e-04 4.985416574463463313e+00 3.600483721222032946e-02 2.003616325043878210e-01 3.038122858708124097e-02
4.247602290451549578e+00 9.781565232810494059e-01 2.421007794327981189e-04 4.992078484366913926e+00 3.383151149254994688e-02 2.015010648571472218e-01 2.977257199397314105e-02
4.322121628880450039e+00 9.798166528119214291e-01 2.064666001920095750e-04 5.004637206901817237e+00 3.551338446642608726e-02 2.042926680021789343e-01 3.123361317750377938e-02
4.396640967309358494e+00 9.806070104218614913e-01 1.905110977340578049e-04 5.006200871881913983e+00 3.440858025051051622e-02 2.081504520573998207e-01 3.427716513647452445e-02
4.471160305738260732e+00 9.825806104200336399e-01 1.535027953202781903e-04 5.017078749230946322e+00 3.387908051744485671e-02 2.092306254611875360e-01 3.377077720114628201e-02
4.545679644167144318e+00 9.852364175189812778e-01 1.100663429222017292e-04 5.029564598124488306e+00 3.413167712968517842e-02 2.129268625081877642e-01 3.592152169029869807e-02
4.620198982596045667e+00 9.860642696127116524e-01 9.801395348460299750e-05 5.027322227984603487e+00 3.317868778922005574e-02 2.140234948867706655e-01 3.528085011175467745e-02
4.694718321024954122e+00 9.858720850033857452e-01 1.007490326004716052e-04 5.020002216933315609e+00 3.470582186282864662e-02 2.165534957326288590e-01 3.198150683090601049e-02
4.769535736807577031e+00 9.879485608449383172e-01 7.320735670780093018e-05 5.023885431209582642e+00 3.647699470900225838e-02 2.188859256567698974e-01 2.877356783001024793e-02
4.844055075236458840e+00 9.890940856472744125e-01 5.990543109206901418e-05 5.031750920485724698e+00 3.819826857437164103e-02 2.157447740231727140e-01 3.127935386100538784e-02
4.918574413665361078e+00 9.900936132700439707e-01 4.939473532220191310e-05 5.041113580070147648e+00 3.629657461877045660e-02 2.168347713430435197e-01 3.081343413876615894e-02
4.993093752094268645e+00 9.909457345804938422e-01 4.123897562971663711e-05 5.045781111662992480e+00 3.614212016784692366e-02 2.134800583122589135e-01 2.906336829121083237e-02
5.067613090523172659e+00 9.911807664792458006e-01 3.911961311976221156e-05 5.037441504879431875e+00 3.712620967471044753e-02 2.123537859962533747e-01 3.013563097113021103e-02
5.142132428952054468e+00 9.910489599201864896e-01 4.030123146306525961e-05 5.025158620085144356e+00 3.871790185945844093e-02 2.139766323926839409e-01 3.007624352231522136e-02
5.216651767380960258e+00 9.915399968905771466e-01 3.598894779445992176e-05 5.022940912989198203e+00 3.808648889980542629e-02 2.164370174265076163e-01 3.209618502848596289e-02
5.291171105809865161e+00 9.921182269293298273e-01 3.122535570213719192e-05 5.022751666467350162e+00 3.730387426005030149e-02 2.215972036819721935e-01 3.683133967092327987e-02
5.365690444238764734e+00 9.926559918985931041e-01 2.709999071854544278e-05 5.021144280512527480e+00 3.828053917761534142e-02 2.199317338134703925e-01 4.029768389984271504e-02
5.440209782667654537e+00 9.929784070410606622e-01 2.476738962036741099e-05 5.029044990119479586e+00 3.958012040624553363e-02 2.237945600471505925e-01 3.567837805511679672e-02
5.514729121096552333e+00 9.935028672424611740e-01 2.119823542044794312e-05 5.027672567661312542e+00 4.044151522805183169e-02 2.205597887269645785e-01 3.772213669979240791e-02
5.589248459525453683e+00 9.945513310911289206e-01 1.489813776291495917e-05 5.038399888643970925e+00 3.767048533418714679e-02 2.226727290747688992e-01 3.524921883687899549e-02
5.663767797954364802e+00 9.946474354970086251e-01 1.437629636285003148e-05 5.044599469762167665e+00 4.042016502957160307e-02 2.293358498782605281e-01 3.650336486482991250e-02
5.738287136383244835e+00 9.949540476397632505e-01 1.277380640773637110e-05 5.036184698233272528e+00 3.957897255602835923e-02 2.271398134530240032e-01 3.639141584214775765e-02
5.812806474812155066e+00 9.955524919825011754e-01 9.919586335999444615e-06 5.044366091482554992e+00 4.194941587152174051e-02 2.244609374162599980e-01 3.833915150971063668e-02
5.887325813241057304e+00 9.966909093541022058e-01 5.487148777121898802e-06 5.041320731850190029e+00 4.082494349726271260e-02 2.246367858229165737e-01 3.587130752275153461e-02
5.961845151669951548e+00 9.966512750462465098e-01 5.619528418527360708e-06 5.028209718723282151e+00 4.276973273613163956e-02 2.250325434487617515e-01 3.421868162842338357e-02
6.036364490098849345e+00 9.973839529456531849e-01 3.427830644554298589e-06 5.030830152608039008e+00 4.190202324704800363e-02 2.274852316652946904e-01 3.309454739729746076e-02
6.110883828527743589e+00 9.966982463139870685e-01 5.462816599134147355e-06 5.022628438909581661e+00 3.915662285374847673e-02 2.275965546550704766e-01 3.217048632480546538e-02
6.185403166956640497e+00 9.968185147241535038e-01 5.071684129251668310e-06 5.014811377115282021e+00 4.064368965360323771e-02 2.295077751228814800e-01 3.177079748134569587e-02
6.259922505385556057e+00 9.973976579964062283e-01 3.391977954251158139e-06 5.011169940965935155e+00 4.037882973712959150e-02 2.306991837124821032e-01 3.297088512888358275e-02
6.334441843814434314e+00 9.978543148784125849e-01 2.305280514879309156e-06 5.015163634113201319e+00 4.108949674215917752e-02 2.317372994026782596e-01 3.425897844763907407e-02
6.408961182243350763e+00 9.977791392558081895e-01 2.469768574812469114e-06 5.012629185644703611e+00 4.222304656575157772e-02 2.360287187024560362e-01 3.330206315901840936e-02
6.483480520672247671e+00 9.976283600171493848e-01 2.816792597404912252e-06 5.010108479658139657e+00 4.256930297897772858e-02 2.360619426846167490e-01 3.429122265171491435e-02
6.557999859101139251e+00 9.966008694374426380e-01 5.790169041115615645e-06 4.998624102142588121e+00 4.188611890469159937e-02 2.330315794598084300e-01 3.515585774637392663e-02
6.632519197530044153e+00 9.960678035695775812e-01 7.751411103629722577e-06 4.991141523776784439e+00 3.980687152433868420e-02 2.340322920226375891e-01 3.393339067149120369e-02
6.707038535958934844e+00 9.970990198435081275e-01 4.215998593882185064e-06 5.001600496857225409e+00 3.981962503505506040e-02 2.283442770119016585e-01 3.396797133085786846e-02
6.781557874387829088e+00 9.968823221020680636e-01 4.870082604427772993e-06 4.995814675689465467e+00 4.061262615036725920e-02 2.247194767757439426e-01 3.433059424400219245e-02
6.856077212816748201e+00 9.969539491852387192e-01 4.648655209847640801e-06 4.994105733156974480e+00 4.049529078128265985e-02 2.200125704840124596e-01 3.415530612678090161e-02
6.930596551245624681e+00 9.962946257552210971e-01 6.881904427567808735e-06 4.988971403942850991e+00 4.070413664631510747e-02 2.206544361932949727e-01 3.361697290780243930e-02
7.005115889674546459e+00 9.963347974159610931e-01 6.733312662703539592e-06 4.987751928494944309e+00 3.998332764659711519e-02 2.195821465914497561e-01 3.317312569874292238e-02
7.079635228103438926e+00 9.977181789373020804e-01 2.607320729107291679e-06 4.992717547073361573e+00 4.123941490345826161e-02 2.212121222610986537e-01 3.439806707292156207e-02
7.154154566532327841e+00 9.983184330929362194e-01 1.415420603648968184e-06 4.993275175115762465e+00 4.024979106872107748e-02 2.210964182935651889e-01 3.678963492391090773e-02
7.228673904961237184e+00 9.994296355918479424e-01 1.627196549848584223e-07 4.999281122107314346e+00 4.065041301736302404e-02 2.168925216411942414e-01 3.660841303522038848e-02
7.303193243390126099e+00 9.992343205575873188e-01 2.932822206010068239e-07 4.989247099944985386e+00 4.225539445145683193e-02 2.187151830041810241e-01 3.655562451192143070e-02
7.377712581819016791e+00 9.986041623279586776e-01 9.750888861699731625e-07 4.992155444042301937e+00 4.197561275035806283e-02 2.148141650181408790e-01 3.458042443432475521e-02
7.452231920247941233e+00 9.980802032806364021e-01 1.845171669716955121e-06 4.986371447824562431e+00 4.132163057868983719e-02 2.192651149226612639e-01 3.452507154344358620e-02
7.526751258676815937e+00 9.985496125083586083e-01 1.052830068800671148e-06 4.996398676003025230e+00 4.414856858547312052e-02 2.142183147219272887e-01 3.396171649114677199e-02
7.601270597105740379e+00 9.973222291172449960e-01 3.591641611960447178e-06 4.989511574642130576e+00 4.386183401978648727e-02 2.150855067922760322e-01 3.635594385147793151e-02
7.675789935534631070e+00 9.970392927931953642e-01 4.391563813991011117e-06 4.992472941337455339e+00 4.157325767347939960e-02 2.221720042729199429e-01 3.664260760272152612e-02
7.750309273963516432e+00 9.968005965766885135e-01 5.129033953491044656e-06 4.983355587126284014e+00 4.223258400193134754e-02 2.215562101387293370e-01 3.400006182143339162e-02
7.824828612392431104e+00 9.971940468200594099e-01 3.944066261948268176e-06 4.987411805820562094e+00 4.324093597357053093e-02 2.196717991111982460e-01 2.952126220911713977e-02
7.899347950821318243e+00 9.972303646098868990e-01 3.842536687440577248e-06 4.988542106287742861e+00 4.352225454868476062e-02 2.223101428254344036e-01 2.961738067363052507e-02
7.973867289250206269e+00 9.968367028382399964e-01 5.013800686406392343e-06 4.984661436697028769e+00 4.411670638144492979e-02 2.206484836807165451e-01 3.085401805477908446e-02
8.048386627679134264e+00 9.974338288100346173e-01 3.298261098153183746e-06 4.983772270004625859e+00 4.580531489545544566e-02 2.233805170114520899e-01 3.228787095333649632e-02
8.122905966108005416e+00 9.968386070557735401e-01 5.007759790110182657e-06 4.978981603379693865e+00 4.466883061795135640e-02 2.187883457194308712e-01 3.048008255688528997e-02
8.197425304536933410e+00 9.970460275125192506e-01 4.371587884537467272e-06 4.980360799437361763e+00 4.542787894492815448e-02 2.193540230455204576e-01 3.067416057358835976e-02
8.271944642965822325e+00 9.972354463349719644e-01 3.828436055975607127e-06 4.988074580348777154e+00 4.247956680619768832e-02 2.208604467799241133e-01 2.898654159649216230e-02
8.346463981394705911e+00 9.985396321276646114e-01 1.067376462700634840e-06 5.006502569215330212e+00 4.088877404251755471e-02 2.230950120089195410e-01 3.260495261776781561e-02
8.420983319823623248e+00 9.995735638423819402e-01 9.094975535721286711e-08 5.007909032556079332e+00 3.985530135580380579e-02 2.213322222863447764e-01 3.222740870404502966e-02
8.495502658252508610e+00 1.000316442045700249e+00 5.005722428160245749e-08 5.011494359468225746e+00 3.954114109404215094e-02 2.258826394776307089e-01 3.176874486489095206e-02
8.570021996681393972e+00 1.000656488709764202e+00 2.153944488301768462e-07 5.016072361735858465e+00 3.682970186946566554e-02 2.265102429894427505e-01 3.049676825380430098e-02
8.644541335110325520e+00 1.001154848241870621e+00 6.663242779348776262e-07 5.020527304893236398e+00 3.481897817802897394e-02 2.258058866960886424e-01 3.041330564620263466e-02
8.719060673539196671e+00 1.002292750887089356e+00 2.624342771122365608e-06 5.023617724746516799e+00 3.710777366336597688e-02 2.248473387445379112e-01 3.077087910483111699e-02
8.793580011968128218e+00 1.002979244202371722e+00 4.429153169989517164e-06 5.022954921530837780e+00 4.000551597783706670e-02 2.225210748884700607e-01 3.109402806779613948e-02
8.868099350397013581e+00 1.002268443797027508e+00 2.569034223851192345e-06 5.017467999777166732e+00 3.993180438599769344e-02 2.265980645974637331e-01 2.993299003855841647e-02
8.942618688825895390e+00 1.000933871312564616e+00 4.357865229645064079e-07 5.001735907218283650e+00 4.020383056781396541e-02 2.259794459218731899e-01 2.928214653342025436e-02
9.017138027254816279e+00 1.002085295286912592e+00 2.171210330970119173e-06 5.013405066005207189e+00 4.021378631673176024e-02 2.304292036695635426e-01 3.225974548087415239e-02
9.091657365683699865e+00 1.001695428946751010e+00 1.435617227788996142e-06 5.004609872196279063e+00 4.299030883426072092e-02 2.348518101292290383e-01 3.389058046625557236e-02
9.166176704112583451e+00 1.001687970862970234e+00 1.423021696060925920e-06 5.006927179562638663e+00 4.112826974744388658e-02 2.306423374035854457e-01 3.339155117622587959e-02
9.240696042541516775e+00 1.001079093310720536e+00 5.818026779847752794e-07 5.001263870942106671e+00 4.292905166758129859e-02 2.317549898943601916e-01 3.615809378270133656e-02
9.315215380970387926e+00 1.000196605059212152e+00 1.932424186626749939e-08 4.996268437740553736e+00 4.282104824733583975e-02 2.314928289816639007e-01 3.634520284048190636e-02
9.389734719399319474e+00 1.000227858766284061e+00 2.595586591337228737e-08 5.005600574324125418e+00 4.208665450878440462e-02 2.294753443367200663e-01 3.670905608420518829e-02
9.464254057828204836e+00 1.000865457797107672e+00 3.742926585220164581e-07 5.012621969607439887e+00 4.058121962729269172e-02 2.293779926317693341e-01 3.770511605474120842e-02
9.538773396257086645e+00 1.000038221780058301e+00 7.304336231591908660e-10 5.005045134498409709e+00 3.988795637081914841e-02 2.198820117812794461e-01 3.862457345860104141e-02
9.613292734686009311e+00 9.991132785226040092e-01 3.933700462079850121e-07 5.003020980540831886e+00 3.807224008546838262e-02 2.181196888487375585e-01 3.649155846866651565e-02
9.687812073114891120e+00 1.000345491495122197e+00 5.966844370328258304e-08 5.010137374526414611e+00 3.924488686241253688e-02 2.193241460632475992e-01 3.742654789114451680e-02
9.762331411543772930e+00 1.001572758306123578e+00 1.235489097219794052e-06 5.013302861489877138e+00 3.879116820701423302e-02 2.229200694853980813e-01 3.990491627285848442e-02
9.836850749972708030e+00 1.003177261493144234e+00 5.036829235565559726e-06 5.022901871078429004e+00 4.048276936935419484e-02 2.211697958135447062e-01 3.743422055129472931e-02
9.911370088401579181e+00 1.003185247771259059e+00 5.062155051899826924e-06 5.024480399035379463e+00 4.089359500717598683e-02 2.153462148329348957e-01 3.934459349785988935e-02
9.985889426830514282e+00 1.002987463507212684e+00 4.453601327220405026e-06 5.023956361988709318e+00 4.086513226550425593e-02 2.109903984235524943e-01 3.847252171480176203e-02
1.006040876525939254e+01 1.003554304712389600e+00 6.301613505551705713e-06 5.024931199844287377e+00 4.192915329562359184e-02 2.113873573920302118e-01 4.056287746644463010e-02
1.013492810368827790e+01 1.002655673363943123e+00 3.520069781525522051e-06 5.010728148214209199e+00 4.371616452039654016e-02 2.087665526968183749e-01 3.960375953801539839e-02
1.020944744211720057e+01 1.004172642961145279e+00 8.681333615461611641e-06 5.018842014024744280e+00 4.354924414487005430e-02 2.090042312858751694e-01 3.837881536084831319e-02
1.028396678054608770e+01 1.003927900323817735e+00 7.694059392392843533e-06 5.015677987289564932e+00 4.335230389721260458e-02 2.091450919427787214e-01 3.703112915313606923e-02
1.035848611897496241e+01 1.003878450526508592e+00 7.501798596368756955e-06 5.011256282085661873e+00 4.395863452919315795e-02 2.141487604390866217e-01 3.546223771100054378e-02
1.043300545740389929e+01 1.003651885381755315e+00 6.651943582592582255e-06 5.010905461694734164e+00 4.282321542705882361e-02 2.128071737638399241e-01 3.321105172295318181e-02
1.050752479583277754e+01 1.002901009048823289e+00 4.199806260609794534e-06 5.012306782558489715e+00 4.205002286343287321e-02 2.114618519073833691e-01 3.171487758360899689e-02
1.058204413426169843e+01 1.002420396555496973e+00 2.924441820892440674e-06 5.008015290737577452e+00 4.129701132908332462e-02 2.130787350584977258e-01 3.241714611927100365e-02
1.065656347269058735e+01 1.002462298051448375e+00 3.026488786859234809e-06 5.015672187162232731e+00 4.168477089208440928e-02 2.192928001785444669e-01 3.254599972648103412e-02
1.073108281111947626e+01 1.002771844362499998e+00 3.834476504533182450e-06 5.009867583599384666e+00 4.301318574939732436e-02 2.222602713720039924e-01 3.126151800098096734e-02
1.080560214954838294e+01 1.002487143910361533e+00 3.087823567459596630e-06 5.003056459771674902e+00 4.393881922720194178e-02 2.245627238137177795e-01 3.116108566509884562e-02
1.088012148797727363e+01 1.003350358083332283e+00 5.599945247986883035e-06 5.006915454094249540e+00 4.353025094605623285e-02 2.197025819659199908e-01 3.231721916972449954e-02
1.095464082640616432e+01 1.003492804131342897e+00 6.085673755965373410e-06 5.004579577488823539e+00 4.359618614915603679e-02 2.177565751512862968e-01 3.688691504135677146e-02
1.102916016483507633e+01 1.003768714587424338e+00 7.083812487491524673e-06 5.010150691037748238e+00 4.147837103374028139e-02 2.188368022854035311e-01 3.555854963587386924e-02
1.110367950326396169e+01 1.002846042992274311e+00 4.042312443211602130e-06 4.998330565830547911e+00 4.008794568879014975e-02 2.216504433210505220e-01 3.526326335488236263e-02
1.117819884169289857e+01 1.002571365577320961e+00 3.300304151093984978e-06 4.990814976730935548e+00 4.106300409648275945e-02 2.172665311638817820e-01 3.697196781455412001e-02
1.125271818012176439e+01 1.001570308235529172e+00 1.231644771252206685e-06 4.984818778214902046e+00 4.174807671652277369e-02 2.159682605507719788e-01 3.657002175004357702e-02
1.132723751855065863e+01 1.002066219198407770e+00 2.131695026849709379e-06 4.989244604621210222e+00 4.101503049509443860e-02 2.121276747365822279e-01 3.483418746197855520e-02
1.140175685697958485e+01 1.002250832043256379e+00 2.529327759874609033e-06 4.987920263859741077e+00 4.150962428237073981e-02 2.115260994707744147e-01 3.556391748483249404e-02
1.147627619540848087e+01 1.003579192430878786e+00 6.390066249948884308e-06 5.002680365671483109e+00 4.060284149108598500e-02 2.115877679292780256e-01 3.519097497768579330e-02
1.155079553383734314e+01 1.004253371749066037e+00 9.020017670847632618e-06 5.003110340954365576e+00 3.933254170508376779e-02 2.139527051969586924e-01 3.410647605919184255e-02
1.162531487226628180e+01 1.005674379314676514e+00 1.603864599959963638e-05 5.015355211345506881e+00 3.863888399016315173e-02 2.190195619870469457e-01 3.736264657941914397e-02
1.169983421069516893e+01 1.006635380302628890e+00 2.191723650165917220e-05 5.021167073297490013e+00 3.970491369984850000e-02 2.183705838334960569e-01 3.677840913232371250e-02
1.177435354912407206e+01 1.004629835121912507e+00 1.068472032504565877e-05 5.007936344604630996e+00 4.139393272122465078e-02 2.205204225245649963e-01 3.510591013399050331e-02
1.184887288755296986e+01 1.004430428375889806e+00 9.785455934913089848e-06 5.011942725273504706e+00 4.078977516404031639e-02 2.204616058778693377e-01 3.800323082676551611e-02
1.192339222598186765e+01 1.003981917105492450e+00 7.906849255460458858e-06 5.004724619640732008e+00 3.898351366976911259e-02 2.239068236181985805e-01 3.580721501478398988e-02
1.199791156441075834e+01 1.004157821620427660e+00 8.619855359995147459e-06 5.010317518824863647e+00 4.057830363940231194e-02 2.251978729612095498e-01 3.399927738052146986e-02
1.207243090283965614e+01 1.003571594595484839e+00 6.362997779038852969e-06 5.008307483365117108e+00 3.950577819584316641e-02 2.270796706387571695e-01 3.174388547936607408e-02
1.214695024126855394e+01 1.005430046926775844e+00 1.468955216828334021e-05 5.019757403780881866e+00 3.978276182625592461e-02 2.259142034453465731e-01 3.302962714113880094e-02
1.222146957969744996e+01 1.005448095072563053e+00 1.478718627530729163e-05 5.015235367285082013e+00 4.226844426230538104e-02 2.247605698148219810e-01 3.473904857284212944e-02
1.229598891812634243e+01 1.004247640957385723e+00 8.995762003285480424e-06 5.000946874287483190e+00 4.402634862117801862e-02 2.259085730618008714e-01 3.480052677129639310e-02
1.237050825655528286e+01 1.004045495942324617e+00 8.161015876167153349e-06 4.999538027421312592e+00 4.352887896520547806e-02 2.222184056130032948e-01 3.617255897712177287e-02
1.244502759498413802e+01 1.004521967931819360e+00 1.019337911781909023e-05 5.008127441430421989e+00 4.099266768526048377e-02 2.218532837113013911e-01 3.631756818372412071e-02
1.251954693341303759e+01 1.003963121668707048e+00 7.832479454466731439e-06 5.002951079051196182e+00 4.164017142598199633e-02 2.245623802270470259e-01 3.886460899494265098e-02
1.259406627184197092e+01 1.003511836985756300e+00 6.152100265763727621e-06 5.001518123391820225e+00 4.259297951959759021e-02 2.266206862113769316e-01 3.667557906519362809e-02
1.266858561027087049e+01 1.003785826485452670e+00 7.148205525397272053e-06 4.997895609416894480e+00 4.159219136403592698e-02 2.285445682469043061e-01 3.640316016695655660e-02
1.274310494869972388e+01 1.003743954941488159e+00 6.991155022418541615e-06 4.996632894554981164e+00 4.059573122094024128e-02 2.303535300768244087e-01 3.703440845286530558e-02
1.281762428712866431e+01 1.003593608407028492e+00 6.441582953078429929e-06 5.000024123234252826e+00 4.126057509076289792e-02 2.320702699270174862e-01 3.713014255205570463e-02
1.289214362555755855e+01 1.002562399405948712e+00 3.277347968663746336e-06 4.990680559104538894e+00 4.138025952606186331e-02 2.316871274577763373e-01 3.658526163369632545e-02
1.296666296398644924e+01 1.002910642621068327e+00 4.227718635149094878e-06 4.996155013365601860e+00 4.128937135967603034e-02 2.320413952298631399e-01 3.304122253211825427e-02
1.304118230241535237e+01 1.003656783295954646e+00 6.669777029253819850e-06 5.005798992849068263e+00 4.189258466060659380e-02 2.344397087066524554e-01 3.179086890815514821e-02
1.311570164084425549e+01 1.002951256400806734e+00 4.346407695816466993e-06 4.991976845577986488e+00 4.342224440049254758e-02 2.261361666071116383e-01 3.369956013138727946e-02
1.319022097927313375e+01 1.001725119250549190e+00 1.486309086209947061e-06 4.987861456770802171e+00 4.247129138627084993e-02 2.226715750617215273e-01 3.478203881847328344e-02
1.326474031770203865e+01 1.001629411952256410e+00 1.326051394505249614e-06 4.996073309355719694e+00 4.059355913646557623e-02 2.241006776638012343e-01 3.713763016370310449e-02
1.333925965613094178e+01 1.000518120239554998e+00 1.341779464456059959e-07 4.995481596878997621e+00 4.007923584296598646e-02 2.235623576538484092e-01 3.529942920376478999e-02
1.341377899455982714e+01 9.994614586573187243e-01 1.450654737298511313e-07 4.983592352293027439e+00 3.944107598085835192e-02 2.193140811450451644e-01 3.567837356265321502e-02
1.348829833298872494e+01 9.992099837003551865e-01 3.122273308031955907e-07 4.980579080601502007e+00 4.226182563924463925e-02 2.171862748538142540e-01 3.600353735981719899e-02
1.356281767141766714e+01 9.995954802237853043e-01 8.184019607040656299e-08 4.982715130281360594e+00 4.149577451598655820e-02 2.173181749189985468e-01 3.611376521293920699e-02
1.363733700984651342e+01 9.992103321988257125e-01 3.119518544739477428e-07 4.980311293802830441e+00 4.204851926687699915e-02 2.156719345533215093e-01 3.691321726544722487e-02
1.371185634827541833e+01 9.999979227513212665e-01 2.157484024367542583e-12 4.991085435124625214e+00 4.130160537758102712e-02 2.203177462076922610e-01 3.577179822033135781e-02
1.378637568670435520e+01 1.000238731508700907e+00 2.849183211478295737e-08 4.985702398758490084e+00 4.130056515308336285e-02 2.262520971530763425e-01 3.494312353929512893e-02
1.386089502513326011e+01 1.000762275285484559e+00 2.903842463109970740e-07 4.977626940335182937e+00 4.200469684578110596e-02 2.288145481879861332e-01 3.546788386157270073e-02
1.393541436356210639e+01 1.000677522119867158e+00 2.294144950397728963e-07 4.981473625598403565e+00 4.253261728483751641e-02 2.289171946961564563e-01 3.347979328736473692e-02
1.400993370199104859e+01 1.000811258808271820e+00 3.288925610280858669e-07 4.989108433601757930e+00 4.087620130148685721e-02 2.275489514031432958e-01 3.257536106573403339e-02
1.408445304041994817e+01 9.998784058010862230e-01 7.393173922186618147e-09 4.978341559390889515e+00 4.118567526399150719e-02 2.282788020857138556e-01 3.243915109574303096e-02
1.415897237884882465e+01 1.000056617974960149e+00 1.602737048763888672e-09 4.979764207836454126e+00 4.142912703656288775e-02 2.279617145522137567e-01 3.345660455715007697e-02
1.423349171727773488e+01 1.000134777442226675e+00 9.081663473488581911e-09 4.983812198830952944e+00 4.102307625864650559e-02 2.295459678752072574e-01 3.421468893889155483e-02
1.430801105570664156e+01 9.994848523303688781e-01 1.327341478452905010e-07 4.970865400574331794e+00 4.143233981008814099e-02 2.237653923629197572e-01 3.349843475532953557e-02
1.438253039413551271e+01 9.995678962297018799e-01 9.338373609812803192e-08 4.979352126664567280e+00 4.174544206863231577e-02 2.268753524473892391e-01 3.372089249981995857e-02
1.445704973256442116e+01 1.000583118013995465e+00 1.699472461319604527e-07 4.987795975444208274e+00 4.164429095707958967e-02 2.304391884204554097e-01 3.239986688019829558e-02
1.453156907099332962e+01 1.001250406611162047e+00 7.811072799510272724e-07 5.001115142537115865e+00 4.031649303031068637e-02 2.289602237654799755e-01 3.167037121371932273e-02
1.460608840942220432e+01 1.000652012021978621e+00 2.124674891804817500e-07 4.997682389521567181e+00 3.902155802657292921e-02 2.270867452450438806e-01 3.197913295228516778e-02
1.468060774785110745e+01 9.992978282618061314e-01 2.466380365566097146e-07 4.992144448563469616e+00 3.724710693736490302e-02 2.311126510162481995e-01 3.057647641127547722e-02
1.475512708628005143e+01 1.000143789594261534e+00 1.033673284440246240e-08 4.993820991768513018e+00 3.936162201529456311e-02 2.324042854673107339e-01 3.408795870348910184e-02
1.482964642470888883e+01 9.989853304645212040e-01 5.151256174415561745e-07 4.985343967253664132e+00 3.965944544726177079e-02 2.309613913180875167e-01 3.527507356991713139e-02
