0.000000000000000000e+00 1.100433921249594160e+00 4.729345366361020764e-03 2.429143684471914699e-01 -1.043106043541239779e-02 2.274409609832016288e-02 1.074312379317392957e-01
8.987795155730551877e-02 1.089256282476966931e+00 3.761128769241950387e-03 3.444522691222875466e-01 -1.183904907340025889e-02 1.187447900150683834e-02 8.735551164529942181e-02
1.793978236263332748e-01 1.078465818590336855e+00 2.926325717614586264e-03 4.440483026957632862e-01 -1.388015441422925031e-02 1.533381857648700823e-02 7.488643161407383675e-02
2.689176956953609476e-01 1.067832206309159648e+00 2.201588311672511566e-03 5.380468340278372619e-01 -1.398383209202037555e-02 1.829928499959292132e-02 6.405192033362190618e-02
3.584375677643897307e-01 1.058323356531605475e+00 1.637439798764107890e-03 6.305433880787209011e-01 -1.638111957870018801e-02 2.863598352234841826e-02 5.602356606963373314e-02
4.479574398334164043e-01 1.048959835409716712e+00 1.160795184520349577e-03 7.205740153346125165e-01 -1.703963854829506491e-02 3.219235389531863861e-02 5.072983629873615424e-02
5.374773119024455204e-01 1.040031839707450612e+00 7.805119194841322883e-04 8.107861650765187944e-01 -2.015587099187493916e-02 3.773118824219963419e-02 4.741457583998445052e-02
6.269971839714834072e-01 1.033581788572253135e+00 5.515540966662749178e-04 8.995700959906018923e-01 -2.046360134357442379e-02 4.894690241038471279e-02 4.470310785582418123e-02
7.161589765522480278e-01 1.026191579040345081e+00 3.371255117002973367e-04 9.835214897541805223e-01 -2.052397148546421246e-02 5.866866892366115471e-02 4.118397387771361579e-02
8.056788486212932421e-01 1.019974015352892893e+00 1.968635254328311712e-04 1.065369197940529311e+00 -2.285761187217819068e-02 6.848534835543099164e-02 3.655701040560618842e-02
8.951987206903364580e-01 1.014186994919271889e+00 9.969361691587047547e-05 1.145760885013425323e+00 -2.317062077774355647e-02 7.386025414209894391e-02 3.434745124192700727e-02
9.847185927593805621e-01 1.008044553529246157e+00 3.218492704970370155e-05 1.223021889577784238e+00 -2.444249602184419418e-02 8.202425508671712384e-02 3.078903950089589489e-02
1.074238464828423112e+00 1.004040520318723262e+00 8.140980393122818071e-06 1.301609345868273815e+00 -2.596562431142951030e-02 9.210639448876507818e-02 3.214941885079461437e-02
1.163758336897463108e+00 9.998246134817153630e-01 1.538201395621355445e-08 1.377883613035660870e+00 -2.698289655234426682e-02 9.842409893237334673e-02 2.786642372861537417e-02
1.253278208966476681e+00 9.965103736222461484e-01 6.102948270849447437e-06 1.450552912257445426e+00 -2.722809951519147842e-02 1.047233436129895029e-01 2.694255770515649115e-02
1.342798081035482927e+00 9.940726570433029430e-01 1.763642321542333719e-05 1.520731388394010120e+00 -2.675846782259286988e-02 1.093355174434520322e-01 2.298844265038297793e-02
1.432317953104495389e+00 9.899100328892570522e-01 5.124874165781875823e-05 1.586132445696747162e+00 -2.585548610618892962e-02 1.125884749056471346e-01 2.157927896506241575e-02
1.521837825173506520e+00 9.875554111438823446e-01 7.808237422581888743e-05 1.652607906025799434e+00 -2.574525847970670148e-02 1.191372245422650938e-01 2.416434623768003165e-02
1.611715776730798577e+00 9.851607639221173773e-01 1.112029461394284380e-04 1.718769823591916213e+00 -2.609050708990308040e-02 1.234360362447366605e-01 2.223526478931794892e-02
1.701235648799812816e+00 9.829116964148778557e-01 1.476899920115626319e-04 1.780402031395610374e+00 -2.472822640866302255e-02 1.273531419274545884e-01 1.884144723947859396e-02
1.790755520868816841e+00 9.819571450976460891e-01 1.647571076841582161e-04 1.842238836371735244e+00 -2.438671167612183402e-02 1.328903180679432972e-01 1.453729163569796728e-02
1.880275392937833523e+00 9.817984534420511888e-01 1.676860285584926002e-04 1.904832269890325946e+00 -2.363336539769377020e-02 1.309396372939395092e-01 1.201087188491264252e-02
1.969795265006842655e+00 9.805313883510085038e-01 1.920096124937813176e-04 1.960147761930018939e+00 -2.337712179533300849e-02 1.405707028340354714e-01 9.670949786188709485e-03
2.059315137075858893e+00 9.801597468245655254e-01 1.994604624341415888e-04 2.012957936333920284e+00 -2.337199596406780780e-02 1.459996597551501962e-01 1.048710795269263557e-02
2.148835009144867580e+00 9.790452322707909882e-01 2.226672659307940561e-04 2.063649495804150913e+00 -2.283760648533334631e-02 1.505836713733545995e-01 1.023882032393331511e-02
2.238354881213886483e+00 9.782411784347735395e-01 2.402140672543885691e-04 2.110102771546857436e+00 -2.273470767216661040e-02 1.543392363101075970e-01 9.268988826092380839e-03
2.327874753282924480e+00 9.785629746371907745e-01 2.331105125723646754e-04 2.160081820868374525e+00 -2.225836295275364363e-02 1.562137848912728277e-01 8.490488870424511142e-03
2.417394625351991344e+00 9.782951647491331393e-01 2.390147832872537015e-04 2.200752462287653088e+00 -2.086680709874494041e-02 1.588520729545651600e-01 7.678860286181417132e-03
2.506914497421074195e+00 9.777327558925276163e-01 2.516579146097652764e-04 2.245635520046747491e+00 -2.037386999817991304e-02 1.614579985610814783e-01 8.171257962765165681e-03
2.596076290001864351e+00 9.767551852938013424e-01 2.744216332716091500e-04 2.283611956120902953e+00 -2.188902095373662302e-02 1.677342367598461947e-01 5.921023546312928140e-03
2.685596162070948534e+00 9.761923488830317464e-01 2.879820959485746013e-04 2.321602413694265010e+00 -2.057251049739526952e-02 1.699646511440135732e-01 4.224588139546014975e-03
2.775116034140020282e+00 9.771106522257263505e-01 2.660284382412329840e-04 2.360884874150267709e+00 -1.993637562108323963e-02 1.719456827487903794e-01 8.888788397094709443e-03
2.864635906209089367e+00 9.775304920652202467e-01 2.562857457428721619e-04 2.397321267174189696e+00 -1.914105315071542440e-02 1.735943542013299590e-01 1.017634187644038922e-02
2.954155778278174882e+00 9.775110292278382795e-01 2.567333165753964141e-04 2.432732107227790319e+00 -1.892824067646749903e-02 1.775096389389242135e-01 8.308121404385596098e-03
3.043675650347242190e+00 9.783394856659682892e-01 2.380324884744579317e-04 2.464209810113059174e+00 -1.755965531244248201e-02 1.801976496200727862e-01 5.888107708433021510e-03
3.133195522416325041e+00 9.775043901817015435e-01 2.568860799260393180e-04 2.489122718937287537e+00 -1.581624709929691647e-02 1.793746552569225050e-01 7.558902271831167974e-03
3.222715394485396789e+00 9.783217022167937094e-01 2.384263806660784357e-04 2.522552195972948663e+00 -1.597722392078067960e-02 1.818845951579912135e-01 6.653100692387286727e-03
3.312235266554469870e+00 9.775936715370451280e-01 2.548355914569859493e-04 2.544398173121780626e+00 -1.436133787100842864e-02 1.785436849712019047e-01 7.538673520570321300e-03
3.401755138623547392e+00 9.787933984932828402e-01 2.280904195505750742e-04 2.577650340972027276e+00 -1.441874573239278548e-02 1.827171137666042944e-01 6.197768894275674546e-03
3.491275010692620917e+00 9.792485715387535539e-01 2.183367059055661696e-04 2.603633883505576563e+00 -1.399680366487068318e-02 1.796161434965455328e-01 5.270685422694879746e-03
3.580794882761705544e+00 9.811438038370237091e-01 1.800449683529853351e-04 2.635192691776781615e+00 -1.357138561858349524e-02 1.845109076353136368e-01 6.329687017224531337e-03
3.670314754830779957e+00 9.805328704244887783e-01 1.919801868238944775e-04 2.651147150614089565e+00 -1.168103253124267230e-02 1.833853935550506520e-01 3.099249033316591340e-03
3.759834626899841936e+00 9.805468741701517388e-01 1.917022637257584372e-04 2.670829677823412851e+00 -1.142522850978397973e-02 1.860471188798244191e-01 2.259234148360229639e-03
3.849354498968929672e+00 9.820573950007581709e-01 1.629202887762255803e-04 2.697305863176222118e+00 -1.125744082121999876e-02 1.849050747816787799e-01 -4.931259726901449065e-05
3.938874371038005417e+00 9.827485459475818752e-01 1.505402039321951380e-04 2.720719236159565568e+00 -1.281819192979782862e-02 1.868207709927564575e-01 1.591564176646893466e-03
4.028394243107073613e+00 9.839971445075618162e-01 1.294283648655691898e-04 2.742064048286163125e+00 -1.237022206029641906e-02 1.871303676133596050e-01 3.829668542081586698e-03
4.117914115176150247e+00 9.845278313120263691e-01 1.209431254501312780e-04 2.760730462080883907e+00 -1.217693429637333596e-02 1.882448015448179024e-01 4.420368167712292011e-03
4.207433987245238427e+00 9.864702593824161703e-01 9.236096665471600631e-05 2.784738843842273326e+00 -1.353778626475699888e-02 1.924734636326280723e-01 4.749074547269678190e-03
4.296953859314296409e+00 9.871336624359495771e-01 8.348821937002870452e-05 2.802469176813671137e+00 -1.457145403006928838e-02 1.922339289069456836e-01 8.336299339890575893e-03
4.386473731383373931e+00 9.884485132279142716e-01 6.723671419618486300e-05 2.816979592010389055e+00 -1.394956918674533468e-02 1.938375571131804864e-01 6.778385917190415250e-03
4.475993603452459446e+00 9.884743936885845850e-01 6.693460539831594391e-05 2.825909567070304718e+00 -1.156688759059001405e-02 1.953730675348217816e-01 8.082864176583902383e-03
4.565513475521538744e+00 9.884472221866389408e-01 6.725180278112363741e-05 2.836276119770504867e+00 -1.086313713034701284e-02 1.995597463997309251e-01 7.175360611312024857e-03
4.655033347590507908e+00 9.891602707725815069e-01 5.917790169730069438e-05 2.853342065224260260e+00 -1.059116962128150465e-02 1.984972603698856863e-01 4.288596991312371154e-03
4.744553219659442433e+00 9.892637406765407704e-01 5.804949563321254447e-05 2.861446177792806189e+00 -1.102928130269726324e-02 2.006811572831129487e-01 3.175310433445391756e-03
4.834073091728391169e+00 9.903777699763343101e-01 4.659278051392587439e-05 2.875023832622430220e+00 -1.236054070769715581e-02 2.002802222879589700e-01 3.179821355165851800e-03
4.923592963797350563e+00 9.908283422400768758e-01 4.231860628889708154e-05 2.882308779120678732e+00 -1.174747860922580565e-02 2.064440893221899664e-01 9.554587211919163660e-04
5.013112835866301964e+00 9.912301647889802947e-01 3.868132342316372985e-05 2.891845972438266799e+00 -1.182664818418914521e-02 2.035492623440911808e-01 2.605007009744948667e-03
5.102632707935234713e+00 9.922350174467383654e-01 3.030445466802381138e-05 2.903009630999505042e+00 -1.020107749753934416e-02 2.041923971223684187e-01 -2.365493567245480276e-04
5.192152580004184337e+00 9.940611979939191212e-01 1.770481636764222044e-05 2.914486650755138797e+00 -1.049118733695645310e-02 2.038040559347702174e-01 -5.294708889775468332e-04
5.281672452073144619e+00 9.941898096895457337e-01 1.694482269649216777e-05 2.918699120281530668e+00 -1.200703483526223761e-02 2.011139471550515700e-01 1.214476923975258424e-03
5.371192324142096908e+00 9.949610155285660840e-01 1.273849298165895261e-05 2.927479578560713946e+00 -1.355917158630615647e-02 2.041476926394810709e-01 2.175181292811537593e-03
5.460712196211026992e+00 9.954719000798690764e-01 1.028289750982895601e-05 2.933431629854454048e+00 -1.221264252802211660e-02 2.074575966812576833e-01 8.464720962450144768e-04
5.550232068279978392e+00 9.965701213362808675e-01 5.895518292321072495e-06 2.942952770072339685e+00 -1.214720742369432803e-02 2.123581292439092327e-01 -3.820567033765076754e-04
5.639751940348937786e+00 9.970181534950643965e-01 4.454561706248010705e-06 2.949489632012125551e+00 -1.180485822548276581e-02 2.115381264361453628e-01 4.101388529716657773e-03
5.729629891906172112e+00 9.974957545153102512e-01 3.140867488361526877e-06 2.949886406394738980e+00 -1.103842669483629142e-02 2.136206189605474870e-01 4.826378204874329399e-03
5.819149763975099532e+00 9.984610985572274222e-01 1.185325046979034472e-06 2.956253618700899199e+00 -1.012383714971484480e-02 2.089686004655695595e-01 2.452914559344786683e-03
5.908669636044051821e+00 9.989311302369092704e-01 5.716486668454895392e-07 2.958454119626822365e+00 -9.972022542090855368e-03 2.121562912371503518e-01 1.805993142984138079e-03
5.998189508113010326e+00 9.985150730167517974e-01 1.103596715114731411e-06 2.956514138310765816e+00 -8.217884796034340827e-03 2.140468395036073390e-01 1.586545528245071352e-03
6.087709380181965280e+00 9.975682192794502745e-01 2.961580987685587946e-06 2.949944243411456668e+00 -8.048256777757450617e-03 2.155181881287518975e-01 1.632524250451809029e-03
6.177229252250892699e+00 9.982206787912538681e-01 1.584872258853908117e-06 2.953802237600814617e+00 -6.440670731851050150e-03 2.141760068009382068e-01 1.129258601572320558e-03
6.266749124319849429e+00 9.975825898211249099e-01 2.926653552582595547e-06 2.954441991474194840e+00 -5.990879669234881223e-03 2.147507319378435531e-01 -1.139233503202524700e-03
6.356268996388805270e+00 9.991599475495892557e-01 3.530417893145504707e-07 2.963371246903493184e+00 -6.662145876550694401e-03 2.164187965659326585e-01 -2.324189510192398254e-03
6.445788868457754006e+00 9.994121488287511790e-01 1.728522440181930533e-07 2.965813929641430757e+00 -7.463840538216703208e-03 2.221944434252883238e-01 -2.575396687105940916e-03
6.535308740526691196e+00 9.997005284658885271e-01 4.485055440461935966e-08 2.965314540126271936e+00 -7.597044433112729554e-03 2.209274990541370831e-01 -4.106116934597308331e-03
6.624828612595639044e+00 1.000223434508489273e+00 2.495777224275318174e-08 2.967547885917162009e+00 -9.041461294217364650e-03 2.196851004771613602e-01 -1.241917032724545447e-03
6.714348484664590444e+00 9.993746995786189080e-01 1.955818443460672490e-07 2.965272011683059095e+00 -8.984526593774459780e-03 2.208968533216310315e-01 5.812990127390771193e-04
6.803868356733552503e+00 9.997926620676326204e-01 2.149748064598448055e-08 2.968218470564701228e+00 -9.132019072583964781e-03 2.214753447893038907e-01 6.643034918478140901e-04
6.893388228802479034e+00 9.999429695546694363e-01 1.626297679918544282e-09 2.971156481326912679e+00 -8.402365671899785990e-03 2.185060806405201839e-01 8.606474546195875012e-04
6.982908100871441093e+00 1.000973219210991028e+00 4.732707770700034233e-07 2.976062105540819847e+00 -6.546011854965628693e-03 2.110560756413088768e-01 -7.551377398385073153e-05
7.072427972940392493e+00 1.001400983573922376e+00 9.804618533975750089e-07 2.982198673468742456e+00 -7.118409342081664232e-03 2.128911252603261639e-01 -1.113057264162459247e-03
7.161947845009335900e+00 1.000883881429630584e+00 3.903931669119653156e-07 2.981591233701482047e+00 -8.370008287703510283e-03 2.133112770634198463e-01 -8.453473708122449326e-04
7.251467717078282860e+00 1.000692151246663775e+00 2.394262010700642929e-07 2.979358027869842385e+00 -8.490757571439317558e-03 2.107206534399138909e-01 -1.169890685965779874e-03
7.340987589147225378e+00 9.995683481276012028e-01 9.318848709415159665e-08 2.976236841156030266e+00 -8.290781875709217486e-03 2.097187291152914357e-01 1.334120475983213781e-04
7.430507461216171450e+00 1.001128621333275515e+00 6.364142548351183620e-07 2.984755221671863357e+00 -7.247502010373216459e-03 2.115223392533848168e-01 1.044498569232535931e-03
7.520027333285140614e+00 1.001878757550253685e+00 1.762657574137923774e-06 2.986468010772359793e+00 -8.137174598376855500e-03 2.150825151893399900e-01 -1.819376964413071908e-03
7.609547205354062704e+00 1.001964386019288389e+00 1.926883200757505132e-06 2.991688916247522201e+00 -8.931368574666151763e-03 2.162156977453530138e-01 -1.957505400729171643e-03
7.699067077423032757e+00 1.001638143981987028e+00 1.340294322450157408e-06 2.986102100141534876e+00 -9.342546436859174019e-03 2.167196865862834332e-01 -2.738411231813396660e-03
7.788586949491978828e+00 1.002369213259848513e+00 2.802160663918033118e-06 2.991660569136424197e+00 -7.572973260120044632e-03 2.182946871555822843e-01 -3.910252231566309876e-03
7.878106821560918682e+00 1.002437878445625818e+00 2.966804829768882046e-06 2.993911472861006118e+00 -6.741452313153925742e-03 2.148188956822355000e-01 -2.725263430890418736e-03
7.967626693629873635e+00 1.002306353994035559e+00 2.655552061291491239e-06 2.993863289848361031e+00 -7.442306445287678353e-03 2.077431403854986813e-01 -1.451708780421989741e-03
8.057146565698811713e+00 1.003089499110798144e+00 4.762695337204650436e-06 2.993567354650278123e+00 -6.587403992341566913e-03 2.103477274004772746e-01 -3.252314219611893847e-03
8.146666437767754232e+00 1.003078569229108430e+00 4.729090846106870361e-06 2.995345754846091335e+00 -5.159830842323262154e-03 2.121464465041061898e-01 -3.867507622260422072e-03
8.236186309836728725e+00 1.003731378726192780e+00 6.944324357202168868e-06 2.999061956205728130e+00 -5.113353530183214340e-03 2.120933085708559263e-01 -2.997556215377125167e-03
8.325706181905648151e+00 1.004080860893080684e+00 8.304128485101675006e-06 3.000326876527017461e+00 -6.105007329032282291e-03 2.109347898206496152e-01 -1.130708395466136851e-03
8.415226053974624421e+00 1.003988196652979559e+00 7.931774281704807861e-06 2.995333178010183950e+00 -4.835002253515666495e-03 2.092995007940144647e-01 -2.679069896803018200e-03
8.504745926043565163e+00 1.003653412492236940e+00 6.657501280749305445e-06 2.995872788846495993e+00 -6.002610515805493173e-03 2.142024412220290275e-01 -1.635758766261602524e-03
8.594265798112502353e+00 1.003150883919972980e+00 4.953631920104166475e-06 2.994219624368502419e+00 -7.194982859508737560e-03 2.178905483780113894e-01 -1.251280683418247788e-03
8.683785670181462635e+00 1.002374841843958420e+00 2.815480226121651330e-06 2.991353965798028369e+00 -6.397241244330876403e-03 2.172919346199867485e-01 -3.833153684036860959e-04
8.773305542250398048e+00 1.002436644747209948e+00 2.963805294649898142e-06 2.990139290219238521e+00 -6.695553380655061212e-03 2.203142854566959019e-01 5.560167242678216038e-04
8.862825414319337014e+00 1.002258141385470758e+00 2.545769507054495423e-06 2.991508486490368490e+00 -6.426816678615734045e-03 2.223414319633784386e-01 -2.734368060604663690e-04
8.952345286388316836e+00 1.002356712331713418e+00 2.772691071534476998e-06 2.991738079003442685e+00 -5.884454033164216065e-03 2.254014522904476681e-01 -2.038079032389590508e-03
9.041865158457234486e+00 1.001856600088180782e+00 1.721351698548857084e-06 2.989285669005683932e+00 -6.282606766486620309e-03 2.210051622687747852e-01 -1.811648316886187333e-03
9.131385030526214308e+00 1.001787284318831572e+00 1.595292074005674743e-06 2.985931243233935994e+00 -6.706533036819588810e-03 2.204013829623706622e-01 -1.798622075072290336e-03
9.220904902595153274e+00 1.001867774156888435e+00 1.742121228535562991e-06 2.989367219848702018e+00 -6.579389409421241425e-03 2.206788903626659970e-01 -1.887871452547704772e-03
9.310424774664085135e+00 1.001450231084504816e+00 1.050569509515771049e-06 2.985352308227865681e+00 -6.597965524517900374e-03 2.165367175030488145e-01 -8.756614893229053460e-04
9.399944646733052522e+00 1.001664888056182923e+00 1.384389763484398725e-06 2.989749373107374542e+00 -6.148920133513207861e-03 2.126256241168789640e-01 4.192040484022311123e-03
9.489464518801986159e+00 1.000764958808592731e+00 2.924318667030332414e-07 2.986176558975440543e+00 -7.367011499850394281e-03 2.157954299690586220e-01 1.543702141174744299e-03
9.578984390870921573e+00 1.000354875980945080e+00 6.295358755549051305e-08 2.983428489051556998e+00 -8.514441101682437840e-03 2.118283249001935709e-01 -2.137851632435827686e-04
9.668504262939904947e+00 1.001373570528203194e+00 9.424850502309702754e-07 2.985513825765055973e+00 -7.653443502816600214e-03 2.079464851672332137e-01 -1.905066985412524547e-03
9.758024135008820821e+00 1.002046362094098697e+00 2.090946839763008908e-06 2.985050652109757507e+00 -6.901365280463764643e-03 2.112952528592934032e-01 -1.542375558366669867e-03
9.847544007077804196e+00 1.001641333461170014e+00 1.345515673314414892e-06 2.980508400648977929e+00 -7.432828353404899793e-03 2.149528031045304100e-01 -1.136696979811968513e-03
9.937063879146739609e+00 1.001886707922313491e+00 1.777597871252404108e-06 2.983223359717256606e+00 -6.204625205467816443e-03 2.193764819558929047e-01 -1.256534681498441353e-03
1.002658375121566969e+01 1.001596904164604673e+00 1.273695655828284076e-06 2.975945530783458803e+00 -4.053469585927548316e-03 2.186411077939316161e-01 6.721756062993988236e-04
1.011610362328464063e+01 1.001495887734805468e+00 1.117725535131454742e-06 2.979458949171213344e+00 -4.824678323409931427e-03 2.162957019124081004e-01 -9.680332542619851438e-04
1.020562349535357249e+01 1.000814800421463202e+00 3.317696582681153514e-07 2.978371207664642029e+00 -5.695660298567404266e-03 2.178906445614754717e-01 2.641120673203533123e-03
1.029514336742250435e+01 1.002908568498064312e+00 4.221701263504296087e-06 2.989265144728558976e+00 -5.280277676749224255e-03 2.214065417406642367e-01 1.268465293737466295e-03
1.038466323949149128e+01 1.003721095793219220e+00 6.906149956182553590e-06 2.991194278391295924e+00 -7.469414732399573022e-03 2.212389773540116567e-01 3.476000182303591417e-03
1.047418311156040716e+01 1.003963050110054267e+00 7.832196980846715950e-06 2.994144776473434799e+00 -6.397995999518688373e-03 2.192441113574810918e-01 4.454892445110658628e-03
1.056370298362939408e+01 1.004085261295971865e+00 8.322022536435234874e-06 2.993032612654122016e+00 -5.632367330985861217e-03 2.171232787586394597e-01 2.948479372465159353e-03
1.065322285569832594e+01 1.003906754904996701e+00 7.611549080033426506e-06 2.990761067336686896e+00 -4.612480494024660989e-03 2.135497351368463304e-01 1.194762460095988337e-04
1.074274272776725425e+01 1.003296280341054336e+00 5.420822941815291174e-06 2.988651937962794936e+00 -5.382407231508159508e-03 2.151222078231885271e-01 3.770451437473820592e-04
1.083226259983622874e+01 1.003251408207722406e+00 5.274397945144275457e-06 2.990825136890954195e+00 -7.786456167117856639e-03 2.225312578668302288e-01 6.092033210257197077e-05
1.092178247190515883e+01 1.003854791610771402e+00 7.410670891716108349e-06 2.992830415909588204e+00 -6.322417469969654653e-03 2.234747751105158053e-01 1.481402002578881055e-03
1.101130234397408891e+01 1.003685306865849336e+00 6.774105344338043205e-06 2.989515657394035131e+00 -6.024604714531747382e-03 2.250474686997259721e-01 2.258212188237337503e-03
1.110082221604307762e+01 1.002873007692972385e+00 4.119198828023400843e-06 2.987513770406111213e+00 -7.597592613438591824e-03 2.217391565873937376e-01 3.090261269850329545e-03
1.119034208811199349e+01 1.002860554500518031e+00 4.083600304635205680e-06 2.987752693961492678e+00 -7.953852608915817912e-03 2.222117217783051157e-01 2.615861011788461841e-03
1.127986196018098042e+01 1.002761034312037669e+00 3.804653658893986101e-06 2.985942549715857819e+00 -7.371934198441401458e-03 2.180089659424410409e-01 1.695824809854368318e-03
1.136938183224991228e+01 1.002997827076002491e+00 4.484523274052472364e-06 2.985950247905802435e+00 -8.025656268223161499e-03 2.150156775687016020e-01 -1.627692803936968673e-03
1.145890170431884059e+01 1.002454483011438358e+00 3.007323482338321308e-06 2.981558065713675099e+00 -8.699045549832598589e-03 2.172184282420986101e-01 -8.390567302367612753e-04
1.154842157638781686e+01 1.002429877187952290e+00 2.947378028713473069e-06 2.984759901441829566e+00 -6.972031816942777377e-03 2.178327669569979086e-01 5.853657011876189442e-04
1.163794144845674516e+01 1.002171586798052960e+00 2.354486578893047466e-06 2.987446333304805801e+00 -7.876003360161443548e-03 2.168084114976649990e-01 3.151867391391319564e-03
1.172746132052567347e+01 1.003134622717779090e+00 4.902687080360693117e-06 2.989178902703859109e+00 -7.912139874615857493e-03 2.150551322390270303e-01 2.678246539942996576e-03
1.181698119259466395e+01 1.002761620665765907e+00 3.806268314967761746e-06 2.990358043584333103e+00 -6.871007369432561088e-03 2.166365192571878817e-01 2.645590586400586690e-03
1.190650106466357983e+01 1.003770028462019459e+00 7.088746371335975793e-06 2.991572136471233989e+00 -7.168757803433572703e-03 2.209942882567075273e-01 1.512028573060775162e-03
1.199602093673257208e+01 1.003801082553123836e+00 7.205860014275651537e-06 2.990392890635846346e+00 -6.961731254770129121e-03 2.164258660256248024e-01 1.618532180739905464e-03
1.208554080880149506e+01 1.003539285825297833e+00 6.248532854354321014e-06 2.984550892886878692e+00 -5.532542127123308076e-03 2.195169153315195132e-01 -3.292426060510278337e-05
1.217506068087042692e+01 1.003614981356258262e+00 6.518340706208099883e-06 2.984421399902309258e+00 -6.414232680139406347e-03 2.202696186056664063e-01 1.854901177945389489e-03
1.226458055293940497e+01 1.003720814605655098e+00 6.905107548605630280e-06 2.983775552972049994e+00 -6.585356031211888651e-03 2.159520623593651489e-01 3.306002825351316097e-03
1.235410042500833860e+01 1.003383110916212795e+00 5.709845333094331482e-06 2.983150269733526816e+00 -6.486684658848813553e-03 2.219481399541822220e-01 3.760230637732620007e-03
1.244362029707725803e+01 1.002479551293198101e+00 3.069015167666677008e-06 2.980236673106971157e+00 -6.273978192405728002e-03 2.206228870300061817e-01 2.825286590197603233e-03
1.253314016914625206e+01 1.003101397706650966e+00 4.799413168511332262e-06 2.982491551759008264e+00 -5.426021224396873968e-03 2.212022218822821962e-01 3.865253819051184432e-03
1.262266004121517504e+01 1.003402794144883758e+00 5.776403763397153918e-06 2.984410996135587801e+00 -4.318494143422312199e-03 2.193180391127484696e-01 4.373653677721910625e-03
1.271217991328414954e+01 1.004371029032688156e+00 9.525200869518746227e-06 2.988792519722300867e+00 -4.497047275971098948e-03 2.214149221442112403e-01 5.646574108798001548e-03
1.280169978535308672e+01 1.003663420577143528e+00 6.693981563898193654e-06 2.983849396831669498e+00 -3.961616510836722151e-03 2.195602376490994323e-01 2.451704180115114960e-03
1.289121965742202214e+01 1.004443255683798553e+00 9.842117276177841934e-06 2.988012926226458088e+00 -4.977702734110475181e-03 2.269786207459013605e-01 1.928979024974554262e-03
1.298073952949098064e+01 1.003699139741584645e+00 6.824991527116380796e-06 2.985356394637343147e+00 -5.817177237190761588e-03 2.230653578317610963e-01 2.054772701604530398e-03
1.307025940155991961e+01 1.004524888112147130e+00 1.020652886142212057e-05 2.988407119310172000e+00 -6.052685312444703279e-03 2.251712480822150586e-01 8.280369130696906953e-04
1.315977927362885680e+01 1.004044889019978237e+00 8.158570649865332092e-06 2.983978943438208464e+00 -6.698274814844300262e-03 2.210644086292709032e-01 -8.755273539352903588e-05
1.324929914569782063e+01 1.004707003576676527e+00 1.104330098956971679e-05 2.989111972876550727e+00 -6.558234196739068204e-03 2.150221558720466775e-01 1.587736383388406274e-03
1.333881901776675427e+01 1.004760676148567011e+00 1.129618124252797923e-05 2.987132150295964905e+00 -6.801491585778652801e-03 2.171698131291560641e-01 1.784569165087664848e-03
1.342833888983574653e+01 1.003810535259194614e+00 7.241698811543632180e-06 2.978465268994231252e+00 -7.566747331876498908e-03 2.219390825472423168e-01 1.114599141708172430e-04
1.351785876190465707e+01 1.003164990395754685e+00 4.998039048986682026e-06 2.975046169677309837e+00 -6.890728567061734852e-03 2.229596569905537562e-01 1.426302114775022120e-03
1.360737863397359781e+01 1.003316881161999907e+00 5.488716722826594840e-06 2.973473342889221271e+00 -6.245700193341812909e-03 2.196074889034237421e-01 1.536653372932486128e-03
1.369689850604257941e+01 1.003793962280357777e+00 7.178922913108828907e-06 2.977442901132308695e+00 -6.098187427771462922e-03 2.160524781546211415e-01 1.498928362493782236e-03
1.378641837811152371e+01 1.003072325549893229e+00 4.709947613189616189e-06 2.972969020422636000e+00 -5.103868715802588329e-03 2.163960452341357754e-01 -1.540393711324159441e-03
1.387593825018042892e+01 1.003048237106387797e+00 4.636455108204297348e-06 2.975688925111309224e+00 -5.697711596825158140e-03 2.162981688484995058e-01 2.115258247911788823e-04
1.396545812224942473e+01 1.003605456137187435e+00 6.484076283883467157e-06 2.977121846015794215e+00 -5.281522882786195139e-03 2.137421826043112705e-01 -1.603722773771858352e-03
1.405497799431835837e+01 1.003365446202068467e+00 5.650440117106660803e-06 2.976491714905990627e+00 -6.437917891490107028e-03 2.177349770566865961e-01 -2.843351534670730471e-03
1.414449786638731332e+01 1.002046184775470028e+00 2.090584738322163322e-06 2.970092495902174168e+00 -7.524028560368638957e-03 2.126817136897340421e-01 -2.609762557135385415e-03
1.423401773845625939e+01 1.003165732081650940e+00 5.000379344892100231e-06 2.974615687824460508e+00 -8.715067308366934370e-03 2.164051945770035790e-01 -3.131216646798880981e-03
1.432353761052520547e+01 1.003071701812950023e+00 4.708037353111458462e-06 2.980231748186699114e+00 -9.445516851621160032e-03 2.176082705106477944e-01 -2.883330774861104888e-03
1.441305748259414621e+01 1.001931728046534964e+00 1.863387303774723461e-06 2.977932181246701671e+00 -8.865866650138175958e-03 2.144128348125016459e-01 -3.788205990448586646e-03
1.450257735466309228e+01 1.002133949138720004e+00 2.273635489535245219e-06 2.977203580600409349e+00 -8.505987580712349311e-03 2.187622091772368216e-01 -3.523828329072638179e-03
1.459209722673203835e+01 1.002640628003593326e+00 3.480332630474095718e-06 2.980280130429157737e+00 -8.126404113869731619e-03 2.188302499737364570e-01 -5.998190408574798592e-03
1.468161709880098442e+01 1.002929556576829917e+00 4.282788459849477120e-06 2.979301008381591398e+00 -8.711763440691555269e-03 2.210507171610987531e-01 -5.441094357571282965e-03
1.477113697086992516e+01 1.003938956713282371e+00 7.737378517232162967e-06 2.986599954454544736e+00 -8.118456797809170747e-03 2.222051879472186908e-01 -5.394415665826963503e-03
1.486065684293892097e+01 1.004238532033069564e+00 8.957275351787787054e-06 2.987841597805950489e+00 -7.427513947885989488e-03 2.278018547972033292e-01 -4.699578535754545157e-03
1.495017671500781908e+01 1.003129778395184468e+00 4.887561068147097676e-06 2.987015495589211422e+00 -6.432004719419752783e-03 2.283316498926445948e-01 -5.923498920511705186e-03
1.503969658707676693e+01 1.002343315605026319e+00 2.741282387734838427e-06 2.980647851551160521e+00 -6.656621760844061084e-03 2.208494565609704918e-01 -4.494512353111860051e-03
1.512921645914575741e+01 1.001191423405481284e+00 7.091816310593641870e-07 2.976642203942696074e+00 -5.710186784107740450e-03 2.234368563723834189e-01 -2.549126560313466280e-03
1.521873633121470704e+01 1.000671533968804816e+00 2.253780419331176052e-07 2.975648899530383140e+00 -6.618167532292146445e-03 2.308015280471325814e-01 -4.544015864240968060e-03
1.530825620328359982e+01 1.001599575023973010e+00 1.277957517543818269e-06 2.980574850578990187e+00 -6.210165690930858663e-03 2.305352223917963850e-01 -3.117034954336027602e-03
1.539777607535259740e+01 1.001007667686700797e+00 5.073562809954426656e-07 2.979145263966730628e+00 -6.686503024342070785e-03 2.275005695913853154e-01 -7.363386698512208338e-04
1.548729594742154170e+01 1.001061840221754151e+00 5.633535692163051112e-07 2.980670879576521326e+00 -6.631072987740790209e-03 2.228280357929704469e-01 3.286706388474569594e-04
1.557681581949048066e+01 1.001169708007878967e+00 6.835754080231157964e-07 2.982104740470504556e+00 -6.252652567806887482e-03 2.245959586506422190e-01 -9.123215603773982474e-04
1.566633569155943206e+01 1.000234348692898179e+00 2.745536559594350702e-08 2.979137446973551651e+00 -7.099834519351656478e-03 2.217824239090478433e-01 -2.529435265407993343e-03
1.575585556362838702e+01 1.001146918326407009e+00 6.572083621795513780e-07 2.982409322420841224e+00 -6.924581152367767674e-03 2.163013225808943230e-01 6.126473892122486029e-04
1.584537543569731000e+01 1.001686831763183516e+00 1.421102815506690431e-06 2.982659386974411575e+00 -6.587230811809404764e-03 2.133560746765635341e-01 -1.519739573284045655e-03
1.593489530776626495e+01 1.000225274351961291e+00 2.537045668850584218e-08 2.976893664184974586e+00 -7.943262902910730103e-03 2.158350469648653291e-01 -2.014272312364284777e-04
1.602441517983521990e+01 1.000996625790336214e+00 4.963017589318646089e-07 2.982412271911696333e+00 -8.401143201741378616e-03 2.147550680998545070e-01 9.382953084496104587e-05
1.611393505190414999e+01 1.001067108873576528e+00 5.689559513762706272e-07 2.981882221738944683e+00 -6.929949419745862552e-03 2.128660938358802324e-01 -1.299200142372242172e-03
1.620345492397309783e+01 1.000401750570669046e+00 8.068015237491787950e-08 2.981359154287622548e+00 -8.594873723484329139e-03 2.168305432219488071e-01 3.219282844504267800e-04
1.629297479604209542e+01 1.000227351060519965e+00 2.584033588213835615e-08 2.977750407142071953e+00 -9.263404470776104987e-03 2.187295084725759120e-01 1.072777591899132292e-04
1.638249466811098287e+01 9.998266317959996208e-01 1.503000425414615857e-08 2.980171577683671469e+00 -8.803729904810368712e-03 2.192917631419068480e-01 1.300424534670753312e-03
1.647201454017993782e+01 1.000277044534320314e+00 3.836975040889508207e-08 2.980479423129256844e+00 -7.772171263724159292e-03 2.153872213176095118e-01 -1.121558914392831782e-03
1.656153441224893186e+01 1.000913377119328374e+00 4.168750576085582596e-07 2.984032485288114156e+00 -6.463847421459150561e-03 2.170680904248417087e-01 -1.039240373591244831e-03
1.665105428431788681e+01 9.995826599947057467e-01 8.711057733847872575e-08 2.976680268201392643e+00 -6.603909926161552653e-03 2.179221784309309240e-01 4.089289675852647814e-06
1.674057415638677426e+01 9.998028446452323914e-01 1.943767182613679277e-08 2.984596306408648037e+00 -7.108217566250495285e-03 2.177102800812665273e-01 3.822299617488699987e-05
1.683009402845577185e+01 9.997596237704344802e-01 2.889499640970042034e-08 2.981600927755884811e+00 -6.224908703033435638e-03 2.183592203378449392e-01 1.185973425699302737e-03
1.691961390052472325e+01 1.000725865593220520e+00 2.633130175087438490e-07 2.986621381935230524e+00 -6.189894736571241972e-03 2.204123661639550980e-01 3.386323207524833800e-03
1.700913377259364623e+01 1.000713552832521058e+00 2.544577835463012264e-07 2.987465128171058026e+00 -5.563471710162940127e-03 2.194894678749402805e-01 4.711619415978193955e-03
1.709865364466260473e+01 1.001724669013379865e+00 1.485533812024602759e-06 2.985817634696005474e+00 -5.275925983113752618e-03 2.228081289570581491e-01 1.219636754743848002e-03
1.718817351673156324e+01 1.000121823435051294e+00 7.419872060434326913e-09 2.979582527126547919e+00 -5.525473312643671732e-03 2.250358330201573664e-01 -9.584668764367088468e-04
1.727769338880047911e+01 1.000189201947405460e+00 1.789643112686239296e-08 2.983451917749317062e+00 -6.851550695757809527e-03 2.280500813485132339e-01 -2.574563678622712043e-03
1.736721326086943762e+01 1.000285007745029819e+00 4.060699200855591787e-08 2.982907081740526767e+00 -7.256111561368198438e-03 2.225233750394426113e-01 -2.312531191855196275e-03
1.745673313293839968e+01 9.996162251001197152e-01 7.366043350889037514e-08 2.976940560094738952e+00 -5.966345062447326458e-03 2.194264119682963476e-01 -1.387306957683064404e-03
1.754625300500731555e+01 9.994607626610956252e-01 1.454407409031983206e-07 2.979099340011897468e+00 -6.432988438391753182e-03 2.168463862891718552e-01 -6.642921916627719456e-04
1.763577287707627050e+01 9.985008560314289072e-01 1.124840658534454613e-06 2.977151548601611353e+00 -7.419456928112780694e-03 2.154973803153200917e-01 -5.329765479234293939e-04
1.772529274914527520e+01 9.986910396671953016e-01 8.574368920222837781e-07 2.979524586168829092e+00 -6.925939818090135446e-03 2.157848164971047922e-01 -1.600763579749460083e-03
1.781481262121414844e+01 9.981126036087688558e-01 1.783376881502127947e-06 2.979268527592287441e+00 -8.548086863681154252e-03 2.185259112037910012e-01 1.882180588216445611e-03
