-5.058588709567384001e+01 2.009196913964156561e+00 3.114618170241235662e-01 1.000000000000000000e+00 -1.608116826161137911e-03 -5.524980794361123186e-04 2.377400377738618596e-03
-5.024864784835930465e+01 1.794139002772368485e+00 2.096137601014621543e-01 1.179899504685016698e+00 -1.746474544995716555e-02 2.812856480107070456e-02 -3.250106766236772384e-03
-4.991140860104451349e+01 1.635280739560007301e+00 1.434662437976951255e-01 1.390875440259144780e+00 -2.559609140461579363e-02 4.737251577145284304e-02 -3.345586407518955432e-03
-4.957416935372973654e+01 1.518691066704237036e+00 1.008422431665432772e-01 1.636783516665871074e+00 -2.956450431642113769e-02 5.696198382960578066e-02 -3.478696154562073081e-03
-4.923693010641495249e+01 1.432507945883637168e+00 7.308122942759520679e-02 1.918504191964694794e+00 -3.223523263147357043e-02 6.404016597675438183e-02 -1.282701691682259885e-03
-4.889969085910017554e+01 1.369879189409005660e+00 5.515663637044831979e-02 2.238254329029372602e+00 -3.326674916977501173e-02 6.829643724153036666e-02 -2.457974955600339233e-03
-4.856245161178539149e+01 1.323198931148100499e+00 4.314669363917467138e-02 2.591330246621361244e+00 -3.403168045610875658e-02 6.852484308724703099e-02 -3.904967424942610253e-03
-4.822521236447375514e+01 1.290050152221278612e+00 3.536905691250202821e-02 2.980429752627882234e+00 -3.519290623020546183e-02 7.055495107000422927e-02 -3.096465409614465245e-03
-4.788797311716238170e+01 1.269303262966350543e+00 3.083512487590614470e-02 3.414865306245172150e+00 -3.404575164544525190e-02 7.165934857253956902e-02 -7.877149625057555584e-04
-4.755073386985101536e+01 1.256518009037248751e+00 2.817359843869085556e-02 3.886250071844488563e+00 -3.415834700551283881e-02 7.135164364014025262e-02 1.672849385954415687e-03
-4.721349462253964191e+01 1.249766768627669000e+00 2.680981982048896706e-02 4.391462878734611053e+00 -3.389843458323786585e-02 7.183527730320038440e-02 2.418412715944067044e-03
-4.687625537522826846e+01 1.248594860107748783e+00 2.657605299502319163e-02 4.931248326522079672e+00 -3.428222198216377553e-02 6.854180370177714865e-02 3.580758881130996583e-03
-4.653901612791690923e+01 1.253762274872964655e+00 2.761342410009196002e-02 5.514427659903251566e+00 -3.451417766047942121e-02 6.862817224853266784e-02 3.077006557676721394e-03
-4.620177688060552867e+01 1.263451369732843332e+00 2.960421116495434712e-02 6.138885059242875641e+00 -3.400457379701762872e-02 6.826681557812180889e-02 2.036690644934335825e-03
-4.586453763329416944e+01 1.273764871735748816e+00 3.178789069601969941e-02 6.781779495361859311e+00 -3.243300727912360598e-02 6.759747335511391564e-02 4.311337348564607888e-03
-4.552729838598280310e+01 1.287540349346320223e+00 3.480665698351881332e-02 7.458011879861143889e+00 -3.121136155277787552e-02 6.779228438846272853e-02 6.046189792022513970e-03
-4.519005913867140833e+01 1.301980637215294001e+00 3.809396510993412477e-02 8.149402300607857086e+00 -3.036449245769787947e-02 6.573099733360020236e-02 6.876718870538905265e-03
-4.485281989136006331e+01 1.318647677347497993e+00 4.204095275253594277e-02 8.877872752896697861e+00 -2.929787627896452903e-02 6.794834549421362169e-02 7.109860319347588269e-03
-4.451558064404867565e+01 1.338835432914338375e+00 4.703527673508833828e-02 9.632275158832463546e+00 -2.807835517377080606e-02 6.570974523995615213e-02 8.515897797804322308e-03
-4.417834139673732352e+01 1.357535755669671440e+00 5.186464383908512277e-02 1.039208275463239062e+01 -2.719341578380048835e-02 6.561932676265591624e-02 1.092144979815056621e-02
-4.384110214942593586e+01 1.376720805648620649e+00 5.701636198002862921e-02 1.116040617251391076e+01 -2.576827069193961262e-02 6.432732189463316597e-02 1.276872396950501885e-02
-4.350386290211456242e+01 1.398576324791043435e+00 6.312151643802244028e-02 1.195149778547446928e+01 -2.474461420812940765e-02 6.565683647980261051e-02 1.773333443231916648e-02
-4.316662365480320318e+01 1.418432103852600212e+00 6.887999448104992206e-02 1.272500357641845703e+01 -2.208692818291550092e-02 6.406532965315339667e-02 1.845566641277317232e-02
-4.282938440749185105e+01 1.439974259440139015e+00 7.534902140078880706e-02 1.352028844858337386e+01 -2.072699151225085995e-02 6.415176282733045521e-02 1.854809801133383909e-02
-4.249214516018047050e+01 1.462735584105015363e+00 8.242721380490974914e-02 1.432793610627818204e+01 -1.984253131323362659e-02 6.537283578053947053e-02 2.166753332338548776e-02
-4.215490591285960420e+01 1.485451442510269615e+00 8.973271476434047100e-02 1.512334967532673602e+01 -1.839106747511417422e-02 6.519914877727715774e-02 2.365539805663347678e-02
-4.181766666553460254e+01 1.507127946713127109e+00 9.692212907142688794e-02 1.589696371256908769e+01 -1.545810403342207963e-02 6.597540128584516994e-02 2.466824709637525231e-02
-4.148042741820956536e+01 1.529731234222509340e+00 1.046391781557330924e-01 1.666451871006891849e+01 -1.352271059473250832e-02 6.874270702106421993e-02 2.680233393785221019e-02
-4.114318817088455660e+01 1.550122282758648717e+00 1.117884628369577027e-01 1.739678674862670604e+01 -1.207363399385668473e-02 6.734598721679513345e-02 2.855975897402291894e-02
-4.080594892355955494e+01 1.572251389880405581e+00 1.197427914320663422e-01 1.814162088862015310e+01 -8.794155723651615741e-03 6.777895958140311983e-02 2.968234033906090238e-02
-4.046870967623449644e+01 1.593288774519278306e+00 1.274884828579528895e-01 1.885308048630875533e+01 -7.491092871037818672e-03 6.698327115925395425e-02 2.935231237075113311e-02
-4.013147042890950189e+01 1.614433105534036850e+00 1.354492287259201899e-01 1.955998402805080616e+01 -5.968374757234373544e-03 6.841789350357020683e-02 3.000663524115062750e-02
-3.979423118158444339e+01 1.634821772286047636e+00 1.432879816547280027e-01 2.023366146951016731e+01 -4.501058549301224787e-03 7.101363466706002436e-02 3.116872692246367565e-02
-3.945699193425944884e+01 1.654313496023484209e+00 1.509273792783831780e-01 2.087632710577744533e+01 -2.394047603143234417e-03 7.162995556369422534e-02 3.500363757412976173e-02
-3.911975268693444008e+01 1.671339981236638073e+00 1.577142925718670874e-01 2.147436784607789306e+01 -6.660925308728560560e-04 7.150380484015361748e-02 3.790618258410159008e-02
-3.878251343960938868e+01 1.688294289984186181e+00 1.645755665985989546e-01 2.205028735867348288e+01 9.669152165102634340e-04 7.157025364139402157e-02 3.568587714798778648e-02
-3.844527419228437282e+01 1.705941337684982351e+00 1.718242750888938630e-01 2.260421089019184748e+01 2.408610017318812014e-03 7.339418748119133640e-02 3.848992728346043585e-02
-3.810803494495939248e+01 1.723694370116155117e+00 1.792244931055156920e-01 2.313415146387185217e+01 4.567863354671899620e-03 7.323711378540280481e-02 3.862336787118911263e-02
-3.777079569763432687e+01 1.740752241007643919e+00 1.864348987874313579e-01 2.363917871435447893e+01 7.105213432030057542e-03 7.143016604481972065e-02 3.991373213483394994e-02
-3.743355645030931100e+01 1.757245155127750369e+00 1.934978251339287691e-01 2.411476513019589518e+01 8.550057233832253703e-03 7.064936383733730341e-02 4.015204827750937233e-02
-3.709631720298430224e+01 1.773377350298653621e+00 2.004915143242759212e-01 2.456473723472115722e+01 1.160658141507569900e-02 7.067325494861602386e-02 4.103654514722383795e-02
-3.675907795565927216e+01 1.789432795428148371e+00 2.075340998531656211e-01 2.499575462599140252e+01 1.278621928987535433e-02 7.070471642091470665e-02 4.211321414790735601e-02
-3.642183870833424919e+01 1.802844189177085887e+00 2.134786662291702219e-01 2.537285134927309471e+01 1.571938725204493834e-02 7.275376544034423132e-02 4.380553070833661383e-02
-3.608459946100924753e+01 1.815115181689013646e+00 2.189662550000802677e-01 2.572512220296768959e+01 1.599421345848638445e-02 7.479548573292574276e-02 4.451114868150284759e-02
-3.574736021368422456e+01 1.827971322774537555e+00 2.247645376257333405e-01 2.605736048987164466e+01 1.916607740374325422e-02 7.459190645687885368e-02 4.649319726284539128e-02
-3.541012096635919448e+01 1.840541084756649459e+00 2.304814885626897958e-01 2.635748495930058510e+01 2.002018456663342411e-02 7.457056420643980166e-02 4.722411802034466588e-02
-3.507288171903419283e+01 1.850814310749071101e+00 2.351886005318709616e-01 2.661902925326429781e+01 2.223410776656136248e-02 7.514348003320633906e-02 4.706881241785668829e-02
-3.473564247170916985e+01 1.861926047121409411e+00 2.403145859610664736e-01 2.689141993163582711e+01 2.307604905142675994e-02 7.501255650151145149e-02 4.727087694683511365e-02
-3.439840322438409714e+01 1.871930876372619013e+00 2.449604240135904165e-01 2.711532914787650483e+01 2.453735102901569154e-02 7.682712989911184842e-02 4.628213127716489239e-02
-3.406116397706970389e+01 1.882866710144702083e+00 2.500712488780998388e-01 2.733409693257953066e+01 2.636534589847985832e-02 7.583634324783684877e-02 4.754611661221035818e-02
-3.372392472977193734e+01 1.893185011458671685e+00 2.549244094806897287e-01 2.754886824933274880e+01 2.809166894116794586e-02 7.603088642136274222e-02 4.492698979867697923e-02
-3.338668548247426315e+01 1.901365828954380222e+00 2.587933436917577712e-01 2.772227703705101121e+01 2.834468049644708887e-02 7.689817965831811930e-02 4.546749108273766965e-02
-3.304944623517658897e+01 1.910823803687980993e+00 2.632893437858186969e-01 2.789821674743385671e+01 2.755160151698398188e-02 7.710720657825120838e-02 4.780733531812425552e-02
-3.271220698787882242e+01 1.918354945646829623e+00 2.668869260115956932e-01 2.800838331385626745e+01 2.791520552036151279e-02 7.676785675622194161e-02 4.720003194177446737e-02
-3.237496774058105586e+01 1.923887479988495741e+00 2.695396117896010635e-01 2.810612534830580600e+01 2.843880985719828003e-02 7.634791431747736667e-02 4.895771333186556273e-02
-3.203772849328338168e+01 1.928340919765507477e+00 2.716809136044417983e-01 2.818044372038716716e+01 2.834206108098676763e-02 7.672834974082719250e-02 5.155248246314639987e-02
-3.170048924598571460e+01 1.932604905968418940e+00 2.737361208558063419e-01 2.825474274154012022e+01 2.941253465373100742e-02 7.619965590486919849e-02 5.292256788165757009e-02
-3.136324999868794450e+01 1.937313692742165694e+00 2.760113737050224891e-01 2.832380557947224631e+01 2.837818711208008743e-02 7.646383071812505594e-02 5.299241993066301781e-02
-3.102601075139017439e+01 1.941933887586035468e+00 2.782495617639352270e-01 2.839964114913817994e+01 2.970311754754887540e-02 7.765305695285759646e-02 4.813984757462556885e-02
-3.068877150409250731e+01 1.946516351464610439e+00 2.804750629873333789e-01 2.845628230944550552e+01 2.890112570229728256e-02 7.869516084795603883e-02 4.832255048431975675e-02
-3.035153225679484024e+01 1.951540262455699004e+00 2.829213234872323124e-01 2.853246294668032590e+01 2.834123525112911338e-02 7.854585713517024670e-02 5.008681948069699380e-02
-3.001429300949706658e+01 1.958003237908674476e+00 2.860780401200712086e-01 2.860871265733776170e+01 2.872324252408803985e-02 8.108982653537198659e-02 5.249955300502775341e-02
-2.967705376219929292e+01 1.961421468045339900e+00 2.877520188628462927e-01 2.862740434422169500e+01 2.989508243423801004e-02 8.133145657583604193e-02 5.478782479305630004e-02
-2.933981451490162584e+01 1.966020784950456957e+00 2.900091910786936067e-01 2.868565190308029145e+01 3.098998732004091053e-02 8.439890713025180458e-02 5.427289719730179346e-02
-2.900257526760396942e+01 1.968600062497726455e+00 2.912774005374573205e-01 2.871954533626233541e+01 3.047050902255564117e-02 8.314809617765933636e-02 5.417757081237081773e-02
-2.866533602030618866e+01 1.971259088264826431e+00 2.925866185733292379e-01 2.871729918075891419e+01 3.127329315371024654e-02 8.105315818476098444e-02 5.346549001825710856e-02
-2.832809677300840789e+01 1.974092122009644124e+00 2.939835144025333413e-01 2.873972021643552566e+01 3.178705652659707254e-02 8.332531048081935621e-02 5.294077383612676158e-02
-2.799085752571073016e+01 1.978033977122438003e+00 2.959305665555778120e-01 2.876291517806851061e+01 3.315054342291326450e-02 8.337472710133163323e-02 5.292526934774644670e-02
-2.765361827841309150e+01 1.979466394971239440e+00 2.966390840750426916e-01 2.874103001518689027e+01 3.124830186391200360e-02 8.306930824171178396e-02 5.114050869004431454e-02
-2.731637903111531074e+01 1.981965297048950303e+00 2.978763703514776262e-01 2.874551176753275428e+01 3.227129629147842960e-02 8.226822616697539170e-02 5.065650959480931526e-02
-2.697913978381752287e+01 1.984407779877574329e+00 2.990872579216686811e-01 2.876304359338686112e+01 3.142578026865182339e-02 8.430704892454500554e-02 5.267288228731808325e-02
-2.664190053651989842e+01 1.984354427783410646e+00 2.990607918395034037e-01 2.873261760413743104e+01 3.159372131070271178e-02 8.195643576685003595e-02 5.493951951447618304e-02
-2.630466128922221714e+01 1.986053399916638984e+00 2.999039464795902887e-01 2.871384922478244661e+01 3.217925837369223219e-02 8.159491760590283083e-02 5.529342935406274945e-02
-2.596742204192442927e+01 1.987842943273034235e+00 3.007928405372535252e-01 2.872284169597135417e+01 3.184017733268957456e-02 8.054257684408573648e-02 5.608876487650725495e-02
-2.563018279462664495e+01 1.990340885505816004e+00 3.020349621903023474e-01 2.873317784938008401e+01 3.157482550726663229e-02 8.125791355277249550e-02 5.535185466491644030e-02
-2.529294354732895300e+01 1.990990773428633176e+00 3.023583824966219469e-01 2.873896466321793142e+01 3.187765304278782075e-02 8.049280311103908236e-02 5.425871047891232118e-02
-2.495570430003133922e+01 1.990944423811936037e+00 3.023353128251792254e-01 2.871547142076653358e+01 3.276211979608686931e-02 7.921583838938894839e-02 5.472023649050844485e-02
-2.461846505273355135e+01 1.992671813940500858e+00 3.031954556418864355e-01 2.872312896450205599e+01 3.228491853838817705e-02 7.877397363309747436e-02 5.156045212256477051e-02
-2.428122580543576348e+01 1.993938687152541300e+00 3.038267647553832829e-01 2.873388499978157640e+01 3.152670592630275881e-02 7.749767159640223724e-02 5.092722995914195083e-02
-2.394398655813816035e+01 1.994846979633404072e+00 3.042796341714647523e-01 2.871267581887050113e+01 3.292070771698640125e-02 7.620548532694650101e-02 5.412776236227314491e-02
-2.360674731084046130e+01 1.995541787905090292e+00 3.046262015477473328e-01 2.871007303547995448e+01 3.396219719096544437e-02 7.538006519886329693e-02 5.349395082497604426e-02
-2.326950806354267343e+01 1.995771394370448260e+00 3.047407549189854459e-01 2.870622292825926536e+01 3.294130648301542980e-02 7.545227739488868934e-02 5.163058933747641938e-02
-2.293226881624488556e+01 1.995972845036889654e+00 3.048412719310991115e-01 2.870484224213549140e+01 3.190938699768477299e-02 7.600099378464041100e-02 5.131213138388183992e-02
-2.259502956894717940e+01 1.997812915636189013e+00 3.057598756116572947e-01 2.869074287089094355e+01 3.377291580653246639e-02 7.528785846472249577e-02 5.307839709465533851e-02
-2.225779032164958338e+01 1.999000688960534067e+00 3.063532887897371104e-01 2.866666914484915196e+01 3.321467574451114624e-02 7.992447598943620835e-02 5.146870156065923296e-02
-2.192055107435179551e+01 1.999464183903962189e+00 3.065849472858078739e-01 2.867346208604528002e+01 3.251516135885470365e-02 8.122118260986262162e-02 5.201147593829179294e-02
-2.158331182705400053e+01 1.999939721550986205e+00 3.068226806697433862e-01 2.867781676389353507e+01 3.157497705676493710e-02 8.227952342977480626e-02 5.080646606605594001e-02
-2.124607257975641872e+01 2.000894395631537037e+00 3.073001172189653296e-01 2.866881448198640925e+01 3.130699648716710193e-02 8.156074130329046823e-02 5.185883869647474331e-02
-2.090883333245870901e+01 1.999954961497095507e+00 3.068303004421646385e-01 2.862392720959912396e+01 3.231074951976611875e-02 8.312458980497948458e-02 5.022205070152458567e-02
-2.057159408516091403e+01 2.000336357338173610e+00 3.070210122495884431e-01 2.862584747329307078e+01 3.166528901193107343e-02 8.350421773647644097e-02 4.971264598855906769e-02
-2.023435483786312261e+01 2.000342047640761400e+00 3.070238578833417442e-01 2.861706947517681954e+01 3.267348935334880855e-02 8.411331668388549732e-02 4.712056379438292475e-02
-1.989711559056540224e+01 1.998355093118062920e+00 3.060307043994758835e-01 2.857058199405169319e+01 3.199279148778690768e-02 8.248930426228984203e-02 4.908089128670695828e-02
-1.955987634326782754e+01 2.000108397894995615e+00 3.069070198562623419e-01 2.860009086779270149e+01 3.127782218985392104e-02 8.331833740250102482e-02 5.093351915046269440e-02
-1.922263709597003611e+01 1.999164321857654247e+00 3.064350676879509239e-01 2.857975840020089819e+01 3.137541593131902562e-02 8.476833230616870329e-02 5.153886657183325698e-02
-1.888539784867224469e+01 1.999704718700421768e+00 3.067051896902192043e-01 2.856170667899256799e+01 3.120550743587534315e-02 8.336712535199287955e-02 5.225162354095647804e-02
-1.854815860137466998e+01 2.001693732401608639e+00 3.077000440297160688e-01 2.856878328978013926e+01 3.077966360279170074e-02 8.146243372973804853e-02 5.334896649559273812e-02
-1.821091935407695672e+01 2.001776717961222474e+00 3.077415727779685417e-01 2.854738419597993015e+01 3.281154088814915160e-02 7.923451730721856046e-02 5.475072993841614138e-02
-1.787368010677915819e+01 2.000323873342261471e+00 3.070147692215128288e-01 2.849623662209702246e+01 3.342507151273269722e-02 7.969174770742404323e-02 5.258656738075569159e-02
-1.753644085948135967e+01 2.000507905252388863e+00 3.071068043067590736e-01 2.847532668225375474e+01 3.488226784037018469e-02 7.698348356136024140e-02 5.344411329371876601e-02
-1.719920161218363219e+01 1.999761487745108868e+00 3.067335704241864747e-01 2.847112026777064386e+01 3.372018029150573165e-02 7.634843318872669427e-02 5.164714999102676396e-02
-1.686196236488607880e+01 2.000153984524572159e+00 3.069298146660929261e-01 2.848500244499429357e+01 3.236749770118856062e-02 7.768882420394697397e-02 5.257283955218236549e-02
-1.652472311758828027e+01 1.998116735005638578e+00 3.059116305572568972e-01 2.843046922933402954e+01 3.198103557488062715e-02 7.944726565471063595e-02 5.200710875752520557e-02
-1.618748387029047819e+01 1.998478703404030110e+00 3.060924605817701982e-01 2.842514540935792056e+01 3.157102893994134102e-02 7.924401821044159411e-02 5.325945598331521119e-02
-1.585024462299293369e+01 1.999634703122574741e+00 3.066701876835995488e-01 2.845258487010546489e+01 3.048336348745436103e-02 7.896690288967574134e-02 5.273418319160963486e-02
-1.551300537569520088e+01 1.998038532836053482e+00 3.058725670919280049e-01 2.841341009723739219e+01 3.117247447517247638e-02 7.920242509125471897e-02 5.279984641876352136e-02
-1.517576612839740058e+01 1.995914691723814416e+00 3.048122543652330707e-01 2.837498025339492358e+01 3.148387653804102237e-02 7.930840393062967009e-02 5.130898751666616853e-02
-1.483852688109960027e+01 1.994224027267339938e+00 3.039690113528318305e-01 2.835983927410432770e+01 3.346913744496838455e-02 7.980487696463162139e-02 5.069917856251811294e-02
-1.450128763380186570e+01 1.994805121410236914e+00 3.042587593433949689e-01 2.836161958921963944e+01 3.265266854504285388e-02 8.151648557320223532e-02 5.111763012711159626e-02
-1.416404838650432829e+01 1.995233156888893467e+00 3.044722427549064747e-01 2.836525468159456409e+01 3.189361516361417098e-02 8.342568081296200533e-02 5.339977568175464928e-02
-1.382680913920652088e+01 1.991973117648987657e+00 3.028474537337723094e-01 2.832508796365766912e+01 3.227710245516154236e-02 8.436916168402096294e-02 5.295706844910305633e-02
-1.348956989190871525e+01 1.992869732407823724e+00 3.032940558784574803e-01 2.834306690961152952e+01 3.130967852676014990e-02 8.456162861125880725e-02 5.171606983988444317e-02
-1.315233064461118495e+01 1.992822364101866972e+00 3.032704567472447321e-01 2.834205230710841406e+01 3.174714841733231041e-02 8.481836987089080848e-02 5.543239324420135006e-02
-1.281509139731345037e+01 1.993466145679671397e+00 3.035912403374114721e-01 2.836080421364341575e+01 3.155532142123185918e-02 8.656146938289036030e-02 5.290818500010091574e-02
-1.247785215001564296e+01 1.994931705453405479e+00 3.043218885529721529e-01 2.839569411580616887e+01 3.156733399502944376e-02 8.653217655834299915e-02 5.170026555641072524e-02
-1.214061290271783555e+01 1.995768365990532534e+00 3.047392439384181140e-01 2.841025002156925439e+01 3.120983673125751409e-02 8.679867193157898841e-02 5.328958842992918138e-02
-1.180337365542010097e+01 1.997057489656748563e+00 3.053826476270473655e-01 2.843007895617098768e+01 3.097293465923376538e-02 8.817666271379970278e-02 5.343432658883036368e-02
-1.146613440812257068e+01 1.996102460141123247e+00 3.049059508332970791e-01 2.839034443164089794e+01 3.136972170401074872e-02 8.644141294523489949e-02 5.233629707972400208e-02
-1.112889516082476504e+01 1.997125204390243214e+00 3.054164556824112697e-01 2.841979631530037409e+01 3.138718450326506704e-02 8.592058527494905729e-02 5.176995483889723637e-02
-1.079165591352695763e+01 1.997027756422875555e+00 3.053678030257606091e-01 2.842301885608868517e+01 3.107029161539868328e-02 8.644439610067701507e-02 5.336022315368481317e-02
-1.045441666622943444e+01 1.995463282969338392e+00 3.045870375471072533e-01 2.836277788680791190e+01 3.179919617549392674e-02 8.620492042753397088e-02 5.232199923833965455e-02
-1.011717741893169276e+01 1.993653085749471643e+00 3.036844084083892836e-01 2.833955385123391224e+01 3.157474107614383768e-02 8.510096667157723838e-02 5.181148548782097546e-02
-9.779938171633885347e+00 1.992790323861610702e+00 3.032544944567370226e-01 2.833352373259202039e+01 3.078791262865119768e-02 8.518001284417962837e-02 5.068953700836362208e-02
-9.442698924336077937e+00 1.993572623009477240e+00 3.036443059318374438e-01 2.835167457599774821e+01 3.200830028075694195e-02 8.456810572469443399e-02 5.075056141351793476e-02
-9.105459677038336253e+00 1.993773562089893092e+00 3.037444566325852024e-01 2.833581640618170994e+01 3.196847271798422541e-02 8.627090800109232793e-02 5.311417116937276056e-02
-8.768220429740813060e+00 1.995469267415349357e+00 3.045900229717439789e-01 2.836531548385796953e+01 3.245682191533647010e-02 8.554478416273190999e-02 5.625844752860173492e-02
-8.430981182443007427e+00 1.994842117757746447e+00 3.042772095161212498e-01 2.834950841031128377e+01 3.234669184517069418e-02 8.581541616275238649e-02 5.396502950286732880e-02
-8.093741935145207123e+00 1.993287594985014177e+00 3.035022616135311102e-01 2.832606146399947633e+01 3.206929156930107827e-02 8.614645262260385572e-02 5.290930225496543599e-02
-7.756502687847691035e+00 1.991343986050458925e+00 3.025342053990569546e-01 2.830376322803199685e+01 3.241935000372538067e-02 8.658197765617683950e-02 5.046619948870330330e-02
-7.419263440549935140e+00 1.993462405135928650e+00 3.035893761973690319e-01 2.835787983197700513e+01 3.207274215629084962e-02 8.702880813489859146e-02 5.069660506570529412e-02
-7.082024193252127731e+00 1.992953555485044159e+00 3.033358183467755875e-01 2.834421595825743978e+01 3.161900061732758616e-02 8.631612878393904453e-02 4.851171358186873867e-02
-6.744784945954321209e+00 1.993046790744891883e+00 3.033822722459780241e-01 2.834699113204306897e+01 3.049721477629963040e-02 8.595822569698534366e-02 5.002895168866454412e-02
-6.407545698656564426e+00 1.993232436076653569e+00 3.034747754161737365e-01 2.832686389259178839e+01 3.094762430953980695e-02 8.490266544290134276e-02 5.005352066648934700e-02
-6.070306451359027022e+00 1.995038631393433182e+00 3.043752171321042477e-01 2.835639055958797172e+01 3.118514753957900634e-02 8.592094945925717042e-02 5.040567872444084302e-02
-5.733067204061227606e+00 1.994143418615851315e+00 3.039288245795143117e-01 2.835326941386323440e+01 3.091815657292694419e-02 8.505800576089594944e-02 5.035141355507827265e-02
-5.395827956763478817e+00 1.993512739415369328e+00 3.036144611197816312e-01 2.835496924918626860e+01 3.182584176950269128e-02 8.451731191911077135e-02 5.299325990798840064e-02
-5.058588709465933420e+00 1.993317690980958901e+00 3.035172590512857926e-01 2.834846402095006113e+01 3.086460812224269684e-02 8.548298862289803457e-02 5.238685055798472656e-02
-4.721349462168177524e+00 1.991990965271446923e+00 3.028563416256275787e-01 2.831006655342930856e+01 3.239640901380806681e-02 8.398385483054100764e-02 5.297192546565853560e-02
-4.384110214870370115e+00 1.991155039447854991e+00 3.024401472579621997e-01 2.827582299806545407e+01 3.248511405791940782e-02 8.312670618959741575e-02 5.431984531054229876e-02
-4.046870967572563593e+00 1.991816194242951754e+00 3.027693113042547735e-01 2.830270316568156019e+01 3.177479226591718720e-02 8.236678075620225414e-02 5.305575281341687321e-02
-3.709631720274800148e+00 1.992792869551718082e+00 3.032557626976060128e-01 2.829631882170931334e+01 3.197815648396448718e-02 8.117175800693282595e-02 5.287355559555972917e-02
-3.372392472977240541e+00 1.991369715690661346e+00 3.025470143815723878e-01 2.827974850686245034e+01 3.268713400533398983e-02 8.271411368823532173e-02 5.085031806946361393e-02
-3.035153225679549926e+00 1.993599348844571573e+00 3.036576258565354403e-01 2.832758057784659300e+01 3.133707666835141431e-02 8.118221177151559165e-02 5.169949286130672006e-02
-2.697913978381742961e+00 1.995536435928906727e+00 3.046235315416397915e-01 2.836983375081019787e+01 3.108924940449517282e-02 8.320652252084199951e-02 5.070832102524470975e-02
-2.360674731084183353e+00 1.995913153956813346e+00 3.048114870558070733e-01 2.837776721365201382e+01 2.998278427132563054e-02 8.101890878356325654e-02 5.276409247177474282e-02
-2.023435483786419908e+00 1.995849582888849616e+00 3.047797671133536390e-01 2.837434836979367958e+01 3.068461581525438672e-02 8.086739163914297146e-02 5.151793577602976903e-02
-1.686196236488612943e+00 1.995622066330061006e+00 3.046662518949375675e-01 2.836537253472270947e+01 3.134370434985084275e-02 8.052599244985224336e-02 5.159968122608533242e-02
-1.348956989190805977e+00 1.996642138385606335e+00 3.051752996167028664e-01 2.837342121072529011e+01 3.325583350596419963e-02 8.145125571886933924e-02 5.026610167710211796e-02
-1.011717741893042533e+00 1.996608398098782100e+00 3.051584579875094017e-01 2.839850117143253527e+01 3.155521139731448654e-02 8.316282034916962218e-02 5.163841576721075327e-02
-6.744784945954684918e-01 1.997069935633180915e+00 3.053888614655896339e-01 2.840050869187623306e+01 3.088806069271693086e-02 8.215140599914069752e-02 5.376491718938192915e-02
-3.372392472976614708e-01 1.997278654794278463e+00 3.054930733927478936e-01 2.840683352743909040e+01 3.021036716805129696e-02 8.330209833237611772e-02 5.417686136522895796e-02
0.000000000000000000e+00 1.996543084009372526e+00 3.051258569517909525e-01 2.838299477945432514e+01 3.125380805172796317e-02 8.254869330167383112e-02 5.498434294297492586e-02
