-3.571878703500385654e+01 1.103394643603222702e+00 5.003176205773687824e-03 1.000000000000000000e+00 -1.116242088605325913e-03 -5.296949053513093711e-03 3.246753099830749362e-03
-3.562890908344655116e+01 1.106108102308689833e+00 5.260462295361506557e-03 8.937044558612770029e-01 -2.860386339428075842e-03 1.783197956033305900e-02 7.070992080066452502e-03
-3.553938921137751805e+01 1.104328401937461956e+00 5.091032793591868111e-03 8.002663327845687125e-01 -6.616470351649143128e-03 4.110614085963913006e-02 1.420871815597471270e-02
-3.544986933930849204e+01 1.102859263442854676e+00 4.953125652453191363e-03 7.218828335554836606e-01 -7.147805091398570267e-03 6.195022684364290266e-02 2.236669031049787551e-02
-3.536034946723946604e+01 1.101817215506400549e+00 4.856384679630343371e-03 6.557228173297475760e-01 -6.174577599040689119e-03 7.916607976751974252e-02 2.773858090686940822e-02
-3.527082959517044003e+01 1.099472401835328350e+00 4.641971787673074279e-03 5.988475183871355689e-01 -7.965560238662036316e-03 9.397394082007932969e-02 3.392600543515970901e-02
-3.518130972310140692e+01 1.098506133263383866e+00 4.554937128856031969e-03 5.504054398837135986e-01 -8.868808823710543077e-03 9.993657864285729331e-02 3.629034516034861796e-02
-3.509178985103236670e+01 1.097740898090689088e+00 4.486559088111602422e-03 5.086211953901131899e-01 -9.290314528109647196e-03 1.080446531126476872e-01 4.306764478914150429e-02
-3.500262805845160585e+01 1.096632495429192833e+00 4.388378988586266738e-03 4.732144809787249828e-01 -1.111080099226795757e-02 1.122941040792732881e-01 5.050166785301893335e-02
-3.491310818638255853e+01 1.095988641597540614e+00 4.331816631311921628e-03 4.424614905562234135e-01 -1.130784086306879828e-02 1.142232652136289939e-01 5.462675001034304062e-02
-3.482358831431351831e+01 1.095687082041578719e+00 4.305443367384323428e-03 4.162512201784773214e-01 -1.129826124159076864e-02 1.112375149015511211e-01 6.374782058182874855e-02
-3.473406844224447099e+01 1.094782714721547645e+00 4.226805187972096367e-03 3.931857120007517525e-01 -1.168649815206674811e-02 1.081209070404172273e-01 6.893456711892270716e-02
-3.464454857017543077e+01 1.094060170884820993e+00 4.164467588726225578e-03 3.731488787562537990e-01 -1.120755166640250398e-02 1.026606007000882559e-01 7.215040876136483150e-02
-3.455502869810639055e+01 1.094292749943546861e+00 4.184485814701655038e-03 3.550026848434910121e-01 -1.024917942592128497e-02 9.669655847078142963e-02 7.213384731927902083e-02
-3.446550882603737875e+01 1.093842734385868321e+00 4.145793566065092417e-03 3.406180750697594406e-01 -1.051017860997468037e-02 9.417483013000832459e-02 7.326294285533037354e-02
-3.437598895396837406e+01 1.094950086643934339e+00 4.241307387981452237e-03 3.284756713313145005e-01 -1.064457020289533151e-02 8.887270696712863682e-02 8.060886787696940059e-02
-3.428646908189935516e+01 1.095153391598088444e+00 4.258954489200439397e-03 3.165811193510325583e-01 -1.101283131532613743e-02 8.149646423840690990e-02 8.285323014071596659e-02
-3.419694920983035047e+01 1.095063586334752426e+00 4.251155040166071375e-03 3.072826018588645791e-01 -1.153802759630709503e-02 7.595096027464949551e-02 8.724783830416375785e-02
-3.410707125827305219e+01 1.095280984523841150e+00 4.270047302201152029e-03 2.986591122664860598e-01 -1.295540009322718872e-02 7.250636671334825811e-02 8.906350760126093002e-02
-3.401755138620404040e+01 1.094660987800437191e+00 4.216272650252872456e-03 2.913684800089166860e-01 -1.302342721730875320e-02 6.977337098573210827e-02 9.270185532396842121e-02
-3.392803151413503571e+01 1.094864765584712130e+00 4.233911692338318544e-03 2.845954790432814741e-01 -1.319921125526969316e-02 6.481977996930642083e-02 9.344434423875505602e-02
-3.383851164206601680e+01 1.095610180366860087e+00 4.298729956092525728e-03 2.787134999535944013e-01 -1.260127308439810793e-02 6.017815176494260843e-02 9.707228764443442959e-02
-3.374899176999701211e+01 1.096434973415858272e+00 4.370990068897642744e-03 2.739413892360092473e-01 -1.237462329279113288e-02 5.205397246238317038e-02 9.976049321994155672e-02
-3.365947189792799321e+01 1.097862181600941955e+00 4.497364059235009481e-03 2.693745603363338903e-01 -1.185487076240028179e-02 4.841455222203285697e-02 1.002911055637346061e-01
-3.356995202585898852e+01 1.098753320576994597e+00 4.577128423702142568e-03 2.656226892124605166e-01 -1.264834679242220726e-02 4.707801618124075188e-02 9.949434003593787823e-02
-3.348043215378996962e+01 1.098063196574547318e+00 4.515299064673281015e-03 2.634376828023811123e-01 -1.091928376208739677e-02 4.385252709031006724e-02 1.018085855504538145e-01
-3.339091228172092940e+01 1.099200388158409369e+00 4.617392544422199707e-03 2.606502005742976080e-01 -1.013832151519301547e-02 4.071670325868653739e-02 1.045156428486432310e-01
-3.330139240965186076e+01 1.099377248752632097e+00 4.633366762257770666e-03 2.581743781048722597e-01 -1.166970996380932088e-02 3.745014458669792407e-02 1.048469296535468748e-01
-3.321187253758277791e+01 1.099778264405578465e+00 4.669682733902155714e-03 2.561384243950643458e-01 -1.156049430579585147e-02 3.509724573371198614e-02 1.089975205728834773e-01
-3.312271074500198864e+01 1.099653836136735841e+00 4.658400280240351798e-03 2.541635074718098242e-01 -1.007110113278228240e-02 3.534238118330505773e-02 1.086725237742741657e-01
-3.303319087293290579e+01 1.100173012944154927e+00 4.705561013053069508e-03 2.524132533371857279e-01 -1.037896377248813916e-02 3.414428463947908471e-02 1.064281425158991323e-01
-3.294367100086383715e+01 1.099634712477491894e+00 4.656667389712473848e-03 2.512572091929352047e-01 -9.810014962649698383e-03 3.396724156968582153e-02 1.082302437899606284e-01
-3.285415112879476141e+01 1.101017462000186020e+00 4.782744258087515132e-03 2.496799015773779051e-01 -8.721646042919910247e-03 3.217640471817082015e-02 1.096342303914811661e-01
-3.276463125672567855e+01 1.100610395132811226e+00 4.745464564957058151e-03 2.494893257463099423e-01 -1.035380337658546937e-02 3.322025695455989996e-02 1.148902423948037349e-01
-3.267511138465660991e+01 1.100389926633902338e+00 4.725330884235989792e-03 2.488708347330855775e-01 -1.178636720919265350e-02 3.492654609177770625e-02 1.165467436690337810e-01
-3.258559151258752706e+01 1.100424014849313403e+00 4.728441273878822293e-03 2.481714314487058204e-01 -1.134311752473015321e-02 3.250825639748941565e-02 1.146995587470807931e-01
-3.249607164051845842e+01 1.099428773582467267e+00 4.638025402605355785e-03 2.478259052316230671e-01 -1.191189857973148220e-02 3.113382962186392322e-02 1.135739704646494125e-01
-3.240655176844938268e+01 1.099373193812838823e+00 4.633000226309497149e-03 2.469634476138017065e-01 -1.269549870113187082e-02 3.012948372341223494e-02 1.114443842233064919e-01
-3.231703189638030693e+01 1.099318182687615275e+00 4.628028980100340473e-03 2.463999108604484345e-01 -1.195456880954204847e-02 3.162143114517466241e-02 1.116782176020382350e-01
-3.222751202431123119e+01 1.099555993266710274e+00 4.649537432750122656e-03 2.465932721313348897e-01 -1.081372614663295324e-02 2.734390271626790589e-02 1.109423590696490963e-01
-3.213799215224214834e+01 1.098797998521452435e+00 4.581144797187131079e-03 2.469056727322318789e-01 -1.073090723152927452e-02 2.618461170858816731e-02 1.125670289191696705e-01
-3.204847228017307259e+01 1.098564897455527767e+00 4.560208109960064982e-03 2.466493782382596645e-01 -1.235919380826325936e-02 2.980853961642821945e-02 1.067333669073392555e-01
-3.195895240810401106e+01 1.099131252064031727e+00 4.611155143886255803e-03 2.459303125370991550e-01 -1.268337469509214083e-02 2.604804100733621938e-02 1.072436563990116221e-01
-3.186943253603492465e+01 1.099952243201877344e+00 4.685479611043236181e-03 2.452197999439896525e-01 -1.270260007907405425e-02 2.680868044764707706e-02 1.066455494405482984e-01
-3.177991266396584891e+01 1.099567699507433716e+00 4.650597395811223445e-03 2.450077173736373848e-01 -1.206640888154428444e-02 2.597806180614968541e-02 1.031103543593611394e-01
-3.169039279189678027e+01 1.098047679409145605e+00 4.513913394699850534e-03 2.447780719722963405e-01 -1.144089766457728058e-02 2.778548990915779421e-02 1.026114854636225593e-01
-3.160087291982770452e+01 1.098842239909356477e+00 4.585123555078896018e-03 2.442654011209019482e-01 -1.057376839296657843e-02 2.671004378784915326e-02 1.039041233289721283e-01
-3.151135304775861457e+01 1.098638482717180009e+00 4.566812533749256553e-03 2.444267742905545937e-01 -8.363220744793155303e-03 2.663766150815011918e-02 1.058812975566236908e-01
-3.142183317568956014e+01 1.098426223115682054e+00 4.547774007256352724e-03 2.442487851121452891e-01 -1.178373340246778936e-02 2.628316950524275247e-02 1.048230510214559486e-01
-3.133231330362048084e+01 1.099267637231479355e+00 4.623463494986587707e-03 2.435757718137272765e-01 -1.223839157811041321e-02 2.472365870752362554e-02 1.058022547980937006e-01
-3.124279343155139443e+01 1.099343336193757459e+00 4.630301741819359274e-03 2.438641664519812791e-01 -1.269089278758098356e-02 2.786075344762371092e-02 1.082893761115289871e-01
-3.115327355948231514e+01 1.100217718896470354e+00 4.709632407446887048e-03 2.433387979790017086e-01 -1.159484057341959341e-02 2.528089823755798327e-02 1.060822079048734240e-01
-3.106375368741334597e+01 1.099719142371741176e+00 4.664320285022185986e-03 2.431859358318216036e-01 -1.293581673774913884e-02 2.521021382261548829e-02 1.056805132699866201e-01
-3.097423381534440878e+01 1.099985314392632585e+00 4.688485229579333891e-03 2.430377574348614178e-01 -1.254386527602294014e-02 2.377248921163750001e-02 1.083723386172442821e-01
-3.088471394327546093e+01 1.100748096267295084e+00 4.758060101964250999e-03 2.425655329763150014e-01 -1.162711591457015782e-02 2.473854675795222544e-02 1.126515333392675150e-01
-3.079519407120650243e+01 1.099372813760087553e+00 4.632965873106936749e-03 2.431869095776235112e-01 -1.262383051702071352e-02 2.466168978498169129e-02 1.108612042617497795e-01
-3.070567419913755103e+01 1.099732844416612343e+00 4.665562821839844276e-03 2.433632965670967097e-01 -1.384154135298680532e-02 2.675020733670457548e-02 1.117497537740288621e-01
-3.061615432706861739e+01 1.099595176011649134e+00 4.653085751560953609e-03 2.430907500520785580e-01 -1.156338909944350582e-02 2.589761458582921089e-02 1.094040759206782593e-01
-3.052663445499966954e+01 1.100414355094184726e+00 4.727559769130237899e-03 2.429280576702687600e-01 -1.562447323011217221e-02 2.894856501854265601e-02 1.103369720450077252e-01
-3.043711458293070748e+01 1.100150542959243305e+00 4.703515283339843034e-03 2.433245869117873772e-01 -1.342932779278172874e-02 2.865479520269317848e-02 1.107986851008537221e-01
-3.034759471086175608e+01 1.101123941643072479e+00 4.792518355368882710e-03 2.424677341502663175e-01 -1.384509089360408396e-02 2.956065331541165783e-02 1.104682590119426822e-01
-3.025807483879282955e+01 1.101189670851438596e+00 4.798556511549936787e-03 2.421471821558867366e-01 -1.254359433658152646e-02 3.011104913997390831e-02 1.122680331882603827e-01
-3.016855496672387460e+01 1.100920209449289811e+00 4.773825316466834279e-03 2.423834299427917727e-01 -1.142999510072439419e-02 3.189883031982514161e-02 1.107916136033081922e-01
-3.007903509465491609e+01 1.100771949312365772e+00 4.760243532788629994e-03 2.421943213938673733e-01 -1.182393964962857348e-02 3.189634645610142649e-02 1.067671854522647817e-01
-2.998915714309768177e+01 1.101131435428603034e+00 4.793206585459675040e-03 2.422305140550807534e-01 -1.149683361051885219e-02 3.070775005667971194e-02 1.090842670812168375e-01
-2.989963727102875524e+01 1.101362871383332109e+00 4.814484489050918636e-03 2.419813050272789923e-01 -1.241660840288896610e-02 3.383499969779000388e-02 1.082610519576005376e-01
-2.981011739895980384e+01 1.101115468545807552e+00 4.791740240970732145e-03 2.424547503942692805e-01 -1.113864343205746635e-02 3.754838313560075053e-02 1.090901482115572974e-01
-2.972059752689084178e+01 1.100365315911773667e+00 4.723085867892246048e-03 2.426088012626946566e-01 -1.145710033748024818e-02 3.488169982227042054e-02 1.101641256866042057e-01
-2.963107765482189038e+01 1.099125148989786860e+00 4.610604719679806118e-03 2.426610213439198416e-01 -1.143573071746610895e-02 3.265440114584534925e-02 1.108988415555834106e-01
-2.954155778275296029e+01 1.098048687451946615e+00 4.514003406018970987e-03 2.425543251560821068e-01 -1.080185550058009036e-02 2.964221973767101892e-02 1.074056766465553703e-01
-2.945203791068400534e+01 1.098521056496403858e+00 4.556275429391090648e-03 2.429377326331335907e-01 -1.017283536437341672e-02 2.899389969510769716e-02 1.071814848479201721e-01
-2.936251803861505039e+01 1.098502873999573692e+00 4.554644865908757945e-03 2.427452757349584378e-01 -1.033100790425584697e-02 3.069898488553333277e-02 1.071589199229422140e-01
-2.927299816654609899e+01 1.098535536413348890e+00 4.557574150192186813e-03 2.429122311231561582e-01 -1.131140524634890315e-02 2.904106578751694187e-02 1.079633631463760984e-01
-2.918347829447716180e+01 1.099215189089501665e+00 4.618728386160411703e-03 2.426590023130353324e-01 -1.136032372533096572e-02 2.978338174461111695e-02 1.106805661683516878e-01
-2.909395842240821750e+01 1.099690745602059483e+00 4.661745686858898008e-03 2.423791417454506103e-01 -1.026701854878595520e-02 2.999364645174032451e-02 1.083899972932015759e-01
-2.900443855033926255e+01 1.099814063142606324e+00 4.672931132776281249e-03 2.422083505811941651e-01 -9.139260001000204872e-03 2.666634252104855760e-02 1.105875588020171774e-01
-2.891491867827030049e+01 1.099276745704591329e+00 4.624286055671486539e-03 2.425268745654698410e-01 -1.064147261443465324e-02 3.047003091465550970e-02 1.127956269841609294e-01
-2.882539880620137396e+01 1.098404602298942434e+00 4.545836833417388201e-03 2.428982336389099161e-01 -1.062892690282372585e-02 3.405641354354682626e-02 1.114556778188310060e-01
-2.873587893413241190e+01 1.098386133470219184e+00 4.544182377062860878e-03 2.425090085421053865e-01 -1.101590039626786088e-02 2.908474595232963741e-02 1.125067081010566183e-01
-2.864635906206346050e+01 1.098501814492918838e+00 4.554549860295173391e-03 2.419447063278351850e-01 -1.228305929354588620e-02 2.503667768821534953e-02 1.108163179212923316e-01
-2.855683918999451620e+01 1.097805403466946883e+00 4.492304258555845919e-03 2.421038465269129691e-01 -1.253255261352463450e-02 2.563118616382511344e-02 1.146189384285722923e-01
-2.846731931792556836e+01 1.098402830182579226e+00 4.545678073179085232e-03 2.415925816058889508e-01 -1.117302624918080009e-02 2.597377506670665859e-02 1.145450873780948647e-01
-2.837779944585663117e+01 1.099180843099627936e+00 4.615628804462118540e-03 2.410584283891435420e-01 -1.263914232975693087e-02 2.717144399804950761e-02 1.138817992941728169e-01
-2.828827957378767977e+01 1.098753766164318302e+00 4.577168472107318031e-03 2.412533493612368241e-01 -1.198648029564623740e-02 2.930279094752274993e-02 1.104987567212932648e-01
-2.819875970171871415e+01 1.098568716499575659e+00 4.560550766387616584e-03 2.415128895690188404e-01 -1.122180496648331020e-02 2.728923430722576815e-02 1.107325401921407937e-01
-2.810923982964978762e+01 1.099913180598955487e+00 4.681930637731021583e-03 2.414287430566371961e-01 -9.781702552334868572e-03 2.883755564245783429e-02 1.107844860557425509e-01
-2.801971995758081846e+01 1.100593052474966749e+00 4.743879340041987080e-03 2.416649214360387377e-01 -8.899276265331353478e-03 2.568521479565167784e-02 1.108040266030537735e-01
-2.793020008551187416e+01 1.101678970859724105e+00 4.843617578786013622e-03 2.415215411732715145e-01 -8.429441423467475686e-03 2.845964726254569810e-02 1.122001722167363102e-01
-2.784068021344293697e+01 1.101974846149833320e+00 4.870961314979313506e-03 2.418106973315604924e-01 -9.501347219727881988e-03 3.070502369777250093e-02 1.139448803501679902e-01
-2.775116034137397847e+01 1.101707973050024547e+00 4.846294669555231693e-03 2.420935949187074665e-01 -8.974985905062668468e-03 2.990739473601440254e-02 1.126851461635049179e-01
-2.766164046930504128e+01 1.102194179651868833e+00 4.891277863058970943e-03 2.416943781999806029e-01 -8.968353496420037110e-03 2.953515071637638489e-02 1.125206337616930508e-01
-2.757212059723609698e+01 1.101347250265289679e+00 4.813046915079194354e-03 2.423141831042329442e-01 -1.011482635364669737e-02 2.977591507871308815e-02 1.128692376991523028e-01
-2.748260072516712427e+01 1.101620867020992156e+00 4.838256301684995542e-03 2.427567599770850959e-01 -1.142974593053283291e-02 2.889572467746112650e-02 1.138866474154288100e-01
-2.739308085309820484e+01 1.101885830098283447e+00 4.862727186313808847e-03 2.426317256891380170e-01 -1.134512316084993269e-02 3.090204856152233351e-02 1.136131831455362284e-01
-2.730356098102922857e+01 1.102276196787694618e+00 4.898885166264466129e-03 2.426451691580266967e-01 -1.091577213252480950e-02 2.873379291085986428e-02 1.128412990304675095e-01
-2.721404110896028783e+01 1.101541187856958093e+00 4.830908779249784568e-03 2.428951434095508732e-01 -1.350999012895715695e-02 2.865828921862538514e-02 1.136061632781129316e-01
-2.712452123689135419e+01 1.101738307367837955e+00 4.849095465825681295e-03 2.426536835073914711e-01 -1.379940485771502523e-02 2.711799220583476985e-02 1.125179708026729369e-01
-2.703500136482239213e+01 1.102364227231333871e+00 4.907056379593904838e-03 2.420402946301653813e-01 -1.089748718501610397e-02 2.662360142005017888e-02 1.106153658985765675e-01
-2.694548149275345494e+01 1.102678016394358140e+00 4.936234972412967270e-03 2.419331611041092567e-01 -1.028779902220662568e-02 2.527592336081542490e-02 1.105193658521685940e-01
-2.685596162068451775e+01 1.102312184394234285e+00 4.902224858254602968e-03 2.413927979591030393e-01 -1.086944299536404986e-02 2.617378572821114913e-02 1.128986880312656121e-01
-2.676644174861553793e+01 1.102268766057162619e+00 4.898195718543441046e-03 2.412457815022974184e-01 -1.184726271361246502e-02 2.834411628585918261e-02 1.136828928718512932e-01
-2.667692187654661851e+01 1.101947496687753381e+00 4.868430751051783245e-03 2.418920347776661595e-01 -1.106181233425419796e-02 2.526921282961288803e-02 1.122750928291254557e-01
-2.658740200447763868e+01 1.102447231978538555e+00 4.914766936089290383e-03 2.416296344948921371e-01 -1.018304251565319528e-02 2.564131732701034616e-02 1.111914328285310699e-01
-2.649788213240870149e+01 1.101899477800392546e+00 4.863989197257473363e-03 2.419078316176823396e-01 -9.329540014474056384e-03 2.723353766795649084e-02 1.120434020267280367e-01
-2.640836226033977141e+01 1.101146711757359231e+00 4.794609708621055955e-03 2.420880698611790616e-01 -1.174909780466112247e-02 2.573889391299198637e-02 1.135835851314403594e-01
-2.631884238827080225e+01 1.100701703978165469e+00 4.753814846240808634e-03 2.423240082388163630e-01 -1.215004456273727912e-02 2.586095278337845194e-02 1.102879833009872551e-01
-2.622932251620186506e+01 1.101137312480508390e+00 4.793746366960643934e-03 2.424943214902968713e-01 -1.173411668694226626e-02 2.849860695261258875e-02 1.101205740365951147e-01
-2.613980264413293497e+01 1.102018555726744564e+00 4.875006910247281500e-03 2.421425363359550886e-01 -1.384863998796175867e-02 2.606175375488649706e-02 1.104960704536878668e-01
-2.605028277206394804e+01 1.102287345026485843e+00 4.899919621914605727e-03 2.422300742286023212e-01 -1.292951888103942293e-02 2.469204516687371204e-02 1.119243393592781327e-01
-2.596076289999503217e+01 1.101312721227367897e+00 4.809870004468475013e-03 2.424356406871102099e-01 -1.099426807967966366e-02 2.548502292912675771e-02 1.117966872234535808e-01
-2.587124302792604880e+01 1.101256845696872988e+00 4.804731151121899302e-03 2.433695678905369308e-01 -1.088324528621264012e-02 2.831326221033894988e-02 1.136713902150512795e-01
-2.578172315585711516e+01 1.102320914133835261e+00 4.903035148939693944e-03 2.432945639631829970e-01 -1.087143290852893990e-02 3.031774110619841686e-02 1.120730317747687388e-01
-2.569220328378818508e+01 1.101996691933526673e+00 4.872983082512216679e-03 2.432138255066448040e-01 -1.041414955911211873e-02 2.935093746833987438e-02 1.132852998369564962e-01
-2.560268341171921236e+01 1.101804523574328565e+00 4.855211904269365886e-03 2.433833058494857537e-01 -9.827914814883414313e-03 2.720173085252523132e-02 1.139242327393126253e-01
-2.551316353965027872e+01 1.100420878827579774e+00 4.728155086536192653e-03 2.442478996424266025e-01 -1.159151785194542129e-02 2.623309397997454495e-02 1.147732083975742112e-01
-2.542364366758134864e+01 1.100260710966051825e+00 4.713549275014550233e-03 2.443046568528240148e-01 -1.081633975695831147e-02 2.583843660103173762e-02 1.128841836859470898e-01
-2.533412379551236171e+01 1.100494413405623595e+00 4.734867848828469561e-03 2.439679104032369539e-01 -1.174277311066947160e-02 3.075360342258203969e-02 1.078871305695903587e-01
-2.524460392344344584e+01 1.100131352164693599e+00 4.701768430489347561e-03 2.438851858879492740e-01 -1.050299735992413913e-02 2.912930202727409199e-02 1.084016027302715790e-01
-2.515508405137446246e+01 1.101391148929040664e+00 4.817087315340640163e-03 2.434883423683472381e-01 -1.108562173356610059e-02 2.861431787315877120e-02 1.061738555509606080e-01
-2.506556417930552882e+01 1.101405648758404965e+00 4.818422217844939293e-03 2.435488703878650463e-01 -1.038552489823848374e-02 3.027016708466035919e-02 1.105122853165828173e-01
-2.497604430723659874e+01 1.102646833681936611e+00 4.933331733124421414e-03 2.431098796521075356e-01 -9.479717850117100331e-03 3.108205781015530716e-02 1.114097740702515299e-01
-2.488652443516762602e+01 1.102871608966354833e+00 4.954277132604975598e-03 2.430360594900893012e-01 -8.917228987613131166e-03 3.034630911432946096e-02 1.095959644515663578e-01
-2.479700456309869239e+01 1.102578063694153787e+00 4.926931790126543032e-03 2.430448799836578966e-01 -9.783698512392401472e-03 3.063122007442296846e-02 1.086649021699258449e-01
-2.470748469102976586e+01 1.100375755642625464e+00 4.724038130193730645e-03 2.440995442711807739e-01 -9.848516369888329902e-03 2.818785250238254811e-02 1.082237877672406756e-01
-2.461796481896077537e+01 1.100971204796164837e+00 4.778501079592892276e-03 2.439906878694723946e-01 -1.024098049476712506e-02 2.857293524303632093e-02 1.110346358732051952e-01
-2.452844494689185950e+01 1.100065128267870618e+00 4.695742699995550384e-03 2.431319379787488799e-01 -9.195399596330408598e-03 2.723380743726720732e-02 1.110239327704843626e-01
-2.443892507482287613e+01 1.098139359855301311e+00 4.522103277829855883e-03 2.435615346095248435e-01 -7.990718954154164486e-03 2.889623684278294635e-02 1.091357243332495702e-01
-2.434940520275394249e+01 1.097380751300672141e+00 4.454546088172542384e-03 2.436069282832979410e-01 -8.330371602792548125e-03 2.980743292022066532e-02 1.129360959729471259e-01
-2.425988533068501241e+01 1.098012078773233036e+00 4.510735042181926446e-03 2.438797824400777137e-01 -9.850621415814756268e-03 2.965801303600767644e-02 1.095237215384892021e-01
-2.417036545861603969e+01 1.097826143871132309e+00 4.494152235902909576e-03 2.437694317090027540e-01 -1.144783683068522143e-02 3.073700381842149262e-02 1.045212088606728568e-01
-2.408084558654710605e+01 1.098073376298594805e+00 4.516208214045858149e-03 2.439066010256970285e-01 -1.103118150567466461e-02 3.035594194759462516e-02 1.062845022609506529e-01
-2.399132571447818307e+01 1.098579952362123136e+00 4.561558952759323105e-03 2.435901587038862837e-01 -1.208338805583941689e-02 2.629701950532868995e-02 1.050991800627411321e-01
-2.390180584240918904e+01 1.098993925107330183e+00 4.598777355964006608e-03 2.434991289833579875e-01 -1.090047741180748958e-02 2.633065012035415431e-02 1.062432288680898312e-01
-2.381228597034027317e+01 1.098360965809064949e+00 4.541928287674440456e-03 2.439753035348573573e-01 -1.150932349027753397e-02 2.664805101844125446e-02 1.059894039431629742e-01
-2.372276609827127913e+01 1.098540343586649648e+00 4.558005349641042203e-03 2.443066918224132689e-01 -1.359442488535218124e-02 2.519102604641074161e-02 1.081177356127722422e-01
-2.363324622620235615e+01 1.097632465103717925e+00 4.476909286613331429e-03 2.439318562994321760e-01 -1.314216274074497814e-02 2.369013821649846793e-02 1.070893621395908879e-01
-2.354372635413342252e+01 1.097459565573363438e+00 4.461542587042899299e-03 2.435608406272577464e-01 -1.219552385668750023e-02 2.326798211045336476e-02 1.093753457017458824e-01
-2.345420648206444980e+01 1.097968552424976263e+00 4.506850526502445553e-03 2.433487703275927783e-01 -9.882226647814936274e-03 2.431996346105411849e-02 1.132993426622927180e-01
-2.336468660999551616e+01 1.098842348780397105e+00 4.585133348170677969e-03 2.431567048940333764e-01 -1.159434137025963478e-02 2.508056929374207628e-02 1.159433568070841192e-01
-2.327516673792659674e+01 1.098720767218002603e+00 4.574203044557717535e-03 2.429248935090524975e-01 -1.110332383442717147e-02 2.640189499489909233e-02 1.172408776042855455e-01
-2.318564686585760271e+01 1.098353518120683159e+00 4.541261351580935801e-03 2.430222771517901170e-01 -1.190824749405077626e-02 2.560107158152537601e-02 1.153558348173897713e-01
-2.309612699378867973e+01 1.098425612304246846e+00 4.547719274683961754e-03 2.425529639001218207e-01 -1.018904344784424092e-02 2.749673358754198271e-02 1.153908212634609659e-01
-2.300660712171970346e+01 1.099216274379873237e+00 4.618826344982548959e-03 2.421685100175273164e-01 -1.091469770922883810e-02 2.700931143660032993e-02 1.135029642812328959e-01
-2.291708724965076982e+01 1.099181411259068764e+00 4.615680070529537549e-03 2.418840296771795351e-01 -9.806127736380659127e-03 2.690948796372416921e-02 1.135095648195687396e-01
-2.282756737758182908e+01 1.098862620321017447e+00 4.586956970707448122e-03 2.416061416472476686e-01 -9.197256789121262266e-03 2.618551218286909593e-02 1.137659170617580512e-01
-2.273804750551287412e+01 1.098568733748949144e+00 4.560552314082103043e-03 2.419089163858765268e-01 -1.036157067496426033e-02 2.391138340339582155e-02 1.142051403871626597e-01
-2.264852763344393338e+01 1.098718838098214912e+00 4.574029713446101097e-03 2.416776541900519937e-01 -1.073568017763013201e-02 2.415227890338216346e-02 1.136822500587495455e-01
-2.255900776137499619e+01 1.098295921332036906e+00 4.536105145965363405e-03 2.422348104060243756e-01 -1.016360105612775129e-02 2.754932823521738169e-02 1.126051055166876896e-01
-2.246948788930603058e+01 1.099488928309515723e+00 4.643467097863937521e-03 2.421920323488641336e-01 -1.039239490113518828e-02 2.838485617566088859e-02 1.118106101380745288e-01
-2.237996801723710050e+01 1.098913193969818014e+00 4.591508046613512750e-03 2.426117979297406357e-01 -1.044661645120249262e-02 2.602894288484239316e-02 1.138952936230222535e-01
-2.229044814516810646e+01 1.098743595235759152e+00 4.576254372464436115e-03 2.424134502720172724e-01 -1.171935495371553490e-02 2.463623270502415114e-02 1.099652048657043524e-01
-2.220092827309919770e+01 1.098271596597071298e+00 4.533928362080746899e-03 2.427436345708984533e-01 -1.197916739025686912e-02 2.625207602317117944e-02 1.091463684670300194e-01
-2.211140840103025695e+01 1.098163601877720774e+00 4.524270001128177787e-03 2.429623345109861998e-01 -1.246976572723804480e-02 2.639492186052015341e-02 1.108618442843793406e-01
-2.202188852896127358e+01 1.098489445819642141e+00 4.553440834246261226e-03 2.425601107488173369e-01 -1.177834142085337245e-02 2.532520002457691599e-02 1.097580474342412793e-01
-2.193236865689232928e+01 1.099350015112483980e+00 4.630905307907398627e-03 2.423757017847756878e-01 -1.203829866856018747e-02 2.357766726810834462e-02 1.123987437591251193e-01
-2.184284878482342407e+01 1.099619765625984957e+00 4.655313191221352453e-03 2.424810390551264405e-01 -9.364689016519416737e-03 2.557122635470771704e-02 1.128613135888104635e-01
-2.175332891275443004e+01 1.100640269333617693e+00 4.748195831711946036e-03 2.417402415129644710e-01 -8.016363875415538978e-03 2.157866792367626324e-02 1.131612070151828964e-01
-2.166380904068549285e+01 1.100913037821641405e+00 4.773167922044144196e-03 2.420797855692628509e-01 -1.034451429526170828e-02 2.571115163561375760e-02 1.111350434651926372e-01
-2.157428916861654145e+01 1.100395866318699234e+00 4.725872783554699308e-03 2.420970646704101170e-01 -1.076658911056392609e-02 2.810274404857321731e-02 1.136418397783204165e-01
-2.148476929654759715e+01 1.100204242987091297e+00 4.708404975507757273e-03 2.423862403195080895e-01 -1.068617021878286513e-02 3.241931922923613207e-02 1.123870835395619494e-01
-2.139524942447864930e+01 1.100258310255437522e+00 4.713330513832325597e-03 2.420273304853166885e-01 -1.024841624580158372e-02 3.150556442175498489e-02 1.131910863525503602e-01
-2.130572955240970856e+01 1.100244842385551092e+00 4.712103362501954273e-03 2.426352564689219504e-01 -1.081238928994351575e-02 3.274246312072424253e-02 1.176149909344856026e-01
-2.121620968034076071e+01 1.100654180132323523e+00 4.749467886237604408e-03 2.424147867821929148e-01 -1.087970663587124742e-02 3.297404824612933105e-02 1.151683943850498049e-01
-2.112668980827181642e+01 1.100667756253396412e+00 4.750709490628793330e-03 2.421513726731238658e-01 -1.237977433982298363e-02 3.020949649126885433e-02 1.121380108331891251e-01
-2.103716993620287212e+01 1.101651784306662885e+00 4.841108712448735640e-03 2.419774028585922887e-01 -1.210175216323204281e-02 2.860823760864632248e-02 1.119210829842426924e-01
-2.094765006413393138e+01 1.102688336418554460e+00 4.937195985410786081e-03 2.420003173928667317e-01 -1.040409699596840827e-02 2.980528511555979518e-02 1.087708832745768323e-01
-2.085813019206493379e+01 1.101549973439598817e+00 4.831718675005536312e-03 2.421414837104811923e-01 -9.788716635853081383e-03 3.208721581396987294e-02 1.120052019136243554e-01
-2.076861031999603568e+01 1.101090193592093591e+00 4.789419504612230094e-03 2.425652899322775780e-01 -9.518824000753108028e-03 3.080934115745688137e-02 1.142741363575744962e-01
-2.067909044792708784e+01 1.100736060951268858e+00 4.756958606185496263e-03 2.423135331855464092e-01 -9.677233124033591052e-03 2.755938430967736635e-02 1.099984965252093216e-01
-2.058957057585809736e+01 1.099703321882042895e+00 4.662885835255453637e-03 2.430853490867047051e-01 -8.699073394916099697e-03 2.952432863296643867e-02 1.125004495593548565e-01
-2.050005070378914951e+01 1.100058503623077666e+00 4.695140121141930245e-03 2.427735261754568330e-01 -1.105129532706573825e-02 3.099697863437652842e-02 1.145226803508401225e-01
-2.041053083172025495e+01 1.099976585589373501e+00 4.687691839437360675e-03 2.427816752200863681e-01 -1.016996326811593979e-02 2.826678292330529751e-02 1.138755946090582311e-01
-2.032101095965125737e+01 1.100700392678640283e+00 4.753694877937836294e-03 2.422442004768400881e-01 -1.064568432507878755e-02 2.955299907609148721e-02 1.154021233786560047e-01
-2.023149108758231307e+01 1.100915266911707047e+00 4.773372249269880463e-03 2.420864803121313413e-01 -9.698496742982086471e-03 2.609899399908303247e-02 1.161988162811211506e-01
-2.014197121551337233e+01 1.102668040042854791e+00 4.935306045892470794e-03 2.413940194958511531e-01 -1.052768814666684566e-02 2.612765171424893257e-02 1.144051001310119747e-01
-2.005245134344442448e+01 1.102206399989455354e+00 4.892410980201530868e-03 2.414490820229508450e-01 -9.813097682903129670e-03 2.494047083040278404e-02 1.104771241999078085e-01
-1.996293147137546597e+01 1.101830096705012085e+00 4.857575079500811577e-03 2.419501969639631378e-01 -8.505798606130238193e-03 2.413120872344210258e-02 1.120455926684449793e-01
-1.987341159930654300e+01 1.102097837387387314e+00 4.882348939276540123e-03 2.422671534319458531e-01 -9.228561505548462177e-03 2.440574640064745518e-02 1.115323426707126725e-01
-1.978389172723758804e+01 1.102540410740931787e+00 4.923429340527987752e-03 2.425866303230693188e-01 -1.045668287409976319e-02 2.540684584795324663e-02 1.142034801690090945e-01
-1.969437185516863309e+01 1.102664592296985768e+00 4.934985035481370685e-03 2.425860285781051839e-01 -1.173965248289465281e-02 2.418991078531841643e-02 1.099236440691314515e-01
-1.960485198309970301e+01 1.102409682394126067e+00 4.911278141899816374e-03 2.425571494974007314e-01 -1.269878296689768565e-02 2.396938301521932269e-02 1.094005943415763543e-01
-1.951533211103075871e+01 1.101291715687414685e+00 4.807937830210717856e-03 2.425988707883929840e-01 -1.408162806142233131e-02 2.414888546249385759e-02 1.108646949735872939e-01
-1.942581223896175757e+01 1.101020045915007239e+00 4.782981332937183416e-03 2.422599415879311269e-01 -1.316125051398693568e-02 2.539943067347524841e-02 1.062769270564660196e-01
-1.933629236689287012e+01 1.100322955002445369e+00 4.719222832064162709e-03 2.425281062811664445e-01 -1.252412046782571710e-02 2.566946527402683143e-02 1.078673198506023001e-01
-1.924677249482391161e+01 1.100303979726822146e+00 4.717492892598762477e-03 2.424897097588770978e-01 -1.144676368574108066e-02 2.536917253868003694e-02 1.074118782821411183e-01
-1.915725262275492469e+01 1.100337925810085826e+00 4.720587901745426640e-03 2.428561793204900565e-01 -1.306743966309177087e-02 2.825386047188627181e-02 1.083547482264533568e-01
-1.906773275068596618e+01 1.100613375430640861e+00 4.745737007393252549e-03 2.426880077414891590e-01 -1.165483068924353001e-02 2.686175943822641243e-02 1.113815350622592987e-01
-1.897821287861707873e+01 1.100877869398677600e+00 4.769944787664709418e-03 2.422111972906156041e-01 -1.266295709782119285e-02 2.571451590505346649e-02 1.098354354105755132e-01
-1.888869300654807759e+01 1.101059773893389382e+00 4.786627078487357134e-03 2.419304990675952560e-01 -1.132784628128289360e-02 2.670637074774266650e-02 1.098461408534887468e-01
-1.879917313447912974e+01 1.100804751870707143e+00 4.763246940070506308e-03 2.416053271027635840e-01 -1.093972203957555706e-02 2.486200754969726881e-02 1.053895856706967976e-01
-1.870965326241020676e+01 1.100027126577450831e+00 4.692286552236413222e-03 2.424738919118023250e-01 -1.102110971292903641e-02 2.504627914622805165e-02 1.120351907417740378e-01
-1.862013339034125181e+01 1.100464858451907224e+00 4.732169324575416502e-03 2.420171532176378648e-01 -8.832193480614926664e-03 2.697025605240075535e-02 1.094641517460484131e-01
-1.853061351827228975e+01 1.099337957973302693e+00 4.629815745143497918e-03 2.422889231569630153e-01 -9.856692909470610164e-03 2.586621068853810212e-02 1.100860885960633639e-01
-1.844109364620337743e+01 1.099276921646428429e+00 4.624301945161710115e-03 2.422259593610585071e-01 -1.158487068773496678e-02 2.900202221987943640e-02 1.092792419298531520e-01
-1.835157377413441182e+01 1.099275038283910044e+00 4.624131858065247402e-03 2.425130850498385393e-01 -1.043791152333840150e-02 2.916020569311541383e-02 1.085764956011123772e-01
-1.826205390206545687e+01 1.100016406658546719e+00 4.691311821318128183e-03 2.418309702798908944e-01 -1.073661426830181849e-02 2.803407624096950976e-02 1.092476738317282453e-01
-1.817253402999653744e+01 1.099059603872291291e+00 4.604695278784806667e-03 2.426480026116585587e-01 -1.037280149123714044e-02 3.075247646342132643e-02 1.116401331607183023e-01
-1.808301415792758249e+01 1.098597501637751828e+00 4.563133846712905117e-03 2.426584853406395237e-01 -9.570946126939898144e-03 3.115517626620235847e-02 1.150924033536051411e-01
-1.799349428585858135e+01 1.099674324805735015e+00 4.660257196721986905e-03 2.424962752333545135e-01 -1.039407965025903463e-02 3.044144845383024364e-02 1.148961592725409597e-01
-1.790397441378970811e+01 1.101511200195683715e+00 4.828144856674362884e-03 2.417780615054797577e-01 -1.064354830978658101e-02 2.748947502948262053e-02 1.136985670294820561e-01
-1.781445454172074250e+01 1.101567536572199302e+00 4.833337916714100513e-03 2.424525627781053405e-01 -1.065162551444597851e-02 3.013180414341636720e-02 1.145038175830788985e-01
-1.772493466965174846e+01 1.101349034631229351e+00 4.813211115813245677e-03 2.425980821080971628e-01 -1.115216699574834124e-02 2.859499285118833473e-02 1.098902875922283390e-01
-1.763541479758278285e+01 1.100817683417513182e+00 4.764431198514190724e-03 2.424433475353751921e-01 -1.032557158078045538e-02 2.860248311811250388e-02 1.136667857560651196e-01
-1.754589492551390961e+01 1.099739252967575798e+00 4.666144019075016414e-03 2.423473820612579155e-01 -1.005599232740222830e-02 2.853220652811432057e-02 1.089183511769387519e-01
-1.745637505344490847e+01 1.099667716116398797e+00 4.659658204116221003e-03 2.422438866743165664e-01 -1.079154549075731634e-02 2.901978597399122728e-02 1.114384344788310055e-01
-1.736685518137594997e+01 1.098875871190625908e+00 4.588149199435939685e-03 2.420833145443781753e-01 -9.974723164342341394e-03 2.927708911920356982e-02 1.084077181500916059e-01
-1.727733530930704120e+01 1.098677466260560065e+00 4.570313202304429612e-03 2.424080939453416850e-01 -1.156115083097236478e-02 2.716257205652411119e-02 1.082069521074975754e-01
-1.718781543723807559e+01 1.099113862363871652e+00 4.609586882424077103e-03 2.427139810319195457e-01 -1.054146650128412639e-02 2.851070422625401335e-02 1.107610455811199324e-01
-1.709829556516911353e+01 1.098868485498230907e+00 4.587484664005839208e-03 2.428526906977552247e-01 -1.126620334045957787e-02 2.910246435755169461e-02 1.077283609959319433e-01
-1.700877569310020831e+01 1.098700391317986469e+00 4.572372428805884792e-03 2.431101653252441819e-01 -1.102445229067234786e-02 2.708499372608808020e-02 1.105329009552032393e-01
-1.691925582103123915e+01 1.098945776908006211e+00 4.594441276952090925e-03 2.427927925317114599e-01 -8.976908700620315693e-03 2.716953793937746525e-02 1.131226163331350426e-01
-1.682973594896227709e+01 1.098910865620885247e+00 4.591298474133850838e-03 2.420727657666759403e-01 -9.558270083504641357e-03 2.608748688206612848e-02 1.092239048295500087e-01
-1.674021607689336832e+01 1.098916469850709232e+00 4.591802913147563503e-03 2.427072106034315335e-01 -1.152740443529706900e-02 2.536730260881699811e-02 1.122013562476312787e-01
-1.665069620482441337e+01 1.099508160000312929e+00 4.645207459636715996e-03 2.426252963040138599e-01 -1.075382576370032157e-02 2.706402631458065117e-02 1.114734127327301205e-01
-1.656117633275540513e+01 1.099541643379642553e+00 4.648238250506767089e-03 2.426705323804641268e-01 -9.468596899915814741e-03 2.761683250817304272e-02 1.125693003951446225e-01
-1.647165646068653899e+01 1.100997082408330829e+00 4.780874618319164160e-03 2.422386958900965837e-01 -1.037918993423847525e-02 2.724817042795995778e-02 1.124171831412904832e-01
-1.638213658861756983e+01 1.100612814825115526e+00 4.745685759359505318e-03 2.427275057563655081e-01 -9.621594836936180756e-03 2.770779108258003554e-02 1.100710131982544776e-01
-1.629261671654857224e+01 1.100930077543264662e+00 4.774729954539883026e-03 2.424272772824393740e-01 -1.078078571520677507e-02 2.750965192442780816e-02 1.095928744968008989e-01
-1.620309684447960663e+01 1.101129169273195929e+00 4.792998456611519131e-03 2.421159240819066027e-01 -1.111251918824808504e-02 2.624568314927566703e-02 1.112663048338372873e-01
-1.611357697241074050e+01 1.100940129869612649e+00 4.775651564359509327e-03 2.421236146417272139e-01 -1.287438227147798264e-02 2.680815089585008790e-02 1.102425954028484895e-01
-1.602405710034173225e+01 1.101577196179251983e+00 4.834228597323464438e-03 2.420621689237287544e-01 -1.156787415692535521e-02 2.365886913980316808e-02 1.116149079746278500e-01
-1.593453722827277197e+01 1.101692196032130644e+00 4.844838262248143956e-03 2.423127409781689334e-01 -1.106866484996807225e-02 2.730017398579114365e-02 1.169940028299693846e-01
-1.584501735620386853e+01 1.101624180631129990e+00 4.838561975741131893e-03 2.422861527874287935e-01 -1.046359880823163543e-02 2.839567672863278769e-02 1.166372964585842831e-01
-1.575549748413490470e+01 1.101717782849816363e+00 4.847200334714321657e-03 2.426255824020135399e-01 -1.250607948452054849e-02 3.111935819553877242e-02 1.174927061140004919e-01
-1.566597761206593198e+01 1.101833250158133604e+00 4.857866522754980543e-03 2.428047166912456756e-01 -1.166290436650392615e-02 2.981908027436467115e-02 1.178489204837018245e-01
-1.557645773999704097e+01 1.101817034984607480e+00 4.856367997905591816e-03 2.424333095719296560e-01 -1.080472709598365860e-02 2.614374019193870316e-02 1.125381154529709743e-01
-1.548693786792806826e+01 1.102925073868803008e+00 4.959265307461088734e-03 2.419856467352764218e-01 -1.093001303883490115e-02 2.761640539273885891e-02 1.093245814669911581e-01
-1.539741799585909909e+01 1.102376854097216974e+00 4.908228960898944337e-03 2.427481335284771558e-01 -9.966577315716205684e-03 2.516980308097625796e-02 1.142587363998572303e-01
-1.530789812379020276e+01 1.102416669503720748e+00 4.911927237991817186e-03 2.426905441086347759e-01 -1.138943020155078548e-02 2.828106926628759510e-02 1.154586350631213731e-01
-1.521837825172123893e+01 1.102255838600889826e+00 4.896996374758599835e-03 2.430465310935428502e-01 -1.030867516500969666e-02 2.639115637825593594e-02 1.152505856769217851e-01
-1.512885837965222890e+01 1.101665395568595773e+00 4.842364729247247701e-03 2.435400496134505766e-01 -1.019409943885907222e-02 2.568957985307820241e-02 1.178636716073224039e-01
-1.503933850758336987e+01 1.102072791587945355e+00 4.880028966151098158e-03 2.431594851671058655e-01 -1.048827344874820808e-02 2.584044445989884531e-02 1.156175027998902899e-01
-1.494981863551439716e+01 1.099906979147701191e+00 4.681367330328478626e-03 2.432013144161534191e-01 -1.055509033438009441e-02 2.827165339483888110e-02 1.140668288057837265e-01
-1.486029876344540135e+01 1.098893398716304981e+00 4.589726437776442403e-03 2.432209462322929283e-01 -1.127932901627659752e-02 2.855244168981984840e-02 1.128624491032187427e-01
-1.477077889137642863e+01 1.097785500098934497e+00 4.490531197041444655e-03 2.428749439643154429e-01 -1.355227685353724634e-02 2.760948513770491303e-02 1.090897202662526461e-01
-1.468125901930756960e+01 1.098280761381444925e+00 4.534748447234809854e-03 2.423323470870492879e-01 -1.440117987171293280e-02 2.585086382545957739e-02 1.088986051682284129e-01
-1.459173914723855958e+01 1.098365293061312364e+00 4.542315811674010884e-03 2.424928248317369806e-01 -1.265477524780435348e-02 3.005202006884090740e-02 1.079792334720041380e-01
-1.450221927516959575e+01 1.097662581057603060e+00 4.479588423802971509e-03 2.427940452197699661e-01 -1.218057743087463431e-02 2.590856234773489253e-02 1.065786913803569991e-01
-1.441269940310070297e+01 1.097491826569837015e+00 4.464407947156259771e-03 2.427295637168103148e-01 -1.143815675145574973e-02 2.286873941473016938e-02 1.076013183327617084e-01
-1.432317953103173025e+01 1.097531580640169313e+00 4.467940016205054765e-03 2.432327400133851292e-01 -1.222086222268618620e-02 2.505099329232763142e-02 1.077878215277437435e-01
-1.423365965896275398e+01 1.097620824881565760e+00 4.475873965686341660e-03 2.430181141172864379e-01 -1.513892553086324325e-02 2.551835417156653879e-02 1.100405045766975759e-01
-1.414413978689387186e+01 1.097820333174586382e+00 4.493634464795281946e-03 2.428471114550189713e-01 -1.532276440747346556e-02 2.865922725270855093e-02 1.100703668256845513e-01
-1.405461991482489381e+01 1.099142810284399863e+00 4.612197641427825956e-03 2.430388228409849916e-01 -1.525184889898100783e-02 2.732962343342299968e-02 1.106849343981347877e-01
-1.396510004275592109e+01 1.099036840438270657e+00 4.602643796762784234e-03 2.431458796466067496e-01 -1.462398885105303976e-02 2.916936178662235882e-02 1.133816261561326061e-01
-1.387558017068703364e+01 1.099061976816020136e+00 4.604909157474038062e-03 2.432166821105655186e-01 -1.433264872833856646e-02 3.161518356838086824e-02 1.131220303317782006e-01
-1.378606029861806626e+01 1.098887470083282469e+00 4.589192913162315479e-03 2.423738458596405854e-01 -1.204098420200562167e-02 3.295409529171886703e-02 1.106843580839546870e-01
-1.369654042654905624e+01 1.098488256800623342e+00 4.553334228596869759e-03 2.424820701017480484e-01 -1.080036279931859654e-02 2.962007015742453009e-02 1.116449856390734074e-01
-1.360702055448020076e+01 1.098395137356948714e+00 4.544988919023343343e-03 2.427813630797077682e-01 -9.590894753130194475e-03 2.839750473017908089e-02 1.095454804235084928e-01
-1.351750068241122804e+01 1.098739880248545076e+00 4.575920513941914014e-03 2.427392163717356777e-01 -1.239603478060321944e-02 2.962996221706012262e-02 1.092497758662797497e-01
-1.342798081034222335e+01 1.097851032614213906e+00 4.496370302849397871e-03 2.430177204879465647e-01 -1.180934667351610408e-02 2.938184847635893701e-02 1.106626038425208292e-01
-1.333846093827325063e+01 1.097469104924669425e+00 4.462389764034291328e-03 2.430971941737715969e-01 -1.310940190972333455e-02 3.026501508072669891e-02 1.089430054789960745e-01
-1.324894106620439516e+01 1.097906575207319380e+00 4.501322072159502641e-03 2.423184764841595229e-01 -1.115646936434244209e-02 2.736809598086474213e-02 1.080563445600807998e-01
-1.315942119413538691e+01 1.097924815469351500e+00 4.502948798097747285e-03 2.426734342358422558e-01 -1.134926475785974671e-02 2.664808227996076986e-02 1.110602110061313375e-01
-1.306990132206641420e+01 1.097250020331236531e+00 4.442952215764905954e-03 2.428335378625178509e-01 -1.260940659943482305e-02 2.500970712351347283e-02 1.115462275452683422e-01
-1.298038144999753030e+01 1.097086023977472014e+00 4.428428277125862067e-03 2.426400197823015692e-01 -1.265410765063549464e-02 2.823621667786798545e-02 1.095155733690319627e-01
-1.289086157792855758e+01 1.096757683879568734e+00 4.399416795184518669e-03 2.426988630686930382e-01 -1.278495072291550849e-02 2.956809760033193499e-02 1.076727515194699225e-01
-1.280134170585957776e+01 1.097491596775657552e+00 4.464387534220431997e-03 2.424636338574409633e-01 -1.357541243332751127e-02 2.754500371195974656e-02 1.052794069491547607e-01
-1.271182183379070274e+01 1.097170256076551942e+00 4.435885297663713644e-03 2.424807803416149654e-01 -1.273422090823719648e-02 2.815013234168316225e-02 1.063936361116826074e-01
-1.262230196172172114e+01 1.097514225709101510e+00 4.466397904184543632e-03 2.426073669165222102e-01 -1.116121719855468764e-02 2.980563262742135650e-02 1.093619776782515651e-01
-1.253278208965274487e+01 1.098146955138458392e+00 4.522782082834464479e-03 2.425505442831977221e-01 -1.052476578427739839e-02 3.470612431515564256e-02 1.100133915754652331e-01
-1.244326221758386453e+01 1.098481741260478595e+00 4.552750075908953975e-03 2.425399857242817037e-01 -9.426472734053590458e-03 3.212259403363020016e-02 1.109580287081281813e-01
-1.235374234551489181e+01 1.098898213707982796e+00 4.590159765923820800e-03 2.421563946527910682e-01 -8.119504524380861260e-03 3.659773720835369365e-02 1.084657729584296570e-01
-1.226422247344588357e+01 1.099169153320638692e+00 4.614574073584773450e-03 2.422702170475116712e-01 -9.195885220461143261e-03 3.448090011594966142e-02 1.107893454234300107e-01
-1.217470260137703697e+01 1.097955611819203314e+00 4.505695943201326603e-03 2.425981401588123698e-01 -1.020268832838117784e-02 3.246916609055894298e-02 1.104276914627044803e-01
-1.208518272930805182e+01 1.096586252417287133e+00 4.384305059867518728e-03 2.426148924329086243e-01 -7.831677797979443370e-03 2.989730420021498997e-02 1.089467749711013761e-01
-1.199566285723905423e+01 1.098479926732305989e+00 4.552587400109595062e-03 2.420685721137277591e-01 -7.179586131566598715e-03 2.741630982975432410e-02 1.104283928084393018e-01
-1.190614298517006908e+01 1.098911486746571020e+00 4.591354380628812071e-03 2.417112037201240848e-01 -6.860222934966929420e-03 3.301929284493740346e-02 1.107271471545432512e-01
-1.181662311310121893e+01 1.098469136138833013e+00 4.551620059852115596e-03 2.419769257444599475e-01 -8.231998072669140590e-03 3.407875556982870036e-02 1.125054419269856110e-01
-1.172710324103222135e+01 1.098468717424617935e+00 4.551582525481878694e-03 2.420164587907960019e-01 -9.015944432996889774e-03 3.258316678945050171e-02 1.129169296163227698e-01
-1.163758336896324863e+01 1.099169541626824564e+00 4.614609107377487529e-03 2.421485873980704084e-01 -8.525325906841633300e-03 3.485310477161683573e-02 1.112333358404915123e-01
-1.154806349689436118e+01 1.098692427533555671e+00 4.571657038346804702e-03 2.421082788264172780e-01 -8.900607441659999855e-03 3.413678082414844939e-02 1.136295672405510937e-01
-1.145854362482538491e+01 1.098620563225095381e+00 4.565203810409090845e-03 2.425835429608181049e-01 -9.384424423640425408e-03 3.038956254532041573e-02 1.126061214182361714e-01
-1.136902375275640331e+01 1.099271357681925965e+00 4.623799470147363366e-03 2.427576188999703011e-01 -8.429276924902183790e-03 3.239977020187368578e-02 1.093121727143529925e-01
-1.127950388068752119e+01 1.098826213553027564e+00 4.583682070552597132e-03 2.431003057547056201e-01 -1.011095329608705656e-02 3.063033036258670794e-02 1.083893434332267314e-01
-1.118998400861853604e+01 1.098735114695298387e+00 4.575492259875107992e-03 2.432515640709506655e-01 -8.942241283919518183e-03 2.999392956988119335e-02 1.101813065977259726e-01
-1.110046413654957931e+01 1.098256338841978597e+00 4.532563218911420111e-03 2.430753468364688641e-01 -9.350085366727392544e-03 2.705064641519399488e-02 1.121472640145610294e-01
-1.101094426448069541e+01 1.099070229661965659e+00 4.605653041109422641e-03 2.429330309315695935e-01 -1.118258557479947547e-02 2.864689593985127181e-02 1.109712377286582868e-01
-1.092142439241171914e+01 1.099713711655275317e+00 4.663827856584465414e-03 2.428754197909958334e-01 -1.237543552493781431e-02 2.808092504009545437e-02 1.110640318816169814e-01
-1.083190452034270912e+01 1.098500974921041040e+00 4.554474576821412879e-03 2.432186548441603591e-01 -1.241275266889162177e-02 2.646521074003912663e-02 1.115852296110123737e-01
-1.074238464827384654e+01 1.098596197385602657e+00 4.563016792715410275e-03 2.431581452977557012e-01 -1.111720341949935971e-02 2.537851447608211602e-02 1.152916496655423673e-01
-1.065286477620486139e+01 1.098174893109991501e+00 4.525279364464229737e-03 2.431667527428897913e-01 -1.060533985272908014e-02 2.515471358937158147e-02 1.136618687343895762e-01
-1.056334490413589755e+01 1.097580326076641244e+00 4.472272740659172241e-03 2.431218452428623167e-01 -9.923616713534158529e-03 2.434537351392844842e-02 1.133158827970439653e-01
-1.047382503206691240e+01 1.098067216512680577e+00 4.515658074375969444e-03 2.426807497765317567e-01 -9.148540846305775603e-03 2.173950949576232763e-02 1.146116061780857731e-01
-1.038430515999804982e+01 1.098497254586335847e+00 4.554140985587595836e-03 2.422631160070976564e-01 -8.799618951682970647e-03 2.611444738012781361e-02 1.115036178877993750e-01
-1.029478528792903980e+01 1.099020805336316187e+00 4.601198941779849338e-03 2.421574309019002558e-01 -1.042954460776017792e-02 2.888438843965205477e-02 1.119294899887007116e-01
-1.020526541586006353e+01 1.099955301052520484e+00 4.685757480635696637e-03 2.419491575577948084e-01 -9.397386242951239615e-03 3.023980288597636484e-02 1.110847518356651159e-01
-1.011574554379116897e+01 1.099163541059298810e+00 4.614067737616647791e-03 2.424079094381353383e-01 -1.181775747486833381e-02 3.160203459744384547e-02 1.104141122929561541e-01
-1.002622567172223178e+01 1.098553737178376899e+00 4.559206844685068094e-03 2.422834464601053006e-01 -1.171342880981939526e-02 3.137342000762219363e-02 1.104401265917436675e-01
-9.936705799653246629e+00 1.098714902808820559e+00 4.573676137867369040e-03 2.422968328542758343e-01 -1.145007183622805298e-02 3.488863570919788215e-02 1.103524990695688851e-01
-9.847185927584359177e+00 1.098089113124577798e+00 4.517613836341471956e-03 2.422466976848330344e-01 -1.153478222938491074e-02 3.301040224472905071e-02 1.130110749102621326e-01
-9.757666055515375803e+00 1.099256348456521648e+00 4.622444132626871149e-03 2.422431085402434459e-01 -1.039952330383916643e-02 3.285634977573441418e-02 1.136205679130461443e-01
-9.668146183446397757e+00 1.099919104540674875e+00 4.682468767305172919e-03 2.420656641230501671e-01 -1.158550921990161159e-02 3.225641882601176791e-02 1.087482153381810340e-01
-9.578626311377497871e+00 1.100210674517867249e+00 4.708990762624348791e-03 2.422093318646796056e-01 -1.189643045101276136e-02 2.827436223207641444e-02 1.096857304600570987e-01
-9.489106439308518048e+00 1.100580523747334061e+00 4.742734292250055939e-03 2.425249311927265283e-01 -1.280007009284735327e-02 3.009917044316337900e-02 1.088546453242112827e-01
-9.399586567239561319e+00 1.100525288630087806e+00 4.737687691109881971e-03 2.421409332017380456e-01 -1.355704656751431647e-02 3.164305466013403456e-02 1.072712842953318230e-01
-9.310066695170695183e+00 1.101380059009802848e+00 4.816066457472387152e-03 2.421412362892405301e-01 -1.376697371817922101e-02 2.968257253763767131e-02 1.071035709081943066e-01
-9.220546823101704703e+00 1.101959044262237342e+00 4.869499138447266895e-03 2.421330573996011426e-01 -1.237495155624455945e-02 3.045836289785637530e-02 1.080087621385532465e-01
-9.131026951032708894e+00 1.102859907504447401e+00 4.953185721667183183e-03 2.419604002960328848e-01 -1.097949869979664324e-02 3.008954519245701786e-02 1.103736583415965283e-01
-9.041507078963718413e+00 1.101671467299931706e+00 4.842925064265840573e-03 2.419930680492803354e-01 -1.150836729875591088e-02 2.626426860184792253e-02 1.085808364185013863e-01
-8.951987206894843396e+00 1.102435541735790281e+00 4.913680651871366045e-03 2.421355774173354902e-01 -1.172863018460082105e-02 2.473309584957973303e-02 1.092409128044615624e-01
-8.862467334825899101e+00 1.101226114819442214e+00 4.801905940144554630e-03 2.425436959111147983e-01 -1.230001883580467310e-02 2.814231370975887880e-02 1.118954596532236306e-01
-8.772947462756915726e+00 1.100632654857701231e+00 4.747499603717231231e-03 2.427848502625975791e-01 -1.112107364653481568e-02 2.866320207829364461e-02 1.108311630423462202e-01
-8.683427590688015840e+00 1.101270450054912420e+00 4.805982102176684090e-03 2.431370302188181898e-01 -1.054643404412420639e-02 3.047004787409814813e-02 1.118430187501942841e-01
-8.593907718619037794e+00 1.101384820744458759e+00 4.816504775952842876e-03 2.430539913198783986e-01 -1.250541801502110840e-02 2.851886170680422231e-02 1.122250578746376015e-01
-8.504387846550054419e+00 1.101584324805804149e+00 4.834885953853618190e-03 2.427022384709893732e-01 -1.328590506731581675e-02 3.173642777103034829e-02 1.130082694337472132e-01
-8.414867974481154533e+00 1.101868861781275521e+00 4.861158330117729132e-03 2.422238878728880107e-01 -1.309614312106778013e-02 2.979384799906716411e-02 1.108759439681014092e-01
-8.325348102412165829e+00 1.101007541573199022e+00 4.781834107524224331e-03 2.425021463296163637e-01 -1.286745138666282179e-02 3.121179698919932660e-02 1.122824672310324678e-01
-8.235828230343253509e+00 1.101903967006784724e+00 4.864404350309950442e-03 2.427308675750326494e-01 -1.290865910374107590e-02 2.921038177889784607e-02 1.097143118093870107e-01
-8.146308358274353623e+00 1.102008918143061678e+00 4.874114756280856220e-03 2.428101314998224181e-01 -1.190296525627246998e-02 2.748366992333264175e-02 1.112815085762327155e-01
-8.056788486205373800e+00 1.101858204976515321e+00 4.860173144789023403e-03 2.422170638215545568e-01 -1.241263782741348215e-02 2.797409314667471600e-02 1.104943317062467428e-01
-7.967268614136363780e+00 1.101839100373026126e+00 4.858407223380434292e-03 2.425777698035059271e-01 -1.304430413002736176e-02 3.213205728875553197e-02 1.126156054010446217e-01
-7.877748742067484322e+00 1.102221348275736368e+00 4.893797210485911764e-03 2.425713985231056358e-01 -1.304389379324671222e-02 3.301610214281487654e-02 1.141573918792641723e-01
-7.788228869998495618e+00 1.101139195282336614e+00 4.793919300094734437e-03 2.433972563481310303e-01 -1.257299372749205897e-02 3.271464436908236295e-02 1.180585992308330057e-01
-7.698708997929571751e+00 1.102202401854212033e+00 4.892040244050405162e-03 2.427062004581022336e-01 -1.334082310589444591e-02 2.934098894474812882e-02 1.146828118344310199e-01
-7.609189125860583047e+00 1.101584848394326466e+00 4.834934237502683252e-03 2.429253733031121187e-01 -1.217180615532432141e-02 2.895939850414224609e-02 1.128286693611306873e-01
-7.519669253791703589e+00 1.101849739882617918e+00 4.859390642332289678e-03 2.424273335076965741e-01 -1.269350864486888664e-02 2.674244492205372220e-02 1.087192627548939916e-01
-7.430149381722694457e+00 1.101880283439382824e+00 4.862214327385483426e-03 2.428231054842361347e-01 -1.194888957359246766e-02 2.557957403980677322e-02 1.105441734291272987e-01
-7.340629509653713747e+00 1.100859536965456575e+00 4.768265051689465905e-03 2.435202433799869559e-01 -1.289658907130499833e-02 2.643040011334443773e-02 1.115267381377438166e-01
-7.251109637584801426e+00 1.101904685152112595e+00 4.864470764529352231e-03 2.427919407750326886e-01 -1.245380761835647443e-02 2.993422644580716677e-02 1.125264352897491771e-01
-7.161589765515910422e+00 1.101142277500911426e+00 4.794202404557287855e-03 2.427961802215980458e-01 -1.094911014067992752e-02 2.668437667725691992e-02 1.135135535879524538e-01
-7.072069893446921718e+00 1.101188998428623389e+00 4.798494721978310840e-03 2.425489819684066573e-01 -9.862836674851195584e-03 2.665269061083818183e-02 1.139182975010635535e-01
-6.982550021378021832e+00 1.101292789182218845e+00 4.808036565770182347e-03 2.423986063143319658e-01 -1.127278129829843364e-02 2.497083257158440317e-02 1.128129138674148213e-01
-6.893030149309028687e+00 1.101338628600895264e+00 4.812253570171620698e-03 2.423817826639305950e-01 -1.187456174705292522e-02 2.570558070536946987e-02 1.104214586386771807e-01
-6.803510277240043536e+00 1.100876036914409051e+00 4.769776871142175634e-03 2.422152573614550497e-01 -1.105437658792719074e-02 2.819860526750073496e-02 1.097612440087456648e-01
-6.713990405171136544e+00 1.101846127175110768e+00 4.859056706239248125e-03 2.424002564744225374e-01 -9.606695763917009676e-03 3.037399883238038958e-02 1.091558914586322621e-01
-6.624470533102146952e+00 1.101376839952845410e+00 4.815770153324350211e-03 2.423130459396242720e-01 -1.046792203490217940e-02 3.083863958576792477e-02 1.101972143182800012e-01
-6.534950661033235519e+00 1.102164471175165028e+00 4.888523690451243575e-03 2.424201044926039550e-01 -1.270359624116066885e-02 3.208769853054402321e-02 1.146440537537351673e-01
-6.445430788964352509e+00 1.102871793954568247e+00 4.954294387605931438e-03 2.420906605064460371e-01 -1.109274179465699790e-02 3.296481915488248121e-02 1.122078455383437451e-01
-6.355910916895362917e+00 1.102810619884021959e+00 4.948589835407496418e-03 2.417692160050345096e-01 -1.145467725384306454e-02 3.080406541758783437e-02 1.141592933051497061e-01
-6.266391044826358225e+00 1.102945499063199275e+00 4.961171560041374717e-03 2.419868852495448419e-01 -1.356697276293166408e-02 3.359325517722653448e-02 1.128263473025579583e-01
-6.176871172757368633e+00 1.103642531910616675e+00 5.026430047390131883e-03 2.422660287095779463e-01 -1.498708726978400380e-02 3.507733918692484965e-02 1.124474935986132657e-01
-6.087351300688477629e+00 1.103789693371188818e+00 5.040258797580757233e-03 2.425864060301719527e-01 -1.415392526149437946e-02 3.355802077745513590e-02 1.107574519855616529e-01
-5.997831428619574190e+00 1.103674090371045358e+00 5.029394095841605017e-03 2.431240708396768258e-01 -1.257827995734147816e-02 3.450915290699398119e-02 1.109980726593838424e-01
-5.908311556550593480e+00 1.103204210852674727e+00 4.985346418955358128e-03 2.431003229765163476e-01 -1.222610568400205044e-02 3.422506245531657665e-02 1.096261067876078410e-01
-5.818791684481677606e+00 1.102908430748176682e+00 4.957712283700010936e-03 2.429976497387322243e-01 -1.205161475673023966e-02 3.348421253010989279e-02 1.081011840920287903e-01
-5.729271812412692455e+00 1.101505233457529487e+00 4.827594998814896399e-03 2.427363163417022296e-01 -1.162139557828258465e-02 3.198269410448523198e-02 1.102031163879292064e-01
-5.639751940343699310e+00 1.102089547838989381e+00 4.881581027608342116e-03 2.422426488666317712e-01 -1.134310490987266128e-02 3.139244655478600626e-02 1.106407487829062924e-01
-5.550232068274791430e+00 1.101643450483043241e+00 4.840339761196701951e-03 2.430556540763575690e-01 -9.848990069199403327e-03 3.402944226860890597e-02 1.098354578900448547e-01
-5.460712196205798286e+00 1.101248392704213819e+00 4.803953956469320108e-03 2.433422951027511272e-01 -1.028849541325322844e-02 3.023035834526208859e-02 1.107691578641785135e-01
-5.371192324136927709e+00 1.100856146815586856e+00 4.767954454638220763e-03 2.432606527340093194e-01 -1.018069267457070298e-02 3.047594678731463044e-02 1.133110314207273622e-01
-5.281672452068011836e+00 1.101128637022669166e+00 4.792949574131177837e-03 2.429328756317973570e-01 -1.079431503066172367e-02 3.303768920909747747e-02 1.134762321335673341e-01
-5.192152579999026685e+00 1.100408234951864683e+00 4.727001313015830042e-03 2.434134201358899297e-01 -1.218601945201931366e-02 3.266622605358801557e-02 1.147859911954366430e-01
-5.102632707930017553e+00 1.100528771423392671e+00 4.738005824929031329e-03 2.426840878807692281e-01 -1.289920183677267275e-02 3.075754491087077588e-02 1.115241700581564577e-01
-5.013112835861122107e+00 1.100601255993221450e+00 4.744629160798763401e-03 2.430805411543695560e-01 -1.254925206755732117e-02 2.956746750858213826e-02 1.070750369350625952e-01
-4.923592963792128963e+00 1.099606634688505613e+00 4.654123668666479419e-03 2.437926037619083941e-01 -1.526799963105684478e-02 2.924373926828240447e-02 1.124383651025370745e-01
-4.834073091723245952e+00 1.098846501039606238e+00 4.585506856616725080e-03 2.435803626976920100e-01 -1.571653984318523850e-02 3.064033045341328296e-02 1.116383852663236226e-01
-4.744553219654252807e+00 1.098847824774898507e+00 4.585625933666293008e-03 2.431520585262384182e-01 -1.516229219863203873e-02 2.773618579841584386e-02 1.089885604757295512e-01
-4.655033347585357362e+00 1.099637407951458146e+00 4.656911621796280820e-03 2.426824323114000204e-01 -1.400357956107886083e-02 2.653988751873408505e-02 1.084984518614979659e-01
-4.565513475516348230e+00 1.098470388864788205e+00 4.551732357551602215e-03 2.427260105448399985e-01 -1.274582339489600119e-02 2.898123634548116154e-02 1.114745134614634758e-01
-4.475993603447363078e+00 1.098106605692977134e+00 4.519176523583287586e-03 2.431601309008166734e-01 -1.173791151716785559e-02 2.596202154069290544e-02 1.104187034478856383e-01
-4.386473731378439211e+00 1.098831918007576292e+00 4.584195131165369475e-03 2.431199798063548301e-01 -1.306045434449540875e-02 2.672835142289995899e-02 1.083142729866340692e-01
-4.296953859309584622e+00 1.098354712065801042e+00 4.541368265566073092e-03 2.433152968986095344e-01 -1.234140039554929534e-02 2.820051946590966876e-02 1.063274431302304313e-01
-4.207433987240591478e+00 1.098611291898859532e+00 4.564371581043502601e-03 2.431118539315174076e-01 -1.121688394526240522e-02 2.783915282033302963e-02 1.095602636722880219e-01
-4.117914115171675604e+00 1.099946414110458015e+00 4.684949937758434158e-03 2.429523471253044742e-01 -1.152522093561564841e-02 2.765561204904480944e-02 1.113782614098645513e-01
-4.028394243102682459e+00 1.100469795163067976e+00 4.732620022348490996e-03 2.424149172242822114e-01 -1.076621965948127910e-02 2.879520372564611796e-02 1.080729900202149069e-01
-3.938874371033693311e+00 1.100270854540464915e+00 4.714473645693273429e-03 2.424841640287160316e-01 -1.027068244086305239e-02 2.834248708628850019e-02 1.112780082921083352e-01
-3.849354498964773441e+00 1.101656940197236700e+00 4.841584468535276020e-03 2.423443418834747010e-01 -1.017100120337601291e-02 2.872258953716423299e-02 1.117909562634343823e-01
-3.759834626895784737e+00 1.101539884291688143e+00 4.830788615976633338e-03 2.421216529289817732e-01 -9.636558166190120622e-03 2.790837699659052748e-02 1.110310339036488375e-01
-3.670314754826909720e+00 1.102071991118827476e+00 4.879954827829782738e-03 2.420064519007431303e-01 -8.910885329803198973e-03 3.113335011560265653e-02 1.124561898399675103e-01
-3.580794882758010278e+00 1.102303627778954853e+00 4.901430697759556754e-03 2.420533674718302886e-01 -8.096709161677657918e-03 3.255891145898272276e-02 1.120152584517080802e-01
-3.491275010689017133e+00 1.101657919726480195e+00 4.841674856366162683e-03 2.425246991717882328e-01 -8.678445711177871710e-03 3.266918946527702650e-02 1.154640848138372561e-01
-3.401755138620011554e+00 1.102139745094083967e+00 4.886231972920915267e-03 2.426551190989977291e-01 -7.684694999067395380e-03 3.334986659708652490e-02 1.135465191863257450e-01
-3.312235266551018409e+00 1.102132945071875092e+00 4.885601806410233561e-03 2.426664937883629414e-01 -8.360706473389420412e-03 3.444356738575937021e-02 1.128174808267354001e-01
-3.222715394482118967e+00 1.103028600116292557e+00 4.968930791883444109e-03 2.428303626386868752e-01 -7.211114046129677574e-03 3.795333004937759963e-02 1.157786718732431164e-01
-3.133195522413243950e+00 1.102349854442524757e+00 4.905721824566472433e-03 2.424706088910832946e-01 -8.591078399286555464e-03 3.513796479609336554e-02 1.121456495401978865e-01
-3.043675650344259243e+00 1.101818133863488480e+00 4.856469543928113031e-03 2.424513361442504900e-01 -8.352558840002769977e-03 3.363595264183607408e-02 1.127348290912049272e-01
-2.954155778275335376e+00 1.102023247012154039e+00 4.875441211598052771e-03 2.426719094328241844e-01 -8.796125067899243644e-03 3.190159334606369052e-02 1.129069852617958919e-01
-2.864635906206346228e+00 1.101444916961682230e+00 4.822038249438387325e-03 2.431232374328348989e-01 -9.552720128762128352e-03 2.899199905954148379e-02 1.127691658145439924e-01
-2.775116034137349086e+00 1.101232811582882443e+00 4.802521533706916035e-03 2.427851076973125133e-01 -1.116846852206698770e-02 3.134679755466367873e-02 1.120971665757067026e-01
-2.685596162068433213e+00 1.101756919620946240e+00 4.850814328033220546e-03 2.427602761160695122e-01 -1.311002938291792180e-02 3.170294588467721664e-02 1.112597211011232962e-01
-2.596076289999436071e+00 1.100721729676071847e+00 4.755647135645413304e-03 2.428356803287120558e-01 -1.242327993709752693e-02 3.391910589095939454e-02 1.120100583663769661e-01
-2.506556417930597913e+00 1.099920490099387083e+00 4.682594635342124390e-03 2.430221445738744712e-01 -1.229492541129471178e-02 3.519676816557406468e-02 1.104514355201632742e-01
-2.417036545861665608e+00 1.099171055872933511e+00 4.614745727007013576e-03 2.430173962853101055e-01 -1.361268402509173414e-02 3.284708583674159771e-02 1.107593069304688843e-01
-2.327516673792680901e+00 1.099885651199641545e+00 4.679430253722874355e-03 2.428062778897736029e-01 -1.227012565615621942e-02 3.044705128773204927e-02 1.061399655457055113e-01
-2.237996801723667328e+00 1.101141445884741277e+00 4.794126019115413362e-03 2.424498295098794498e-01 -1.300166684209777199e-02 2.897503953559853532e-02 1.039164520196482061e-01
-2.148476929654759449e+00 1.101923089614107454e+00 4.866172957675413135e-03 2.426157959279540421e-01 -1.234891701231631903e-02 2.851457282045043173e-02 1.065093627472162990e-01
-2.058957057585766748e+00 1.102548345688507903e+00 4.924167346436317261e-03 2.421547890041262918e-01 -1.333981105106777157e-02 2.827364495779382050e-02 1.047206110380090732e-01
-1.969437185516915934e+00 1.101836848002508695e+00 4.858199046810021682e-03 2.420747674751050627e-01 -1.297006733544009242e-02 2.621470846719465772e-02 1.051082831268117107e-01
-1.879917313447922789e+00 1.101093054572880758e+00 4.789682172303008634e-03 2.416873205143444392e-01 -1.126138733863907976e-02 2.701596366844070951e-02 1.062180430951164267e-01
-1.790397441379015131e+00 1.101096753612498924e+00 4.790021792488372010e-03 2.423407517503007591e-01 -1.093199967160602033e-02 2.858596570153818656e-02 1.090751276446581958e-01
-1.700877569310001780e+00 1.100478670652414559e+00 4.733430362070287223e-03 2.425721960119636422e-01 -9.084940858863594509e-03 2.933525259108102357e-02 1.099259974525299971e-01
-1.611357697241008635e+00 1.100117908232938202e+00 4.700544870305065071e-03 2.427702397972017478e-01 -1.020550811249883172e-02 3.216095410059530146e-02 1.136138035607067026e-01
-1.521837825172084768e+00 1.099926431689927764e+00 4.683134404072530899e-03 2.426106598288370886e-01 -1.024404984071048373e-02 3.004564386249252220e-02 1.158465559698228231e-01
-1.432317953103250385e+00 1.100041736459828279e+00 4.693615139084325594e-03 2.423490970672806666e-01 -1.169867897383770547e-02 2.921230313514179555e-02 1.134359601685001051e-01
-1.342798081034257462e+00 1.100023271447856388e+00 4.691936005625993444e-03 2.423754064690790133e-01 -1.248794779303890636e-02 2.923478153280472183e-02 1.139394754007307803e-01
-1.253278208965333373e+00 1.099901180552599556e+00 4.680840645030506786e-03 2.422694631221510297e-01 -1.220940159322732657e-02 3.007440215783153611e-02 1.082418820525703346e-01
-1.163758336896336232e+00 1.100726024788208246e+00 4.756040168227393394e-03 2.422166314981536450e-01 -1.365867305021296364e-02 2.853908111961259500e-02 1.065198847579073016e-01
-1.074238464827347306e+00 1.101492242593851589e+00 4.826397942274102126e-03 2.418988465856133918e-01 -1.420192224749760625e-02 2.659293295873914678e-02 1.079253234831282771e-01
-9.847185927584152232e-01 1.101669046143337605e+00 4.842701622077949519e-03 2.416755389384562247e-01 -1.243254385479161846e-02 2.763018132491534828e-02 1.045378464206124097e-01
-8.951987206894220783e-01 1.101932775724276059e+00 4.867068919340203359e-03 2.411282493683528094e-01 -1.258171079881506213e-02 2.838932077322391112e-02 1.030687887189438295e-01
-8.056788486205755939e-01 1.101725507915147562e+00 4.847913587793656331e-03 2.412840901329045828e-01 -1.085939495149258402e-02 2.696043460104754694e-02 1.047002390679950823e-01
-7.161589765516720441e-01 1.102424464430185491e+00 4.912651426937378329e-03 2.418306196422082277e-01 -7.917747666681695246e-03 2.960341342164723652e-02 1.089032575465609665e-01
-6.266391044826707946e-01 1.101604965434289207e+00 4.836789537294841623e-03 2.419909727301790547e-01 -8.329925585713840452e-03 2.639028257074068490e-02 1.104854441326255099e-01
-5.371192324136654372e-01 1.101097072512791986e+00 4.790051072231890639e-03 2.418231068244722226e-01 -8.254784531323285102e-03 2.553393513447052565e-02 1.109421532489484746e-01
-4.475993603446642433e-01 1.100809022665366399e+00 4.763638040017961761e-03 2.425043217106770121e-01 -8.120427002922961726e-03 2.675794672725846646e-02 1.092850120993846957e-01
-3.580794882757566411e-01 1.101065995868883984e+00 4.787198172837875410e-03 2.424691204225864760e-01 -7.793483948530763837e-03 2.607128250867164765e-02 1.109394130841640097e-01
-2.685596162069141535e-01 1.100720055938894548e+00 4.755493981195527131e-03 2.425833965792514313e-01 -9.031582689503355257e-03 2.672093264659234496e-02 1.128404300976798835e-01
-1.790397441379251442e-01 1.100540429472379511e+00 4.739070795804364855e-03 2.431962875816902903e-01 -9.547173286690564462e-03 2.828034922348256208e-02 1.122313184805463077e-01
-8.951987206899310323e-02 1.100859364547579267e+00 4.768249254965925554e-03 2.432514310646662625e-01 -1.037869841293343615e-02 2.582696500040863180e-02 1.116851193738849501e-01
0.000000000000000000e+00 1.100365226610994451e+00 4.723077722690677271e-03 2.433347009955143803e-01 -1.130171508409364561e-02 2.411323062321570412e-02 1.079656241620974705e-01
