-2.969489126164940274e+01 1.202569736413606982e+00 1.810902223780022635e-02 1.000000000000000000e+00 3.542272368322807647e-04 -2.257377853704700709e-04 2.507124605135342341e-03
-2.962017103120880890e+01 1.168803546029053342e+00 1.282293067354203786e-02 1.152900121156993363e+00 1.762252177373684276e-03 2.735163653300920830e-02 1.664000651336502989e-02
-2.954574849092933420e+01 1.134887599638710665e+00 8.353984764574301503e-03 1.306952512726324178e+00 1.513690452790852382e-03 4.219124968257219332e-02 2.850070132991831817e-02
-2.947132595064985949e+01 1.106562800774636646e+00 5.304165640693025985e-03 1.464462985658487426e+00 4.017619078773682073e-03 5.519369751162177956e-02 3.642849834924812708e-02
-2.939690341037038479e+01 1.084336263791921606e+00 3.368202428427932715e-03 1.631583617540565134e+00 5.324071312978598432e-03 6.880772744918621509e-02 4.124639105772519992e-02
-2.932248087009091364e+01 1.064668601222580779e+00 2.005023046376494533e-03 1.797330381258797960e+00 5.146757461418119926e-03 8.288269322375944881e-02 4.751293023500405277e-02
-2.924805832981143539e+01 1.048789752145803611e+00 1.152869754215975207e-03 1.966672829297715586e+00 5.558137309918267585e-03 9.375845768140013414e-02 5.106310712140464669e-02
-2.917363578953195358e+01 1.034877420753743227e+00 5.944351046316062592e-04 2.139979241471689164e+00 7.318752591391764102e-03 1.028260011179751715e-01 5.358974170123692593e-02
-2.909951093941358380e+01 1.024041643216526909e+00 2.844502224596152928e-04 2.315050261161885281e+00 6.233865439095994700e-03 1.124382369761580264e-01 5.520722722015228984e-02
-2.902508839913409844e+01 1.016528832562672457e+00 1.351143310379041007e-04 2.497782184630591207e+00 6.244103336346125410e-03 1.165098439945296133e-01 5.698631777325486453e-02
-2.895066585885460952e+01 1.010494864748196830e+00 5.468879150886084284e-05 2.682048679957059534e+00 7.484488477906932856e-03 1.213276051100577874e-01 5.739800746720586516e-02
-2.887624331857512061e+01 1.008678796716343973e+00 3.744426474590681342e-05 2.877779513294438374e+00 6.707924684293999594e-03 1.246461960047321460e-01 5.628438253445592482e-02
-2.880182077829563525e+01 1.006502052358885679e+00 2.104715855043119699e-05 3.065014602063519611e+00 7.294013062096253719e-03 1.258927809964330014e-01 5.757455700259244552e-02
-2.872739823801614989e+01 1.005722934647116373e+00 1.631377828978982508e-05 3.254719797518247137e+00 9.683741979868631597e-03 1.340535784186898671e-01 5.334784837338799046e-02
-2.865297569773668585e+01 1.005444663516804171e+00 1.476859796009210440e-05 3.443670110059762202e+00 1.132118777483995600e-02 1.386207165932705487e-01 5.146629465323492719e-02
-2.857855315745723246e+01 1.006142235234169569e+00 1.878663811621678753e-05 3.630105802467971543e+00 1.319638573744142881e-02 1.411302636227674823e-01 5.043846205839787322e-02
-2.850413061717776841e+01 1.007944585618297140e+00 3.139206530082885860e-05 3.810907386393621366e+00 1.382709187991366245e-02 1.484507832994037824e-01 4.872130152880217030e-02
-2.842970807689830792e+01 1.010210781634972799e+00 5.177786741993560538e-05 3.990501047348460784e+00 1.397108987031416699e-02 1.551026525756432350e-01 4.503774151861879294e-02
-2.835498784645772474e+01 1.013301524780320317e+00 8.768854239738811673e-05 4.175517565090766325e+00 1.710359584270393710e-02 1.621664268117309904e-01 4.232623786742816668e-02
-2.828056530617826425e+01 1.016750985280806763e+00 1.387504268473040148e-04 4.359965358980978145e+00 1.993685830175235402e-02 1.659996979556077057e-01 4.189995509202033841e-02
-2.820614276589880731e+01 1.019561815142161487e+00 1.888731453702496843e-04 4.520921770425235131e+00 2.236550926280629278e-02 1.677501449893990249e-01 4.230959745229237456e-02
-2.813172022561934327e+01 1.023239364278933472e+00 2.659220017671021230e-04 4.683740896832549794e+00 2.432955042680793808e-02 1.690463292475082591e-01 3.924877758175190912e-02
-2.805729768533988278e+01 1.028656728863951875e+00 4.029244958743405380e-04 4.856527795831698135e+00 2.765302257407270883e-02 1.690588333591274695e-01 3.848896865537782680e-02
-2.798287514506041873e+01 1.033846830322103338e+00 5.601983594352294427e-04 5.026711329453517507e+00 2.988447734405588752e-02 1.680411521349442772e-01 3.552738317264072382e-02
-2.790845260478096179e+01 1.038343208442260357e+00 7.168343778859859183e-04 5.182365329599386783e+00 3.265097171887666738e-02 1.630424739829896275e-01 3.345748446929166370e-02
-2.783403006450149419e+01 1.044542603020657046e+00 9.635138813908622479e-04 5.339213631340204103e+00 3.403290044793778890e-02 1.668261909200354498e-01 3.355645416289389227e-02
-2.775960752422201239e+01 1.051072688972041203e+00 1.261437744677386397e-03 5.503142531133994986e+00 3.667085844741325290e-02 1.663845269066779875e-01 3.288637823162528923e-02
-2.768518498394250216e+01 1.056563040949145993e+00 1.541815039481926608e-03 5.639533851399829878e+00 4.026363433905712913e-02 1.698145268744706282e-01 2.786728372199338138e-02
-2.761076244366298127e+01 1.062324101980462121e+00 1.865044946331599618e-03 5.766496486401109678e+00 4.200971707863246363e-02 1.736052394130378207e-01 2.677821954822322270e-02
-2.753663759354459373e+01 1.067718707902035158e+00 2.194384169391883077e-03 5.890412664673051246e+00 4.593936475217740012e-02 1.771272799273227727e-01 2.470436512487938704e-02
-2.746221505326507284e+01 1.074359850413635797e+00 2.634854194716040876e-03 6.010779884934942530e+00 5.023287004891566210e-02 1.807173428315478891e-01 2.068726384738329982e-02
-2.738779251298556261e+01 1.078731242212604080e+00 2.945667395464687810e-03 6.112471004912529260e+00 5.468346392598870398e-02 1.855831789856141334e-01 2.104214068030021284e-02
-2.731336997270605238e+01 1.084655704748718641e+00 3.393090926073580316e-03 6.228309875356864644e+00 5.903790207029148418e-02 1.941899281593953142e-01 2.029535884061014692e-02
-2.723894743242653149e+01 1.090095539566357630e+00 3.830196188118098477e-03 6.324548234823217818e+00 6.109653723511925677e-02 1.932524693809018479e-01 2.047328397231525099e-02
-2.716452489214702126e+01 1.096383491083645412e+00 4.366463135005063667e-03 6.425482652608256906e+00 6.193757857748680845e-02 1.950916223314259068e-01 1.695212579398538977e-02
-2.709010235186750393e+01 1.101911756907727691e+00 4.865124784547092407e-03 6.509206194356365494e+00 6.671241635860682140e-02 1.996294035874606743e-01 1.440282828995412788e-02
-2.701567981158799370e+01 1.107591802891814359e+00 5.403691388374584625e-03 6.600470630026829433e+00 6.723562820279121999e-02 2.000096482206067117e-01 1.315414716545465316e-02
-2.694125727130847991e+01 1.112618842555749277e+00 5.902288433637561949e-03 6.673438837752226682e+00 7.155962715180706757e-02 2.035117334984235249e-01 9.007861474485573047e-03
-2.686683473102896258e+01 1.118019611057187390e+00 6.460695282071826639e-03 6.750093814239652268e+00 7.514758082788228211e-02 2.016526956165712037e-01 1.043018537436947793e-02
-2.679241219074945235e+01 1.122126643509940846e+00 6.900969775602089351e-03 6.801932620155838549e+00 7.936996149953637336e-02 2.015596683542732470e-01 7.114062622575340229e-03
-2.671798965046992791e+01 1.127183533880298905e+00 7.461460368784048058e-03 6.861932792183075058e+00 8.234777191195920276e-02 2.013755966511544537e-01 7.174514092783725039e-03
-2.664356711019041413e+01 1.133313382072412834e+00 8.167843327113372132e-03 6.946664429835299082e+00 8.365588178234949213e-02 2.034783750491896415e-01 3.550312244227775502e-03
-2.656914456991091100e+01 1.138245548319738898e+00 8.757464081024762814e-03 7.013879320513659366e+00 8.156520200854691649e-02 2.058451175989136073e-01 5.423494769773933022e-03
-2.649472202963139011e+01 1.141033740302610067e+00 9.099099042517461156e-03 7.053385088937558223e+00 8.531615698229824685e-02 2.039701681714716774e-01 3.175783589217983163e-03
-2.642029948935187633e+01 1.145733538491763959e+00 9.688461639973833250e-03 7.102307509273825481e+00 8.923025142081118799e-02 2.051225178740757882e-01 6.226408016032708263e-03
-2.634587694907236610e+01 1.150031405304468457e+00 1.024215434178527007e-02 7.146963967132221818e+00 9.280891680829954360e-02 2.074485091892774857e-01 4.313705365736045759e-03
-2.627145440879285232e+01 1.154480992253408722e+00 1.083010662728003948e-02 7.199279845117096954e+00 9.245294832254730144e-02 2.091971858931449546e-01 3.419919401259371647e-03
-2.619703186851332433e+01 1.158655661860721553e+00 1.139524098950003839e-02 7.239508393665336605e+00 9.428206048392594185e-02 2.151933959086498038e-01 -5.874864598540296577e-04
-2.612260932823382831e+01 1.163868862300557749e+00 1.211918059188377139e-02 7.280291662170505163e+00 9.712919206958604834e-02 2.174968189058262280e-01 -1.292049882875611136e-03
-2.604818678795431097e+01 1.167470852405305015e+00 1.263110797590819012e-02 7.302868252073696276e+00 1.006694837499124140e-01 2.146826363634764256e-01 -1.000338337623983814e-03
-2.597376424767479008e+01 1.170980007661635458e+00 1.313899606828389244e-02 7.315887638694226425e+00 1.044413076066003920e-01 2.143416131379730361e-01 -4.490526944609274265e-04
-2.589934170739527275e+01 1.174870003580046784e+00 1.371249735547933057e-02 7.350546007660075709e+00 1.050628042171798671e-01 2.146002578787478687e-01 -2.309224325111785062e-03
-2.582491916711584778e+01 1.178030191030009055e+00 1.418647707130013536e-02 7.361051467699831541e+00 1.089745503278101713e-01 2.172649539264974450e-01 -4.236597954680052826e-03
-2.575049662683644769e+01 1.180471158615867600e+00 1.455751286952070012e-02 7.376633958030105909e+00 1.088300454278069845e-01 2.201339530563840852e-01 -8.230822978313113297e-03
-2.567607408655704049e+01 1.183689044952864311e+00 1.505317393657107372e-02 7.393163987829001194e+00 1.087145325221050979e-01 2.201916176917463330e-01 -5.237656960063823836e-03
-2.560165154627762263e+01 1.187442462260788423e+00 1.564065934102590316e-02 7.413904836351494332e+00 1.086393856580071954e-01 2.223123172334379172e-01 -2.999087858804495507e-03
-2.552722900599820832e+01 1.189777361844634118e+00 1.601116311174138884e-02 7.421645281707150765e+00 1.114162742231588621e-01 2.225628890412406913e-01 -1.361893357012732182e-03
-2.545280646571881533e+01 1.192364663123883783e+00 1.642621582687150972e-02 7.441562367769998687e+00 1.114827484523384649e-01 2.270696649572747083e-01 -3.044255021221907529e-03
-2.537838392543940458e+01 1.193538681787323918e+00 1.661610513679170897e-02 7.440937508151843183e+00 1.155773240364096066e-01 2.326175509777867190e-01 -7.984820868870690352e-04
-2.530396138515998672e+01 1.195391625369678135e+00 1.691777370003944014e-02 7.439852531794232782e+00 1.154296741581590235e-01 2.352894779779151346e-01 -2.641762594487794252e-03
-2.522953884488057597e+01 1.195737231225789010e+00 1.697430616927345093e-02 7.435827578964419260e+00 1.157065885190364241e-01 2.390092327740815370e-01 6.240619676022818004e-04
-2.515511630460118297e+01 1.197924471396134116e+00 1.733401926951944061e-02 7.444136477083499237e+00 1.175587636789871826e-01 2.419205940835680579e-01 1.179010957550757953e-03
-2.508069376432177222e+01 1.200070091677337469e+00 1.769012685805021468e-02 7.469646381867717011e+00 1.158098609142465540e-01 2.429596180942635575e-01 4.659222864785290442e-03
-2.500627122404235436e+01 1.200289211525395805e+00 1.772667416509385307e-02 7.455314526412143650e+00 1.193778560547307799e-01 2.384103019157040038e-01 1.594607312807976192e-03
-2.493155099360182092e+01 1.203068011740261678e+00 1.819304123333212453e-02 7.462703897231946826e+00 1.194783392461935406e-01 2.412927278887874172e-01 -2.471624030720165083e-04
-2.485712845332242793e+01 1.203891831235917698e+00 1.833232955142902187e-02 7.457349698097043955e+00 1.193171081702505965e-01 2.428711356458628234e-01 -1.507226052396541931e-03
-2.478270591304301718e+01 1.205149163986098060e+00 1.854581716419476112e-02 7.451044597005459735e+00 1.186803219198478837e-01 2.406354470300370307e-01 -4.214803083941804501e-03
-2.470828337276359932e+01 1.206760451985219529e+00 1.882099519621271977e-02 7.470170326460911170e+00 1.163180283414540078e-01 2.392169721087684942e-01 -6.350433476306570520e-03
-2.463386083248418856e+01 1.209143655360184866e+00 1.923126914839087820e-02 7.481963360326042256e+00 1.149432639531188516e-01 2.444676551902327799e-01 -3.947553808673389883e-03
-2.455943829220479557e+01 1.211318408379841394e+00 1.960904824521977896e-02 7.480054406426304148e+00 1.184202749136702842e-01 2.412664918463776342e-01 -1.619845640641181996e-03
-2.448501575192538127e+01 1.213031725928241489e+00 1.990894137988649670e-02 7.483886306207970129e+00 1.193559918554488036e-01 2.369441584803902989e-01 -1.191731491733194546e-04
-2.441059321164596696e+01 1.215029768665448318e+00 2.026119121386341093e-02 7.485747118216409923e+00 1.200743668741902914e-01 2.352671483937704977e-01 1.628507611573672955e-03
-2.433617067136655621e+01 1.216473957688037455e+00 2.051748224825594713e-02 7.478426720978493591e+00 1.176096228864365462e-01 2.363708940139805093e-01 7.967920671810734727e-05
-2.426174813108715611e+01 1.215840110420479681e+00 2.040482366288076665e-02 7.460423834810437249e+00 1.184240550313908485e-01 2.365560900523648036e-01 -4.205031958542793233e-04
-2.418732559080774891e+01 1.216844042986172436e+00 2.058338593027170260e-02 7.455722934910316901e+00 1.189322396019110578e-01 2.379245850166340492e-01 5.584949525203286537e-04
-2.411290305052833816e+01 1.216996697552573892e+00 2.061059714776461438e-02 7.453117712937602946e+00 1.215830681086328136e-01 2.384570298379465325e-01 -2.893041224345359406e-03
-2.403848051024891674e+01 1.218864599245125024e+00 2.094483018591639101e-02 7.464691886269922527e+00 1.211002918154951979e-01 2.405366113140679218e-01 -1.865633374375173011e-03
-2.396405796996952731e+01 1.217782230424794276e+00 2.075086987710345054e-02 7.449069513985618229e+00 1.192418692111285039e-01 2.367621095111226703e-01 -1.889638126161388102e-03
-2.388963542969010589e+01 1.218625886940634118e+00 2.090198515279081959e-02 7.432188908981041564e+00 1.206269997767164814e-01 2.351759506768595354e-01 -3.147367053834893014e-03
-2.381521288941069869e+01 1.219134311229102652e+00 2.099328531541458376e-02 7.436056161389212882e+00 1.198528761123766745e-01 2.411374905679551650e-01 -4.163867235091072393e-03
-2.374079034913129149e+01 1.218029741494754070e+00 2.079515420077493459e-02 7.407566926879972868e+00 1.240934147238250962e-01 2.425230998154157269e-01 -3.483055169937408855e-03
-2.366636780885188429e+01 1.217494536767439239e+00 2.069944805756920858e-02 7.397308382683889683e+00 1.210142019808311542e-01 2.415631368616082131e-01 -5.909771718055746234e-03
-2.359194526857248420e+01 1.217878661978303967e+00 2.076811836053896188e-02 7.390268132714658655e+00 1.213058173781810106e-01 2.468425646229369941e-01 -4.097958043391477546e-03
-2.351752272829307344e+01 1.218793040513300729e+00 2.093198251398642462e-02 7.393904348929908998e+00 1.221192097244925973e-01 2.465698795349080819e-01 -5.833389511479567489e-03
-2.344310018801364848e+01 1.219388931016430755e+00 2.103907396769966187e-02 7.399559656847285893e+00 1.217228594834827565e-01 2.444874360673441882e-01 -2.343205869318265653e-04
-2.336867764773426259e+01 1.219138809903153708e+00 2.099409394013351804e-02 7.402885428065952844e+00 1.223632729820300774e-01 2.468656642583000049e-01 -1.973485771882326368e-03
-2.329425510745483408e+01 1.218224777159499617e+00 2.083007879036899435e-02 7.377606569105274126e+00 1.251410862913794331e-01 2.421788173236711361e-01 3.259913804613821017e-03
-2.321983256717543043e+01 1.217676439240955588e+00 2.073195447171494177e-02 7.360131563518772957e+00 1.239284302958613554e-01 2.451769722030973375e-01 1.352645100282436844e-03
-2.314541002689603033e+01 1.219134011132239515e+00 2.099323137428449337e-02 7.364907438320702049e+00 1.217187781738398589e-01 2.477066849472675525e-01 3.096501805375559847e-03
-2.307098748661661247e+01 1.217294284919365754e+00 2.066368837961032878e-02 7.336714372993449196e+00 1.213310838316458140e-01 2.469194368931788564e-01 3.501216472978727502e-03
-2.299656494633721593e+01 1.216080112144350966e+00 2.044744907282239343e-02 7.327311378274985465e+00 1.214196592420659776e-01 2.498290316730373273e-01 2.290391567331605434e-03
-2.292214240605780873e+01 1.216563675658950183e+00 2.053345045901394661e-02 7.337838372863084935e+00 1.208415412224523450e-01 2.456488190860822152e-01 2.767264432536874555e-03
-2.284771986577838021e+01 1.216892265705441289e+00 2.059198010054538730e-02 7.351694911156767986e+00 1.209934618316787780e-01 2.455579851356144983e-01 4.128948813981899585e-03
-2.277329732549899788e+01 1.216759264222952996e+00 2.056828061218821113e-02 7.335423870623381859e+00 1.202883202736054896e-01 2.456593564710717326e-01 5.016793294580846989e-03
-2.269887478521956581e+01 1.217164987964865386e+00 2.064061374401429672e-02 7.330714745291057710e+00 1.223941846795898042e-01 2.508800402295938148e-01 2.504019628491922691e-03
-2.262445224494016216e+01 1.216098114992702151e+00 2.045064803209123427e-02 7.320263308072187058e+00 1.238498657224328531e-01 2.482324918160490335e-01 2.735427221447578501e-03
-2.255002970466076562e+01 1.215556497256877311e+00 2.035450289097884280e-02 7.314905954688549983e+00 1.239806787258315862e-01 2.484669254227560020e-01 1.388670024852414232e-03
-2.247560716438134776e+01 1.215099598008281045e+00 2.027355090605978405e-02 7.323965734704873221e+00 1.226476384992251090e-01 2.504778387075197177e-01 -2.457228594533800332e-03
-2.240118462410194766e+01 1.214436610459245669e+00 2.015633630182070424e-02 7.325580686192742164e+00 1.209074357674861100e-01 2.511275521684646073e-01 1.105156748018179015e-03
-2.232676208382254757e+01 1.213241122081357259e+00 1.994573027342927407e-02 7.311043461877885008e+00 1.209990519292707262e-01 2.509448730374252978e-01 2.144793083153301392e-03
-2.225233954354311550e+01 1.211812957175308236e+00 1.969540720057838534e-02 7.301598226571107908e+00 1.221175488974411416e-01 2.467500468677199521e-01 1.059718774830301557e-03
-2.217791700326372961e+01 1.213305862014718128e+00 1.995711048715517744e-02 7.309909899588682869e+00 1.191825234709395637e-01 2.483617273805623082e-01 2.801689861244058711e-03
-2.210349446298429399e+01 1.213988926396057044e+00 2.007735538514893170e-02 7.325375717170762968e+00 1.202908029901662013e-01 2.525537927041489050e-01 4.521792265046883051e-03
-2.202907192270489389e+01 1.215582189182836448e+00 2.035905910295884857e-02 7.340653505621871133e+00 1.201719955018835800e-01 2.450663281838464103e-01 2.508157769373714485e-03
-2.195464938242550090e+01 1.213917526117347157e+00 2.006477144069818142e-02 7.330746951008822343e+00 1.224159197266085075e-01 2.472252441984981175e-01 1.698113126068097160e-03
-2.188022684214607594e+01 1.215106507663626711e+00 2.027477408458394637e-02 7.341364331420829892e+00 1.247673576088233066e-01 2.469604192385098373e-01 3.674820842101798098e-03
-2.180580430186667584e+01 1.215120791791759247e+00 2.027730282824202757e-02 7.339940387646977982e+00 1.243812682957907284e-01 2.421138448655220932e-01 7.709712262442125616e-04
-2.173138176158728285e+01 1.216161678497101439e+00 2.046194450104973916e-02 7.340882277453575355e+00 1.255804824475760528e-01 2.431407734337137361e-01 2.827138697133244668e-03
-2.165695922130784368e+01 1.215086486871295390e+00 2.027123000202571412e-02 7.334487142628350220e+00 1.254422914032416181e-01 2.449151916698914522e-01 3.111594891852084016e-03
-2.158253668102846135e+01 1.214637579399490130e+00 2.019183566395013618e-02 7.333638952217577334e+00 1.260310443325699803e-01 2.507822809109631623e-01 -1.488429056777365025e-03
-2.150811414074902217e+01 1.214011677042067916e+00 2.008136580022301665e-02 7.326131062476890499e+00 1.289028037600521426e-01 2.431439327420198415e-01 1.722460621728366583e-03
-2.143369160046962918e+01 1.214835885210701516e+00 2.022689144214778745e-02 7.326288834492246771e+00 1.270609591022302809e-01 2.483037324198621998e-01 -3.076084013819408922e-03
-2.135926906019023264e+01 1.215886522248122770e+00 2.041306357841399244e-02 7.328938721431061509e+00 1.240184202085512916e-01 2.518463094669215474e-01 5.693775158306301973e-04
-2.128484651991080412e+01 1.215895830102327491e+00 2.041471626216667667e-02 7.336859468385027228e+00 1.236777079152941300e-01 2.512175992523195123e-01 2.036983443718284360e-03
-2.121042397963141113e+01 1.213797908043180218e+00 2.004369710240785918e-02 7.312911271577776873e+00 1.232721593139341348e-01 2.488444391352634399e-01 4.409257660464214329e-03
-2.113600143935201459e+01 1.212358920844035293e+00 1.979093772724291322e-02 7.298422042232947327e+00 1.208732387212336223e-01 2.462557778821099774e-01 5.144290331110428285e-03
-2.106157889907257541e+01 1.211657286703186731e+00 1.966820578866410041e-02 7.290139497226970633e+00 1.251617510705894942e-01 2.484456329090087845e-01 3.832705608627959715e-03
-2.098715635879319308e+01 1.212332028723446919e+00 1.978622750211983528e-02 7.294292978581554898e+00 1.264702214172443995e-01 2.527257442842699153e-01 3.974758061074295905e-03
-2.091273381851375390e+01 1.210868091501153376e+00 1.953055813040677213e-02 7.287764375562344021e+00 1.270165046571999357e-01 2.512325323716380066e-01 3.053881981722251712e-03
-2.083831127823436091e+01 1.212701197722067192e+00 1.985093139284285768e-02 7.302580487527352560e+00 1.257915867947937416e-01 2.493980731539561513e-01 5.821475335356275302e-03
-2.076388873795496437e+01 1.213350523127884939e+00 1.996496283461021704e-02 7.304107052082342122e+00 1.229617238811346880e-01 2.531489281471561159e-01 4.237576831482847966e-06
-2.068946619767553585e+01 1.211260957078420075e+00 1.959902680492189853e-02 7.289257977060258575e+00 1.226311427964867778e-01 2.510176422945267216e-01 1.927222862183925953e-03
-2.061504365739614286e+01 1.212747000708262579e+00 1.985896570087766766e-02 7.304476577147084981e+00 1.215306353228784997e-01 2.506064456919199768e-01 1.916654818098458826e-03
-2.054062111711674987e+01 1.210227656101558136e+00 1.941916865158271888e-02 7.287698023137419767e+00 1.221061823579764477e-01 2.480326117035744904e-01 1.776537783603933168e-03
-2.046619857683730714e+01 1.211622802754751982e+00 1.966218239548012114e-02 7.299350419015968150e+00 1.234187374586249997e-01 2.482894208452200990e-01 1.930792670389690560e-03
-2.039177603655792836e+01 1.210529539072971783e+00 1.947163960135261940e-02 7.297876466254063388e+00 1.256996773432878522e-01 2.449388695013269279e-01 7.695279899415607928e-04
-2.031735349627848919e+01 1.209905596628927382e+00 1.936325937887878323e-02 7.290954237355831147e+00 1.269594398742836527e-01 2.441885603008707717e-01 -1.865392036551771651e-04
-2.024293095599909265e+01 1.210651172570194722e+00 1.949279856832644708e-02 7.289199907436327841e+00 1.278139888407946734e-01 2.443857172383301080e-01 -2.001750443211375210e-03
-2.016850841571969966e+01 1.210777490401061529e+00 1.951478309141255196e-02 7.293466273103343944e+00 1.254137577730640163e-01 2.489040628318296144e-01 -1.243490822042673171e-03
-2.009408587544027114e+01 1.211924196443018742e+00 1.971485494079380785e-02 7.311907718980684479e+00 1.208739095036135275e-01 2.475767166255727625e-01 3.342073696642055983e-04
-2.001966333516087460e+01 1.212212507677911777e+00 1.976529903249946152e-02 7.321305543122916148e+00 1.214458946173019860e-01 2.532483851391672536e-01 2.623793569135400832e-03
-1.994524079488148516e+01 1.213462547527722979e+00 1.998466500223994302e-02 7.330133279673663793e+00 1.214641054721838920e-01 2.487162331866967224e-01 5.361213231350806657e-03
-1.987081825460204243e+01 1.212089876523100296e+00 1.974383607825178077e-02 7.315268460884026602e+00 1.225111570266453481e-01 2.511344938163173612e-01 2.997435622351884987e-03
-1.979639571432266010e+01 1.212399392938444231e+00 1.979802744767861222e-02 7.313280125177152868e+00 1.241222456115994854e-01 2.551316768492356557e-01 9.456844440605149428e-04
-1.972197317404321382e+01 1.211513379039029781e+00 1.964307445863883173e-02 7.306070683651833875e+00 1.236149995448183186e-01 2.530810703337167955e-01 3.613407417871927936e-04
-1.964755063376382438e+01 1.211864425398568645e+00 1.970440424047240069e-02 7.308119486483252381e+00 1.228258966216566467e-01 2.526730923977671406e-01 -1.003152883036383374e-03
-1.957312809348443139e+01 1.212742770580624407e+00 1.985822363382688804e-02 7.318453198702672857e+00 1.232296668945818408e-01 2.508906484780838442e-01 -2.010569591425824792e-03
-1.949870555320500287e+01 1.211530583410429962e+00 1.964607820333383326e-02 7.301087944782847394e+00 1.247368985548542170e-01 2.524895237647608592e-01 1.711296053798313415e-03
-1.942428301292560278e+01 1.214171054738434341e+00 2.010947026537060478e-02 7.327904075190160960e+00 1.239682297773320729e-01 2.509973433703448498e-01 3.104466088125814541e-03
-1.934986047264622044e+01 1.214297947814672707e+00 2.013185875355746890e-02 7.339342805518778157e+00 1.242223715394081829e-01 2.523679092769539611e-01 2.248147059274975372e-03
-1.927543793236677416e+01 1.214417458123091764e+00 2.015295464238389678e-02 7.340454425533675220e+00 1.244790440833529049e-01 2.523724061859374812e-01 7.895933714539138523e-04
-1.920101539208738473e+01 1.214558386199132922e+00 2.017784362604074788e-02 7.345819814156672400e+00 1.257778081106020185e-01 2.584182094993696666e-01 1.373882306052782824e-03
-1.912659285180795266e+01 1.212913524772177842e+00 1.988818772897413267e-02 7.325885816354404056e+00 1.256568298159265185e-01 2.601692383856655799e-01 2.442785238542941745e-03
-1.905217031152855967e+01 1.212731814917975326e+00 1.985630180126998767e-02 7.322180805661420600e+00 1.239059644481499411e-01 2.558062456797943196e-01 3.813653392057545465e-03
-1.897774777124915602e+01 1.212372900016127630e+00 1.979338641008920874e-02 7.320674790844774904e+00 1.225832436604318287e-01 2.568442269268791933e-01 5.445539001919077852e-03
-1.890332523096974171e+01 1.214795163285751656e+00 2.021969059438277760e-02 7.342911955439556770e+00 1.225360865399526544e-01 2.568159545548659439e-01 6.359086048779554086e-03
-1.882890269069034161e+01 1.216576026543756406e+00 2.053564912379338137e-02 7.368912246258801702e+00 1.214630683491453866e-01 2.600790411592254769e-01 4.505945908834728744e-03
-1.875448015041094152e+01 1.216653697036918835e+00 2.054947813710203408e-02 7.357973074488322496e+00 1.227967288944742941e-01 2.593071924771011560e-01 2.363771012148174581e-03
-1.868005761013152011e+01 1.217390004337248088e+00 2.068077795759595827e-02 7.357973073648619966e+00 1.220671689492786316e-01 2.582171908838357677e-01 1.726913497744144788e-03
-1.860563506985212356e+01 1.216081807838500506e+00 2.044775037448876009e-02 7.351213743003513379e+00 1.231058790814093112e-01 2.576936285565138984e-01 4.232501338131236177e-03
-1.853121252957268084e+01 1.216091138317374920e+00 2.044940830779917729e-02 7.338250370812023249e+00 1.269330190703157335e-01 2.573774432731221196e-01 6.460752794020375653e-03
-1.845678998929330561e+01 1.216587383199451367e+00 2.053767089006039437e-02 7.337839627931053599e+00 1.252730301974930016e-01 2.570273080697348944e-01 5.214513048205767984e-03
-1.838236744901389841e+01 1.216870109078004303e+00 2.058803118941396337e-02 7.347633279792722405e+00 1.250893253138768146e-01 2.550819909746575020e-01 3.613852074735775157e-03
-1.830794490873446279e+01 1.216140456963940020e+00 2.045817271876634869e-02 7.341306874787063563e+00 1.239152022654337187e-01 2.489750266176250226e-01 7.108810106796474571e-03
-1.823352236845505914e+01 1.216584842824373958e+00 2.053721863274976522e-02 7.339497996154380921e+00 1.257028084018478598e-01 2.452923985291551867e-01 7.218918523288017468e-03
-1.815909982817568391e+01 1.215667551745364117e+00 2.037420052684679739e-02 7.329202147695827563e+00 1.236687514222638701e-01 2.429990450841308103e-01 3.109655332169749403e-03
-1.808467728789623763e+01 1.215209163906529222e+00 2.029295056696445165e-02 7.321027191659807087e+00 1.239213127231577199e-01 2.452610294508429933e-01 1.063999585824419941e-03
-1.801025474761684109e+01 1.214937888413842648e+00 2.024493357507875513e-02 7.314114128484031419e+00 1.236856408775923871e-01 2.425152240913936164e-01 1.538327652881661418e-03
-1.793583220733742678e+01 1.214809462184692546e+00 2.022221893708489593e-02 7.306620879550992598e+00 1.226396269650116000e-01 2.451517315112622664e-01 1.099172395606329202e-03
-1.786140966705802313e+01 1.215706923618889990e+00 2.038118588490311911e-02 7.313958916290935086e+00 1.246548663860985728e-01 2.445624564406342905e-01 6.364249806874656057e-04
-1.778698712677861593e+01 1.216365092030359696e+00 2.049811339289484002e-02 7.328367005915386478e+00 1.209099813504472265e-01 2.412592451736149113e-01 -3.230401188157206192e-05
-1.771256458649921228e+01 1.216483887521380147e+00 2.051924931514356731e-02 7.326155886106492154e+00 1.188665366812567820e-01 2.444815639242894911e-01 -5.738627313356536733e-04
-1.763814204621980508e+01 1.216605079780018750e+00 2.054082149381999955e-02 7.323336318959266400e+00 1.200371177446751814e-01 2.513892352841682887e-01 -2.371828355191674093e-05
-1.756371950594040143e+01 1.216177151438563753e+00 2.046469475661641391e-02 7.327456666147686981e+00 1.166028758955255928e-01 2.492286176933116437e-01 -3.840483086511824618e-03
-1.748929696566099423e+01 1.216801980856803578e+00 2.057589097210274498e-02 7.332325706887043104e+00 1.166420411482203268e-01 2.488940197982402458e-01 -6.142016555122813311e-03
-1.741487442538159414e+01 1.216277160574700034e+00 2.048247489819463030e-02 7.308749547159963278e+00 1.174827861199137791e-01 2.448484136305210390e-01 -4.317659072836990512e-03
-1.734045188510214430e+01 1.215718124422371371e+00 2.038317332316852415e-02 7.297733099692620407e+00 1.154453478767095698e-01 2.432958648036534222e-01 -3.702720330803370864e-03
-1.726602934482277618e+01 1.215725842921805189e+00 2.038454292084887487e-02 7.294455129408539129e+00 1.161113012482898610e-01 2.452663830564875136e-01 -3.289346170739301453e-03
-1.719160680454336898e+01 1.216229335695504066e+00 2.047397150017493672e-02 7.307059262680142275e+00 1.155078771845290814e-01 2.465895832011090472e-01 -3.751542554559579318e-03
-1.711718426426392625e+01 1.216448541350237278e+00 2.051295957871782094e-02 7.317006528766390794e+00 1.124633751264147996e-01 2.533814781933922955e-01 -5.543901728719396842e-03
-1.704276172398451550e+01 1.217609187163707807e+00 2.071993376161004874e-02 7.329609138166214066e+00 1.115026431449588767e-01 2.591912535640297777e-01 -5.863433086969247268e-03
-1.696833918370515448e+01 1.217986981828426130e+00 2.078750075184110369e-02 7.329303790320381040e+00 1.114423298741155088e-01 2.545529926920701569e-01 -5.380308556849565903e-03
-1.689391664342570465e+01 1.217955969640278635e+00 2.078195072661534470e-02 7.334572085320886892e+00 1.113048896970047774e-01 2.524856076126120175e-01 -4.944311492161220477e-03
-1.681949410314629745e+01 1.217067852773493275e+00 2.062328619453906997e-02 7.323326630278656602e+00 1.115717608794838944e-01 2.528710724557717837e-01 -3.062973675769994301e-03
-1.674507156286689735e+01 1.216067198031576924e+00 2.044515447533851171e-02 7.310877563049766437e+00 1.121230357108467801e-01 2.523093420023729272e-01 -4.093020866140233485e-03
-1.667064902258749015e+01 1.216291201345131912e+00 2.048497168026275350e-02 7.314997857439702322e+00 1.120809339653949660e-01 2.468689420199245976e-01 6.005716598490529407e-04
-1.659622648230807229e+01 1.218187666238215172e+00 2.082343144793211143e-02 7.326945276159681164e+00 1.135441492453451162e-01 2.441942359305153964e-01 1.112479243020353392e-03
-1.652180394202868641e+01 1.218475859408343354e+00 2.087507725036780171e-02 7.337497863124029962e+00 1.140933131931911870e-01 2.452354321513492419e-01 -7.299331925911067918e-04
-1.644738140174926855e+01 1.220039037815476402e+00 2.115618137283611921e-02 7.343224733864511578e+00 1.166880652675408581e-01 2.386890404827382295e-01 -6.760844264436005656e-04
-1.637295886146985779e+01 1.220310375555393456e+00 2.120514297305076123e-02 7.337504514154605140e+00 1.168113952555159818e-01 2.388791834228820576e-01 6.766845200114368934e-04
-1.629853632119046480e+01 1.219778797886986510e+00 2.110926878843613630e-02 7.340913160157075623e+00 1.172068691851647360e-01 2.370382243394112409e-01 1.493775151464466974e-03
-1.622411378091105760e+01 1.219078821047674621e+00 2.098331222246666017e-02 7.326154705484710483e+00 1.180025243518287026e-01 2.380815469830372677e-01 1.639777055619364614e-03
-1.614969124063160422e+01 1.218494793942988652e+00 2.087847238192702681e-02 7.314039670897903633e+00 1.165972441726959713e-01 2.408792469688805504e-01 5.879156315024270090e-04
-1.607526870035224675e+01 1.217426723346307416e+00 2.068733534615660452e-02 7.291692525097804634e+00 1.173643142726771421e-01 2.375820174713082211e-01 -1.259778126865362859e-03
-1.600084616007283245e+01 1.217278637244708861e+00 2.066089525904352131e-02 7.275757788616613375e+00 1.165232199247984851e-01 2.417773862087588266e-01 1.849926943525137578e-03
-1.592642361979339150e+01 1.217663266476230577e+00 2.072959971705581883e-02 7.273607039910667815e+00 1.152276954287799055e-01 2.420817536925213287e-01 6.622958470368090306e-06
-1.585200107951397541e+01 1.217366272043666209e+00 2.067654025886353497e-02 7.268239488127311354e+00 1.155979790058354051e-01 2.349262965759104094e-01 3.093827749385664582e-03
-1.577757853923461795e+01 1.217287783155157399e+00 2.066252779021274244e-02 7.271831764458108083e+00 1.174780361584231991e-01 2.367868552848004793e-01 2.966628005372107073e-03
-1.570315599895516634e+01 1.215372674513784501e+00 2.032191675780278817e-02 7.262479981588572997e+00 1.198201852370562176e-01 2.355389428147399156e-01 7.150950655369656649e-03
-1.562873345867575736e+01 1.214852927463933252e+00 2.022990535303123560e-02 7.247913162103903240e+00 1.224530691083263595e-01 2.359202655607338661e-01 5.846433812676670588e-03
-1.555431091839636970e+01 1.213459773094132110e+00 1.998417694886592266e-02 7.243095172226158951e+00 1.215159993021697610e-01 2.390717998279826562e-01 3.313909559691865635e-03
-1.547988837811695362e+01 1.213441859900980857e+00 1.998102594706849255e-02 7.250165613272439913e+00 1.194032835390226449e-01 2.409001715439509639e-01 5.396912361592417703e-03
-1.540546583783753576e+01 1.212972684962311254e+00 1.989857383406784530e-02 7.246118861312171866e+00 1.208819486778916069e-01 2.396014848297741973e-01 5.864908873004088564e-03
-1.533104329755815698e+01 1.213393739391050996e+00 1.997256243734929493e-02 7.252823043759216937e+00 1.202048917653156385e-01 2.386783778168832248e-01 6.379337818516203282e-03
-1.525662075727873557e+01 1.214091664582193530e+00 2.009546854971114294e-02 7.261355128238699663e+00 1.202409998220014820e-01 2.404132784561862080e-01 5.059379623244760621e-03
-1.518219821699931771e+01 1.214417855113456568e+00 2.015302473502728065e-02 7.264854216600591386e+00 1.210783441832092022e-01 2.404019291151625604e-01 3.090758387790414237e-03
-1.510777567671993538e+01 1.214071452510667726e+00 2.009190451256490095e-02 7.266592864481146385e+00 1.190814953190251768e-01 2.382666787831985988e-01 2.050310780888702292e-03
-1.503335313644052107e+01 1.214488540652886694e+00 2.016550668161967708e-02 7.273645345858283484e+00 1.185719619068093811e-01 2.418289297056666343e-01 -1.623101805902427207e-04
-1.495893059616106768e+01 1.214758035322713647e+00 2.021312624531476643e-02 7.277560081437785655e+00 1.196631366881841241e-01 2.431897840155748114e-01 -5.025176193333824983e-04
-1.488450805588172265e+01 1.213421273505546738e+00 1.997740498751021665e-02 7.267360562293868398e+00 1.216122544739680900e-01 2.480274468008680233e-01 -3.536327350191861320e-03
-1.481008551560230124e+01 1.211858464041761563e+00 1.970336205724992906e-02 7.260038632401820458e+00 1.220062563697734415e-01 2.459055309671208944e-01 -3.745536689729146457e-03
-1.473566297532285496e+01 1.211454529483721565e+00 1.963280132492725705e-02 7.252647106494749529e+00 1.213534177266569064e-01 2.422769067445635915e-01 -1.572331013733651098e-03
-1.466124043504343177e+01 1.211680037237565344e+00 1.967218012201241151e-02 7.262644507589469889e+00 1.193432562784204759e-01 2.477002370534717723e-01 -3.974982732599906254e-03
-1.458681789476408674e+01 1.211635082258417873e+00 1.966432719268995655e-02 7.257586843158616574e+00 1.220732696410450902e-01 2.488847354681819335e-01 1.308186706964908788e-04
-1.451239535448463158e+01 1.211283965945981533e+00 1.960304005564797447e-02 7.253397621541004980e+00 1.200721530107417417e-01 2.495944045531763578e-01 2.228011561215845725e-03
-1.443797281420521550e+01 1.211781072711586527e+00 1.968983445683153422e-02 7.254743755274305705e+00 1.197302643920871434e-01 2.492429061266327739e-01 4.014999357964637097e-03
-1.436355027392584027e+01 1.211309904920876646e+00 1.960756481398120976e-02 7.257201557543986326e+00 1.205436001191772938e-01 2.544690096688705383e-01 4.101790516404606700e-03
-1.428912773364641886e+01 1.212062136840258209e+00 1.973898248728050975e-02 7.268881005158603692e+00 1.188354271071003360e-01 2.542081370767910742e-01 2.884399973227118417e-03
-1.421470519336699745e+01 1.211543651833090207e+00 1.964835997945202362e-02 7.262858616044749027e+00 1.190931162371293567e-01 2.540345520619374242e-01 7.318205267568566631e-04
-1.414028265308762577e+01 1.209720023519565535e+00 1.933107620569582408e-02 7.240793377999707126e+00 1.218873443369659498e-01 2.504618211763559033e-01 1.690639797166437874e-05
-1.406586011280820081e+01 1.209125157476683254e+00 1.922806971591653480e-02 7.229717730712966528e+00 1.224465035232959187e-01 2.504884440507026411e-01 -2.720219393282954229e-03
-1.399143757252877762e+01 1.210034438964866510e+00 1.938561780681538615e-02 7.245944414203696837e+00 1.210031156195347651e-01 2.494658967758788259e-01 -2.110959680011288524e-03
-1.391701503224940417e+01 1.210907087083997968e+00 1.953734958200681326e-02 7.263715248798006563e+00 1.186475332495113139e-01 2.480240735132858976e-01 2.446333523949517682e-05
-1.384259249196998809e+01 1.210157572616672228e+00 1.940699618356631073e-02 7.262941018816119865e+00 1.191441628355059956e-01 2.467696121134837772e-01 5.656903012088021357e-04
-1.376816995169053293e+01 1.209581265372760006e+00 1.930702733267505855e-02 7.253029852545638256e+00 1.215577232665091822e-01 2.448352910163377749e-01 -5.615807395524652747e-04
-1.369374741141119145e+01 1.209383477194244438e+00 1.927277041650143907e-02 7.252073530771721899e+00 1.211231740568470966e-01 2.429464785958944384e-01 8.231075311832648051e-05
-1.361932487113176649e+01 1.210912792739528898e+00 1.953834336315066200e-02 7.286234281205739904e+00 1.191372273272413157e-01 2.447102956018368525e-01 -2.132381022170637321e-04
-1.354490233085231843e+01 1.210259714811382947e+00 1.942473789468943113e-02 7.281908983531898194e+00 1.199392552411247398e-01 2.420847684698608782e-01 1.899983996979228611e-03
-1.347047979057289169e+01 1.209158322355430082e+00 1.923380614880454420e-02 7.268145669295859257e+00 1.210429033545099425e-01 2.443798469284555464e-01 -1.913117593486623981e-04
-1.339605725029355554e+01 1.209038961073354512e+00 1.921316409281567661e-02 7.270551814060245199e+00 1.210670079144144373e-01 2.483187229132386153e-01 1.388344137910192504e-03
-1.332163471001409505e+01 1.208285932671391061e+00 1.908316193632722535e-02 7.274050939384696157e+00 1.183157857616568276e-01 2.502924232118672321e-01 2.794738851618311197e-03
-1.324721216973467719e+01 1.208640645501561917e+00 1.914435088710433885e-02 7.283258318706064216e+00 1.171750366794582776e-01 2.493289266371381818e-01 1.407212147362565426e-03
-1.317278962945530552e+01 1.209205719077494079e+00 1.924200552815419352e-02 7.282857231909028783e+00 1.155496405618846589e-01 2.466000681729219879e-01 4.344199655037383903e-04
-1.309836708917588410e+01 1.208027957556371046e+00 1.903871463906589567e-02 7.278582729524338824e+00 1.171841640403410989e-01 2.431927158405134681e-01 -4.178067558803566560e-05
-1.302394454889645559e+01 1.207442564699632515e+00 1.893802475245731642e-02 7.259361379294621663e+00 1.204271862787823777e-01 2.437747944571801162e-01 4.335822305084890971e-05
-1.294952200861709457e+01 1.207470948042689285e+00 1.894290137951096242e-02 7.269404467515852453e+00 1.204373635569566531e-01 2.481278374138741749e-01 9.724265504015916842e-04
-1.287509946833766605e+01 1.207239588806171549e+00 1.890316696401844743e-02 7.269012530360938307e+00 1.200969404121832451e-01 2.432498674392099269e-01 -1.516282109542093151e-03
-1.280067692805823931e+01 1.208381135546739094e+00 1.909957623823102524e-02 7.283508665508058755e+00 1.205258796856766429e-01 2.424685978693447430e-01 -2.830813817020722076e-03
-1.272625438777887474e+01 1.208792626877155829e+00 1.917059445844887522e-02 7.289256095481607467e+00 1.210070611809346136e-01 2.463353583710737038e-01 -4.921039612649538188e-03
-1.265183184749945333e+01 1.207692035921805740e+00 1.898090606200511510e-02 7.271395029213985950e+00 1.218968427471948113e-01 2.439001761704456261e-01 -2.997164831759897580e-03
-1.257740930721999462e+01 1.208960059995759284e+00 1.919952447888170766e-02 7.283334696066965819e+00 1.216681368850859174e-01 2.440879650677364177e-01 -1.169991747248352388e-03
-1.250298676694066025e+01 1.210953941806821810e+00 1.954551114921954102e-02 7.296284573676751428e+00 1.228702209504273501e-01 2.393260260972267794e-01 -2.427719548997088299e-03
-1.242856422666123173e+01 1.211456748739237588e+00 1.963318868875499335e-02 7.313161362013087974e+00 1.171056656737359675e-01 2.437409015764908926e-01 -6.523563244737565735e-03
-1.235414168638178189e+01 1.210532913505804498e+00 1.947222647054430711e-02 7.302809172150647399e+00 1.146267255018749293e-01 2.396142156691030700e-01 -2.824090282823666850e-03
-1.227971914610235338e+01 1.210425798378168549e+00 1.945360118553149387e-02 7.293214058378495679e+00 1.133929291342125056e-01 2.370353364712891320e-01 -1.036781996707946069e-03
-1.220529660582302078e+01 1.210787295572647748e+00 1.951649005175695728e-02 7.287643904305590503e+00 1.171672143294468643e-01 2.386452899150874885e-01 -2.941287499086859842e-03
-1.213087406554356029e+01 1.210958841242382400e+00 1.954636466240433634e-02 7.291124850519097755e+00 1.169936847427351795e-01 2.400112177601153585e-01 -3.174416004117436210e-03
-1.205645152526413888e+01 1.211746245754346640e+00 1.968374821728599566e-02 7.299946177515583834e+00 1.169014535057902593e-01 2.377416345286073596e-01 6.239240163967862572e-04
-1.198202898498477786e+01 1.211436153446887376e+00 1.962959397644042925e-02 7.298435996967405970e+00 1.177270405698840616e-01 2.338716160039389091e-01 1.722419190584205742e-03
-1.190760644470534935e+01 1.210473971164945262e+00 1.946197654873113581e-02 7.289303083324390364e+00 1.166211719184381823e-01 2.358968024917160455e-01 1.999611969338613814e-03
-1.183318390442591728e+01 1.210230218664109403e+00 1.941961379446890956e-02 7.273287804522055922e+00 1.169255578856862182e-01 2.319922184659486408e-01 -4.875558202156904278e-04
-1.175876136414656337e+01 1.208906466298641735e+00 1.919026217602723405e-02 7.265461380553862369e+00 1.171420560208872585e-01 2.343697944549649470e-01 -4.258541944373628362e-04
-1.168433882386713130e+01 1.210044264023482752e+00 1.938732324634309667e-02 7.287648684026972745e+00 1.159640660842468085e-01 2.404505172694572090e-01 -3.810214738782341428e-03
-1.160991628358770100e+01 1.210859957373645823e+00 1.952914162547567112e-02 7.300511911718507996e+00 1.139373170811010111e-01 2.383023864783288537e-01 -8.394486093568731370e-04
-1.153549374330834354e+01 1.210044565059821497e+00 1.938737550145105959e-02 7.281675066520152839e+00 1.157542534045506999e-01 2.417592501747182210e-01 -3.515016734111531260e-03
-1.146107120302891857e+01 1.210106539296980310e+00 1.939813455864791703e-02 7.287688740987949387e+00 1.156597908901725036e-01 2.434910700624448310e-01 -3.778945903094022007e-03
-1.138664866274945986e+01 1.210152154969038829e+00 1.940605535769804324e-02 7.292330525990164958e+00 1.163641187395391130e-01 2.430592678377997973e-01 -1.691875815979107002e-03
-1.131222612247012904e+01 1.211602947763523508e+00 1.965871464446208861e-02 7.298667896927770293e+00 1.144727562413785787e-01 2.416820665874948038e-01 3.466166793312898137e-03
-1.123780358219070052e+01 1.210220137149248920e+00 1.941786255982783094e-02 7.287994915369391258e+00 1.148916465627562999e-01 2.430172895560490098e-01 9.299557995512342445e-04
-1.116338104191124359e+01 1.210144782544757769e+00 1.940477509852847615e-02 7.282892664692576901e+00 1.161767131538311432e-01 2.435641476220301305e-01 4.450457721839529341e-04
-1.108895850163181507e+01 1.210046230237136422e+00 1.938766455079743434e-02 7.280986530679109947e+00 1.169294094109976506e-01 2.426122801832514275e-01 3.363981384260066303e-03
-1.101453596135248425e+01 1.209294824347513009e+00 1.925742442228911555e-02 7.266729250841899024e+00 1.181991282819929850e-01 2.412627556342604174e-01 2.660819584738893621e-03
-1.094011342107302553e+01 1.207564141850748785e+00 1.895891717181757974e-02 7.255877784673465669e+00 1.178463836517120861e-01 2.453188950106962862e-01 9.541240748181622870e-04
-1.086569088079359702e+01 1.208206336768669953e+00 1.906944325883583313e-02 7.272584436428445542e+00 1.193765587236837039e-01 2.476498060193137452e-01 -4.990769433615715751e-04
-1.079126834051424311e+01 1.208754331507516655e+00 1.916398026837029533e-02 7.269315032581982194e+00 1.194947077557508980e-01 2.468330194747247186e-01 1.215859461971553583e-03
-1.071684580023481459e+01 1.210400570235864004e+00 1.944921563039678225e-02 7.283999613646920501e+00 1.215003434819410394e-01 2.479000957141853645e-01 -3.120579044720772828e-04
-1.064242325995537897e+01 1.209307482268946243e+00 1.925961520623659107e-02 7.275841530698456516e+00 1.201365679414776871e-01 2.420054391675828254e-01 2.390559966400817010e-03
-1.056800071967603039e+01 1.209065278483028250e+00 1.921771452549622672e-02 7.277490886514609514e+00 1.196605901101339270e-01 2.457972319101676684e-01 1.989620269935151592e-03
-1.049357817939659476e+01 1.210225264767181619e+00 1.941875325679659481e-02 7.295535954570329551e+00 1.187334929487696700e-01 2.448853086020152114e-01 4.154138406753481519e-03
-1.041915563911716269e+01 1.210421703385953895e+00 1.945288929961466740e-02 7.295507605967733511e+00 1.181420881087531793e-01 2.441078369988917696e-01 4.623127709107209028e-03
-1.034473309883781234e+01 1.211557220333456808e+00 1.965072919338148316e-02 7.295659286333497029e+00 1.176512800221945487e-01 2.461852474770390709e-01 2.898559634541907504e-03
-1.027031055855838382e+01 1.212281508165369059e+00 1.977738002498172221e-02 7.304762959013871182e+00 1.165274447525822821e-01 2.426019930651334977e-01 5.597285652596207563e-03
-1.019588801827892510e+01 1.213873903962312317e+00 2.005708495501209998e-02 7.309415583794928395e+00 1.163469867548224956e-01 2.439839389871198416e-01 5.295096915421325552e-03
-1.012146547799960139e+01 1.213086215143051927e+00 1.991851174397071822e-02 7.295379209154610578e+00 1.151353718569272239e-01 2.413774470155541640e-01 6.182389012242267903e-03
-1.004704293772016221e+01 1.213881208757654484e+00 2.005837201380092361e-02 7.302549079182266034e+00 1.178338705001862746e-01 2.374520540994724538e-01 4.561051420851097021e-03
-9.972620397440712381e+00 1.213328330834976487e+00 1.996106080114240511e-02 7.298005812517039281e+00 1.169875222529398462e-01 2.348875126507258548e-01 4.806932961566224953e-03
-9.898197857161273205e+00 1.213644836070722599e+00 2.001674301514583254e-02 7.294562632864068696e+00 1.180177994731494567e-01 2.338015899612952420e-01 7.598804933690425992e-03
-9.823775316881945940e+00 1.213549086498077134e+00 1.999989078300934420e-02 7.308593228817584553e+00 1.165785433065069099e-01 2.391326339259509104e-01 4.227421096139998176e-03
-9.749352776602497883e+00 1.213427339798735183e+00 1.997847196334923137e-02 7.303862808969484810e+00 1.164120771826859940e-01 2.427172520528665389e-01 2.735568378531082635e-03
-9.674930236323069366e+00 1.213756388534638964e+00 2.003638445680172575e-02 7.305133259920230770e+00 1.141946873632331411e-01 2.481382479677539665e-01 3.858663891664785434e-03
-9.600507696043711903e+00 1.214101704630053957e+00 2.009723903552781965e-02 7.309584373810807278e+00 1.140680488536489762e-01 2.529470331758825186e-01 4.948538378970370431e-03
-9.526085155764279833e+00 1.214762609259431247e+00 2.021393488229900059e-02 7.301930862789327570e+00 1.155830783549441076e-01 2.488193172161250744e-01 5.110973800143787590e-03
-9.451662615484844210e+00 1.214633814732639649e+00 2.019117041765808307e-02 7.298694574578374450e+00 1.153993603742946850e-01 2.532469185488996355e-01 3.284083147558323340e-03
-9.377240075205490299e+00 1.214632353109487584e+00 2.019091213992071920e-02 7.302529239436100994e+00 1.157968339329272373e-01 2.545982681135110504e-01 1.096462462945252316e-03
-9.302817534926051124e+00 1.214095840448591979e+00 2.009620492357469534e-02 7.297740599078330170e+00 1.163658567050089299e-01 2.475063721751466217e-01 2.561110858427888357e-03
-9.228394994646635041e+00 1.214181354528043988e+00 2.011128711027224125e-02 7.286931087155931408e+00 1.168340830632051963e-01 2.440191435739672010e-01 6.679536545272290668e-04
-9.153972454367281131e+00 1.213924338201867847e+00 2.006597188747522020e-02 7.287140185544815019e+00 1.158828179597950897e-01 2.486887449352854773e-01 -5.598225977236414913e-04
-9.079549914087849061e+00 1.213715939194762949e+00 2.002926142051952851e-02 7.277626405821596478e+00 1.160440832953926055e-01 2.516401155095813191e-01 -3.169956812647146873e-03
-9.005127373808390345e+00 1.213383827516028912e+00 1.997081931677532896e-02 7.282528439238340923e+00 1.149001456403428989e-01 2.534834699633964350e-01 -1.041503425940845141e-03
-8.930704833529052422e+00 1.213302704780209407e+00 1.995655543130181453e-02 7.282230758953688543e+00 1.138397367063015142e-01 2.548043273687450316e-01 1.494999390539871820e-03
-8.856282293249613247e+00 1.212904841294878411e+00 1.988666346641307370e-02 7.275171924185646510e+00 1.140390466751446952e-01 2.587034695438181209e-01 6.061925819913716257e-04
-8.781859752970191835e+00 1.211442739484622999e+00 1.963074347522658636e-02 7.267402950092223257e+00 1.127842870476229581e-01 2.554645595491541465e-01 1.128847074605299249e-03
-8.707437212690752659e+00 1.210992822901939547e+00 1.955228493654040389e-02 7.275590695349086090e+00 1.136839406286740822e-01 2.538152755933985594e-01 1.087754164129821517e-03
-8.633014672411414736e+00 1.210973979887913332e+00 1.954900201524947811e-02 7.280002883723143192e+00 1.133214709896723377e-01 2.541414176917654033e-01 2.091193601328288250e-03
-8.558592132131956021e+00 1.212984827027072443e+00 1.990070577729863288e-02 7.310044623047011747e+00 1.151181828129107521e-01 2.609426193826789309e-01 2.233088653689856411e-03
-8.484169591852523951e+00 1.213629072929323538e+00 2.001396822363246675e-02 7.324608112813360883e+00 1.142515673109731206e-01 2.598477420753660949e-01 2.184845102349361988e-03
-8.409747051573159382e+00 1.213098238455991407e+00 1.992062376354439279e-02 7.330781690355266278e+00 1.109079507070511172e-01 2.614431779996918004e-01 -1.912570848695563852e-03
-8.335324511293761063e+00 1.213259327477400396e+00 1.994893019436788650e-02 7.325905315094813020e+00 1.132099264841823494e-01 2.633672708602484147e-01 1.493326235830937359e-03
-8.260901971014321887e+00 1.213626584544124087e+00 2.001353020769824909e-02 7.342627696283379635e+00 1.147178323604986644e-01 2.629818466988244063e-01 2.047546387121587305e-03
-8.186479430734964424e+00 1.213766696492607045e+00 2.003819984221161254e-02 7.345501257925426408e+00 1.196867947596517712e-01 2.615488224357783720e-01 2.557336799919758367e-03
-8.112056890455525249e+00 1.211285062567005522e+00 1.960323133939481655e-02 7.308640900487700875e+00 1.204747751767939745e-01 2.608921807834941875e-01 2.165482488996815086e-03
-8.037634350176093179e+00 1.210966596876362544e+00 1.954771577718822373e-02 7.307833196007677223e+00 1.205350927012147910e-01 2.577213099375222916e-01 4.248848955781967841e-03
-7.963211809896725946e+00 1.212003072946617355e+00 1.972864986820607736e-02 7.321565050810655784e+00 1.208349741487719925e-01 2.615120712063502273e-01 3.427713172556739064e-03
-7.888789269617290323e+00 1.210586800645245154e+00 1.948159938036253536e-02 7.320199937151200764e+00 1.206767287178496656e-01 2.645594629931289354e-01 4.096079159904028252e-03
-7.814366729337875128e+00 1.209660960985358802e+00 1.932083817213345323e-02 7.305133990002138589e+00 1.219403370943649700e-01 2.576285461597091486e-01 5.410944857093052777e-03
-7.739944189058534540e+00 1.209901865593121961e+00 1.936261208908510167e-02 7.296580236514619955e+00 1.217233807311531441e-01 2.545555547912295991e-01 7.176230881987894633e-03
-7.665521648779091812e+00 1.210340400005004646e+00 1.943875764187269484e-02 7.301898138256719406e+00 1.217077040453725806e-01 2.543535148619695541e-01 9.155900132396598695e-03
-7.591099108499642867e+00 1.208932108688785423e+00 1.919469356357553225e-02 7.289890724433609748e+00 1.219459566834129594e-01 2.496409313594319390e-01 8.466777927144421984e-03
-7.516676568220201027e+00 1.208648034617660683e+00 1.914562644617570641e-02 7.304088282514275221e+00 1.202366065233606146e-01 2.463051811288473614e-01 6.543142155749511434e-03
-7.442254027940853334e+00 1.208141260976555609e+00 1.905823040613532915e-02 7.294870167115429460e+00 1.181524479050437837e-01 2.470261806141879068e-01 7.000810238589480310e-03
-7.367831487661447909e+00 1.208136824930214459e+00 1.905746616095568835e-02 7.299433685252980197e+00 1.196203512906308108e-01 2.457577555426334603e-01 3.376251739570079909e-03
-7.293408947382009622e+00 1.207747762684887816e+00 1.899049069964561798e-02 7.294076892174127025e+00 1.209139478097882442e-01 2.422545984598405977e-01 4.955533144811217518e-03
-7.218986407102641500e+00 1.208474450137578593e+00 1.911567099728694874e-02 7.302442591598848232e+00 1.216911324109480330e-01 2.420294541490013440e-01 2.705022910458579691e-03
-7.144563866823209430e+00 1.209331258012409815e+00 1.926373051586327545e-02 7.309933806692927583e+00 1.190939939215495819e-01 2.437257817057992826e-01 3.792847940106378393e-03
-7.070141326543770255e+00 1.208273049464677396e+00 1.908094116889935687e-02 7.297917049618398266e+00 1.192700165232378207e-01 2.419819435474017399e-01 3.733999822844904625e-03
-6.995718786264403022e+00 1.207301869159321361e+00 1.891385958985203342e-02 7.283521172687096978e+00 1.182228705000282487e-01 2.375838235797886333e-01 3.478733298489177297e-03
-6.921296245984960294e+00 1.207653248445682559e+00 1.897423612731799492e-02 7.297003742645319591e+00 1.183246774157826614e-01 2.389312121952664736e-01 1.794463973718899395e-03
-6.846873705705582402e+00 1.206065643269941257e+00 1.870211587414680188e-02 7.280052463514646632e+00 1.200210131259145940e-01 2.366088735114029729e-01 3.674440969138982344e-03
-6.772451165426214281e+00 1.206165656938468667e+00 1.871920742108820757e-02 7.270944817544794603e+00 1.221226189235548182e-01 2.370252963174085126e-01 2.812638915245792032e-03
-6.698028625146779547e+00 1.206794379122900329e+00 1.882680850176030041e-02 7.271406910097740095e+00 1.219844617999128050e-01 2.412763433006033520e-01 2.976532690260568371e-03
-6.623606084867319943e+00 1.207057458201994615e+00 1.887191307548685693e-02 7.263986001889534805e+00 1.225714845616173304e-01 2.401586216610221425e-01 1.547002897646584463e-03
-6.549183544587968697e+00 1.207985595751773333e+00 1.903142035678739852e-02 7.281850415304998769e+00 1.230994827849115070e-01 2.451682292452683487e-01 9.939699670762913719e-04
-6.474761004308526857e+00 1.207677434835701114e+00 1.897839512300353304e-02 7.283381592963278806e+00 1.214493833132110762e-01 2.455697778307979473e-01 -8.050995870822163754e-04
-6.400338464029138308e+00 1.208603375489789578e+00 1.913791765593969574e-02 7.287174166751012372e+00 1.218633848281963084e-01 2.485060002451559280e-01 5.641762279859863184e-04
-6.325915923749696468e+00 1.208327287495932323e+00 1.909029132156342401e-02 7.271810845798206024e+00 1.191592731465835053e-01 2.466594426247767369e-01 1.428101218132780048e-03
-6.251493383470345222e+00 1.208045554813910849e+00 1.904174507365929969e-02 7.269999657522050462e+00 1.183540934582922172e-01 2.516854091079162581e-01 -1.826520196378875714e-03
-6.177070843190886507e+00 1.208057070642676090e+00 1.904372833651116204e-02 7.276101512618305733e+00 1.161552280940062465e-01 2.569157518873481094e-01 -4.967836695065841685e-04
-6.102648302911450884e+00 1.208599553913457525e+00 1.913725806181904021e-02 7.278870815864561195e+00 1.171133474699864452e-01 2.543913679637923586e-01 9.813719447913094572e-05
-6.028225762632072993e+00 1.208446578198019816e+00 1.911086306290935011e-02 7.282520463222255103e+00 1.132586020474787292e-01 2.505142126212817066e-01 3.594185461960663691e-05
-5.953803222352711977e+00 1.209966226369588504e+00 1.937377924173760979e-02 7.295253519962786370e+00 1.134251977596396066e-01 2.505193194577906013e-01 2.067541646280735956e-03
-5.879380682073269249e+00 1.210659807754184580e+00 1.949430110057512322e-02 7.304546162021484434e+00 1.136889673786440763e-01 2.444174087354986091e-01 1.760407062177888997e-03
-5.804958141793902016e+00 1.210537938361292198e+00 1.947310038969421453e-02 7.304599178768942380e+00 1.117550012015081501e-01 2.399608208259941533e-01 1.734493080546333204e-03
-5.730535601514455735e+00 1.210133180909430894e+00 1.940276049039610373e-02 7.302038001766153918e+00 1.137903715563262641e-01 2.380921408134156203e-01 4.530978634600542863e-03
-5.656113061235017447e+00 1.211806001617124373e+00 1.969419145405809646e-02 7.316278980128118725e+00 1.152592128844226738e-01 2.389578013546180546e-01 5.067669569983252777e-03
-5.581690520955642221e+00 1.212047689389841532e+00 1.973645483543112755e-02 7.323381096461918816e+00 1.142760152648050753e-01 2.381470111903903619e-01 1.477894364809869592e-03
-5.507267980676200381e+00 1.212114718262917057e+00 1.974818306290551662e-02 7.331231350222705778e+00 1.133995051905304224e-01 2.420691361892469140e-01 1.953008251321433067e-03
-5.432845440396822490e+00 1.212964315106218383e+00 1.989710428584995361e-02 7.340323085404358849e+00 1.140765616576725205e-01 2.390942038464164143e-01 1.612738907499669007e-03
-5.358422900117467691e+00 1.214396263348876959e+00 2.014921264688815383e-02 7.342177886087302596e+00 1.136901604500134000e-01 2.382046294539207354e-01 4.082652794063812082e-03
-5.284000359838025851e+00 1.212495511881481969e+00 1.981486959987727170e-02 7.317969931711867382e+00 1.164283222240838911e-01 2.381977738872080586e-01 2.253520802928489063e-03
-5.209577819558569800e+00 1.213512923902809071e+00 1.999352766967935069e-02 7.331267158383788285e+00 1.180280779021416898e-01 2.414941488887901166e-01 9.868187245077209447e-05
-5.135155279279127960e+00 1.214800000530799728e+00 2.022054590439895105e-02 7.335860406952813051e+00 1.171340588522331028e-01 2.381630356928324810e-01 -4.365489488185336515e-04
-5.060732738999766944e+00 1.215809162870693516e+00 2.039933007154803857e-02 7.331028986796060742e+00 1.205292287762448067e-01 2.415907484197308830e-01 -9.033236199781991341e-04
-4.986310198720395270e+00 1.214874437633949533e+00 2.023370969289897681e-02 7.317586898457746791e+00 1.224530382877374451e-01 2.424170258384342469e-01 -3.049851328829162808e-03
-4.911887658440959648e+00 1.215210156191591562e+00 2.029312629740667728e-02 7.313226075980753471e+00 1.217539064186789616e-01 2.418979378235319999e-01 -4.669878028102953695e-03
-4.837465118161578204e+00 1.213205665483293005e+00 1.993949879437317829e-02 7.296315938146522129e+00 1.207311749601618633e-01 2.445365942680128302e-01 -4.143412505537930057e-03
-4.763042577882139916e+00 1.212037822444536284e+00 1.973472864692438211e-02 7.297369275163574365e+00 1.205476644972812150e-01 2.434080215078288090e-01 -3.703818264570985994e-03
-4.688620037602693635e+00 1.213363113064443333e+00 1.996717665066494174e-02 7.305972702740204383e+00 1.225839448224217976e-01 2.438356162390603876e-01 -4.848799500411820479e-03
-4.614197497323319297e+00 1.213535804480534885e+00 1.999755359693283774e-02 7.305365522675081991e+00 1.244939314011205972e-01 2.445453802761080875e-01 -5.299916548452595841e-03
-4.539774957043873904e+00 1.212301257879793370e+00 1.978083851214718081e-02 7.298884850357257648e+00 1.231434864327246304e-01 2.441333918180522422e-01 -4.339154120226634652e-03
-4.465352416764529764e+00 1.212479985347600930e+00 1.981214858415425439e-02 7.301400669460889503e+00 1.224705870636395022e-01 2.457050808823210697e-01 -4.240107869883281630e-03
-4.390929876485148320e+00 1.213929371865293039e+00 2.006685895557275279e-02 7.315429326295246781e+00 1.207493918684734990e-01 2.421007663994574621e-01 -3.781737066411002858e-03
-4.316507336205709144e+00 1.214294085878983909e+00 2.013117720851081982e-02 7.328085661977901566e+00 1.200790067341448025e-01 2.419396891406689898e-01 -2.416314413290043925e-04
-4.242084795926250429e+00 1.213698537680050205e+00 2.002619739524572062e-02 7.336364738009981679e+00 1.185675814586795718e-01 2.454040816066357378e-01 -6.506691212971713392e-03
-4.167662255646885860e+00 1.214601443648212209e+00 2.018545058844989359e-02 7.338167063731074080e+00 1.188328321044256758e-01 2.443672800885105800e-01 -4.671607690672523877e-03
-4.093239715367440468e+00 1.213924244829113430e+00 2.006595543282441163e-02 7.334696393881154464e+00 1.196386296855042469e-01 2.468511734095192034e-01 -2.233720671823397064e-03
-4.018817175088085669e+00 1.213448942063259928e+00 1.998227170148500487e-02 7.334005578740976361e+00 1.177813578310133724e-01 2.488280630887048095e-01 -2.114983480052499022e-03
-3.944394634808640276e+00 1.213861233972755471e+00 2.005485266877715667e-02 7.337620491395162148e+00 1.174922383317586888e-01 2.457890399356128797e-01 2.227540054309613739e-03
-3.869972094529275708e+00 1.215499872523981395e+00 2.034446262532113581e-02 7.347729367105654497e+00 1.173983846729102914e-01 2.444954432390791521e-01 4.348822184632864137e-03
-3.795549554249816548e+00 1.215383984626829950e+00 2.032392103350497137e-02 7.341110124817288529e+00 1.180070549870467639e-01 2.438008611420066085e-01 1.027105303547460984e-03
-3.721127013970377373e+00 1.215974078506261380e+00 2.042861220737413053e-02 7.343148760286848820e+00 1.163633127338622453e-01 2.439614235201693626e-01 3.850688406814380908e-03
-3.646704473690989268e+00 1.215157820208970563e+00 2.028385867573945234e-02 7.332537965447301076e+00 1.170708968300381569e-01 2.430583229676850643e-01 2.978071118540074128e-03
-3.572281933411658894e+00 1.214540033769156535e+00 2.017460168300541645e-02 7.323600833717708092e+00 1.170407709495636106e-01 2.381163770746786701e-01 1.995434119073782441e-03
-3.497859393132213057e+00 1.212964241519602027e+00 1.989709136599657202e-02 7.297654446513554660e+00 1.186136831925276997e-01 2.386119047048648467e-01 2.440304133300177231e-03
-3.423436852852831613e+00 1.213746649792531995e+00 2.003466938506984207e-02 7.295536261198158456e+00 1.175332131574889916e-01 2.377838550071510737e-01 4.353146412253442767e-03
-3.349014312573386221e+00 1.213653911596086488e+00 2.001834065969865240e-02 7.289413570869136549e+00 1.163865290359292065e-01 2.347926829292890094e-01 7.732367117121416271e-03
-3.274591772293943936e+00 1.215059929159533647e+00 2.026652917229182504e-02 7.307771373679327276e+00 1.155329800043219113e-01 2.324728954042821760e-01 9.420240193288565572e-03
-3.200169232014558940e+00 1.214206194184293652e+00 2.011566903005912454e-02 7.300185197598145770e+00 1.158896201546123772e-01 2.361335748981753802e-01 7.764556206514129297e-03
-3.125746691735117100e+00 1.214003228450247329e+00 2.007987646701450690e-02 7.296235834204924942e+00 1.173596614979225128e-01 2.357065797925424755e-01 5.565300507912946532e-03
-3.051324151455769407e+00 1.215791349339183203e+00 2.039616823255152589e-02 7.315902355236761245e+00 1.178844266457845791e-01 2.415969470539325037e-01 5.579831818888443540e-03
-2.976901611176401730e+00 1.215320404696224266e+00 2.031265509953289472e-02 7.298537074207843922e+00 1.189621243968443653e-01 2.411294756766307057e-01 5.921497633530273773e-03
-2.902479070896955893e+00 1.216256853963283646e+00 2.047886413669894323e-02 7.312702255812620677e+00 1.176982129302978075e-01 2.417596900108798241e-01 5.010241036572311499e-03
-2.828056530617500286e+00 1.215894892826399953e+00 2.041454983869669948e-02 7.318899642502668890e+00 1.189621575079010535e-01 2.478195729272712200e-01 3.562206667421626699e-03
-2.753633990338054449e+00 1.217435164137820047e+00 2.068884285610936291e-02 7.326200494820956699e+00 1.198326110368253400e-01 2.487468664318000233e-01 3.785527026272599450e-03
-2.679211450058686772e+00 1.216865606079948980e+00 2.058722867373005694e-02 7.319273882563216205e+00 1.199821265978580215e-01 2.480375790113524825e-01 2.065714947958523489e-03
-2.604788909779339079e+00 1.216015546212376508e+00 2.043597803599958573e-02 7.301133182897264540e+00 1.224360527194940929e-01 2.467782928360658379e-01 5.444083965320598364e-03
-2.530366369499900348e+00 1.216101335385717741e+00 2.045122029276300046e-02 7.300317645705356462e+00 1.213253197612017276e-01 2.454401212967067536e-01 2.404103693594659020e-03
-2.455943829220512242e+00 1.216666987419763313e+00 2.055184486082545225e-02 7.307817588733549030e+00 1.220336695053465675e-01 2.422559263342656533e-01 -1.571880727090483416e-03
-2.381521288941069958e+00 1.216931635806274281e+00 2.059899773675513690e-02 7.301507846776154054e+00 1.196416360255328631e-01 2.416321339822542213e-01 1.713926292411084226e-03
-2.307098748661620569e+00 1.216713786859677793e+00 2.056017975757026828e-02 7.293609364972159170e+00 1.220165505076079571e-01 2.338685072965930312e-01 2.357925464560092083e-03
-2.232676208382239569e+00 1.217692014611583273e+00 2.073473886559884516e-02 7.299172052874558503e+00 1.235914748474706282e-01 2.360401738388392401e-01 2.480580097179482368e-03
-2.158253668102790179e+00 1.216167638496393533e+00 2.046300384873148137e-02 7.286350647865298846e+00 1.220987239427271803e-01 2.341765417273769245e-01 2.143071153482177787e-03
-2.083831127823473128e+00 1.213917411602900120e+00 2.006475126087436944e-02 7.269718312722830866e+00 1.241832236856700439e-01 2.311095934480843772e-01 8.530412345933147383e-04
-2.009408587544078362e+00 1.214730204264673930e+00 2.020820623297384100e-02 7.278203732597199327e+00 1.221867888582195971e-01 2.317753634781535843e-01 1.593084687837482754e-03
-1.934986047264639408e+00 1.213238800520873184e+00 1.994532223422551542e-02 7.265482529310299142e+00 1.203295563611196245e-01 2.355232131878771951e-01 -6.064583069435669580e-04
-1.860563506985176918e+00 1.212083195886956011e+00 1.974266712460273632e-02 7.247038185257788534e+00 1.207926249108324107e-01 2.324668754288859163e-01 -3.018254795409947271e-04
-1.786140966705802358e+00 1.211082213174583977e+00 1.956786224191209289e-02 7.249764292904154139e+00 1.187554248905236809e-01 2.373193186157184220e-01 -2.946903588039611211e-03
-1.711718426426356743e+00 1.211421713708401793e+00 1.962707382983969184e-02 7.252878926022068740e+00 1.236828957610072582e-01 2.377181364722423529e-01 -1.914958978183022237e-03
-1.637295886147029478e+00 1.213534278207648365e+00 1.999728503217546027e-02 7.283118755783499765e+00 1.235093095852707046e-01 2.390363883608627726e-01 -3.765916796263498942e-03
-1.562873345867583863e+00 1.213903608750574792e+00 2.006231897681559628e-02 7.289935650518941657e+00 1.182243312417741166e-01 2.426166621010276137e-01 -2.735815753080762629e-03
-1.488450805588209302e+00 1.214776589015588382e+00 2.021640648401498708e-02 7.293432953354148651e+00 1.173541420120366441e-01 2.438982821209264851e-01 -3.010008073085027394e-03
-1.414028265308746590e+00 1.213710572533769794e+00 2.002831644724151205e-02 7.285752916505076726e+00 1.154955718881939403e-01 2.380621088642504435e-01 -4.603284142675983029e-03
-1.339605725029300975e+00 1.213272434279808243e+00 1.995123408653609598e-02 7.290306537994214686e+00 1.164596156835847607e-01 2.384011091277461192e-01 -2.665699133960463055e-03
-1.265183184749912870e+00 1.213371513502411236e+00 1.996865384463575310e-02 7.281562330033660935e+00 1.162010607513242616e-01 2.403885110126773861e-01 -1.966717453922022137e-03
-1.190760644470599150e+00 1.213773107616102687e+00 2.003932897322679985e-02 7.292311214883351767e+00 1.170752983750171228e-01 2.449642617379783338e-01 -9.343371289972989902e-04
-1.116338104191153535e+00 1.214660623042419285e+00 2.019590786656236259e-02 7.302820200938830553e+00 1.160472849908934512e-01 2.479309026011750072e-01 -2.487533464072351399e-03
-1.041915563911765430e+00 1.215586536736853018e+00 2.035983014336678609e-02 7.312936067470814372e+00 1.161860995217694065e-01 2.455184539536032773e-01 2.237029323847172790e-04
-9.674930236323163735e-01 1.215638064462056800e+00 2.036896957981593204e-02 7.309431894053765255e+00 1.170052189644273377e-01 2.463185410193947655e-01 2.448044488574011458e-03
-8.930704833528740894e-01 1.213085723840375385e+00 1.991842544365088341e-02 7.287802523651916609e+00 1.162554856388969271e-01 2.449937016074139606e-01 1.823704331433298985e-03
-8.186479430734792118e-01 1.213145123587260787e+00 1.992886056133766348e-02 7.290351472872686145e+00 1.165171448097176432e-01 2.487811669634451273e-01 3.058612551090050813e-03
-7.442254027940335970e-01 1.213486082404310551e+00 1.998880525605054026e-02 7.293929592544924567e+00 1.158971449235676465e-01 2.502424213809623099e-01 5.673524610773084988e-03
-6.698028625147097737e-01 1.213417642864480728e+00 1.997676642065360220e-02 7.295847368277788902e+00 1.160320420937515640e-01 2.493653440932932508e-01 4.958698016685266982e-03
-5.953803222353385438e-01 1.211855171277113286e+00 1.970278641611022952e-02 7.291079637714322992e+00 1.167230716515589989e-01 2.509276335146536918e-01 3.976226948335917846e-03
-5.209577819558860456e-01 1.212506319250966413e+00 1.981676368167198388e-02 7.296086259023591758e+00 1.142273636126731329e-01 2.541032558610186731e-01 3.305000328974113787e-03
-4.465352416764302723e-01 1.212134242916196758e+00 1.975159992066355397e-02 7.310211253240535889e+00 1.138174205390187071e-01 2.525239317239589831e-01 5.529822925340183160e-03
-3.721127013969778297e-01 1.213832990721747329e+00 2.004987696993609791e-02 7.321256168732072744e+00 1.155612305626406294e-01 2.487022020791792576e-01 8.107124787814693964e-03
-2.976901611176032691e-01 1.214617567441389046e+00 2.018829950348402513e-02 7.320123057492305740e+00 1.176239535218704946e-01 2.530926367839728686e-01 7.642233088201321259e-03
-2.232676208382828320e-01 1.213307928515075629e+00 1.995747379076537320e-02 7.304861713275875523e+00 1.162128041311618343e-01 2.501927277776289094e-01 7.512031208960323614e-03
-1.488450805588405479e-01 1.214277415936622084e+00 2.012823545356257071e-02 7.319558122430692038e+00 1.158427957955337761e-01 2.548693091578073666e-01 4.752557048919683544e-03
-7.442254027944565642e-02 1.214370399800891898e+00 2.014464677922656044e-02 7.324088605499118110e+00 1.165465097593583604e-01 2.561370540190115452e-01 -9.840242299914148116e-04
0.000000000000000000e+00 1.215966095928105117e+00 2.042719441090140586e-02 7.331797963380087602e+00 1.195378154421588568e-01 2.537298461284434592e-01 1.903338833692226444e-03
