0.000000000000000000e+00 1.509135640763058728e+00 9.759857716873465705e-02 5.431409505536982651e-02 -2.347625840083503168e-02 2.411814338402333557e-02 6.967838792639438616e-02
2.381241142037053560e-01 1.329108136559554509e+00 4.459999327658253909e-02 1.660032167103143996e-01 -2.890743178839389263e-02 6.166589471531068629e-03 2.561748049058277035e-02
4.762482284071032912e-01 1.194125420997982578e+00 1.671136883229337733e-02 2.902507756073717804e-01 -3.134552259299325239e-02 1.634938347038607243e-02 1.021779693770104476e-02
7.143723426111951991e-01 1.091580551197424143e+00 3.953858289162587303e-03 4.270901198745942207e-01 -3.365581636905354279e-02 2.754465931311786409e-02 4.736240785069085329e-03
9.524964568154131728e-01 1.012698499996752322e+00 7.994983385493231731e-05 5.785150397212147633e-01 -3.496627405031976776e-02 3.312007653104354077e-02 2.011889852075854476e-04
1.190620571018434104e+00 9.515886580681379714e-01 1.211077494374560026e-03 7.441002588616045799e-01 -3.492825970120064238e-02 4.009187659918697633e-02 -4.356514687767010035e-04
1.428744685220942445e+00 9.038294090765165434e-01 4.944052247605495998e-03 9.231062523358773975e-01 -3.378670901480908956e-02 4.331283852889348390e-02 -1.484528397711838438e-03
1.666868799423457226e+00 8.680139166761763336e-01 9.561448089421470398e-03 1.119186917835920170e+00 -3.277110821089477405e-02 5.014699469029411383e-02 -3.790964218395051141e-03
1.904992913625971340e+00 8.408044612151562847e-01 1.420061473145858844e-02 1.330149658564577342e+00 -3.342090299800141995e-02 5.008654567934960056e-02 -1.799758781829764384e-03
2.143117027829875010e+00 8.203754975555057616e-01 1.836861724629459958e-02 1.552669915662605149e+00 -3.375766284509068571e-02 5.591820887056592193e-02 -3.300649167976536010e-03
2.381241142035798397e+00 8.052413906489962470e-01 2.185457300259768809e-02 1.787571514254187921e+00 -3.366021000221568887e-02 5.566780679302860829e-02 -1.517589201865408030e-03
2.619365256241717788e+00 7.944559665428393425e-01 2.455368393767792812e-02 2.034543480158133466e+00 -3.372691013913683283e-02 5.574382437744571095e-02 -2.594287256573518750e-03
2.857489370447636734e+00 7.876819120817764031e-01 2.634284757147217770e-02 2.293215140880436209e+00 -3.297815577227221351e-02 5.598569568588311618e-02 -1.839492938795880307e-03
3.095613484653556124e+00 7.830688417373311561e-01 2.760350811153974848e-02 2.556693851909833004e+00 -3.167013382722094067e-02 5.890114436724323138e-02 -2.650734162064919287e-03
3.333737598859476847e+00 7.801516593465381844e-01 2.841860248541983047e-02 2.823926142183469601e+00 -3.168307233977159243e-02 6.366005832316762314e-02 -3.197472513873842598e-03
3.571861713065395794e+00 7.798858126444517813e-01 2.849357670518026797e-02 3.101236999235557512e+00 -3.150312725076806486e-02 6.525254634836807899e-02 -2.109601165131873464e-03
3.809985827271323622e+00 7.817364988999355724e-01 2.797405204831149295e-02 3.383219786177428023e+00 -3.128100868088503489e-02 6.772352203905007695e-02 -7.421612223282591809e-04
4.048109941477241236e+00 7.852569227179393430e-01 2.700124737883796699e-02 3.668449040860835009e+00 -3.043019911173469594e-02 6.691543118699387616e-02 4.036650865153279337e-04
4.286234055677620169e+00 7.892133041792362969e-01 2.593195135059941925e-02 3.950790346572645273e+00 -3.017130623441233173e-02 6.722541710818734362e-02 -8.049550456684539837e-05
4.524358169876732561e+00 7.946012328437526140e-01 2.451611691909330593e-02 4.236425062059626434e+00 -2.927654879645833971e-02 6.826408439732742361e-02 1.153144602459302758e-03
4.762482284075844952e+00 7.997219679398923642e-01 2.321311973528467076e-02 4.510918297874243699e+00 -2.858707888025088795e-02 6.976590649993384685e-02 2.651819249930220863e-04
5.000606398274955566e+00 8.063933628105668383e-01 2.157697515112982911e-02 4.787997017515098541e+00 -2.865413049701121331e-02 7.000676888086505845e-02 -5.996450235393624038e-04
5.238730512474059076e+00 8.136285315694310460e-01 1.987989813141907702e-02 5.064232929426303542e+00 -2.962306296723812502e-02 7.241426083140745096e-02 -2.658427571864918583e-04
5.476854626673172355e+00 8.207261927570501658e-01 1.829192247078545441e-02 5.325531797065508499e+00 -2.897117736090812010e-02 7.060161190573621681e-02 2.186819420660760568e-03
5.714978740872253660e+00 8.277181213791956482e-01 1.680073705349485746e-02 5.579072888755901793e+00 -2.812456496845151463e-02 6.930716896284377926e-02 2.545378969467825079e-03
5.953102855071365163e+00 8.353094729101862015e-01 1.526246946666312554e-02 5.831642270079529844e+00 -2.794946616028493383e-02 6.859100960694761162e-02 1.182610692666288214e-03
6.191226969270468672e+00 8.418399945860451927e-01 1.400530756672266341e-02 6.058692793470974891e+00 -2.697616414501342527e-02 7.275461945680378184e-02 4.308448667660946807e-03
6.429351083469572181e+00 8.487944270920690926e-01 1.273268442738495487e-02 6.285164588674591712e+00 -2.572178916695401496e-02 7.353072914098179869e-02 2.457779414679088590e-03
6.667475197668693454e+00 8.560848938568101918e-01 1.147062654835986906e-02 6.505341520067754679e+00 -2.545354681197681615e-02 7.411541942902523383e-02 1.528364555572063769e-03
6.905599311867790746e+00 8.632841823567545259e-01 1.029552856718762843e-02 6.718450878344359722e+00 -2.476973343850834286e-02 7.597924039708756072e-02 2.460549075657016919e-03
7.143723426066910243e+00 8.698180708804459371e-01 9.289274011842041379e-03 6.909913390892608476e+00 -2.315058014563577127e-02 7.628930093142254065e-02 4.663956803725694857e-03
7.381847540265987107e+00 8.765076772512649939e-01 8.317492924431485468e-03 7.096284494491512440e+00 -2.254755840959755606e-02 7.638092164927189065e-02 3.680583154162875466e-03
7.619971654465118149e+00 8.835270411788972433e-01 7.360421989191956449e-03 7.277769666638586266e+00 -2.217215687668594448e-02 7.962836822030600059e-02 4.903039887298616187e-03
7.858095768664205671e+00 8.902830508504451235e-01 6.498883005278635605e-03 7.450925921632506999e+00 -2.127253284877531764e-02 7.910774073965867736e-02 6.155659239378069407e-03
8.096219882863337602e+00 8.966383772667507746e-01 5.741022335444018188e-03 7.610415560233494858e+00 -2.152255173300195862e-02 8.305789455867454429e-02 8.171312714875859917e-03
8.334343997070956078e+00 9.035987781110128569e-01 4.968624745664354525e-03 7.765898520050729559e+00 -2.117580095076133928e-02 8.573443477801254153e-02 1.004010443241497991e-02
8.572468111283702896e+00 9.095158552555391296e-01 4.358703495179389042e-03 7.902892562662458431e+00 -2.071818512012021593e-02 8.568584158183346899e-02 8.606931626144627423e-03
8.810592225496449714e+00 9.148236195350603062e-01 3.847617358793062325e-03 8.029984637719547180e+00 -1.983229511883580209e-02 8.366505918414240961e-02 1.099471143431816206e-02
9.048716339709155676e+00 9.200817552482184469e-01 3.374503735238981728e-03 8.141143995384794607e+00 -1.983030560079439286e-02 8.139956883745297356e-02 1.227583578347586288e-02
9.286840453921927363e+00 9.257289996579490809e-01 2.902743783169403624e-03 8.254070015522081860e+00 -1.897672634102738967e-02 8.076329197404978621e-02 1.077878741868080331e-02
9.524964568134626219e+00 9.296521445863704658e-01 2.596945470067876793e-03 8.354195105721595738e+00 -1.968751261956867490e-02 8.022547671678643966e-02 9.704719995424656437e-03
9.763088682347376590e+00 9.338254339505075441e-01 2.291193723992751563e-03 8.447433983167636384e+00 -1.923724790159826378e-02 7.912257618069487575e-02 8.518124558824568399e-03
1.000121279656014828e+01 9.374428433166291930e-01 2.042333441700169838e-03 8.536292976558831569e+00 -1.821213433337782323e-02 8.009640198969000813e-02 9.699000741734275718e-03
1.023933691077284713e+01 9.418713977489705513e-01 1.757931910844542922e-03 8.621933733031168501e+00 -1.886958001176465213e-02 8.026978599057957298e-02 1.285982557254190806e-02
1.047746102498560106e+01 9.457347037559911129e-01 1.527893021139030416e-03 8.695406032514554795e+00 -1.930510135945694150e-02 8.004602877758887347e-02 1.356197803971703753e-02
1.071558513919835320e+01 9.493233824945629395e-01 1.329159590741105235e-03 8.769624772077861508e+00 -1.906536753798066669e-02 8.096648842111822675e-02 1.287624779247173619e-02
1.095370925341105384e+01 9.522788322599179400e-01 1.176228305568245702e-03 8.824946211009484287e+00 -1.789143049626695445e-02 8.004366077350132114e-02 1.078483882632822258e-02
1.119183336762381842e+01 9.557121423951866479e-01 1.010659948706200961e-03 8.880741944538664612e+00 -1.707645840275774998e-02 8.227447365200359075e-02 1.213799740632826897e-02
1.142995748183658122e+01 9.581856357273799141e-01 8.993812647613286249e-04 8.928163806752994702e+00 -1.663041542652225757e-02 8.390173417251242660e-02 1.191166281635380221e-02
1.166808159604927475e+01 9.610399399227184114e-01 7.792500045172220946e-04 8.976485073212307597e+00 -1.746882748294776438e-02 8.338527281889331066e-02 1.118506489348661433e-02
1.190620571026203045e+01 9.645194945925851249e-01 6.447293102507661855e-04 9.030407452955735437e+00 -1.653830116049195831e-02 8.159560479871034999e-02 9.496133405240711131e-03
1.214432982447475773e+01 9.668073793234898128e-01 5.633767752979204624e-04 9.072939568511753095e+00 -1.705127068778362898e-02 8.266860374437197401e-02 9.334827343868652705e-03
1.238245393868749922e+01 9.689376666806926997e-01 4.926633120693746370e-04 9.108473509882294650e+00 -1.766445117769684797e-02 8.422825790784442546e-02 8.894915768082434226e-03
1.262057805290023715e+01 9.718524017933714010e-01 4.037378522684827165e-04 9.149626930712344119e+00 -1.755629690970986895e-02 8.458608587349177033e-02 1.426324371879394287e-02
1.285870216711297154e+01 9.739551316609725840e-01 3.451741181442237461e-04 9.181325837506518539e+00 -1.852935129975605277e-02 8.356211701428380156e-02 9.872516437341528894e-03
1.309682628132572368e+01 9.756754348073868321e-01 3.007289861219480942e-04 9.197917816750784681e+00 -1.731966887250550174e-02 8.236666297736945641e-02 1.225699908810257664e-02
1.333495039553841366e+01 9.773898747777656215e-01 2.595283209017029691e-04 9.227266242219478443e+00 -1.755509016446123866e-02 8.218451009449079248e-02 1.317646655754405038e-02
1.357307450975119778e+01 9.792987309559297859e-01 2.172750807068607459e-04 9.252709719563023683e+00 -1.707701777616638800e-02 8.229321473231492046e-02 1.274532049201781286e-02
1.381119862396394460e+01 9.808078753041304942e-01 1.865596666030117090e-04 9.278371236610720274e+00 -1.821318820092442115e-02 8.284581140560134949e-02 1.313535988357055796e-02
1.404932273817663813e+01 9.818582604793957280e-01 1.665791220970443132e-04 9.287590717912088678e+00 -1.818787470475281484e-02 8.287085059667199938e-02 1.347902519396624102e-02
1.428744685238942402e+01 9.832753556436097941e-01 1.414360606522384323e-04 9.306569116208965653e+00 -1.832045144577424192e-02 8.374985464731318774e-02 1.341036377346522396e-02
1.452557096660215663e+01 9.843951684912336519e-01 1.230370432467146891e-04 9.310538942909076354e+00 -1.854632601603749611e-02 8.251170282787949339e-02 1.148311081741950831e-02
1.476369508081485016e+01 9.850722335708689270e-01 1.125404952060007208e-04 9.324464683405821575e+00 -1.960861750802597031e-02 8.372373993888544697e-02 1.291210105812681634e-02
1.500181919502758632e+01 9.866794678893692216e-01 8.951409347573643926e-05 9.349520544918318521e+00 -1.954220845932111428e-02 8.349939638481723714e-02 1.364697997015202648e-02
1.523994330924038287e+01 9.872685589795442418e-01 8.173930912413508720e-05 9.350338900977076761e+00 -1.881496605765730495e-02 8.457363563113527716e-02 1.192006383120915516e-02
1.547806742345307107e+01 9.886535434008966172e-01 6.486214241090484944e-05 9.366471402811191282e+00 -1.740813678702270509e-02 8.794340207267950515e-02 1.294961946352356924e-02
1.571619153766580546e+01 9.890426577929970486e-01 6.047383486864656155e-05 9.370787560745759137e+00 -1.738407452836093423e-02 8.643446175149692434e-02 1.355721958269226653e-02
1.595431565187857181e+01 9.906537857759690757e-01 4.394991808006482037e-05 9.382945967491087558e+00 -1.815911672536104499e-02 8.674737040940608268e-02 1.231108391675286157e-02
1.619243976609129376e+01 9.913539399763015014e-01 3.759402729711959490e-05 9.393408166891891398e+00 -1.815335732607280261e-02 8.861393813614594495e-02 1.119039182027587592e-02
1.643056388029719628e+01 9.910731986964469442e-01 4.008260871176533291e-05 9.395529444696833821e+00 -1.773969033331636649e-02 8.906449541633390532e-02 1.181965771312616133e-02
1.666868799448265648e+01 9.918848452705635310e-01 3.310710263608462878e-05 9.406723156763835192e+00 -1.708589837364798969e-02 8.773776263834515143e-02 1.014850369857893050e-02
1.690681210866810957e+01 9.921515129633805552e-01 3.096148130579158553e-05 9.415192196467129904e+00 -1.756137230675065483e-02 9.048735022261825134e-02 1.062480405350681514e-02
1.714493622285356622e+01 9.927832507553462360e-01 2.616670319100129760e-05 9.418184722178843060e+00 -1.666582458669793251e-02 8.981949653518742083e-02 1.180299472618958484e-02
1.738306033703905129e+01 9.930737442083755750e-01 2.409784600559527340e-05 9.420109957716427118e+00 -1.619583780374798943e-02 8.926962530279534958e-02 1.396005361887755689e-02
1.762118445122450794e+01 9.937917027022250549e-01 1.935161295460799402e-05 9.426938368510366928e+00 -1.606477420315249524e-02 8.861580618807347876e-02 1.372110566294649711e-02
1.785930856541004985e+01 9.937564515314692981e-01 1.957245899941468387e-05 9.426636753393301760e+00 -1.623193238114493953e-02 9.048631249022641432e-02 1.565022673251875371e-02
1.809743267959551005e+01 9.938256822184500239e-01 1.913992468914604839e-05 9.435722737105116664e+00 -1.752888732709793201e-02 8.825924513224694956e-02 1.476333962830051090e-02
1.833555679378099867e+01 9.935075791841972981e-01 2.116743235157456798e-05 9.432144531488875216e+00 -1.721567219588682543e-02 8.778874412717761755e-02 1.487056513647889468e-02
1.857368090796645532e+01 9.941226474841053928e-01 1.733961034702021647e-05 9.436911411653262860e+00 -1.768691581632456100e-02 8.929576587814531952e-02 1.471775977386423698e-02
1.881180502215190842e+01 9.950331133531746808e-01 1.237597854326834973e-05 9.444544009541310459e+00 -1.800308102988807529e-02 9.021450158517996254e-02 1.324465349173654417e-02
1.904992913633736507e+01 9.947837033998303546e-01 1.365237235472459287e-05 9.444944370185028859e+00 -1.926794849064707854e-02 8.847337234463925615e-02 1.099461232826569670e-02
1.928805325052284303e+01 9.959305947767371769e-01 8.302561415090593810e-06 9.463873214778185883e+00 -1.840002256061003261e-02 8.773151634861575676e-02 1.263082222574388874e-02
1.952617736470829968e+01 9.958310844793365479e-01 8.714155794799748056e-06 9.462891713773352365e+00 -1.909581916712484173e-02 8.777552741540838033e-02 1.200248649187743606e-02
1.976430147889385935e+01 9.957290947634150902e-01 9.146367238243961750e-06 9.465352912223739423e+00 -1.952383673701652347e-02 8.887229909524167748e-02 1.174990579272861164e-02
2.000242559307931955e+01 9.946279389036130070e-01 1.448140683099879283e-05 9.453263165747243235e+00 -1.906479415945846329e-02 8.629029561884792032e-02 1.191847455905253352e-02
2.024054970726479752e+01 9.948482570959557014e-01 1.331598083601035626e-05 9.454043506938807795e+00 -1.832324475504847408e-02 8.793480945455273146e-02 1.427546233454376340e-02
2.047867382145025417e+01 9.950678577624164634e-01 1.220315519274116356e-05 9.450381816407135815e+00 -1.903090154761271843e-02 8.917725302024626099e-02 1.463364509637413331e-02
2.071679793563570726e+01 9.947265682304918810e-01 1.395361856927190142e-05 9.437472782581638242e+00 -1.835151290969989912e-02 8.988004965394540136e-02 1.235945308930281802e-02
2.095492204982116391e+01 9.960921871609348388e-01 7.655451147807988688e-06 9.456237228043232079e+00 -1.891327423720850012e-02 9.196320897284743223e-02 1.117084007628270717e-02
2.119304616400664187e+01 9.969477880032643347e-01 4.667498920270848201e-06 9.460809553291094076e+00 -1.972676657243611908e-02 9.210815218078925726e-02 1.303283975477842992e-02
2.143117027819209497e+01 9.969550099584598701e-01 4.645414734398469608e-06 9.461499256357875254e+00 -1.889496122792749463e-02 8.921558286803600579e-02 1.191394380432324665e-02
2.166929439237765465e+01 9.975852716848979673e-01 2.920158290992732469e-06 9.466923290631640953e+00 -1.830811949742227815e-02 9.024474962082777718e-02 9.883809283678868934e-03
2.190741850656311129e+01 9.972566153091088070e-01 3.769976356668945650e-06 9.460599275833988742e+00 -1.827401209257299014e-02 8.962213021600520801e-02 1.081933815599294725e-02
2.214554262074858215e+01 9.974439073862837457e-01 3.272382255782059490e-06 9.460042720659359361e+00 -1.773927550949439338e-02 8.889939310017258567e-02 1.188393504750301539e-02
2.238366673493403880e+01 9.975216016378057882e-01 3.076313158367153383e-06 9.452170910102125845e+00 -1.923407313908485211e-02 8.705368135959185016e-02 1.412642138842538052e-02
2.262179084911952032e+01 9.972361356979864144e-01 3.826525230617421752e-06 9.446403544611095882e+00 -1.896286542665068242e-02 8.673303748021940485e-02 1.562473519755540677e-02
2.285991496330498052e+01 9.975805910803091647e-01 2.931499044843497576e-06 9.443623721745277422e+00 -1.800720823744895657e-02 8.737470014496494242e-02 1.523215736416198840e-02
2.309803907749045493e+01 9.979207409662093076e-01 2.164660178115111744e-06 9.441398342755420003e+00 -1.821878619600730137e-02 8.757500439504163625e-02 1.657571483654257313e-02
2.333616319167591158e+01 9.976404599625837699e-01 2.788101215166552405e-06 9.438441277806218110e+00 -1.833094440371055289e-02 8.836240703909696570e-02 1.597080055888842887e-02
2.357428730586146770e+01 9.977953920050380843e-01 2.433725804555815497e-06 9.443672049349515873e+00 -1.741608502737184913e-02 8.899440159654464777e-02 1.477786582196288084e-02
2.381241142004692080e+01 9.979512025231130901e-01 2.101656620475886306e-06 9.441041746857360195e+00 -1.781086821532431447e-02 8.638792880141141217e-02 1.246907284909458055e-02
2.405053553423239521e+01 9.984514414790031100e-01 1.200256017633554578e-06 9.442013456240895053e+00 -1.763255507333822553e-02 8.610697394712291119e-02 1.304611312382262731e-02
2.428865964841785186e+01 1.000043131310897060e+00 9.301282448444920213e-10 9.467186411511665511e+00 -1.815387536257859202e-02 8.504997815983916798e-02 1.302249070427267952e-02
2.452678376260330495e+01 9.991729529190673809e-01 3.421921227128848358e-07 9.460695631193720700e+00 -1.859426603759380126e-02 8.624216190760640444e-02 1.338103006494407651e-02
2.476490787678875805e+01 9.985478295403944493e-01 1.055421413485944232e-06 9.448953950661859835e+00 -1.858548080642394296e-02 8.587383987669758301e-02 1.341613717569098245e-02
2.500303199097422890e+01 9.981276522104344240e-01 1.755034154244522471e-06 9.448763793508170750e+00 -1.789376164028571442e-02 8.501802970955477101e-02 1.278416141825568578e-02
2.524115610515968555e+01 9.982423813077020425e-01 1.546424015246364303e-06 9.444542408867157235e+00 -1.834615369162135787e-02 8.534035355974671500e-02 1.251850440759228779e-02
2.547928021934523102e+01 9.978652737663831207e-01 2.281775935880896861e-06 9.437027369337640081e+00 -1.883224940175529105e-02 8.541347691331760417e-02 1.397225085423495737e-02
2.571740433353068411e+01 9.980885774452162851e-01 1.829099250815532235e-06 9.439145153471693916e+00 -1.840636595662971040e-02 8.629838909782928946e-02 1.567921504009993014e-02
2.595552844771615497e+01 9.983963370494844947e-01 1.287243816977664754e-06 9.441201199111890929e+00 -1.810966457609360786e-02 8.527079615186661243e-02 1.553757947407402064e-02
2.619365256190160451e+01 9.995923707163285599e-01 8.310340080707389818e-08 9.446964383502450602e+00 -1.873283677252719770e-02 8.681099531495388433e-02 1.556250856150719931e-02
2.643177667608714998e+01 9.996741804704182277e-01 5.309071523617973909e-08 9.443507133540515852e+00 -1.800770224892243518e-02 8.834471326350371023e-02 1.606242785090973915e-02
2.666990079027260663e+01 9.997589028992884819e-01 2.906857831294607473e-08 9.447642186002989106e+00 -1.786405350656960697e-02 8.846243894308594702e-02 1.229377024039317659e-02
2.690802490445807749e+01 1.001243506032635233e+00 7.725132763066692304e-07 9.464575989029677672e+00 -1.777861883554119130e-02 8.942065007630685403e-02 1.319978531697254577e-02
2.714614901864353058e+01 1.001738412535200462e+00 1.509290145164203512e-06 9.471134050478426047e+00 -1.827832248024458678e-02 8.977803745471893415e-02 1.253939269340828382e-02
2.738427313282906894e+01 1.002134083999729475e+00 2.273922672311069065e-06 9.480062472994806200e+00 -1.775086448762390814e-02 8.777923520452880768e-02 1.355650452282415250e-02
2.762239724701452559e+01 1.002034500818531626e+00 2.066794002331551888e-06 9.479291123726136803e+00 -1.727421065704410133e-02 8.816861035101870858e-02 1.447819711890986800e-02
2.786052136119999290e+01 1.001509462812570472e+00 1.138093861638867638e-06 9.471564055464144261e+00 -1.845610774115101146e-02 8.633617673848056895e-02 1.322870003898412618e-02
2.809864547538544954e+01 1.001210146974676585e+00 7.316376502534711196e-07 9.476151235420879004e+00 -1.832186191167005720e-02 8.879428713268432138e-02 1.196243722476357345e-02
2.833676958957090264e+01 1.001665818988258128e+00 1.385937516938011774e-06 9.476783866886513863e+00 -1.776183849002985204e-02 8.948144118218209764e-02 1.235871878308378823e-02
2.857489370375635573e+01 1.001251149425994802e+00 7.820352157738262588e-07 9.471793578763231025e+00 -1.820733561266198175e-02 8.893138140396276980e-02 1.117258319844459044e-02
2.881301781794182304e+01 1.000029076848157228e+00 4.227233550893182579e-10 9.456001521312732194e+00 -1.782829581432077495e-02 8.939655333223797684e-02 1.108314480365437185e-02
2.905114193212727969e+01 1.000442669225513725e+00 9.794911663479552444e-08 9.461546787694448568e+00 -1.753845351649385362e-02 9.101924336596248222e-02 1.068118544750071112e-02
2.928926604631281094e+01 1.000141118233264903e+00 9.956241219460188960e-09 9.459907438675410063e+00 -1.847043405962932316e-02 9.134519929273485217e-02 1.233314623309437683e-02
2.952739016049826049e+01 1.001317470734075954e+00 8.671030625232410693e-07 9.474264468602562772e+00 -1.820272194294291282e-02 9.059171849791146369e-02 1.180410937504517040e-02
2.976551427468372779e+01 1.001506379002428337e+00 1.133450721341492870e-06 9.470897998981927302e+00 -1.779696208128606072e-02 9.211032067670822665e-02 1.071923723287526026e-02
3.000363838886918089e+01 1.001950391366976945e+00 1.899543740736331712e-06 9.477718063320173414e+00 -1.763009888775213252e-02 9.358840926038175523e-02 1.075131652878764422e-02
3.024176250305477254e+01 1.001858130199442254e+00 1.724188405071965316e-06 9.477072291363512591e+00 -1.766868385517284326e-02 9.183347184066542601e-02 1.027105687869536189e-02
3.047988661724022919e+01 1.001762230130124109e+00 1.550905747852706837e-06 9.476545476197719253e+00 -1.715452501159719575e-02 9.303349891144245543e-02 1.101399839434790730e-02
3.071801073142569294e+01 1.001600331475765993e+00 1.279165871738083271e-06 9.476517319709163445e+00 -1.884786647592922096e-02 9.360931054675691865e-02 9.943146868589514478e-03
3.095613484561114959e+01 1.001279235505320164e+00 8.175246089716769332e-07 9.470264916176404313e+00 -1.839257479955020563e-02 9.270826670602039243e-02 1.296178624668931946e-02
3.119425895979667729e+01 1.000262248067519844e+00 3.438101368733641541e-08 9.463282986804768981e+00 -1.687943068593724533e-02 9.468174341749445444e-02 1.345115411967071767e-02
3.143238307398212683e+01 1.000555880569875988e+00 1.544443715497962472e-07 9.466631837700518304e+00 -1.718562266789136830e-02 9.441325596437410983e-02 1.440948882232629888e-02
3.167050718816759414e+01 1.000066576134263530e+00 2.216092468034077875e-09 9.462255005489726756e+00 -1.696126242390414568e-02 9.380523292805070801e-02 1.476257195536717116e-02
3.190863130235304723e+01 9.998523658161111438e-01 1.089899884931669685e-08 9.465475015024344074e+00 -1.654180418468232522e-02 9.321424129680513926e-02 1.411498389483012601e-02
3.214675541653850388e+01 9.995854570616967694e-01 8.594667706126940185e-08 9.460127636451295174e+00 -1.614469358820616596e-02 9.171491617272009567e-02 1.379161304470021866e-02
3.238487953072395698e+01 9.992487221463962621e-01 2.823506313657337882e-07 9.453040001262746017e+00 -1.667770553324413041e-02 9.140395532071832196e-02 1.510238534682301938e-02
3.262300364490941718e+01 9.994906396956991790e-01 1.297680274576834200e-07 9.452117672311223018e+00 -1.740971890479682885e-02 8.989845273347278620e-02 1.479894242698633240e-02
3.286112775912239670e+01 9.996368588413243605e-01 6.595171756748662364e-08 9.460674623877425304e+00 -1.749502493567537190e-02 9.041447071357280874e-02 1.411631959354534352e-02
3.309925187336249053e+01 9.994473682657951663e-01 1.527571984013187043e-07 9.459868594990208379e+00 -1.672278793337755864e-02 8.988658771768481826e-02 1.323172868804150387e-02
3.333737598760248488e+01 9.991639813023833749e-01 3.496585256754702539e-07 9.456270827051277195e+00 -1.673609737720145249e-02 9.063708133719837468e-02 1.244412800620421124e-02
3.357550010184240818e+01 9.993103744209020922e-01 2.379011010840946516e-07 9.459249133055115166e+00 -1.730488968724288104e-02 9.060589510600949859e-02 1.157893788276836804e-02
3.381362421608239544e+01 9.991987583854209376e-01 3.211656281038553773e-07 9.462507695496841009e+00 -1.751400293108254513e-02 9.005101508263123333e-02 1.372687157196749407e-02
3.405174833032249637e+01 9.988637886356216411e-01 6.459774899395410303e-07 9.464181799415905871e+00 -1.795105631356348416e-02 8.944964856017013910e-02 1.313883349045680791e-02
3.428987244456249073e+01 9.992501701617412246e-01 2.812630015545415640e-07 9.471415492471585651e+00 -1.716282557567579137e-02 9.084354919170804787e-02 1.333376773979788425e-02
3.452799655880240692e+01 9.987393933236951016e-01 7.952329837655758293e-07 9.467762810722739175e+00 -1.768660321147813921e-02 9.159015816388395292e-02 1.588511945821427171e-02
3.476612067304239417e+01 9.987123952200106514e-01 8.296753071246072003e-07 9.472501691494079168e+00 -1.678070391783888227e-02 8.859578925366409785e-02 1.665345633789699908e-02
3.500424478728249511e+01 9.987688378255322741e-01 7.585027737842028189e-07 9.468811183377273011e+00 -1.738468677634370449e-02 8.862845685611481228e-02 1.502298413211396177e-02
3.524236890152248947e+01 9.986131868468273165e-01 9.625153497895035104e-07 9.473705166380206322e+00 -1.739626266150391676e-02 8.672631356164671457e-02 1.117075522882793326e-02
3.548049301576240566e+01 9.990625353518841623e-01 4.396948036016704725e-07 9.476963089823509989e+00 -1.702827550425017183e-02 8.710768629462144197e-02 1.152414891101843746e-02
3.571861713000238581e+01 9.990322797802199117e-01 4.685435156309356031e-07 9.473622148595117309e+00 -1.791800031945343236e-02 8.925827140350381383e-02 1.046187217214298269e-02
