-3.270750289620225715e+01 1.457180063229560618e+00 8.067695873171093490e-02 1.000000000000000000e+00 -1.783320791737534172e-03 1.235051173196926016e-03 -1.084432162560772977e-03
-3.262520213503742639e+01 1.470813603024706762e+00 8.499788389751183892e-02 9.001817933224876001e-01 -6.733982266616366473e-03 1.089833024836428348e-02 -2.382892428759384937e-03
-3.254322926535133575e+01 1.479008101359903904e+00 8.763644005333987019e-02 8.113626146389704141e-01 -1.242977566491564566e-02 2.341901751608382876e-02 -4.465357018249411190e-03
-3.246125639566525933e+01 1.485652720379136760e+00 8.979850235205955045e-02 7.348632597731993288e-01 -1.580303973281841842e-02 3.386119129154618879e-02 -8.006411263141792814e-03
-3.237928352597916870e+01 1.490706560206734421e+00 9.145635116632766515e-02 6.675816576373250211e-01 -1.721683441714469409e-02 4.477774023588242114e-02 -4.677290270141646646e-03
-3.229731065629308517e+01 1.495223491982269781e+00 9.294780334785085474e-02 6.074340740218788781e-01 -1.959208771411541719e-02 5.636671497604278658e-02 -4.706953539410382512e-03
-3.221533778660700165e+01 1.499276286270028624e+00 9.429377041075454047e-02 5.546322356580232205e-01 -2.127053804091858652e-02 6.708571854846305527e-02 -4.582632839966131917e-03
-3.213336491692090391e+01 1.501351969903408134e+00 9.498595446520896601e-02 5.078497470117399049e-01 -1.982940226546287335e-02 7.683043845730655463e-02 -2.077671338215280120e-03
-3.205171993871355340e+01 1.502234576411791478e+00 9.528085922424867071e-02 4.663236738436783435e-01 -2.064559080406707173e-02 8.710900859621632797e-02 -1.304816638652697876e-03
-3.196974706902745567e+01 1.501612838360660618e+00 9.507308231971389745e-02 4.292104599344165883e-01 -2.046797331619278071e-02 9.634607896221114576e-02 -9.732784622122891147e-04
-3.188777419934135438e+01 1.502218448788548599e+00 9.527546741421888399e-02 3.951864613568940587e-01 -2.277328682374632138e-02 1.037011865449835868e-01 -4.324801305301521556e-03
-3.180580132965525664e+01 1.502169019587250354e+00 9.525894289104419599e-02 3.651776185534336139e-01 -2.315301847789293446e-02 1.142412756427298864e-01 -3.531628474018209864e-03
-3.172382845996915890e+01 1.501476819085466818e+00 9.502764926791146260e-02 3.372177287280082592e-01 -2.522308445429166657e-02 1.197984596217795822e-01 -4.286519950063696904e-03
-3.164185559028306116e+01 1.499935263547446773e+00 9.451331400563539598e-02 3.126187739250529396e-01 -2.470099814702541446e-02 1.302922057242173470e-01 -1.915929770436604080e-03
-3.155988272059698829e+01 1.498648575342999889e+00 9.408482310534910242e-02 2.899199461920374254e-01 -2.420498831315507499e-02 1.373081865568882010e-01 3.091594229031847333e-03
-3.147790985091092608e+01 1.497137075172046083e+00 9.358240734532519145e-02 2.693902528028019883e-01 -2.309603893934708205e-02 1.416815774554602281e-01 7.602769056260957371e-03
-3.139593698122485321e+01 1.496153479350083249e+00 9.325601191166349446e-02 2.506479827897830082e-01 -2.323087097166241094e-02 1.445945869066195266e-01 1.086539120672263409e-02
-3.131396411153878745e+01 1.495590975531040367e+00 9.306954544083295700e-02 2.337684057321677278e-01 -2.315688601182706169e-02 1.497072843221478045e-01 7.305605601963510894e-03
-3.123166335037396735e+01 1.494690017616429500e+00 9.277117834891612791e-02 2.184152107647209518e-01 -2.254192094448741537e-02 1.546094684354369642e-01 5.265447304390896525e-03
-3.114969048068789448e+01 1.493519640740761156e+00 9.238413133917000586e-02 2.044103158212538518e-01 -2.436319132318358338e-02 1.575511033920836412e-01 7.238421297104581480e-03
-3.106771761100183227e+01 1.492157387665688173e+00 9.193440373596922788e-02 1.915356774141473428e-01 -2.491165584839657651e-02 1.609029688106241585e-01 1.003809053045288772e-02
-3.098574474131575940e+01 1.490222691598624749e+00 9.129712536016731939e-02 1.802160960175700211e-01 -2.466338925248230327e-02 1.608275606916415579e-01 1.596290021729947564e-02
-3.090377187162968653e+01 1.487633357660926858e+00 9.044685103277172455e-02 1.696620506239292503e-01 -2.462793803289394998e-02 1.600866094915698035e-01 1.663393993544919069e-02
-3.082179900194361721e+01 1.486493297773367805e+00 9.007344305717185362e-02 1.598951472290522369e-01 -2.446430815872618555e-02 1.581653485143850735e-01 2.032231137590201700e-02
-3.073982613225754790e+01 1.485908466765657687e+00 8.988211942940871335e-02 1.511565586999019661e-01 -2.670936932198158045e-02 1.595877127677750862e-01 1.909307823816155242e-02
-3.065785326257147148e+01 1.484611620810629029e+00 8.945841756981531834e-02 1.429876469354069979e-01 -2.470285341864570522e-02 1.573403422769546478e-01 2.223938246874065244e-02
-3.057588039288538084e+01 1.483082605977633861e+00 8.895984243272037073e-02 1.357279410990676061e-01 -2.711548023438029378e-02 1.558566438729887260e-01 2.111305901244693237e-02
-3.049390752319925468e+01 1.481646960495731413e+00 8.849268028929996310e-02 1.288285779930000152e-01 -2.450571757176772322e-02 1.537684922983122981e-01 1.816727344623321819e-02
-3.041193465351312142e+01 1.480243211169939066e+00 8.803680502333782742e-02 1.226087886227200802e-01 -2.343307467310122572e-02 1.517376692808062311e-01 1.805741097804304529e-02
-3.033028967530574604e+01 1.478706306008893634e+00 8.753871805796242800e-02 1.170326713504603738e-01 -2.514148744772871230e-02 1.464728768695127137e-01 1.968302489587039558e-02
-3.024831680561960923e+01 1.477282933897084094e+00 8.707838884401125634e-02 1.119293531602637420e-01 -2.546925547605440043e-02 1.423362046161020800e-01 2.325702316767385910e-02
-3.016634393593348662e+01 1.475485573578646070e+00 8.649843553589148248e-02 1.071594121013662443e-01 -2.462271714694076394e-02 1.352737974359718431e-01 2.684377491164146104e-02
-3.008437106624736046e+01 1.477539714368741874e+00 8.716136499448251529e-02 1.027451875861550290e-01 -2.688856705852602641e-02 1.305864858315767540e-01 2.799313773207117578e-02
-3.000239819656122364e+01 1.477917943415394397e+00 8.728364109407033000e-02 9.869537444963379091e-02 -2.627801807113810950e-02 1.223668920664508081e-01 2.955869886218614670e-02
-2.992042532687510459e+01 1.476429874447519275e+00 8.680294782158187727e-02 9.513227185391401330e-02 -2.474241283678685691e-02 1.131583434326817184e-01 3.128914448747702193e-02
-2.983845245718896777e+01 1.475708226333077411e+00 8.657019833191992308e-02 9.181587893353176932e-02 -2.334913709629229950e-02 1.061423885970084746e-01 2.800675392697540844e-02
-2.975647958750284516e+01 1.473510490772097947e+00 8.586284797366716681e-02 8.864906728415067327e-02 -2.470951234759071261e-02 9.936415568818476873e-02 3.050837727518401418e-02
-2.967450671781671900e+01 1.471824445279610982e+00 8.532169480294549135e-02 8.596801975640427917e-02 -2.371385051227673998e-02 9.132622380359375902e-02 3.259346235714815493e-02
-2.959253384813058574e+01 1.471084273707639056e+00 8.508454364938039527e-02 8.346478540166757387e-02 -2.544589290691952332e-02 8.692179894934863593e-02 3.606781158150229594e-02
-2.951056097844446313e+01 1.469925654211232224e+00 8.471383006607297039e-02 8.108300958694794613e-02 -2.247581983145240797e-02 8.001253544651515393e-02 3.695419708929151281e-02
-2.942858810875832276e+01 1.468953894861612319e+00 8.440338355272891668e-02 7.886150835505949253e-02 -2.294710027707691155e-02 7.273143905415646593e-02 4.221020247410188497e-02
-2.934661523907219660e+01 1.467731307695302245e+00 8.401342716065224314e-02 7.690078833239233358e-02 -2.324298744827376847e-02 6.883253165467193013e-02 4.733635994130117736e-02
-2.926464236938608110e+01 1.467807160818529022e+00 8.403760109516644761e-02 7.493075674077942505e-02 -2.323713978496953075e-02 6.194570114096536323e-02 4.488915705539366086e-02
-2.918266949969994073e+01 1.465701713170983966e+00 8.336760027905093517e-02 7.328451598123390809e-02 -2.240407398707352365e-02 5.663736250701877084e-02 4.775911428830331706e-02
-2.910069663001381457e+01 1.465307287651425039e+00 8.324231451431984841e-02 7.169488274285092111e-02 -2.307995550040478974e-02 5.299132827245331412e-02 4.706205617347362230e-02
-2.901872376032769196e+01 1.464328407401494836e+00 8.293169502323527453e-02 7.033891250396459571e-02 -2.145616563927773418e-02 4.947279891389891326e-02 5.115808591244498660e-02
-2.893675089064156225e+01 1.464608993899607636e+00 8.302068541632617871e-02 6.899304683570588181e-02 -2.046388255620688532e-02 4.939300063617702019e-02 5.369925672327374722e-02
-2.885477802095542188e+01 1.465530769115234389e+00 8.331329252354457982e-02 6.777198545106660754e-02 -2.085098789279333717e-02 4.475310596119684570e-02 4.973473842753321078e-02
-2.877280515126930638e+01 1.465054165001088426e+00 8.316195051854241571e-02 6.666025306698550312e-02 -2.231051307017032845e-02 4.390283450425346706e-02 5.568820309809743851e-02
-2.869083228158318022e+01 1.463315204514104906e+00 8.261065488661006873e-02 6.569738399748779878e-02 -2.379639601026231621e-02 4.179364427453793190e-02 5.297994419780073516e-02
-2.860885941189704340e+01 1.464543249712601414e+00 8.299983079568551414e-02 6.470454268945005638e-02 -2.277060107992582780e-02 3.926852523845142384e-02 5.690235592602615328e-02
-2.852688654221091014e+01 1.464534433822658688e+00 8.299703447292072767e-02 6.379220735972106204e-02 -2.364780535715199639e-02 3.685840717039386844e-02 5.405139831857214139e-02
-2.844491367252487990e+01 1.463296075709482835e+00 8.260459840543021848e-02 6.311114813109014454e-02 -2.427635160418389546e-02 3.500979681461206111e-02 5.762048836699942833e-02
-2.836294080283887808e+01 1.462749379630657875e+00 8.243157805620721090e-02 6.224201080944666287e-02 -2.501153453799085866e-02 3.235723454443037439e-02 6.144974348000407927e-02
-2.828096793315286561e+01 1.462405703487176467e+00 8.232288169006907186e-02 6.166650376954554286e-02 -2.610586130475225919e-02 3.195478880796519261e-02 6.003416982170074051e-02
-2.819899506346684248e+01 1.461759677844584715e+00 8.211870906798468539e-02 6.111777788522573807e-02 -2.559285422791955644e-02 2.853239718504960859e-02 5.849867296203051237e-02
-2.811702219378083356e+01 1.462113599323650703e+00 8.223053969888827197e-02 6.050397345014547207e-02 -2.559583477792293574e-02 2.778444401906888725e-02 6.030841415608227674e-02
-2.803504932409483175e+01 1.461993448466173406e+00 8.219256836191501936e-02 5.997296157401155875e-02 -2.603829456083248464e-02 2.777110862511667638e-02 6.202017777217435496e-02
-2.795307645440881927e+01 1.462725549711662243e+00 8.242403945371351570e-02 5.940538889580484344e-02 -2.470562398311662577e-02 2.657001957918907198e-02 5.971524380054225173e-02
-2.787110358472279614e+01 1.462585216163905910e+00 8.237965027501431559e-02 5.896954508356527791e-02 -2.400732100779592870e-02 2.685207131177246367e-02 6.225905332377880408e-02
-2.778913071503678012e+01 1.462664620316801223e+00 8.240476562705262298e-02 5.854486348356400388e-02 -2.347941595959113226e-02 2.610924809089646206e-02 6.219360502124366558e-02
-2.770715784535078896e+01 1.460932000607732872e+00 8.185741196974244405e-02 5.820318418779080183e-02 -2.367487912785966320e-02 2.680479837509301688e-02 6.092234108103711243e-02
-2.762518497566477294e+01 1.461502776682850779e+00 8.203757122986027328e-02 5.780869918694321596e-02 -2.367131781761522974e-02 2.709405779719388160e-02 6.198615806437529629e-02
-2.754321210597874980e+01 1.461283849773824084e+00 8.196845129439395139e-02 5.749104107839123068e-02 -2.419316407429489280e-02 2.778406569749113098e-02 6.252993896411747354e-02
-2.746091134481398655e+01 1.461879233207611595e+00 8.215647911707174567e-02 5.722511524099380131e-02 -2.484839044169222244e-02 2.603776919308703822e-02 6.415426229306984973e-02
-2.737893847512799184e+01 1.462947319930806733e+00 8.249420679075153418e-02 5.689386931144004705e-02 -2.438018443746342231e-02 2.372133292318612599e-02 6.291041903223350273e-02
-2.729696560544197581e+01 1.463414576351847352e+00 8.264212032695955612e-02 5.657196074987090595e-02 -2.678638070844091904e-02 2.378599049951485300e-02 6.243215001243761220e-02
-2.721499273575595268e+01 1.464011575328447945e+00 8.283125317547074262e-02 5.636887546485506301e-02 -2.625960665637946251e-02 2.384729880905085003e-02 6.074216712395975881e-02
-2.713301986606993665e+01 1.463945719716676308e+00 8.281038156117354054e-02 5.621152667499720174e-02 -2.721895863073838656e-02 2.332210480535756858e-02 5.971407781457867270e-02
-2.705104699638394550e+01 1.464735220466163002e+00 8.306073121517626445e-02 5.605323661233777011e-02 -2.718552811546257747e-02 2.196285113927188073e-02 6.547077940714639277e-02
-2.696907412669792592e+01 1.464384260116239123e+00 8.294940626007324402e-02 5.586645090397834856e-02 -2.649980967604098625e-02 2.357180261681983760e-02 6.719587412292409023e-02
-2.688710125701190634e+01 1.463611527916125477e+00 8.270449737255597400e-02 5.574517315460812000e-02 -2.737929734122770270e-02 2.510019268496670869e-02 6.803509655921229082e-02
-2.680512838732589387e+01 1.464215708947117278e+00 8.289596208479721451e-02 5.556827578832993636e-02 -2.711940924503163097e-02 2.775920003072659958e-02 6.691280849977969403e-02
-2.672315551763989205e+01 1.464085475142607118e+00 8.285467664755447048e-02 5.551001492662038794e-02 -2.634674184742981026e-02 2.845869758630926658e-02 7.036172256236589151e-02
-2.664118264795388313e+01 1.463785189863753722e+00 8.275951332541536809e-02 5.544598026230220661e-02 -2.588853135094714222e-02 2.678280463894694777e-02 6.716091806416284171e-02
-2.655920977826786711e+01 1.464293827945868820e+00 8.292073039591330019e-02 5.528014214681369748e-02 -2.558969184028339963e-02 2.622910122543035613e-02 6.720075070913904269e-02
-2.647723690858184398e+01 1.463837633119107640e+00 8.277613006995798717e-02 5.513098113315564874e-02 -2.450810914256579612e-02 2.443412008057485249e-02 6.449676137684023924e-02
-2.639526403889584927e+01 1.463693807356289067e+00 8.273056167233511227e-02 5.515072347877740533e-02 -2.413063327401510083e-02 2.486208057360472443e-02 6.596756825239538657e-02
-2.631329116920982614e+01 1.463779984517961319e+00 8.275786407178992166e-02 5.513280814162797167e-02 -2.493091636691360455e-02 2.255729918893733393e-02 6.876136266689379661e-02
-2.623131829952381011e+01 1.461704689471961860e+00 8.210133933251306804e-02 5.508179741512751054e-02 -2.749729127268847606e-02 2.248836071492016364e-02 6.772890767029846049e-02
-2.614934542983780119e+01 1.462859036399412060e+00 8.246627143054080511e-02 5.484682961229375014e-02 -2.745516584570892316e-02 2.258158637098375485e-02 7.254870307980991473e-02
-2.606737256015179582e+01 1.462442430519165670e+00 8.233449491764283090e-02 5.486410743991947114e-02 -2.536743863799343843e-02 2.229201222297419113e-02 7.172983437349966795e-02
-2.598539969046578690e+01 1.462704396206897961e+00 8.241734775808884361e-02 5.486333406834568993e-02 -2.213138898630830076e-02 2.256694345453929759e-02 6.918529419117723511e-02
-2.590342682077977443e+01 1.462339471942822211e+00 8.230194061746048950e-02 5.495210340171803598e-02 -2.153338664605573133e-02 2.277835336137720712e-02 6.881868072126565150e-02
-2.582145395109374419e+01 1.462300265371763164e+00 8.228954526048787299e-02 5.488514833949405952e-02 -2.183834041798580691e-02 2.390614650152888751e-02 6.978572779648097024e-02
-2.573948108140775304e+01 1.461927993191164621e+00 8.217188533973568410e-02 5.476870728355232726e-02 -2.187316563695147764e-02 2.537047553145631990e-02 6.856460585344556491e-02
-2.565750821172172635e+01 1.462096016438862334e+00 8.222498254898141790e-02 5.472191689775013357e-02 -2.401200779221531259e-02 2.662317741138532645e-02 6.896450140951629337e-02
-2.557553534203571388e+01 1.463436261684658124e+00 8.264898745822119031e-02 5.459992657421873508e-02 -2.673309074000219596e-02 2.674086899409977916e-02 6.818698451754617862e-02
-2.549356247234971207e+01 1.462377357300164604e+00 8.231391894888795413e-02 5.461979539192950844e-02 -2.427845377240241825e-02 2.610075019379205080e-02 6.612046811106869759e-02
-2.541158960266369249e+01 1.462491937024393396e+00 8.235015006143026062e-02 5.461729819809692937e-02 -2.346829714454261653e-02 2.474506543732341718e-02 6.462483010631517311e-02
-2.532961673297769067e+01 1.463618819972651863e+00 8.270680720653078577e-02 5.458246844253355351e-02 -2.417800476261776008e-02 2.470602970215799929e-02 6.942286354221403888e-02
-2.524764386329168175e+01 1.463199862695554687e+00 8.257413843950744958e-02 5.456033934454772305e-02 -2.491235161841603291e-02 2.254097067822274578e-02 7.087276148740859205e-02
-2.516567099360564796e+01 1.462189864210981627e+00 8.225464523388165139e-02 5.451624447311118754e-02 -2.444440204398601671e-02 2.213422985918416658e-02 7.219559907522601905e-02
-2.508369812391966391e+01 1.461049701625237729e+00 8.189455052686051006e-02 5.454269587673806624e-02 -2.506863322924329091e-02 2.381865732794264182e-02 7.415370132919089918e-02
-2.500172525423362302e+01 1.460197737011255104e+00 8.162587415260008639e-02 5.461624834276875701e-02 -2.376802572445043879e-02 2.587243886311699215e-02 7.134895840919969201e-02
-2.491975238454762120e+01 1.461865499050530426e+00 8.215213986846514604e-02 5.455889196934634450e-02 -2.537911571472873523e-02 2.567878731925888475e-02 6.916168701986434575e-02
-2.483777951486161584e+01 1.462208674867568003e+00 8.226059125773393932e-02 5.452342242214271162e-02 -2.443498680861245012e-02 2.416366245883260280e-02 6.630059231542766163e-02
-2.475580664517559626e+01 1.463062279103542140e+00 8.253058852284389513e-02 5.455588200854736419e-02 -2.490889289785706839e-02 2.516404399848272411e-02 6.623948308895578896e-02
-2.467383377548959444e+01 1.462840708997911854e+00 8.246047258842492678e-02 5.452122408879178650e-02 -2.459971083963339786e-02 2.660303701757745637e-02 6.554102333537978331e-02
-2.459186090580359263e+01 1.463782384137852333e+00 8.275862436203473838e-02 5.455811624612016270e-02 -2.476663493090576484e-02 2.788740760398938923e-02 6.717510195084429314e-02
-2.450988803611755174e+01 1.463005460625565579e+00 8.251260610953681240e-02 5.459600263948927862e-02 -2.417317498420356800e-02 2.894706457892924634e-02 6.887608769986591772e-02
-2.442791516643156768e+01 1.461897855954765069e+00 8.216236303593166257e-02 5.461452006617992239e-02 -2.416925437107089736e-02 2.469395969042215144e-02 6.925054700402512309e-02
-2.434594229674553034e+01 1.461590540236508362e+00 8.206528637303706075e-02 5.453185599180988136e-02 -2.591894598402567917e-02 2.461650164189727388e-02 7.326503815332624514e-02
-2.426396942705952497e+01 1.461320534807605043e+00 8.198003198358660981e-02 5.445513078253884365e-02 -2.591701790495361951e-02 2.335626569978997008e-02 7.152399117282370877e-02
-2.418199655737352316e+01 1.461020991979933958e+00 8.188549108739712201e-02 5.449427526764686475e-02 -2.757004087811103232e-02 2.214426714509363375e-02 6.935293441667120251e-02
-2.410002368768749648e+01 1.460710241328179615e+00 8.178745723134489554e-02 5.447472874477044674e-02 -2.599253015141467227e-02 2.333057032177127815e-02 7.060240859779899625e-02
-2.401805081800149821e+01 1.461514125270491071e+00 8.204115483493562566e-02 5.446604077126503130e-02 -2.781503918548344084e-02 2.351129611114101056e-02 7.119829956066425769e-02
-2.393607794831549995e+01 1.462029124144186065e+00 8.220384225975768677e-02 5.444851654815364983e-02 -2.622704320659234242e-02 2.291604000329894308e-02 7.291191635121016534e-02
-2.385410507862945906e+01 1.462487872480200179e+00 8.234886471193780810e-02 5.438664219387930737e-02 -2.492880666630433589e-02 2.385636073584977007e-02 6.825984596258627413e-02
-2.377213220894347145e+01 1.460534106537784593e+00 8.173191131995766190e-02 5.449430102981620005e-02 -2.481567119189599310e-02 2.690672074527925700e-02 6.895606698363609954e-02
-2.369015933925742701e+01 1.460478176916363946e+00 8.171427638270817306e-02 5.441335648647804835e-02 -2.331517017247016280e-02 2.814824644937980944e-02 7.225757501615764911e-02
-2.360818646957142874e+01 1.460664318199510925e+00 8.177297350062862069e-02 5.443658182140673207e-02 -2.454072533675361045e-02 2.977043076685551709e-02 7.383211603861061789e-02
-2.352621359988543404e+01 1.460388077499810588e+00 8.168587059313670018e-02 5.446487279057688619e-02 -2.377579999809185593e-02 2.604829535544837815e-02 7.026067691509006730e-02
-2.344424073019939669e+01 1.459324104964848212e+00 8.135071824014228348e-02 5.438338622382372228e-02 -2.238772479631934847e-02 2.630110274247272895e-02 6.951540170626778481e-02
-2.336226786051340198e+01 1.458634384270810935e+00 8.113373950554469971e-02 5.444570874812437039e-02 -2.335890501426152871e-02 2.670787647905461387e-02 7.052548415525380920e-02
-2.328029499082740372e+01 1.457896408327199911e+00 8.090182779498317212e-02 5.434419383933793840e-02 -2.378301659277081911e-02 2.630415987246793180e-02 7.088277577454445144e-02
-2.319832212114136283e+01 1.458382124322621376e+00 8.105443706244652713e-02 5.438758412704133155e-02 -2.412601431247213962e-02 2.717331913458539278e-02 7.138147695547825133e-02
-2.311634925145537522e+01 1.460056514290267504e+00 8.158137090118244839e-02 5.444217539701402819e-02 -2.422239242101269230e-02 2.540846093229681343e-02 7.498101966813075503e-02
-2.303437638176933078e+01 1.460173131981240102e+00 8.161811974267368930e-02 5.442120347238400130e-02 -2.399928916001803705e-02 2.580010929089899749e-02 7.178809504358570071e-02
-2.295240351208333607e+01 1.460524546327016671e+00 8.172889682559192348e-02 5.436035044909996033e-02 -2.288591501548589008e-02 2.952166326475468006e-02 7.216210531654840277e-02
-2.287043064239733781e+01 1.461962411725185929e+00 8.218276090240278497e-02 5.427732920732940974e-02 -2.356642603565938313e-02 2.858173939875681066e-02 6.807562601445621420e-02
-2.278845777271130402e+01 1.463910238521536344e+00 8.279913734739319242e-02 5.420265428436595034e-02 -2.371453650112625641e-02 2.860595044553069025e-02 6.885843164353057377e-02
-2.270648490302530575e+01 1.464814535897035697e+00 8.308589809935179593e-02 5.418853949728066888e-02 -2.439556381924223166e-02 3.064160814098080762e-02 6.965148525322288620e-02
-2.262451203333931105e+01 1.464618557769096885e+00 8.302371932573510138e-02 5.411407575836656159e-02 -2.519787737778732967e-02 2.755085229044442960e-02 6.688138946609920032e-02
-2.254253916365326305e+01 1.463344474560376751e+00 8.261992257559924724e-02 5.417383069182626215e-02 -2.558743672688207349e-02 2.388221364593415968e-02 6.839331008508045540e-02
-2.246056629396728255e+01 1.464229439376696584e+00 8.290031523129010038e-02 5.416937355600692089e-02 -2.687142388621710856e-02 2.322050855545926620e-02 7.149098562862239714e-02
-2.237859342428123455e+01 1.463982312714253498e+00 8.282197872745039602e-02 5.418336880222662105e-02 -2.599166763356849583e-02 2.333855432787930104e-02 6.902055113063533531e-02
-2.229662055459523984e+01 1.463679074527105550e+00 8.272589440690314433e-02 5.411556244523272469e-02 -2.771525311439290012e-02 2.095252744343899590e-02 7.102076253999180244e-02
-2.221464768490924158e+01 1.463008300135225648e+00 8.251350474680718694e-02 5.413419940912796852e-02 -2.838172033118283033e-02 2.062472826667548914e-02 6.968663626599520822e-02
-2.213267481522320779e+01 1.462641152362144981e+00 8.239734245983426630e-02 5.416863009126843959e-02 -2.654842583108686996e-02 2.401545488826348912e-02 7.676634712028877761e-02
-2.205070194553720953e+01 1.462445204489985828e+00 8.233537208341179525e-02 5.412761067199971937e-02 -2.639034402964786016e-02 2.384401657419677606e-02 6.793586086533029422e-02
-2.196872907585121837e+01 1.460516854245050622e+00 8.172647141459093989e-02 5.426581944505947525e-02 -2.421326715420148157e-02 2.396530407538632890e-02 6.503828286228605093e-02
-2.188675620616516682e+01 1.462084752665396170e+00 8.222142265865767241e-02 5.414648860512522033e-02 -2.507405292994206378e-02 2.409852435886263716e-02 6.501509866381925684e-02
-2.180478333647918987e+01 1.461836992367995913e+00 8.214313358490699102e-02 5.416711248228805314e-02 -2.674833925523106490e-02 2.206715015607079236e-02 7.033361584551391099e-02
-2.172281046679313832e+01 1.462948491429180153e+00 8.249457750984301452e-02 5.411211789843178854e-02 -2.392689969700879937e-02 2.500695711530494941e-02 7.357340111377511094e-02
-2.164083759710714361e+01 1.462882367924338345e+00 8.247365381868260181e-02 5.408343399911809402e-02 -2.218894161316707983e-02 2.453320200636516235e-02 7.063695602147744557e-02
-2.155886472742114535e+01 1.462955461536715074e+00 8.249678320429604250e-02 5.409161412312751133e-02 -2.352888011451514938e-02 2.611673195548734269e-02 7.030579530873602712e-02
-2.147689185773511156e+01 1.462899268158065036e+00 8.247900142420327985e-02 5.412411437836210648e-02 -2.515855958101484782e-02 2.822594036511141477e-02 7.292653047907400599e-02
-2.139491898804911685e+01 1.463069946904969720e+00 8.253301541180724232e-02 5.407450232149828978e-02 -2.640767990604494728e-02 2.621736985475215526e-02 6.964255965096032008e-02
-2.131294611836312569e+01 1.465024014189766799e+00 8.315237991667517869e-02 5.404353913477693422e-02 -2.629689984144523152e-02 2.734268615303061742e-02 7.203443272558514299e-02
-2.123097324867707414e+01 1.464635450246493109e+00 8.302907816531757135e-02 5.396620527853948635e-02 -2.597805739702178929e-02 2.558282936865645049e-02 7.108103940505833274e-02
-2.114900037899108654e+01 1.463297820100565527e+00 8.260515070007257155e-02 5.400336170960035737e-02 -2.250322086959586840e-02 2.518733425882124441e-02 7.239699028338386633e-02
-2.106702750930504564e+01 1.462115196763830394e+00 8.223104458421598428e-02 5.402876980624933545e-02 -2.368243186895787819e-02 2.503077057638776470e-02 7.197338094458395619e-02
-2.098505463961904738e+01 1.462329627801697951e+00 8.229882827455925476e-02 5.408265382975353808e-02 -2.547228868052365744e-02 2.405653449953638889e-02 6.908129955817156331e-02
-2.090308176993305267e+01 1.462434761367770619e+00 8.233206985062596628e-02 5.402206469782094844e-02 -2.607437293324109742e-02 2.464050692682670171e-02 7.009562885984374492e-02
-2.082110890024702243e+01 1.460976013881133628e+00 8.187129885094618365e-02 5.417730623587282274e-02 -2.557624881521075935e-02 2.493972372290185688e-02 7.151087006585203631e-02
-2.073913603056102062e+01 1.460715665709932276e+00 8.178916809653047348e-02 5.423855336081893214e-02 -2.586501901849567672e-02 2.476611986584298375e-02 7.355491792748151958e-02
-2.065716316087502236e+01 1.462151814674221839e+00 8.224261833123241994e-02 5.418699853928140436e-02 -2.436763914464809208e-02 2.486155824734120889e-02 7.277478266061106205e-02
-2.057519029118898857e+01 1.463058561684640324e+00 8.252941195519469808e-02 5.422716893360072371e-02 -2.504209836469488762e-02 2.383294846854564289e-02 6.867228770468045140e-02
-2.049321742150299741e+01 1.460620159729988599e+00 8.175904725933280659e-02 5.435957787336658659e-02 -2.504269034823450313e-02 2.549578311964539531e-02 7.001307216669630518e-02
-2.041124455181694231e+01 1.459957704182538674e+00 8.155023861991178569e-02 5.429691797836411205e-02 -2.524363831257823293e-02 2.305781447380815877e-02 6.845571235413283606e-02
-2.032927168213096181e+01 1.459273165226275815e+00 8.133468550233896588e-02 5.430283376424611952e-02 -2.498396531813999039e-02 2.420998701997614452e-02 7.064587262578518601e-02
-2.024729881244495999e+01 1.459136875108355103e+00 8.129179563738897496e-02 5.434741738224918572e-02 -2.300683608803982469e-02 2.527898111145685314e-02 6.726064281501864528e-02
-2.016532594275891910e+01 1.459715280772565960e+00 8.147387723933685599e-02 5.432515779080044488e-02 -2.527656210995797917e-02 2.393009973593051426e-02 6.800123272469979496e-02
-2.008335307307291018e+01 1.460615956637486335e+00 8.175772177913903649e-02 5.432606763505509057e-02 -2.573823586171046854e-02 2.585212485009374603e-02 7.023554336869607118e-02
-2.000138020338693678e+01 1.461591055657615046e+00 8.206544915022495612e-02 5.424180676494478465e-02 -2.686295625252208344e-02 2.626772692514982993e-02 6.826443023774546315e-02
-1.991940733370088168e+01 1.463055403070087523e+00 8.252841225488161125e-02 5.415530254845056513e-02 -2.739114434021052563e-02 2.454137276928602604e-02 6.676307104995159170e-02
-1.983743446401489052e+01 1.462131692798420257e+00 8.223625837403447658e-02 5.411809916239381651e-02 -2.761151753584047824e-02 2.285478223680845883e-02 6.419371005124772933e-02
-1.975546159432886384e+01 1.462842249153318619e+00 8.246095989194801579e-02 5.413346707878870928e-02 -2.706225523198764818e-02 2.009204316009457689e-02 6.818591080658684134e-02
-1.967348872464285847e+01 1.461907057738699445e+00 8.216527043005139586e-02 5.411397645537716072e-02 -2.515602958436189557e-02 1.994775558490984729e-02 6.661069651042551831e-02
-1.959151585495684955e+01 1.462779592002776408e+00 8.244113613133363661e-02 5.410231478618938994e-02 -2.433098549028874999e-02 2.071321684009303637e-02 6.740952133637220789e-02
-1.950954298527083708e+01 1.462887055356931532e+00 8.247513701203817993e-02 5.413649335515660632e-02 -2.459896087857274538e-02 2.028086159852005022e-02 6.664034863235081263e-02
-1.942757011558482816e+01 1.462355805821454524e+00 8.230710486843506590e-02 5.414597938685535711e-02 -2.308368734938223005e-02 2.166107441067091979e-02 6.615100997185209553e-02
-1.934559724589882634e+01 1.462826813552339233e+00 8.245607613442645922e-02 5.410861100887472824e-02 -2.328558348508105377e-02 2.147583916964075287e-02 6.618187379196520392e-02
-1.926362437621280677e+01 1.462265411964198902e+00 8.227852678187458357e-02 5.414495211110944423e-02 -2.279333693623781729e-02 2.436011201205168231e-02 7.030977567135819617e-02
-1.918165150652680850e+01 1.461558959536576108e+00 8.205531298394264095e-02 5.425153199241770224e-02 -2.507999303556189205e-02 2.394723245885125446e-02 6.903936119935613624e-02
-1.909967863684075340e+01 1.461952809794710317e+00 8.217972683025970282e-02 5.424778123473710661e-02 -2.544354694173422970e-02 2.380468567195424476e-02 6.885933974134234026e-02
-1.901770576715478356e+01 1.463030359531935831e+00 8.252048614949447636e-02 5.427696615007479575e-02 -2.522144553934986544e-02 2.151142923718016992e-02 6.808757533959780561e-02
-1.893573289746877464e+01 1.462380799092017458e+00 8.231500718419437757e-02 5.429630785686613559e-02 -2.445413956027911104e-02 2.255428951306228877e-02 6.829105047650932403e-02
-1.885376002778272309e+01 1.462504377404121092e+00 8.235408418789097462e-02 5.428308604749250421e-02 -2.330400482062510922e-02 2.226600597820093536e-02 7.146307753681267749e-02
-1.877178715809671061e+01 1.462471427440187544e+00 8.234366430019279814e-02 5.422691613910433917e-02 -2.282654288248560023e-02 2.244806170589270372e-02 7.075445686526578293e-02
-1.868981428841074788e+01 1.462420369629913619e+00 8.232751910468999457e-02 5.421805263518199997e-02 -2.339432125233277190e-02 2.300354924434250270e-02 6.719479701459683818e-02
-1.860784141872469277e+01 1.462311855045628439e+00 8.229320932002337496e-02 5.423299228725019655e-02 -2.374911898828196630e-02 2.366132438220350243e-02 6.534067429807430272e-02
-1.852586854903868741e+01 1.460688433401523101e+00 8.178057908941482879e-02 5.431297202048749467e-02 -2.252648001188065421e-02 2.472362554206600227e-02 6.920402090735541800e-02
-1.844389567935267848e+01 1.459545462728844001e+00 8.142040237893044541e-02 5.436665904568190738e-02 -2.252659896778626616e-02 2.726272804769834177e-02 6.797067201020601246e-02
-1.836192280966666601e+01 1.461069014474985828e+00 8.190064498842886120e-02 5.425754737571682890e-02 -2.281867862928564639e-02 2.691556817367506127e-02 7.225234963339736971e-02
-1.827994993998065354e+01 1.461399733466338668e+00 8.200503547378995561e-02 5.420967844249125617e-02 -2.331592800936502924e-02 2.443065122398214994e-02 7.091467742883783565e-02
-1.819797707029465528e+01 1.461978921965533473e+00 8.218797800211341542e-02 5.426695776376993380e-02 -2.263528238928684544e-02 2.490258603364156262e-02 7.173839412107771429e-02
-1.811600420060863925e+01 1.462121954893916609e+00 8.223318056518386099e-02 5.426507912803407718e-02 -2.195085195376568835e-02 2.280270885555853166e-02 6.889430710824309689e-02
-1.803403133092262678e+01 1.461760546285236329e+00 8.211898340250051165e-02 5.424089392943196031e-02 -2.136857025639227539e-02 2.040830166287912334e-02 6.770639449223757322e-02
-1.795205846123662141e+01 1.460895006755729364e+00 8.184574052862242377e-02 5.420844987918170543e-02 -2.410497161225224477e-02 2.245239402280367960e-02 6.809726885962667786e-02
-1.787008559155061960e+01 1.462125413652276329e+00 8.223427375187752908e-02 5.409474490652015077e-02 -2.410678981091063725e-02 2.514553251907803572e-02 6.858296315998613224e-02
-1.778811272186455739e+01 1.464405042831132819e+00 8.295599695721189715e-02 5.401890580054159036e-02 -2.203642786770300052e-02 2.349272774594247243e-02 6.856148492491637159e-02
-1.770613985217860176e+01 1.463485607114249909e+00 8.266461457771900889e-02 5.414498640235635568e-02 -2.460614960424637593e-02 2.534084210607369034e-02 7.390827928271349878e-02
-1.762416698249258218e+01 1.461505225304031486e+00 8.203834443915086760e-02 5.416714407676048032e-02 -2.387049300338523958e-02 2.275780257404641516e-02 7.102723698853752321e-02
-1.754219411280653418e+01 1.463419511337726853e+00 8.264368307804087488e-02 5.397626501646888425e-02 -2.463713652397561682e-02 2.421926887862731193e-02 7.256647468165453030e-02
-1.746022124312051460e+01 1.462363215477745726e+00 8.230944760634045787e-02 5.398801990868375145e-02 -2.313049904545278965e-02 2.588821323555126966e-02 7.233304537269268086e-02
-1.737824837343455897e+01 1.462901200830727166e+00 8.247961297282935256e-02 5.402550696669511376e-02 -2.290055745801396897e-02 2.610231114624919635e-02 7.297325301035785527e-02
-1.729627550374849676e+01 1.462335721002391287e+00 8.230075470745756849e-02 5.410456624539781989e-02 -2.418440458555950676e-02 2.643984869308617716e-02 7.812540103641822664e-02
-1.721430263406248784e+01 1.462565576512766086e+00 8.237343875290581430e-02 5.405773464073792417e-02 -2.501554943686105925e-02 2.782132934835566951e-02 7.226535269889272639e-02
-1.713232976437649668e+01 1.463091474042284235e+00 8.253982898126405177e-02 5.399482145344115802e-02 -2.464496294147950836e-02 2.717444197481134333e-02 7.323458696527659906e-02
-1.705035689469047711e+01 1.463334852897739236e+00 8.261687605260703560e-02 5.398239662927699356e-02 -2.483929200188087980e-02 2.394095305364735138e-02 7.108714951133571214e-02
-1.696838402500445753e+01 1.463222640663120799e+00 8.258134929908395039e-02 5.406251095639005161e-02 -2.507260809669172030e-02 2.047159188073045116e-02 6.717640297784012449e-02
-1.688641115531847348e+01 1.462184307924457416e+00 8.225288893066812212e-02 5.409969565422040327e-02 -2.445041286765731181e-02 2.205413538628963124e-02 6.679365166977309365e-02
-1.680443828563245035e+01 1.461546426555058842e+00 8.205135511680677896e-02 5.413478614945469586e-02 -2.352408629018505962e-02 2.211022561125880817e-02 6.943963730986232874e-02
-1.672246541594643077e+01 1.462314723721850118e+00 8.229411625778410011e-02 5.409684412972372292e-02 -2.282043365561864032e-02 2.386742078936036904e-02 7.062202654129692836e-02
-1.664049254626044316e+01 1.462894952234140789e+00 8.247763575829386573e-02 5.408153395051286394e-02 -2.190828240192338114e-02 2.417554905118494274e-02 7.006668954626937840e-02
-1.655851967657442714e+01 1.462634295735163015e+00 8.239517368334953185e-02 5.414252074813959842e-02 -2.332220583181042126e-02 2.577869711412699577e-02 6.928921192458108169e-02
-1.647654680688836493e+01 1.461368706722245170e+00 8.199523979519451888e-02 5.419035690983155934e-02 -2.299593358082054409e-02 2.532812161086772998e-02 7.170427527712845694e-02
-1.639457393720241996e+01 1.461204842071357701e+00 8.194351237426783507e-02 5.424965029572934028e-02 -2.452281002787456629e-02 2.504436808723106700e-02 7.191458067305127322e-02
-1.631260106751639682e+01 1.462359475421735944e+00 8.230826509605726482e-02 5.421618013787881524e-02 -2.277265123089010010e-02 2.465967333745185813e-02 7.184255975040067244e-02
-1.623062819783034172e+01 1.462044245546041621e+00 8.220862096500897165e-02 5.425293123215448737e-02 -2.312459023558535720e-02 2.580189180530423690e-02 7.304102522884725612e-02
-1.614865532814431504e+01 1.461776215753501917e+00 8.212393334196166350e-02 5.435128827010844016e-02 -2.320045223662829670e-02 2.424730827948966966e-02 7.033859056845014057e-02
-1.606668245845837006e+01 1.460130102353705439e+00 8.160455940245947559e-02 5.440509816172465346e-02 -2.358690824575841033e-02 2.286159001635110558e-02 7.241010573706301023e-02
-1.598470958877230963e+01 1.460817472690976171e+00 8.182128086137879786e-02 5.440323409113492076e-02 -2.303145085114435484e-02 2.547756671738159867e-02 7.106559416238510118e-02
-1.590273671908629183e+01 1.462153090868339778e+00 8.224302170657171729e-02 5.425498543870701379e-02 -2.556510944294039522e-02 2.309893038496221504e-02 7.060068410889387691e-02
-1.582076384940030955e+01 1.463298396848869309e+00 8.260533330565150711e-02 5.416445490170931215e-02 -2.507893093769009152e-02 2.204847262652044615e-02 7.121451815793013174e-02
-1.573879097971428642e+01 1.464219982097934691e+00 8.289731685101053849e-02 5.415263510078006937e-02 -2.364972842654486720e-02 2.313845043425579937e-02 7.206683384983768315e-02
-1.565681811002825974e+01 1.463741213943438257e+00 8.274558046142321821e-02 5.421141714505627734e-02 -2.494878128511698531e-02 2.566848536047417612e-02 6.755440584447770791e-02
-1.557484524034228812e+01 1.463894246034693758e+00 8.279406941984207569e-02 5.416527561269023072e-02 -2.496384239427515070e-02 2.458650370377264693e-02 6.677990829809346551e-02
-1.549287237065625789e+01 1.462397371163814297e+00 8.232024706542334647e-02 5.413543120894934169e-02 -2.491181487891652724e-02 2.385813451068798802e-02 6.444675719393007374e-02
-1.541089950097023475e+01 1.461442773428327957e+00 8.201862467892806485e-02 5.419636281984472476e-02 -2.438843676954301903e-02 2.562010540961222327e-02 6.679199581389218265e-02
-1.532892663128425603e+01 1.462450565808661951e+00 8.233706741252988515e-02 5.421171105101103838e-02 -2.483147193516779122e-02 2.619375334661650651e-02 6.729319169102150611e-02
-1.524695376159823645e+01 1.462857773143883877e+00 8.246587172785141417e-02 5.426140570854486034e-02 -2.556753080238148221e-02 2.976312451310705876e-02 6.602661219698109651e-02
-1.516498089191217247e+01 1.463498810805406780e+00 8.266879622483891410e-02 5.429060126927795493e-02 -2.318006159167976601e-02 2.789933303610313275e-02 6.624346189336983992e-02
-1.508300802222623282e+01 1.463540985471956324e+00 8.268215360874947573e-02 5.433111699218420854e-02 -2.213994589416792835e-02 2.818612617604716875e-02 6.984846451416079627e-02
-1.500103515254020614e+01 1.464537428247272510e+00 8.299798427401228196e-02 5.427167249101719215e-02 -2.475802174414000120e-02 2.538301831231045899e-02 6.650267895516888406e-02
-1.491906228285414926e+01 1.462892153867639600e+00 8.247675029003148639e-02 5.438568807419893320e-02 -2.516553943678597610e-02 2.433081699986144181e-02 6.599454668103101052e-02
-1.483708941316812258e+01 1.462632334616631002e+00 8.239455337834317161e-02 5.427146249864615163e-02 -2.425795052211556641e-02 2.616533796805484841e-02 6.826613580545083659e-02
-1.475511654348218116e+01 1.463060109174660894e+00 8.252990173690288866e-02 5.424341466079109220e-02 -2.252256835517648520e-02 2.724967600643491902e-02 6.790406365375893649e-02
-1.467314367379611717e+01 1.461808122451573988e+00 8.213401293030658801e-02 5.442022913337341700e-02 -2.277254399801684898e-02 3.187351063678923319e-02 7.155914693302420360e-02
-1.459117080411009404e+01 1.460713250812705866e+00 8.178840642948381756e-02 5.440939481978797343e-02 -2.397395493841947972e-02 2.739728339289471126e-02 6.993424643610325619e-02
-1.450919793442412242e+01 1.460402799163794008e+00 8.169051165593693709e-02 5.433817735822722705e-02 -2.406386449382962381e-02 2.740728181131865324e-02 7.094623136842802269e-02
-1.442722506473809574e+01 1.461302060878170384e+00 8.197420007605527026e-02 5.429112547566332381e-02 -2.118375950522408818e-02 2.758281744299101446e-02 7.037413276774936999e-02
-1.434525219505206550e+01 1.461471031240439311e+00 8.202754711955695388e-02 5.425330692945450756e-02 -2.189792734473714267e-02 2.404445781756027120e-02 7.031079218021744903e-02
-1.426327932536609744e+01 1.460151506874611149e+00 8.161130470636474010e-02 5.427727396234332397e-02 -2.316056909084275930e-02 2.351066742589908928e-02 7.066792264482997521e-02
-1.418130645568006720e+01 1.459877583900325293e+00 8.152499833901938331e-02 5.425740625567906927e-02 -2.372618089764007981e-02 2.595282812868440411e-02 6.916986897524063371e-02
-1.409933358599404052e+01 1.458551831323043890e+00 8.110778421160430574e-02 5.433399124662587759e-02 -2.555632832237026558e-02 2.723658645240474921e-02 7.084708687663542059e-02
-1.401736071630807068e+01 1.458908402017482508e+00 8.121991579277643147e-02 5.444750697840259474e-02 -2.699775577539214808e-02 2.848324879849309724e-02 6.976625431059350901e-02
-1.393538784662204755e+01 1.459325308966838763e+00 8.135109720162964075e-02 5.433116788937832065e-02 -2.576442829232164153e-02 2.713037739246583133e-02 6.923592856104604509e-02
-1.385341497693598356e+01 1.458106666068692547e+00 8.096787598902838168e-02 5.432996101777214787e-02 -2.490422417930389376e-02 3.052826633216836408e-02 6.971309738719523585e-02
-1.377144210725004925e+01 1.457277207548007381e+00 8.070743930493362583e-02 5.434941163789762386e-02 -2.290338721105492775e-02 2.884251419372556302e-02 7.025383285220974938e-02
-1.368946923756401546e+01 1.456594925899449056e+00 8.049345662749041175e-02 5.436333697137012144e-02 -2.350862057067619124e-02 2.652117438303613212e-02 7.141263337478197248e-02
-1.360749636787795858e+01 1.456243578420179263e+00 8.038334976657468545e-02 5.438238367015983676e-02 -2.373557897549445975e-02 2.478046895337462918e-02 6.815554553787882275e-02
-1.352552349819192301e+01 1.457725088287941562e+00 8.084802646633554302e-02 5.429880482117015877e-02 -2.442871871364262967e-02 2.439116315513875990e-02 6.672963100709883300e-02
-1.344355062850599047e+01 1.458693110698644269e+00 8.115220550465168659e-02 5.429091228396130953e-02 -2.461285413976594186e-02 2.226170594979506867e-02 6.882243486187621107e-02
-1.336157775881992649e+01 1.458651687296577570e+00 8.113918011854659440e-02 5.429649212608848169e-02 -2.424753929428376600e-02 2.493840490737943630e-02 6.947516290303096254e-02
-1.327960488913389980e+01 1.459467747550539096e+00 8.139593476939266381e-02 5.437835402834679394e-02 -2.419331252243057950e-02 2.430068739652061979e-02 7.099826250417445861e-02
-1.319763201944793529e+01 1.459314937323515471e+00 8.134783273318790808e-02 5.433977448047990627e-02 -2.361919185247841890e-02 2.399421969639797120e-02 6.882724573763591980e-02
-1.311565914976190506e+01 1.460048683558417881e+00 8.157890349107577155e-02 5.435583228182644389e-02 -2.367051220605146181e-02 2.264634776969741761e-02 6.757892149600215614e-02
-1.303368628007587127e+01 1.459778267749027414e+00 8.149371496718765817e-02 5.433044964876106858e-02 -2.382342871380136590e-02 2.389167971470574844e-02 6.268944735741387164e-02
-1.295171341038991208e+01 1.461117215800693980e+00 8.191585640732468310e-02 5.423742113711292612e-02 -2.394384581824604216e-02 2.439457455422555654e-02 6.683102513584293636e-02
-1.286974054070387652e+01 1.459695295916877189e+00 8.146758340460191761e-02 5.429859329883257590e-02 -2.414042236787950282e-02 2.414357156090869011e-02 6.759973295402678384e-02
-1.278776767101784273e+01 1.458335254701543127e+00 8.103970605131338711e-02 5.430881557564556927e-02 -2.521546004378300010e-02 2.722859022505329241e-02 6.989812768714132041e-02
-1.270579480133188710e+01 1.457713600314133329e+00 8.084441927825825047e-02 5.431200743029461486e-02 -2.301524837892071976e-02 2.535503949393255047e-02 7.339688249861246738e-02
-1.262382193164585686e+01 1.455963146851716461e+00 8.029550862577350401e-02 5.435576130080543855e-02 -2.503635675890809875e-02 2.555168318315341469e-02 7.296371250473197845e-02
-1.254184906195979288e+01 1.456996040234675993e+00 8.061923077775429158e-02 5.428072221428371230e-02 -2.707357515354325006e-02 2.183751787788043922e-02 6.861150476956343058e-02
-1.245987619227386212e+01 1.457780988957337653e+00 8.086557998918358914e-02 5.427501909303481670e-02 -2.544782472876241930e-02 2.135024005702162650e-02 6.608579259557050001e-02
-1.237790332258782833e+01 1.457386764791972933e+00 8.074181996246804216e-02 5.439330978846371178e-02 -2.371064950913619185e-02 2.217609933526445976e-02 6.672020689515040237e-02
-1.229593045290176434e+01 1.457922640966748951e+00 8.091006710977083349e-02 5.438763581166643907e-02 -2.345475643655501805e-02 2.354504470010622755e-02 7.310229974981341527e-02
-1.221395758321572877e+01 1.457686351495509625e+00 8.083586348225574314e-02 5.448084018917731530e-02 -2.270861634696477380e-02 2.628212420299942675e-02 7.309943645957067693e-02
-1.213198471352979979e+01 1.457315215422100296e+00 8.071936608872004593e-02 5.449588556123378946e-02 -2.364574760364382758e-02 2.701563807889900345e-02 7.363240183189677379e-02
-1.205001184384373580e+01 1.458742487447574732e+00 8.116773283530087646e-02 5.451914879900282562e-02 -2.177347196005964894e-02 2.636791319997720470e-02 7.650487655198066894e-02
-1.196803897415770557e+01 1.457529710339367401e+00 8.078668685222095691e-02 5.458629768984774727e-02 -2.269177661745381755e-02 2.631927516420035432e-02 7.433700995604998474e-02
-1.188606610447174994e+01 1.457262488993242400e+00 8.070282083889451785e-02 5.456830788137947974e-02 -2.343946771103653376e-02 2.415164690245695869e-02 7.157000800329897661e-02
-1.180409323478571437e+01 1.457416616643429474e+00 8.075118888759913460e-02 5.453869355061215229e-02 -2.596162961303196542e-02 2.546410256913221246e-02 6.906336708722517204e-02
-1.172212036509967703e+01 1.458612465881256037e+00 8.112684787970309008e-02 5.455372495194978077e-02 -2.635259055772255082e-02 2.556178171153019804e-02 6.996154419449637785e-02
-1.164014749541372851e+01 1.457798692057581613e+00 8.087113929492967257e-02 5.452713626755745224e-02 -2.627542603888410183e-02 2.487244956022168982e-02 6.497065217999427322e-02
-1.155817462572768584e+01 1.457652348424310462e+00 8.082518742359318109e-02 5.451897605715126660e-02 -2.498258747057771623e-02 2.643836184679408327e-02 6.214126653271969530e-02
-1.147620175604165205e+01 1.457998650791037409e+00 8.093394258837544042e-02 5.445641846701389233e-02 -2.396957411487655315e-02 2.492451467023927905e-02 6.744214563358573444e-02
-1.139422888635569642e+01 1.458020802277232297e+00 8.094090111269069965e-02 5.453556182519388867e-02 -2.456384997687919083e-02 2.198499022809844924e-02 6.521497410017383645e-02
-1.131225601666966618e+01 1.458406270426357620e+00 8.106202652890304172e-02 5.455254547530952181e-02 -2.427875504590052899e-02 2.369085963830052169e-02 6.657912512192609711e-02
-1.123028314698359864e+01 1.458338287335447125e+00 8.104065916972807981e-02 5.459770098416080741e-02 -2.413728517444599722e-02 2.474283807248014652e-02 7.055690785532608977e-02
-1.114831027729767499e+01 1.457274035413530289e+00 8.070644392715947690e-02 5.460409043501997933e-02 -2.423397875623707273e-02 2.392536962250687432e-02 7.021467320801795531e-02
-1.106633740761163764e+01 1.457632548445887855e+00 8.081897100844026571e-02 5.451623382417503105e-02 -2.207045248182796029e-02 2.481113147719550549e-02 6.480921816230617027e-02
-1.098436453792557366e+01 1.458995872153276085e+00 8.124743184673527407e-02 5.442369458912169750e-02 -2.410291866129492602e-02 2.534695212634566208e-02 6.408109477148465905e-02
-1.090239166823953454e+01 1.459414028855455792e+00 8.137902379672118380e-02 5.435918394038894569e-02 -2.406081160247120973e-02 2.543602252540428169e-02 6.592045327827962542e-02
-1.082041879855361266e+01 1.460386892382861346e+00 8.168549698475036092e-02 5.438231688579722028e-02 -2.390004517508549989e-02 2.423322722605592353e-02 6.798562158632663610e-02
-1.073844592886754512e+01 1.459642951989730042e+00 8.145109960924340475e-02 5.439715542949676713e-02 -2.372488846728378412e-02 2.229993873331575366e-02 6.591217125369418228e-02
-1.065647305918151133e+01 1.460817016166779947e+00 8.182113685005709680e-02 5.435261763319913786e-02 -2.283136076716135027e-02 2.331660373777572071e-02 7.058918923943539869e-02
-1.057450018949556281e+01 1.461434837819064025e+00 8.201611906730305046e-02 5.436782306142100285e-02 -2.497160629684094454e-02 2.674065833809872311e-02 6.805045859287112142e-02
-1.049252731980952369e+01 1.460642185383979275e+00 8.176599336798379136e-02 5.429187153155461826e-02 -2.271983379732253616e-02 2.465828110524819275e-02 6.486117275793709669e-02
-1.041055445012348279e+01 1.461011166849341736e+00 8.188239081817411114e-02 5.430350561222670874e-02 -2.075935529583859684e-02 2.413152153274299508e-02 6.339008547996735632e-02
-1.032858158043753427e+01 1.461363732775987634e+00 8.199366947643998982e-02 5.426792896076863132e-02 -2.352620568275935048e-02 2.602436241155631214e-02 6.736679393478478550e-02
-1.024660871075149160e+01 1.460590669713282885e+00 8.174974751195612788e-02 5.429281573121958610e-02 -2.409390213298756231e-02 2.579010423706575017e-02 6.807798092936220846e-02
-1.016463584106546136e+01 1.459945815303711480e+00 8.154649307784067602e-02 5.414075417883908864e-02 -2.376808635409055626e-02 2.522883096662573502e-02 6.558897395212609505e-02
-1.008266297137950929e+01 1.460153999382020507e+00 8.161209019551585175e-02 5.422678774470968133e-02 -2.377466914360433503e-02 2.350102046195725811e-02 6.610176492151781380e-02
-1.000069010169347550e+01 1.460901002397815285e+00 8.184763209084300328e-02 5.423127626953897634e-02 -2.423167015587808504e-02 2.337528502205579381e-02 6.702641638090529874e-02
-9.918717232007407958e+00 1.459790539519846053e+00 8.149758017414099331e-02 5.415542578753190783e-02 -2.397850931549062523e-02 2.159992694490715792e-02 6.833799058403826343e-02
-9.836744362321477197e+00 1.459008601963462270e+00 8.125143664618267314e-02 5.430032035270675878e-02 -2.597424829583925079e-02 2.297888122519790507e-02 6.928765987762144918e-02
-9.754771492635436303e+00 1.459125868679878035e+00 8.128833234634907923e-02 5.433741817725396689e-02 -2.593265827057206555e-02 2.619705399066479118e-02 7.270271366201469521e-02
-9.672798622949393632e+00 1.460317569369598667e+00 8.166364403508602487e-02 5.434452676198154447e-02 -2.564003036028286373e-02 2.553887046178754741e-02 7.036731568154111494e-02
-9.590825753263352738e+00 1.461922287415346133e+00 8.217008248319890296e-02 5.430873003897287998e-02 -2.560486281794502675e-02 2.541468629234693716e-02 6.990646334593314526e-02
-9.508852883577421977e+00 1.463066842161440562e+00 8.253203274510018117e-02 5.431167105530608497e-02 -2.684300719301870725e-02 2.776837382662697071e-02 6.985472302021421276e-02
-9.426880013891354437e+00 1.462471678300065081e+00 8.234374362861252017e-02 5.437928710723149289e-02 -2.605026889738885909e-02 2.894438812532175789e-02 6.973885783842252717e-02
-9.344907144205320648e+00 1.463960091685810427e+00 8.281493629569697257e-02 5.433483773117370880e-02 -2.649250467300294162e-02 2.861067605957544335e-02 6.944560002402157262e-02
-9.262934274519359690e+00 1.463136865524074404e+00 8.255419658075485723e-02 5.430560491975247595e-02 -2.554085292009681402e-02 2.714596887974479386e-02 7.146739294446907698e-02
-9.180961404833348993e+00 1.462175937649293322e+00 8.225024317263684992e-02 5.430119539246845012e-02 -2.654869244767723083e-02 2.956696381025476078e-02 7.025814785192821543e-02
-9.098988535147299217e+00 1.462825847285069258e+00 8.245577041533630469e-02 5.425606050559779459e-02 -2.519813351170089102e-02 2.932812847009034357e-02 7.134712199305545677e-02
-9.017015665461350693e+00 1.461730406206129596e+00 8.210946256224049833e-02 5.423959617580152714e-02 -2.395602878048849402e-02 3.024013415659230000e-02 7.553351877206641862e-02
-8.935042795775306246e+00 1.461687837693252945e+00 8.209601647340869501e-02 5.416237101096828960e-02 -2.260419568134052620e-02 2.918300791887985801e-02 7.158804382520610188e-02
-8.853069926089267128e+00 1.460885353054580671e+00 8.184269492251161626e-02 5.417033316696467926e-02 -2.440144780050419737e-02 2.976222751746137457e-02 7.234127132184162146e-02
-8.771097056403304393e+00 1.460731133768810475e+00 8.179404684131874603e-02 5.415746148935823151e-02 -2.483238168443121369e-02 3.078096569687452030e-02 7.684045152446243587e-02
-8.689124186717265275e+00 1.460351853497888097e+00 8.167445126590633375e-02 5.411464793487642810e-02 -2.517168919851977757e-02 3.094280453988249371e-02 7.286051809058990969e-02
-8.607151317031235038e+00 1.461760747461615884e+00 8.211904695280564104e-02 5.409379959321283793e-02 -2.513901703133193319e-02 3.220829509632496673e-02 7.278440107951096583e-02
-8.525178447345298949e+00 1.464318840542011113e+00 8.292866145962080049e-02 5.405091290307931923e-02 -2.427700086396830312e-02 3.064613358439625262e-02 7.332411589553609887e-02
-8.443205577659252725e+00 1.463019041749147986e+00 8.251690424620539144e-02 5.409785082084053037e-02 -2.213757054439851810e-02 3.012310287621787833e-02 7.273816403380677087e-02
-8.361232707973195843e+00 1.463379057501262848e+00 8.263087298645038770e-02 5.398952661544170056e-02 -2.361990602856127441e-02 2.811746866904031236e-02 7.138434352806220795e-02
-8.279259838287151396e+00 1.463099641633093473e+00 8.254241416785812469e-02 5.406534702784835528e-02 -2.293050524941001381e-02 2.974312060146637113e-02 7.587047292439827451e-02
-8.197286968601209978e+00 1.462767941146139172e+00 8.243745018143966430e-02 5.423933383447435835e-02 -2.232936424985148410e-02 2.859382999574499110e-02 7.282054979511687343e-02
-8.115314098915186847e+00 1.461824135063877428e+00 8.213907162577421817e-02 5.427334991924936264e-02 -2.487193292337061545e-02 2.855993005195215165e-02 7.072615318275214669e-02
-8.033341229229144176e+00 1.462046897398432632e+00 8.220945902141252315e-02 5.428219303183813571e-02 -2.517152923559988140e-02 2.924147135802158612e-02 7.271477360228741083e-02
-7.951368359543181441e+00 1.462091206384854569e+00 8.222346233494709500e-02 5.428889502654844074e-02 -2.391447831610227573e-02 2.573226410176705087e-02 7.240273914497813434e-02
-7.869395489857143211e+00 1.461649786452248412e+00 8.208399797025311972e-02 5.430784862276518549e-02 -2.481196743772569324e-02 2.428092022216866985e-02 7.300882500469521585e-02
-7.787422620171097876e+00 1.461657023368643449e+00 8.208628370166082266e-02 5.430904938987662217e-02 -2.602152411814703803e-02 2.495620400872971753e-02 6.745561995699343727e-02
-7.705449750485134253e+00 1.461242213616736008e+00 8.195530840387582616e-02 5.426198112459811040e-02 -2.551789838480237813e-02 2.373465035430707276e-02 6.742832823751881977e-02
-7.623476880799085365e+00 1.461831939141524206e+00 8.214153712908212057e-02 5.413903661045267601e-02 -2.468038452796468551e-02 2.514588070156420496e-02 6.916766022205997344e-02
-7.541504011113099537e+00 1.461885314584509654e+00 8.215840053047163138e-02 5.414155534553085486e-02 -2.478204599907622707e-02 2.694513796367099465e-02 7.232376202340862203e-02
-7.459531141427135914e+00 1.460334087527764835e+00 8.166885091062986435e-02 5.422662285838018154e-02 -2.562315030569225702e-02 2.966079540232042719e-02 7.275241963958326008e-02
-7.377558271741094131e+00 1.458954328239022047e+00 8.123436265713640525e-02 5.417460223528817315e-02 -2.544152478242599560e-02 3.114425208639592588e-02 6.805635080592803421e-02
-7.295585402055026591e+00 1.458044512274125015e+00 8.094834947321000174e-02 5.419401389028710714e-02 -2.453445316705751139e-02 2.885808226225345871e-02 6.912193432455895903e-02
-7.213612532369081620e+00 1.458928218216813288e+00 8.122614918956527763e-02 5.420241823260321667e-02 -2.568651873779531289e-02 2.573512051001733067e-02 7.042180469775660701e-02
-7.131639662683036285e+00 1.457910525386782341e+00 8.090626173088599771e-02 5.428304888800186689e-02 -2.451870058552152454e-02 2.952897980467958025e-02 7.348367285105412983e-02
-7.049666792997031806e+00 1.456889680767755157e+00 8.058587312157811100e-02 5.420806833515796203e-02 -2.496359264838762804e-02 2.741491779421379241e-02 7.164375377889839469e-02
-6.967693923310986470e+00 1.456323847210962086e+00 8.040849963369117726e-02 5.413301984376817089e-02 -2.301045789790180304e-02 2.807836542824165837e-02 7.023974000440154353e-02
-6.885721053625041499e+00 1.457297958170537866e+00 8.071395071841924729e-02 5.411085056854761377e-02 -2.430617302583553546e-02 2.688764566629316469e-02 6.783638355162704969e-02
-6.803748183938973071e+00 1.456883023956764278e+00 8.058378551461614636e-02 5.411817466804860755e-02 -2.325409256015721279e-02 2.615426943140217175e-02 7.135948517459161922e-02
-6.721775314252932176e+00 1.457346420184470803e+00 8.072915858011509016e-02 5.412016506460261278e-02 -2.358677824656156899e-02 2.990715734002579590e-02 7.202211512784086056e-02
-6.639802444566960560e+00 1.457813269057520955e+00 8.087571702189727540e-02 5.421072766833967549e-02 -2.420752369495356854e-02 2.879103738814621505e-02 7.135719786998595549e-02
-6.557829574880986279e+00 1.459298224394962373e+00 8.134257245534748382e-02 5.418076550313390138e-02 -2.317555662592283086e-02 2.829573241622017690e-02 6.667850705478829687e-02
-6.475856705194937391e+00 1.459753185694534716e+00 8.148581515915692686e-02 5.423743566118233855e-02 -2.337328881939702493e-02 2.882053136438633353e-02 6.902388412516172189e-02
-6.393883835508973768e+00 1.458293696536936412e+00 8.102664528236747099e-02 5.423609014815495427e-02 -2.278018431386821460e-02 3.102292855644770905e-02 6.743591878439496312e-02
-6.311910965822923991e+00 1.458043371731453597e+00 8.094799117216966433e-02 5.428754576797626547e-02 -2.155943552885501019e-02 3.238001781244227717e-02 7.192522281504588888e-02
-6.229938096136883097e+00 1.458718518966165556e+00 8.116019540908459007e-02 5.424157175201301667e-02 -2.331425701192448366e-02 3.107867779120061444e-02 6.732110052754917973e-02
-6.147965226450907927e+00 1.458953546568504844e+00 8.123411676125685821e-02 5.428298259485919014e-02 -2.391188470777702926e-02 2.824933551530853237e-02 6.616065587178406038e-02
-6.065992356764859039e+00 1.459507892986327215e+00 8.140857368184217790e-02 5.436062182505366214e-02 -2.332698274335791994e-02 2.748969525269401998e-02 6.945286125224266194e-02
-5.984019487078873212e+00 1.459528010617978433e+00 8.141490756275110430e-02 5.435106912786909911e-02 -2.264447621330408292e-02 2.408043576122995480e-02 6.584551626272516778e-02
-5.902046617392924688e+00 1.458690670995382854e+00 8.115143832954840875e-02 5.435570268378352859e-02 -2.443270690985145308e-02 2.672105692056235549e-02 6.939044349715590976e-02
-5.820073747706874912e+00 1.457197696323841329e+00 8.068249106505004375e-02 5.438837236847755829e-02 -2.509353887151000162e-02 2.561839107168659840e-02 6.648861503668680728e-02
-5.738100878020810924e+00 1.457876715889067087e+00 8.089564288112899293e-02 5.444622027758185684e-02 -2.362160432865812246e-02 2.460431299750475906e-02 6.846328707382684509e-02
-5.656128008334762036e+00 1.456353845717064610e+00 8.041789956400458017e-02 5.448256386646476573e-02 -2.381296372451496834e-02 2.604783820162169528e-02 6.761534973761502976e-02
-5.574155138648809960e+00 1.456842993549916976e+00 8.057123223266615675e-02 5.442295026885766301e-02 -2.087110986542032795e-02 2.658881797590403190e-02 6.561967778600762136e-02
-5.492182268962827685e+00 1.457477672295316218e+00 8.077035235003160452e-02 5.445408290575911442e-02 -2.130703874552616200e-02 2.894401889727989813e-02 7.017091265106006892e-02
-5.410209399276782349e+00 1.458306483030761713e+00 8.103066369483902243e-02 5.439638682160713445e-02 -2.308211723819535849e-02 2.901661681130042816e-02 6.707881742450778895e-02
-5.328236529590803627e+00 1.459175619348292985e+00 8.130398738165428574e-02 5.437212896400197421e-02 -2.354905547935973176e-02 3.022697931030280533e-02 6.749775860065003463e-02
-5.246263659904761845e+00 1.460035612274630079e+00 8.157478488293951058e-02 5.436843543619631486e-02 -2.269644285271405978e-02 2.785311209871697835e-02 6.745887308790070314e-02
-5.164290790218712957e+00 1.460220364159494633e+00 8.163300547287516418e-02 5.441190896756605000e-02 -2.312036747729819333e-02 2.720606592123803874e-02 6.634718102723287381e-02
-5.082317920532738675e+00 1.460656941248991814e+00 8.177064697069930110e-02 5.440428357740990928e-02 -2.238802108759673989e-02 2.739054933353030769e-02 6.744233576830176158e-02
-5.000345050846685346e+00 1.460073463257895110e+00 8.158671150359475543e-02 5.450098468476186064e-02 -2.396906812080823804e-02 2.601053113474235262e-02 6.922295048192836364e-02
-4.918372181160736822e+00 1.459420185092157318e+00 8.138096174882664124e-02 5.449637699044560663e-02 -2.466952364257886041e-02 2.599991726258239766e-02 6.975062511313694091e-02
-4.836399311474758100e+00 1.459200175903007768e+00 8.131171501751949249e-02 5.437581488616435171e-02 -2.446058130457081856e-02 2.775927918463433342e-02 6.704843072513469449e-02
-4.754426441788712765e+00 1.460096625094540412e+00 8.159400999259591725e-02 5.433056675567913413e-02 -2.448575752000664574e-02 2.553358210359119029e-02 6.971310123717520957e-02
-4.672453572102645225e+00 1.461612445408319028e+00 8.207220444205765020e-02 5.424117375220090936e-02 -2.395768576373169187e-02 2.150055307154195502e-02 6.433862862414715944e-02
-4.590480702416685155e+00 1.462091377052219476e+00 8.222351627405716235e-02 5.429158009825030273e-02 -2.481434775013783428e-02 2.130337455075764427e-02 6.503251906728806098e-02
-4.508507832730636267e+00 1.461175933933886784e+00 8.193438820041260007e-02 5.433621735804397557e-02 -2.364784886877766695e-02 1.943437339825320256e-02 6.750830976891852853e-02
-4.426534963044669091e+00 1.460750497547701476e+00 8.180015448422467417e-02 5.426389999055108992e-02 -2.277573220386635081e-02 2.158200752498469835e-02 6.539783314381499013e-02
-4.344562093358620203e+00 1.462002757664730979e+00 8.219551011133696683e-02 5.428923151663921087e-02 -2.312790022231777515e-02 2.348580898024785549e-02 7.116588458581736554e-02
-4.262589223672660133e+00 1.462410707326129877e+00 8.232446388591702080e-02 5.427244311175396380e-02 -2.319816228613065870e-02 2.383325692673103277e-02 6.855130086399111033e-02
-4.180616353986592593e+00 1.461119223111989163e+00 8.191648990008248976e-02 5.428722029578793989e-02 -2.144313870000505787e-02 2.557609751509239138e-02 7.056001666106971604e-02
-4.098643484300547257e+00 1.461354844306669065e+00 8.199086333703736740e-02 5.433935048004703144e-02 -2.099937636000493227e-02 2.676032523457635634e-02 7.160344848234777293e-02
-4.016670614614564983e+00 1.461538526977934849e+00 8.204886049865567355e-02 5.428427677207354335e-02 -2.145249843919005972e-02 2.390758730329545570e-02 6.825557457387410043e-02
-3.934697744928624008e+00 1.463687185086339548e+00 8.272846376731557427e-02 5.416592787162840400e-02 -2.199734788085740481e-02 2.216293057528344324e-02 6.412068071616108811e-02
-3.852724875242570679e+00 1.462542403965558124e+00 8.236611009752209389e-02 5.416291391880955625e-02 -2.222260506950380146e-02 2.267608914214410201e-02 6.433604877235445108e-02
-3.770752005556592401e+00 1.462891574522161564e+00 8.247656697210148380e-02 5.416876407964429929e-02 -2.289039653851798750e-02 2.293345757026115858e-02 6.764271078667395687e-02
-3.688779135870543513e+00 1.462948040245811487e+00 8.249443473339423960e-02 5.419789078926792042e-02 -2.411342416398091007e-02 2.537502993391457448e-02 7.216231772645886888e-02
-3.606806266184494181e+00 1.463794763215435113e+00 8.276254656421527800e-02 5.414618740900925542e-02 -2.310228524733969058e-02 2.694660335901571946e-02 6.989240514087760592e-02
-3.524833396498511906e+00 1.466463999308847077e+00 8.360993889021589576e-02 5.413291960207169268e-02 -2.380885044313730409e-02 2.617411273849696435e-02 7.224501115183104560e-02
-3.442860526812466571e+00 1.465606831638758045e+00 8.333745538632142402e-02 5.418356294496487480e-02 -2.355327249552405244e-02 2.668894302223823178e-02 7.416455064688258492e-02
-3.360887657126510497e+00 1.465382742797848303e+00 8.326627656822499501e-02 5.416164813627118158e-02 -2.369531867977564543e-02 2.679912733231090347e-02 7.430236116509277011e-02
-3.278914787440547318e+00 1.465408717156114760e+00 8.327452577707566972e-02 5.417154988221679207e-02 -2.471956103862129467e-02 2.637894968233010437e-02 7.305890628363553851e-02
-3.196941917754494433e+00 1.465314348927143406e+00 8.324455682901626963e-02 5.425062337499767656e-02 -2.501679629699796181e-02 2.794876363835864519e-02 7.459609048868598435e-02
-3.114969048068430002e+00 1.465664231234505621e+00 8.335569136019727043e-02 5.429694342450565314e-02 -2.423939564977740241e-02 2.631149658459538965e-02 7.141639112433695313e-02
-3.032996178382377117e+00 1.466269309379780950e+00 8.354801925347421498e-02 5.423630629603846953e-02 -2.358078653202792460e-02 2.435607675852585405e-02 6.801425012925640945e-02
-2.951023308696413938e+00 1.465390689185642081e+00 8.326880023196436831e-02 5.426408670605278872e-02 -2.552405402861696385e-02 2.321109165351674733e-02 6.875741409364943824e-02
-2.869050439010457865e+00 1.465511407467173788e+00 8.330714231830499417e-02 5.427547626166831507e-02 -2.690051648732663322e-02 2.307604603370386892e-02 6.406245684697871312e-02
-2.787077569324416082e+00 1.462206474375876475e+00 8.225989567665137336e-02 5.436974302682712895e-02 -2.532487795233918579e-02 2.279290797471280119e-02 6.633750912547586864e-02
-2.705104699638430255e+00 1.460677224211971659e+00 8.177704383792200327e-02 5.443719997906996955e-02 -2.708160970082044636e-02 2.398319496216444122e-02 7.009832595858252191e-02
-2.623131829952380922e+00 1.461082030660957320e+00 8.190475254115686665e-02 5.440359542543030807e-02 -2.548944512632751042e-02 2.560559966872404808e-02 6.944626573151796434e-02
-2.541158960266324485e+00 1.461517532280690146e+00 8.204223069679400515e-02 5.434673194826335207e-02 -2.697548653563234394e-02 2.648465560972568245e-02 7.125517109616909261e-02
-2.459186090580346207e+00 1.461385266867255783e+00 8.200046806269478683e-02 5.431229403125294869e-02 -2.538204583342772158e-02 2.412469815484412361e-02 6.986567851027551679e-02
-2.377213220894289325e+00 1.460951010078217482e+00 8.186340964583599389e-02 5.433444182603776318e-02 -2.472317051949298947e-02 2.269414022856111254e-02 6.829651702432547322e-02
-2.295240351208370555e+00 1.461590492283267206e+00 8.206527122873974456e-02 5.427398896197031808e-02 -2.299576010207475193e-02 2.213207657318998212e-02 7.173512549187834042e-02
-2.213267481522377622e+00 1.461085119723388281e+00 8.190572737652829227e-02 5.425434815980505199e-02 -2.450376610555517545e-02 2.278496166256375327e-02 7.071711010393241792e-02
-2.131294611836331843e+00 1.461419526193673546e+00 8.201128461489742838e-02 5.421735298225342781e-02 -2.437550209575391202e-02 2.289161844377236160e-02 6.879818967712203470e-02
-2.049321742150260306e+00 1.463133417956068882e+00 8.255310530090564924e-02 5.416969306001668399e-02 -2.529163989193764991e-02 2.391415819737361878e-02 6.693502591636285581e-02
-1.967348872464289578e+00 1.463245693639777967e+00 8.258864746548916225e-02 5.417486399570323186e-02 -2.401389955938324980e-02 2.501984307485109402e-02 6.996918708179486468e-02
-1.885376002778240245e+00 1.463447448308856425e+00 8.265253003140360377e-02 5.429134573959421700e-02 -2.270449541187720410e-02 2.147867504518001860e-02 7.012535538775126198e-02
-1.803403133092303046e+00 1.464073136293259303e+00 8.285076551745634843e-02 5.434425197165450999e-02 -2.244982466588248821e-02 2.432027259833866376e-02 6.850905403018976714e-02
-1.721430263406253713e+00 1.462428208776674676e+00 8.232999787360517630e-02 5.446675990664023859e-02 -2.471366359400569909e-02 2.445736422271678825e-02 7.150585548544061143e-02
-1.639457393720282985e+00 1.460755818417060814e+00 8.180183280156883008e-02 5.442229777502633620e-02 -2.331811503608406666e-02 2.443476963383531264e-02 6.897968671957750708e-02
-1.557484524034211448e+00 1.460692607730065706e+00 8.178189564043109039e-02 5.434378870942124795e-02 -2.209185701654776263e-02 2.464502945390558211e-02 7.157197351718447287e-02
-1.475511654348162116e+00 1.459971318120997674e+00 8.155452771632487607e-02 5.442177387184096715e-02 -2.154080085794549820e-02 2.887377383388101820e-02 7.582630276195133356e-02
-1.393538784662172514e+00 1.458996952362360711e+00 8.124777167765612207e-02 5.445186402464829989e-02 -2.248089443892743039e-02 3.125643399708708664e-02 7.370153864380858677e-02
-1.311565914976257741e+00 1.460909968337614329e+00 8.185046078227870003e-02 5.443652472059956615e-02 -2.378272191884294590e-02 3.044346317001148453e-02 7.018426189567875118e-02
-1.229593045290204634e+00 1.461863494281417708e+00 8.215150647755969926e-02 5.438839766626044070e-02 -2.240076080283132445e-02 2.944357899677606250e-02 7.155544122031193277e-02
-1.147620175604218806e+00 1.462540226926341669e+00 8.236542159007803621e-02 5.440028711625159025e-02 -2.402708023392655101e-02 2.855903766354074905e-02 7.076355258855657193e-02
-1.065647305918162369e+00 1.462621372110625595e+00 8.239108595283639591e-02 5.446381842997856382e-02 -2.245400192818065160e-02 3.020781996904281508e-02 7.301319721358436043e-02
-9.836744362321130364e-01 1.462299135432000963e+00 8.228918803493867618e-02 5.449799699970289679e-02 -2.246116818785628966e-02 3.110648574758520871e-02 7.549635094757027598e-02
-9.017015665461197704e-01 1.462119985049624260e+00 8.223255797213319118e-02 5.449554684696469170e-02 -2.046022260945353985e-02 2.751190647500507264e-02 7.556977106742619743e-02
-8.197286968600706603e-01 1.461328355451013916e+00 8.198250087678360387e-02 5.452829842952112288e-02 -2.047794628207847897e-02 2.599847169311909900e-02 7.259736063653775273e-02
-7.377558271741406770e-01 1.461683395542970665e+00 8.209461338312112888e-02 5.450591430796541265e-02 -1.863530016098056616e-02 2.622121527638385241e-02 6.716313928360907737e-02
-6.557829574881698376e-01 1.461274532810840743e+00 8.196551022661180408e-02 5.446504161904202473e-02 -1.935753819928973107e-02 2.545902394516930817e-02 6.773900653347625367e-02
-5.738100878021131779e-01 1.461727908224402350e+00 8.210867350293221678e-02 5.440200669625053220e-02 -2.251697202456367716e-02 2.383624039905471448e-02 7.222415274475815772e-02
-4.918372181160490797e-01 1.461580146754656528e+00 8.206200399276963875e-02 5.448642214596288724e-02 -2.249263557672893238e-02 2.759741435555243191e-02 7.146602585119325723e-02
-4.098643484299924200e-01 1.460685613556407247e+00 8.177968973664301311e-02 5.458169208186758325e-02 -2.110838316521746263e-02 2.861568137892368455e-02 6.965625699107493018e-02
-3.278914787440178058e-01 1.462567623438614239e+00 8.237408613506946864e-02 5.458212386854593284e-02 -2.044669956011525153e-02 2.683664452852746810e-02 7.392522178002279565e-02
-2.459186090580916528e-01 1.462689930732442134e+00 8.241277187309642427e-02 5.450262785575258478e-02 -2.174504403995640434e-02 2.981979232701274449e-02 7.144078475770319903e-02
-1.639457393720461786e-01 1.461462985938405845e+00 8.202500676699292503e-02 5.453756296052542085e-02 -2.286433092727767347e-02 3.129246856649955250e-02 7.278358248545382936e-02
-8.197286968605291269e-02 1.459702601342145245e+00 8.146988408195604547e-02 5.458207605886605807e-02 -2.636371280116354618e-02 2.934281069695920258e-02 7.022373996676489760e-02
0.000000000000000000e+00 1.460273748570583452e+00 8.164983140513532023e-02 5.451121691476659009e-02 -2.713450737154172315e-02 3.197437238539449500e-02 6.761588964614408115e-02
