0.000000000000000000e+00 1.099232348727559483e+00 4.620277337346712088e-03 2.422237969563608706e-01 -7.924443983669702748e-03 3.094020113117067206e-02 1.155865218265172412e-01
2.656700188434939491e-01 1.066251119065922071e+00 2.102249708444747789e-03 5.344779774197667699e-01 -1.180080210190971243e-02 1.957271639253881090e-02 6.596792618591977575e-02
5.313400376868612218e-01 1.039937831226198206e+00 7.768975267899713710e-04 8.050451565979023227e-01 -1.550243532824804697e-02 4.460341289715728103e-02 4.868092170253854323e-02
7.970100565300350937e-01 1.018458638088598711e+00 1.682928435319634708e-04 1.058269042249118552e+00 -1.859579059807640183e-02 7.049980332947616835e-02 3.687494622405654982e-02
1.062680075374395905e+00 1.002143515223581138e+00 2.294051119438016845e-06 1.291886320096271801e+00 -2.133963370726138162e-02 8.952202510539264413e-02 2.845269373759174922e-02
1.328350094218761601e+00 9.921178938522423607e-01 3.122800185242219362e-05 1.508509091447094219e+00 -2.394894495261013986e-02 1.046429905273693756e-01 2.203130296461885615e-02
1.594020113063118194e+00 9.837021841679965961e-01 1.342702740240314663e-04 1.702174631850982722e+00 -2.478123475197864176e-02 1.216733252631477802e-01 1.914927473666501109e-02
1.859690131907481891e+00 9.783467877119006451e-01 2.378708484478131435e-04 1.879739224711333589e+00 -2.469979531807739090e-02 1.370597508251532037e-01 1.787886711278035071e-02
2.125360150751845811e+00 9.751621130960176353e-01 3.136650595363110750e-04 2.040516696983504019e+00 -2.385285636432013870e-02 1.500540916918314538e-01 1.434129423499159138e-02
2.391030169596206179e+00 9.737348360898416821e-01 3.510907016353523313e-04 2.181675248981586268e+00 -2.271432829227905403e-02 1.575332230800072231e-01 1.199105965392996756e-02
2.656700188440568766e+00 9.736648617019645346e-01 3.529807471219469084e-04 2.305688759374687979e+00 -2.000479128589542632e-02 1.656418209101673533e-01 9.473581693631603559e-03
2.922370207284928689e+00 9.748705613405828085e-01 3.211357373450428321e-04 2.419471328529427367e+00 -1.820802179098119852e-02 1.724215822902995521e-01 7.102175124940919224e-03
3.188040226127623722e+00 9.765318212330754699e-01 2.797634011854795155e-04 2.516393781826271159e+00 -1.740516235002912554e-02 1.773168665900814456e-01 6.918762956406537476e-03
3.453710244966821108e+00 9.784070423576213260e-01 2.365391619341683516e-04 2.597664939987407884e+00 -1.557941019360157935e-02 1.839876448014787780e-01 6.231275743988569198e-03
3.719380263806013165e+00 9.806208163413011603e-01 1.902381638640808503e-04 2.665780707050977139e+00 -1.443824736359261042e-02 1.857993675396045208e-01 4.691260270035142732e-03
3.985050282645204778e+00 9.819853481599862821e-01 1.642393063137764786e-04 2.722566873065722426e+00 -1.479266947568744911e-02 1.948177488737847796e-01 2.175176500682374052e-03
4.250720301484399499e+00 9.830655222534031568e-01 1.450279146255964435e-04 2.765770570669843664e+00 -1.284070388435522639e-02 1.987819505784519103e-01 2.503330732747197779e-03
4.516390320323592000e+00 9.850816938814663803e-01 1.123971799489396212e-04 2.807544150597418131e+00 -1.256415446495294172e-02 2.028706792916673829e-01 4.470481625572619963e-04
4.782060339162789830e+00 9.860555919971917271e-01 9.813663016689476437e-05 2.840186444392342580e+00 -1.189549837036441710e-02 2.050879178319149065e-01 2.562287675845842188e-04
5.047730358001990325e+00 9.871353340759191353e-01 8.346643258516639463e-05 2.864807723775220971e+00 -1.128425972892616209e-02 2.095019361665147184e-01 -1.621832730498984354e-04
5.313400376841191708e+00 9.896984562669673968e-01 5.342814663741694836e-05 2.896687671262677455e+00 -9.510428863460245602e-03 2.077648713472669273e-01 2.861160773125648207e-04
5.579070395680374439e+00 9.909999221127031577e-01 4.074535950398909534e-05 2.915412195018628250e+00 -9.496217374082318446e-03 2.107305647089720568e-01 -2.527788710413736298e-04
5.844740414519577598e+00 9.921324971930820524e-01 3.111209062003905679e-05 2.927707831479961609e+00 -7.710145283234152123e-03 2.110201798366383164e-01 -1.821980613142291016e-03
6.110410433358784310e+00 9.924328217354971837e-01 2.877635590221253731e-05 2.935355469701394604e+00 -7.760096962820467632e-03 2.118411421923304394e-01 1.289230409894370825e-06
6.376080452204657689e+00 9.931736085267396374e-01 2.340639188674453058e-05 2.944869594087041964e+00 -7.521232222379067509e-03 2.118908537749532028e-01 -4.471731174099413436e-04
6.641750471054184146e+00 9.947542454429700864e-01 1.380727799808918743e-05 2.963841539628975230e+00 -6.431908191262739223e-03 2.125833239836462940e-01 -8.448340252636077569e-04
6.907420489903693728e+00 9.963791439004323625e-01 6.571166407683126653e-06 2.975984177802678321e+00 -5.233542584707705746e-03 2.121924254126880960e-01 -6.084599559631187742e-04
7.173090508753221961e+00 9.982455234799129107e-01 1.540896504682951612e-06 2.985719336490349374e+00 -4.719120799369962843e-03 2.098607620083867142e-01 1.214959432098682186e-03
7.438760527602768846e+00 9.980431337637272193e-01 1.917164230918512458e-06 2.980780836547162860e+00 -4.540863921362502803e-03 2.153526749407094765e-01 -1.390525859216806901e-04
7.704430546452299744e+00 9.982917059628014789e-01 1.460798144319735981e-06 2.981540164919433078e+00 -4.161960443500986942e-03 2.180333740341105775e-01 1.147844212423161387e-03
7.970100565301802220e+00 9.979639379617132322e-01 2.075592146673094912e-06 2.975998010619794520e+00 -5.536948096666247793e-03 2.119330116421949128e-01 -9.007622387731417136e-04
8.235770584151332230e+00 9.975841703493366630e-01 2.922824763903261042e-06 2.974719725397947823e+00 -6.753667651706496584e-03 2.156396012939117424e-01 -5.771377585392056505e-04
8.501440603000874674e+00 9.968255484073459405e-01 5.049260043021863709e-06 2.968716404664826225e+00 -5.865237090989403219e-03 2.147244266629072529e-01 -3.483850727694534979e-03
8.767110621850411789e+00 9.971808845474302574e-01 3.981190017424661443e-06 2.974862004025809359e+00 -6.298231290875045026e-03 2.166858689979956343e-01 -1.321515061025574454e-03
9.032780640699911601e+00 9.972585454932925142e-01 3.764668425158389925e-06 2.976011754199767712e+00 -5.673574568742396733e-03 2.117608799009975951e-01 8.298321838386512987e-04
9.298450659549455821e+00 9.976586272070201433e-01 2.745299294383291705e-06 2.980299257767212051e+00 -4.366713551997893072e-03 2.102438216145644523e-01 1.221142887405872674e-03
9.564120678398991160e+00 9.974934421717411848e-01 3.146675388894428632e-06 2.979866692380813475e+00 -5.546899283505889872e-03 2.152178309705155834e-01 1.719811416332288649e-03
9.829790697248508735e+00 9.992951759835067005e-01 2.485052222730901178e-07 2.987474059604617871e+00 -6.122125289299839256e-03 2.162437593903909772e-01 -3.571950306600779764e-04
1.009546071609804052e+01 9.997866267996688983e-01 2.276729998846043108e-08 2.989813225520046025e+00 -5.470305171956238270e-03 2.152056664340099013e-01 -5.089784317683942495e-04
1.036113073494755454e+01 9.990208440695474978e-01 4.796863187692384373e-07 2.987597758285596594e+00 -6.586729251130954942e-03 2.125713417047075671e-01 3.184266307154182374e-05
1.062680075379707922e+01 9.993743146433702318e-01 1.958227693036771952e-07 2.989189155716145407e+00 -4.281201328461371053e-03 2.146831079284833577e-01 -1.639692053559808167e-03
1.089247077264663766e+01 9.988321733766792887e-01 6.824408778915991292e-07 2.987207732086865963e+00 -4.538539116023477572e-03 2.130192744339778621e-01 -7.400037825232352927e-05
1.115814079149613214e+01 9.999096942224933171e-01 4.077812227386919293e-09 2.990353578140639179e+00 -4.935875049765937189e-03 2.165145006947141182e-01 9.025101555261116600e-04
1.142381081034569235e+01 1.000421613033448454e+00 8.885380125027084186e-08 2.990974134554903241e+00 -7.342340926516839096e-03 2.194188660884450470e-01 -7.013450597130044262e-04
1.168948082919521347e+01 1.000117454803334693e+00 6.897275339735019217e-09 2.984523529593156255e+00 -6.385916657222811058e-03 2.204820851322308040e-01 3.097367493506114622e-03
1.195515084804472039e+01 9.995634091254887998e-01 9.533354470008404552e-08 2.976036701800777617e+00 -5.691731076759208585e-03 2.169183353341689324e-01 2.798505093846610347e-03
1.222082086689426994e+01 9.988895608316914476e-01 6.169943720269344817e-07 2.972328707267857251e+00 -6.477659080690234203e-03 2.231636863952936034e-01 -3.352213716282814466e-04
1.248649088574377863e+01 9.992739826313573603e-01 2.636782408314657100e-07 2.978200543520741927e+00 -6.817713472063038384e-03 2.228943187503121814e-01 6.146583395929806036e-04
1.275216090459329266e+01 9.995865332009810089e-01 8.550096563142862288e-08 2.980222124599295697e+00 -5.882149048937712968e-03 2.261251125729242528e-01 1.469330918548330525e-03
1.301783092344286530e+01 9.997645526449456810e-01 2.772207998002888286e-08 2.980195757296640213e+00 -5.998525315426620798e-03 2.227157041271189963e-01 2.545707628741364879e-03
1.328350094229234735e+01 9.999655653818677603e-01 5.928850735080243468e-10 2.983304963858817604e+00 -5.312506521929134286e-03 2.207637739152935596e-01 1.819762515017037206e-03
1.354917096114192354e+01 1.000077356050921296e+00 2.991825017546398402e-09 2.982716232686385638e+00 -3.457040880233839143e-03 2.176175751381669576e-01 1.416867119183297169e-03
1.381484097999143401e+01 9.993783424648461367e-01 1.933091643909227650e-07 2.983157570989064311e+00 -4.897904405344685567e-03 2.156266105311994696e-01 2.853509897851140825e-03
1.408051099884093738e+01 9.999721929389667752e-01 3.866234889102735956e-10 2.987079458341846294e+00 -4.297068968924198928e-03 2.181409616060112355e-01 3.556890051827194064e-03
1.434618101769050114e+01 9.995014221009212996e-01 1.243312883306450442e-07 2.980948881439108966e+00 -5.007450968916690032e-03 2.184264448130763814e-01 9.477073247597656274e-04
1.461185103654000095e+01 9.998932068237090798e-01 5.702797267983952638e-09 2.985598520908267606e+00 -5.695735078071517514e-03 2.144173439061375919e-01 7.058735725791954107e-04
1.487752105538950609e+01 1.000326631097349095e+00 5.333232386349039816e-08 2.985626850482519412e+00 -6.457806346274972201e-03 2.187600504056006756e-01 2.258726370744024094e-04
1.514319107423908584e+01 1.000762701455111703e+00 2.907089481140939444e-07 2.986819767035532536e+00 -5.308216417505935356e-03 2.181232189080074824e-01 -8.543106036155601480e-04
1.540886109308856966e+01 1.001377582693175228e+00 9.479965090853758464e-07 2.993570408038796593e+00 -6.192512347698895560e-03 2.213483079353003313e-01 -2.208892187567275140e-03
1.567453111193815296e+01 1.000891923056574262e+00 3.975270113137831934e-07 2.989513356899509144e+00 -5.725683986595639895e-03 2.173860652751687661e-01 -1.591752213441109936e-03
1.594020113078765633e+01 1.000517106889367680e+00 1.336536940033669976e-07 2.986226664115819940e+00 -6.288952505435240099e-03 2.212840186564831724e-01 -7.180789226439799125e-04
1.620587114963715791e+01 1.001140875860735413e+00 6.503043008139735431e-07 2.992714464039915256e+00 -5.249274279186933075e-03 2.185196536861868932e-01 -9.425346429996772375e-04
1.647154116848672345e+01 1.000835830556419559e+00 3.491118408364708020e-07 2.989871016781833646e+00 -6.419043287667157600e-03 2.177565778703368093e-01 -2.048196443226485419e-03
1.673721118733622149e+01 1.001129756141235561e+00 6.376942218780639465e-07 2.989345011350047265e+00 -5.543993303948837985e-03 2.109449167008118353e-01 8.489934819564504782e-05
1.700288120618572307e+01 1.002108761277930915e+00 2.220316200341777846e-06 2.989790448286571145e+00 -5.914127934968304960e-03 2.122363106462968330e-01 5.456687649503122071e-04
1.726855122503529572e+01 1.001715568766512465e+00 1.469907185203296607e-06 2.989542571784274294e+00 -5.580992337966359657e-03 2.160334268544463754e-01 -3.514422594675648253e-04
1.753422124388480796e+01 1.000821412366639018e+00 3.371745111248368801e-07 2.983893020265019125e+00 -4.579472541757073460e-03 2.143635137180612549e-01 -1.668623350552158636e-03
1.779989126273438060e+01 1.001028791953349817e+00 5.288437592485244892e-07 2.988054915544421597e+00 -6.992702892488242110e-03 2.170330028168645509e-01 -3.287749930950304225e-03
1.806556128158387864e+01 1.000513846206719792e+00 1.319737545401114542e-07 2.987995349390056177e+00 -7.041739180207494744e-03 2.217192522274201161e-01 -2.118733750454848686e-03
1.833123130043337667e+01 9.997249041914882950e-01 3.784579290217306505e-08 2.979176053717260242e+00 -6.279368724686535189e-03 2.186310723029960545e-01 -1.442558234791835314e-04
1.859690131928292800e+01 9.986260083452604963e-01 9.447920570780296567e-07 2.972049465851790195e+00 -5.244151176627976849e-03 2.203761490831371295e-01 -6.762077015187861620e-04
1.886257133813246867e+01 9.989922783521085758e-01 5.080928325925000710e-07 2.973578985964554722e+00 -5.591473360179510799e-03 2.190254551126429028e-01 -3.437658444827040882e-04
1.912824135698196670e+01 9.994352791885099396e-01 1.595148545307633475e-07 2.978118224405273295e+00 -4.753562580466227407e-03 2.254313676193231419e-01 -1.429850149809017710e-03
1.939391137583153224e+01 1.000285472888697180e+00 4.073963190138595730e-08 2.983537421714950622e+00 -3.547978515924197270e-03 2.274225742643271042e-01 -6.535751933823830366e-06
1.965958139468101606e+01 1.000534382309411496e+00 1.427313798201641434e-07 2.989085271068010474e+00 -4.018326493996971817e-03 2.239167975567697144e-01 1.124945861715511688e-03
1.992525141353057094e+01 1.001073279067608235e+00 5.755521965450545452e-07 2.994304304461735455e+00 -5.169568689440838874e-03 2.225559398375068498e-01 1.342705305209225325e-03
2.019092143238006543e+01 1.001415418817103609e+00 1.000760994578032623e-06 2.994525579470657117e+00 -5.693477047554810523e-03 2.284980660105343508e-01 6.308940057207379102e-04
2.045659145122963096e+01 1.001701860874158800e+00 1.446524261345489767e-06 2.992099497133180908e+00 -5.832747944798253627e-03 2.281233493235232113e-01 2.418149669762817769e-03
2.072226147007917518e+01 1.002693397705265888e+00 3.620695740759460879e-06 2.992131260898954537e+00 -4.597448281992978086e-03 2.291052388581011345e-01 2.677269220007515594e-03
2.098793148892866611e+01 1.003769866723931647e+00 7.088138917291011282e-06 2.997891381583795756e+00 -5.395547892800578796e-03 2.293303649900206020e-01 1.314338220816756338e-03
2.125360150777816060e+01 1.001644812896229864e+00 1.351223261749278856e-06 2.990787402264840633e+00 -4.687335177335921928e-03 2.293884180016711738e-01 2.880618130305199077e-03
2.151927152662770837e+01 1.002021028607429365e+00 2.039530811591850484e-06 2.992774767028806071e+00 -4.783380558460829934e-03 2.292342567693550492e-01 -1.684831372685224827e-04
2.178494154547728101e+01 1.002287348952808799e+00 2.612000336759193186e-06 2.995546594961579601e+00 -4.251863248418370766e-03 2.317975743037291037e-01 -1.660698693360256311e-03
2.205061156432683234e+01 1.001983672635855083e+00 1.964880539034180584e-06 2.992738601698352596e+00 -4.151295269629436992e-03 2.305741287666338846e-01 2.173796948974766798e-03
2.231628158317632327e+01 1.002155706699695337e+00 2.320201836113894300e-06 2.989656690487286550e+00 -4.600034880166021904e-03 2.285809766031715873e-01 2.072857959738759817e-03
2.258195160202581064e+01 1.001781911836928218e+00 1.585721432888166291e-06 2.983188921141399774e+00 -4.374481877339134878e-03 2.279457037132027741e-01 2.045531760153417380e-03
2.284762162087534776e+01 1.000793547549916562e+00 3.146923857461330493e-07 2.979929845141587652e+00 -6.164889802398963899e-03 2.215516165949427962e-01 2.071679089949841727e-03
2.311329163972494172e+01 1.000601832185557427e+00 1.810283609651915093e-07 2.980560939817814781e+00 -6.371654788373197487e-03 2.241934741245541485e-01 8.151832589241703305e-04
2.337896165857443265e+01 9.998045313393624234e-01 1.910648849941590233e-08 2.979771195668653228e+00 -7.236211292434310480e-03 2.214975279331372615e-01 2.072099036649175437e-03
2.364463167742397687e+01 1.000049778935558242e+00 1.238930097748091371e-09 2.984901199479523815e+00 -7.154320308899458566e-03 2.230022647030473204e-01 3.348735447004924648e-04
2.391030169627345714e+01 1.000614459775678089e+00 1.887031116056458666e-07 2.986657536003080704e+00 -6.667278273501478850e-03 2.242530227388009889e-01 -1.716215271577350336e-03
2.417597171512299781e+01 1.000432233552327466e+00 9.338601313573597837e-08 2.985200993867303865e+00 -7.645657541309194664e-03 2.229640895269945078e-01 1.250029454351397971e-04
2.444164173397248518e+01 9.994588985962220562e-01 1.464481958510059634e-07 2.978898734686870498e+00 -6.801061442548037884e-03 2.205768621193764933e-01 9.816438796206173722e-04
2.470731175282209335e+01 9.992934626281201327e-01 2.497151579203141583e-07 2.979647013595545069e+00 -5.835209303405889010e-03 2.188418536395776437e-01 7.275562562911863781e-04
2.497298177164731925e+01 9.984484053127863357e-01 1.204969614290642838e-06 2.978294184736514083e+00 -6.067861861646850138e-03 2.204184080860239203e-01 5.366618132434352846e-04
2.523865179045551699e+01 9.982408482770332991e-01 1.549124422052733721e-06 2.976871736950481573e+00 -5.642808670351566816e-03 2.165588166402249437e-01 1.677651880621862162e-03
2.550432180926371473e+01 9.989281439986260613e-01 5.748484503932064366e-07 2.980879610819637371e+00 -5.159898509363515344e-03 2.155378521991114238e-01 -1.023476779805386656e-03
2.576999182807191602e+01 9.979199157838726242e-01 2.166379862785818011e-06 2.973030863035757587e+00 -5.132904065227233970e-03 2.096711404410031010e-01 -9.214166718254313210e-04
2.603566184688011376e+01 9.987070667922941514e-01 8.365592944013094945e-07 2.979073398869517941e+00 -6.799180112163207695e-03 2.130795368185998129e-01 -7.055567724118083747e-05
2.630133186568831150e+01 9.995603200352386475e-01 9.668757780544913472e-08 2.980981059651485410e+00 -7.141449983230226638e-03 2.140213280676097896e-01 2.326587387617390194e-03
2.656700188449651279e+01 9.995853239750783770e-01 8.600187892236375517e-08 2.983152492489412388e+00 -7.006511852202000797e-03 2.108141887679634285e-01 1.300652820416404749e-03
2.683267190330471053e+01 1.000171087012472482e+00 1.463371384992687672e-08 2.988422585335193116e+00 -7.817940194955875013e-03 2.113420073464149507e-01 1.288299447731894223e-03
2.709834192211290826e+01 1.000612035584727000e+00 1.872173932430725926e-07 2.987614261955730655e+00 -7.231345713153876364e-03 2.128758820698139764e-01 6.975678467214030181e-04
2.736401194092110956e+01 1.001488799651892192e+00 1.107163441601156234e-06 2.987952337542568948e+00 -5.496352904491606968e-03 2.075453108817541525e-01 -1.372045370488918963e-03
2.762968195972930729e+01 1.002044584752503464e+00 2.087318755915335000e-06 2.991683025726658229e+00 -5.370028159913727006e-03 2.171193057568573670e-01 -2.019871168968128024e-03
2.789535197853750503e+01 1.002025268342980224e+00 2.048091107350984152e-06 2.989264588276250745e+00 -4.657142253627839616e-03 2.192090871665719753e-01 2.025634261221117768e-03
2.816102199734570632e+01 1.002004235386107833e+00 2.005800124883685281e-06 2.989923509277176539e+00 -5.482551230098772939e-03 2.190125378625745189e-01 1.508729353453180889e-03
2.842669201615390406e+01 1.001645764404317518e+00 1.352786195728782059e-06 2.991267352850339289e+00 -5.071944249515796151e-03 2.161353196657419540e-01 1.772513642197650610e-03
2.869236203496210180e+01 1.000070521771015519e+00 2.486543190655652637e-09 2.980213156968588795e+00 -4.535120538574041391e-03 2.141375719867148752e-01 -2.693408929205520796e-04
2.895803205377029954e+01 9.997763915385737832e-01 2.500409949896626946e-08 2.985093250182428992e+00 -4.883564440638812724e-03 2.163399830111414346e-01 -7.701842030797212630e-04
2.922370207257850083e+01 1.001031161653738843e+00 5.312819843642565404e-07 2.991013672364782217e+00 -4.867232903955694134e-03 2.164557508291311549e-01 -2.989868934107625578e-03
2.948937209138669857e+01 1.000826813554667183e+00 3.416220349067126960e-07 2.989495618601890392e+00 -5.105539419814818410e-03 2.175027508228960516e-01 -4.301803925864452691e-03
2.975504211019489631e+01 1.000558027080845847e+00 1.556392135730784443e-07 2.991208663758196717e+00 -5.243472331636678946e-03 2.174521573911908368e-01 -1.366386491231393920e-03
3.002071212900309760e+01 1.000589257731380188e+00 1.735441655148538612e-07 2.991155622250996071e+00 -5.462178940980591882e-03 2.230607356660990470e-01 -1.198394243046111427e-03
3.028638214781129534e+01 9.995596286010897114e-01 9.699196052451132186e-08 2.989974690547199998e+00 -6.056078900634077194e-03 2.236625651324032349e-01 -2.446268331954215775e-04
3.055205216661949308e+01 9.995295486399170537e-01 1.106969608205966675e-07 2.987072191280357281e+00 -5.113843495389971093e-03 2.161932751076986736e-01 1.089363336329790500e-03
3.081772218542769437e+01 9.991818054942255278e-01 3.349038147415278263e-07 2.987716004707833495e+00 -6.501311054634338789e-03 2.202077366390418622e-01 -1.403768801842664269e-04
3.108339220423589211e+01 9.999759243364364503e-01 2.898234398174682862e-10 2.993803850840512482e+00 -6.719614237425503359e-03 2.147796043744219230e-01 2.615393615875572040e-03
3.134906222304408985e+01 1.000845827508051400e+00 3.575105060777154439e-07 2.994501946893478816e+00 -5.790993313834136985e-03 2.167375087849782722e-01 -2.624078651126226895e-04
3.161473224185229114e+01 1.000797799701050650e+00 3.180730203668994532e-07 2.990891995786142843e+00 -5.410833250930873611e-03 2.205868749254328853e-01 -6.627015141476943864e-04
3.188040226066048888e+01 1.000670827278217656e+00 2.249040430431746562e-07 2.991468902619035752e+00 -5.532514378502516317e-03 2.226266184949392268e-01 2.025053942647641117e-03
3.214607227946869727e+01 9.997387520651284110e-01 3.413118633473774879e-08 2.989153462800957950e+00 -3.178423796947065297e-03 2.195362322413195177e-01 2.788168766922521739e-03
3.241174229827689857e+01 1.000230535764857764e+00 2.656928607059814117e-08 2.991290387546621687e+00 -5.048232989136639502e-03 2.156396746164892519e-01 3.472471291671183277e-03
3.267741231708509986e+01 9.999936377225818740e-01 2.023937281841797688e-11 2.988393527957176055e+00 -5.157711971102706648e-03 2.154428380114545016e-01 9.537508469567002566e-04
3.294308233589330115e+01 1.000529088977306857e+00 1.399182223364020539e-07 2.992003407892183109e+00 -4.881348995667854351e-03 2.235137151086854235e-01 -9.601818802917561025e-04
3.320875235470150244e+01 1.000431492823656621e+00 9.306625778110911434e-08 2.989774683892794105e+00 -4.727859226870673344e-03 2.262806216426754280e-01 -1.793911461852076795e-03
3.347442237350970373e+01 1.001449779739411072e+00 1.049916004273445877e-06 2.994194505584845345e+00 -5.737871758223450462e-03 2.226174280064446842e-01 -1.647190179349998810e-03
3.374009239231790502e+01 1.001610587234126992e+00 1.295604683007990990e-06 2.991404072733398589e+00 -4.326331881907797758e-03 2.219064317860487690e-01 -1.599212335615784976e-03
3.400576241112609921e+01 1.002356009877133136e+00 2.771039726050510826e-06 2.996096514334354310e+00 -3.623014049768191660e-03 2.216532970582554829e-01 -5.499536581760966839e-04
3.427143242993430761e+01 1.001734875946753922e+00 1.503158996832981709e-06 2.995493819095182086e+00 -4.245405555428255311e-03 2.210910583643111715e-01 -9.063763667471380538e-04
3.453710244874250179e+01 1.002242583550558619e+00 2.510837349613097291e-06 2.997299992636156762e+00 -4.017844424794542006e-03 2.222469921391694303e-01 1.733275216665086747e-03
3.480277246755070308e+01 1.001973597613570188e+00 1.944985111934985356e-06 2.994683929859103699e+00 -3.583694560336833038e-03 2.207059867270062259e-01 1.583605263052799677e-03
3.506844248635891148e+01 1.002255900821193979e+00 2.540723894254096060e-06 3.001010291220532977e+00 -3.925656241302795911e-03 2.188808623978139023e-01 2.160012227102754354e-03
3.533411250516711277e+01 1.000724331440316028e+00 2.622014115373017332e-07 2.991963118754971340e+00 -2.417569719377125198e-03 2.222834829403000645e-01 7.094785376468615333e-04
3.559978252397531406e+01 1.000540526390804486e+00 1.460317692642161547e-07 2.988999531831640244e+00 -4.276251874801874180e-03 2.185123923732395501e-01 1.572164674298497274e-03
3.586545254278351536e+01 1.000516947216254726e+00 1.335711813456362876e-07 2.987684841475239050e+00 -4.994631896197361358e-03 2.194716042206316664e-01 -2.345805145505952408e-04
3.613112256159171665e+01 1.000280100693621721e+00 3.922087559165166742e-08 2.989807853970237961e+00 -5.768724062095835665e-03 2.174701037594491682e-01 -1.015425971501256967e-03
3.639679258039991083e+01 1.000636738673487125e+00 2.026320579411782299e-07 2.991964214775671760e+00 -6.799336063533387327e-03 2.173811695680426537e-01 2.886274163609454848e-03
3.666246259920811923e+01 1.000441895114770441e+00 9.760689261494818331e-08 2.990740491635152321e+00 -5.516779578844526431e-03 2.186344483425231577e-01 3.728600336437651926e-03
3.692813261801631342e+01 9.993480415141942075e-01 2.126173504201104777e-07 2.981050450816143726e+00 -4.184220515265874019e-03 2.165888738198028796e-01 -3.745135207742100888e-04
3.719380263682451471e+01 9.985701123838356397e-01 1.023264849573431862e-06 2.978621860556629475e+00 -5.459294880435155289e-03 2.202540959007071308e-01 -7.753067264127399844e-04
3.745947265563272310e+01 9.996173096398025537e-01 7.324464316934035588e-08 2.987633552271605097e+00 -5.124692547142582245e-03 2.176090381495155712e-01 2.058554056176797843e-04
3.772514267444092440e+01 1.000310074119810322e+00 4.806304474054036435e-08 2.991542073649252842e+00 -4.274762523350687099e-03 2.191401087645477030e-01 -1.009447501119171671e-03
3.799081269324912569e+01 9.987911272083407344e-01 7.312761191515405185e-07 2.987447430230293577e+00 -3.897098824318095869e-03 2.160679970835136521e-01 -2.666607724583347624e-04
3.825648271205731987e+01 9.973713747415178243e-01 3.460901647494348671e-06 2.982998922296533184e+00 -5.607983538872447077e-03 2.143684224693115925e-01 6.196834211614110806e-04
3.852215273086552827e+01 9.974907711970990576e-01 3.153390749755999312e-06 2.982786362413429870e+00 -4.995212252667061495e-03 2.194849430320738592e-01 -2.265762036420759741e-04
3.878782274967372246e+01 9.983972743552397278e-01 1.285738720774179736e-06 2.988398334118111066e+00 -3.336610744969908948e-03 2.211472347018347828e-01 -1.176737396820155476e-03
3.905349276848192375e+01 9.972079124863482136e-01 3.905147043977482552e-06 2.981909762510730921e+00 -4.125392750797077582e-03 2.209655961513590228e-01 -2.246525176103372420e-03
3.931916278729013214e+01 9.975110037351090364e-01 3.102700679539181772e-06 2.984189308693844467e+00 -4.140128230768857012e-03 2.262149756725558847e-01 -4.162067628167516464e-03
3.958483280609832633e+01 9.983858977715494021e-01 1.304066455239246899e-06 2.986279732138098719e+00 -5.164858699541462553e-03 2.283037932017976945e-01 -6.290119091224337378e-03
3.985050282490652762e+01 9.986408919034065468e-01 9.244250998056372653e-07 2.989326439087764520e+00 -5.543485278790688357e-03 2.204467613413762517e-01 -4.329618174217246887e-03
